"證券代號","證券名稱","成交股數","成交筆數","成交金額","開盤價","最高價","最低價","收盤價","漲跌(+/-)","漲跌價差","最後揭示買價","最後揭示買量","最後揭示賣價","最後揭示賣量","本益比",
="0050","元大台灣50","61,856,984","47,190","3,260,077,199","52.80","52.90","52.50","52.50","-","0.50","52.50","4,798","52.55","747","0.00",
="0051","元大中型100","76,057","262","6,387,694","83.70","84.25","83.70","83.80","+","0.10","83.75","1","83.85","1","0.00",
="0052","富邦科技","468,382","1,481","97,282,648","208.60","208.80","206.80","206.80","-","2.75","206.75","4","206.80","8","0.00",
="0053","元大電子","10,766","131","1,245,638","116.00","116.00","115.65","115.65","-","0.30","113.95","12","115.15","25","0.00",
="0055","元大MSCI金融","69,202","345","2,064,807","29.75","29.90","29.70","29.82","+","0.07","29.79","1","29.82","58","0.00",
="0056","元大高股息","16,108,849","10,056","565,095,953","35.05","35.14","35.00","35.04"," ","0.00","35.04","163","35.05","533","0.00",
="0057","富邦摩台","43,069","113","6,722,572","157.15","157.15","155.70","155.90","-","1.65","155.25","35","155.70","5","0.00",
="0061","元大寶滬深","837,862","408","17,522,448","20.95","21.05","20.77","20.84","-","0.41","20.83","11","20.84","48","0.00",
="006203","元大MSCI台灣","3,441","105","333,936","97.45","97.45","97.35","97.35","+","0.05","95.60","25","96.60","24","0.00",
="006204","永豐臺灣加權","8,156","16","1,016,761","124.85","125.00","124.10","124.40","-","0.30","123.60","25","124.40","20","0.00",
="006205","富邦上証","1,932,005","502","69,338,716","35.79","36.18","35.69","35.72","-","0.77","35.71","6","35.72","123","0.00",
="006206","元大上證50","293,010","257","9,845,997","33.61","33.74","33.50","33.51","-","0.67","33.50","33","33.51","1","0.00",
="006207","復華滬深","116,637","154","3,206,794","27.49","27.75","27.40","27.40","-","0.59","27.38","4","27.40","54","0.00",
="006208","富邦台50","6,656,668","7,921","821,433,500","123.75","123.95","122.90","122.90","-","1.35","122.85","28","122.90","167","0.00",
="00625K","富邦上証+R","0","0","0","--","--","--","--"," ","0.00","8.44","6","8.45","1","0.00",
="00631L","元大台灣50正2","3,530,531","5,088","920,335,254","261.05","262.50","258.00","259.40","-","4.50","259.35","5","259.45","31","0.00",
="00632R","元大台灣50反1","22,946,021","3,833","453,147,409","19.72","19.84","19.67","19.79","+","0.16","19.79","2,517","19.80","342","0.00",
="00633L","富邦上証正2","10,651,866","2,105","485,534,352","45.48","46.30","45.20","45.30","-","1.94","45.30","185","45.35","15","0.00",
="00634R","富邦上証反1","1,047,349","54","3,553,289","3.39","3.40","3.36","3.39","+","0.06","3.39","268","3.40","61","0.00",
="00635U","期元大S&P黃金","2,065,865","774","76,429,596","37.01","37.02","36.95","37.00","+","0.22","37.00","215","37.01","8","0.00",
="00636","國泰中國A50","2,949,965","635","72,557,081","24.50","24.73","24.50","24.50","-","0.52","24.49","16","24.50","101","0.00",
="00636K","國泰中國A50+U","200","2","1,620","8.10","8.10","8.10","8.10","-","0.10","7.97","2","8.06","2","0.00",
="00637L","元大滬深300正2","75,193,388","11,425","1,387,691,855","18.43","18.74","18.30","18.32","-","0.81","18.32","20","18.34","82","0.00",
="00638R","元大滬深300反1","1,500,943","177","10,717,525","7.14","7.19","7.10","7.16","+","0.12","7.16","340","7.17","2","0.00",
="00639","富邦深100","2,826,319","631","37,464,338","13.22","13.46","13.16","13.20","-","0.36","13.19","128","13.21","1","0.00",
="00640L","富邦日本正2","399,336","122","25,250,246","63.05","63.50","62.90","63.45","+","0.75","63.45","5","63.50","212","0.00",
="00641R","富邦日本反1","267,673","50","1,378,774","5.17","5.17","5.14","5.15","-","0.03","5.14","202","5.15","261","0.00",
="00642U","期元大S&P石油","1,393,042","322","22,720,465","16.32","16.33","16.26","16.26","+","0.04","16.26","1,981","16.27","180","0.00",
="00643","群益深証中小","3,676,579","452","54,864,775","14.96","15.09","14.80","14.81","-","0.46","14.80","13","14.81","19","0.00",
="00643K","群益深証中小+R","0","0","0","--","--","--","--"," ","0.00","3.48","2","3.55","1","0.00",
="00645","富邦日本","217,435","280","9,303,235","42.70","42.86","42.64","42.86","+","0.28","42.85","25","42.88","1","0.00",
="00646","元大S&P500","8,367,661","1,902","516,960,157","61.80","61.85","61.70","61.75","-","0.05","61.75","27","61.80","106","0.00",
="00647L","元大S&P500正2","293,389","475","30,818,415","105.00","105.20","104.85","105.05"," ","0.00","105.05","158","105.10","29","0.00",
="00648R","元大S&P500反1","628,407","54","2,864,230","4.56","4.57","4.55","4.56","-","0.01","4.56","7","4.57","4,653","0.00",
="00650L","復華香港正2","14,196,924","2,747","235,839,074","16.71","16.74","16.40","16.40","-","0.83","16.40","978","16.43","17","0.00",
="00651R","復華香港反1","1,048,926","108","5,808,510","5.51","5.57","5.51","5.57","+","0.12","5.57","60","5.58","460","0.00",
="00652","富邦印度","976,321","384","34,797,861","35.75","35.88","35.55","35.62","-","0.13","35.62","48","35.65","20","0.00",
="00653L","富邦印度正2","137,948","111","7,457,617","54.55","54.55","53.75","54.30","+","0.30","54.25","3","54.30","75","0.00",
="00654R","富邦印度反1","30,000","11","194,210","6.48","6.49","6.45","6.47","-","0.02","6.45","171","6.47","26","0.00",
="00655L","國泰中國A50正2","4,551,438","909","144,467,185","31.51","32.20","31.50","31.56","-","1.34","31.55","1","31.56","216","0.00",
="00656R","國泰中國A50反1","830,356","61","5,249,340","6.35","6.35","6.28","6.35","+","0.13","6.34","10","6.35","770","0.00",
="00657","國泰日經225","77,151","99","3,882,934","50.25","50.40","50.25","50.40","+","0.40","50.30","165","50.40","8","0.00",
="00657K","國泰日經225+U","200","2","3,304","16.52","16.52","16.52","16.52","+","0.07","16.46","4","16.62","1","0.00",
="00660","元大歐洲50","14,160","112","555,444","39.20","39.28","39.20","39.28","+","0.05","39.21","1","39.22","1","0.00",
="00661","元大日經225","131,545","157","7,212,125","54.80","55.05","54.70","55.00","+","0.50","54.95","105","55.00","65","0.00",
="00662","富邦NASDAQ","1,358,720","1,533","125,279,650","92.25","92.30","92.00","92.20","-","0.25","92.15","109","92.20","10","0.00",
="00663L","國泰臺灣加權正2","5,935,072","3,323","202,030,443","34.11","34.31","33.72","33.84","-","0.59","33.83","5","33.84","273","0.00",
="00664R","國泰臺灣加權反1","9,305,395","446","29,709,115","3.19","3.21","3.18","3.20","+","0.03","3.20","873","3.21","3,068","0.00",
="00665L","富邦恒生國企正2","60,910,102","7,121","659,180,429","10.89","10.95","10.70","10.70","-","0.59","10.69","229","10.70","2,306","0.00",
="00666R","富邦恒生國企反1","495,030","73","4,447,701","8.94","9.03","8.94","9.03","+","0.21","9.03","112","9.05","68","0.00",
="00668","國泰美國道瓊","59,881","125","3,036,733","50.65","50.85","50.65","50.75","+","0.10","50.70","184","50.80","2","0.00",
="00668K","國泰美國道瓊+U","200","2","3,326","16.63","16.63","16.63","16.63","+","0.05","--","0","--","0","0.00",
="00669R","國泰美國道瓊反1","1,127,216","163","6,685,168","5.94","5.94","5.92","5.93","-","0.02","5.92","2,050","5.93","3,008","0.00",
="00670L","富邦NASDAQ正2","899,231","1,639","130,215,054","144.35","145.15","144.35","144.85","-","0.65","144.85","189","144.90","6","0.00",
="00671R","富邦NASDAQ反1","10,087,540","216","31,082,321","3.09","3.09","3.07","3.08"," ","0.00","3.07","23,404","3.08","11,892","0.00",
="00673R","期元大S&P原油反1","3,745,633","294","24,971,357","6.66","6.69","6.65","6.68","-","0.03","6.67","6,178","6.68","691","0.00",
="00674R","期元大S&P黃金反1","768,171","104","5,753,454","7.49","7.50","7.48","7.48","-","0.04","7.48","573","7.50","2,331","0.00",
="00675L","富邦臺灣加權正2","2,044,484","2,508","211,973,634","104.00","104.50","102.60","103.10","-","1.90","103.05","4","103.10","517","0.00",
="00676R","富邦臺灣加權反1","1,344,293","203","14,567,819","10.82","10.90","10.80","10.87","+","0.08","10.87","977","10.88","9","0.00",
="00678","群益那斯達克生技","237,325","86","6,664,089","28.03","28.11","28.03","28.08","+","0.01","28.07","4","28.08","1","0.00",
="00680L","元大美債20正2","28,386,016","1,174","199,742,528","7.04","7.06","7.01","7.05","+","0.04","7.04","4,729","7.05","241","0.00",
="00681R","元大美債20反1","29,000","6","610,810","21.10","21.10","21.06","21.06","-","0.08","21.06","196","21.11","305","0.00",
="00682U","期元大美元指數","1,000","1","20,030","20.03","20.03","20.03","20.03","-","0.05","20.03","55","20.08","20","0.00",
="00683L","期元大美元指正2","853,482","61","17,486,605","20.65","20.65","20.45","20.48","-","0.17","20.48","18","20.51","65","0.00",
="00684R","期元大美元指反1","4,000","3","63,000","15.74","15.76","15.74","15.76","+","0.04","15.74","272","15.76","5","0.00",
="00685L","群益臺灣加權正2","463,187","509","43,162,414","93.35","93.80","92.20","92.60","-","1.70","92.55","7","92.60","160","0.00",
="00686R","群益臺灣加權反1","2,896,938","170","5,635,607","1.94","1.96","1.93","1.94","+","0.01","1.94","1,281","1.95","34","0.00",
="00688L","國泰20年美債正2","8,550,070","477","60,073,601","7.01","7.05","7.00","7.03","+","0.04","7.03","45","7.04","4,451","0.00",
="00689R","國泰20年美債反1","102,000","3","2,221,500","21.78","21.78","21.75","21.75","-","0.05","21.72","1","21.75","103","0.00",
="00690","兆豐藍籌30","709,296","344","26,944,007","38.10","38.11","37.87","37.90","-","0.29","37.89","7","37.92","132","0.00",
="00692","富邦公司治理","1,045,811","1,163","50,302,449","48.26","48.26","47.88","47.96","-","0.38","47.95","3","47.96","1","0.00",
="00693U","期街口S&P黃豆","1,422,786","402","29,155,487","20.52","20.52","20.46","20.50","-","0.08","20.49","43","20.50","327","0.00",
="00700","富邦恒生國企","2,044,568","781","36,211,416","17.85","17.85","17.58","17.58","-","0.60","17.55","5","17.58","34","0.00",
="00701","國泰股利精選30","2,331,882","1,076","63,679,778","27.29","27.40","27.21","27.26","-","0.03","27.26","22","27.27","14","0.00",
="00702","國泰標普低波高息","115,239","101","2,640,933","22.94","22.94","22.89","22.92","+","0.10","22.87","3","22.92","4","0.00",
="00703","台新MSCI中國","187,702","164","3,906,477","20.97","20.97","20.73","20.73","-","0.58","20.72","5","20.73","34","0.00",
="00706L","期元大S&P日圓正2","5,998,482","373","35,725,935","5.95","5.97","5.94","5.97","+","0.06","5.96","6,596","5.97","1,176","0.00",
="00707R","期元大S&P日圓反1","0","0","0","--","--","--","--"," ","0.00","28.88","1","28.93","21","0.00",
="00708L","期元大S&P黃金正2","2,752,366","780","161,285,002","58.70","58.70","58.50","58.65","+","0.75","58.60","38","58.65","259","0.00",
="00709","富邦歐洲","85,893","178","2,861,910","33.36","33.40","33.25","33.34","-","0.02","33.33","7","33.35","1","0.00",
="00710B","復華彭博非投等債","157,156","75","2,952,405","18.77","18.80","18.76","18.76","-","0.01","18.76","37","18.77","1","0.00",
="00711B","復華彭博新興債","126,076","68","1,969,293","15.62","15.64","15.62","15.64","+","0.01","15.62","2","15.63","1","0.00",
="00712","復華富時不動產","11,371,251","3,027","102,882,102","9.05","9.06","9.03","9.05","-","0.02","9.04","1,518","9.05","1,491","0.00",
="00713","元大台灣高息低波","9,216,843","5,388","472,428,958","51.10","51.40","51.05","51.20","+","0.15","51.15","259","51.20","438","0.00",
="00714","群益道瓊美國地產","325,804","96","6,557,599","20.07","20.15","20.07","20.12","+","0.06","20.11","36","20.12","3","0.00",
="00715L","期街口布蘭特正2","21,050,734","2,314","238,081,833","11.35","11.36","11.24","11.25","+","0.01","11.25","3,467","11.26","717","0.00",
="00717","富邦美國特別股","49,555","95","734,465","14.83","14.83","14.81","14.81","-","0.02","14.81","2","14.82","18","0.00",
="00728","第一金工業30","441,782","255","14,215,932","32.15","32.23","32.09","32.13","-","0.06","32.12","1","32.13","16","0.00",
="00730","富邦臺灣優質高息","320,694","372","8,104,867","25.20","25.38","25.15","25.21","+","0.01","25.19","2","25.21","3","0.00",
="00731","復華富時高息低波","662,301","269","43,992,910","66.25","66.45","66.20","66.35","+","0.10","66.20","1","66.35","5","0.00",
="00733","富邦臺灣中小","1,245,752","1,393","58,219,346","46.69","47.05","46.22","46.72","+","0.07","46.71","1","46.72","22","0.00",
="00735","國泰臺韓科技","370,828","156","13,987,631","37.74","37.81","37.61","37.79","-","0.02","37.66","1","37.70","1","0.00",
="00736","國泰新興市場","131,824","60","3,315,972","25.18","25.32","25.06","25.09","-","0.27","25.08","1","25.10","7","0.00",
="00737","國泰AI機器人","226,768","182","7,630,441","33.63","33.66","33.61","33.65","+","0.02","33.64","3","33.65","82","0.00",
="00738U","期元大道瓊白銀","1,074,890","400","35,076,002","32.56","32.69","32.56","32.63","+","0.26","32.63","359","32.64","13","0.00",
="00739","元大MSCI A股","70,281","151","1,740,693","24.83","25.00","24.55","24.68","-","0.58","24.65","4","24.68","18","0.00",
="00752","中信中國50","7,379,650","2,552","183,651,611","25.04","25.07","24.71","24.71","-","0.83","24.70","92","24.71","107","0.00",
="00753L","中信中國50正2","60,450,844","8,260","722,292,209","12.02","12.05","11.76","11.76","-","0.74","11.75","398","11.76","503","0.00",
="00757","統一FANG+","4,919,883","4,649","545,108,800","110.70","110.95","110.60","110.85","-","0.35","110.85","177","110.90","84","0.00",
="00762","元大全球AI","249,678","1,228","18,745,784","74.95","75.15","74.95","75.05","+","0.10","75.05","2","75.10","60","0.00",
="00763U","期街口道瓊銅","1,086,446","416","27,103,829","24.94","24.99","24.91","24.91","-","0.15","24.90","99","24.91","37","0.00",
="00770","國泰北美科技","5,073,758","605","253,512,172","49.99","50.00","49.91","49.95","-","0.05","49.94","2","49.95","40","0.00",
="00771","元大US高息特別股","19,587","76","311,642","15.94","15.94","15.90","15.92","-","0.02","15.89","30","15.92","27","0.00",
="00775B","新光投等債15+","0","0","0","--","--","--","--"," ","0.00","31.25","25","31.27","1","0.00",
="00783","富邦中証500","671,534","167","15,150,972","22.49","22.78","22.38","22.38","-","0.71","22.35","1","22.38","36","0.00",
="00830","國泰費城半導體","12,108,916","3,979","550,880,377","45.53","45.53","45.45","45.51","-","0.20","45.51","307","45.52","10","0.00",
="00850","元大臺灣ESG永續","620,464","1,035","29,534,337","47.67","47.70","47.45","47.52","-","0.28","47.52","1","47.53","110","0.00",
="00851","台新全球AI","105,849","101","5,311,968","50.20","50.25","50.15","50.15"," ","0.00","50.05","1","50.15","3","0.00",
="00852L","國泰美國道瓊正2","248,380","84","6,865,655","27.61","27.68","27.61","27.67","+","0.21","27.67","2","27.68","108","0.00",
="00861","元大全球未來通訊","141,426","139","6,428,887","45.33","45.57","45.33","45.50","+","0.17","45.46","7","45.50","2","0.00",
="00865B","國泰US短期公債","1,228,752","368","55,569,694","45.25","45.26","45.20","45.21","-","0.04","45.20","134","45.21","48","0.00",
="00875","國泰網路資安","206,156","313","7,850,300","38.05","38.14","38.03","38.08","+","0.41","38.08","109","38.10","3","0.00",
="00876","元大全球5G","286,788","264","11,459,460","39.71","40.07","39.48","39.99","+","0.10","39.95","1","39.99","1","0.00",
="00878","國泰永續高股息","38,790,226","24,220","792,916,151","20.40","20.48","20.38","20.42","-","0.04","20.41","1,150","20.42","3,825","0.00",
="00881","國泰台灣科技龍頭","9,787,912","3,462","264,791,450","27.11","27.15","26.99","27.02","-","0.22","27.01","112","27.02","301","0.00",
="00882","中信中國高股息","30,529,926","5,682","428,414,322","14.09","14.13","13.96","13.96","-","0.29","13.95","306","13.96","40","0.00",
="00885","富邦越南","11,016,310","2,159","177,546,397","16.15","16.24","15.99","16.09","-","0.06","16.09","238","16.10","27","0.00",
="00891","中信關鍵半導體","4,278,325","1,471","74,479,708","17.46","17.46","17.36","17.37","-","0.10","17.36","95","17.37","199","0.00",
="00892","富邦台灣半導體","2,127,876","525","38,078,164","17.93","17.96","17.84","17.84","-","0.15","17.83","1","17.84","38","0.00",
="00893","國泰智能電動車","1,998,681","674","54,567,834","27.33","27.35","27.26","27.26","-","0.35","27.26","138","27.27","198","0.00",
="00894","中信小資高價30","1,483,867","804","32,965,742","22.34","22.34","22.12","22.16","-","0.19","22.15","5","22.16","68","0.00",
="00895","富邦未來車","961,119","629","32,382,096","33.81","33.81","33.64","33.71","-","0.28","33.70","907","33.71","7","0.00",
="00896","中信綠能及電動車","1,276,753","524","22,621,671","17.77","17.77","17.65","17.68","-","0.09","17.67","8","17.68","15","0.00",
="00897","富邦基因免疫生技","740,604","157","5,351,548","7.21","7.24","7.21","7.22","+","0.03","7.21","129","7.22","4","0.00",
="00898","國泰基因免疫革命","91,735","107","608,409","6.66","6.66","6.62","6.62","-","0.01","6.62","87","6.63","81","0.00",
="00899","FT潔淨能源","25,389","85","417,563","16.43","16.53","16.43","16.46","+","0.03","16.46","25","16.48","17","0.00",
="00900","富邦特選高股息30","8,426,123","2,599","111,178,937","13.17","13.22","13.16","13.19","+","0.01","13.19","25","13.20","228","0.00",
="00901","永豐智能車供應鏈","82,270","155","1,889,555","23.10","23.10","22.93","22.95","-","0.19","22.93","2","22.97","192","0.00",
="00902","中信電池及儲能","2,855,091","483","27,844,701","9.82","9.82","9.70","9.70","-","0.16","9.69","15","9.70","24","0.00",
="00903","富邦元宇宙","341,732","209","5,419,834","15.85","15.88","15.84","15.85","-","0.09","15.85","124","15.86","47","0.00",
="00904","新光臺灣半導體30","733,179","181","13,414,028","18.38","18.38","18.25","18.27","-","0.13","18.26","2","18.27","1","0.00",
="00905","FT臺灣Smart","1,585,187","851","23,950,037","15.10","15.16","15.05","15.08","-","0.09","15.07","16","15.08","38","0.00",
="00907","永豐優息存股","1,389,652","274","21,003,291","15.04","15.17","15.04","15.08","+","0.01","15.07","12","15.08","198","0.00",
="00908","富邦入息REITs+","504,198","112","6,797,182","13.49","13.50","13.47","13.47","+","0.04","13.47","191","13.48","16","0.00",
="00909","國泰數位支付服務","1,762,792","1,594","65,271,712","37.18","37.20","36.87","37.16","-","0.08","37.16","25","37.17","40","0.00",
="00910","第一金太空衛星","1,339,608","2,504","50,167,103","37.39","37.59","37.38","37.41","+","0.12","37.41","44","37.42","2","0.00",
="00911","兆豐洲際半導體","329,075","143","8,757,051","26.56","26.64","26.56","26.63","+","0.02","26.60","1","26.61","3","0.00",
="00912","中信臺灣智慧50","398,878","161","7,698,229","19.34","19.37","19.23","19.25","-","0.12","19.24","110","19.25","298","0.00",
="00913","兆豐台灣晶圓製造","400,530","53","8,028,332","20.08","20.08","20.00","20.00","-","0.08","19.99","12","20.00","12","0.00",
="00915","凱基優選高股息30","5,579,497","1,402","125,683,676","22.42","22.59","22.41","22.49","+","0.07","22.49","1","22.50","75","0.00",
="00916","國泰全球品牌50","337,592","430","8,495,136","25.11","25.20","25.11","25.16","+","0.08","25.15","246","25.16","12","0.00",
="00917","中信特選金融","744,463","430","17,430,658","23.40","23.45","23.39","23.43","+","0.03","23.42","151","23.43","7","0.00",
="00918","大華優利高填息30","11,012,690","3,627","249,839,985","22.65","22.74","22.61","22.67"," ","0.00","22.66","273","22.67","101","0.00",
="00919","群益台灣精選高息","70,230,524","27,243","1,506,910,430","21.45","21.54","21.38","21.44"," ","0.00","21.43","2,462","21.44","3,352","0.00",
="00920","富邦ESG綠色電力","182,020","106","2,746,408","15.09","15.10","15.07","15.09","+","0.02","15.08","217","15.09","2","0.00",
="00921","兆豐龍頭等權重","551,384","295","9,924,247","18.02","18.03","17.90","17.90","-","0.12","17.90","12","17.96","5","0.00",
="00922","國泰台灣領袖50","6,873,193","3,437","156,419,869","22.76","22.84","22.67","22.71","-","0.18","22.70","122","22.71","209","0.00",
="00923","群益台ESG低碳50","2,827,360","1,519","61,096,731","21.65","21.69","21.54","21.57","-","0.16","21.56","15","21.57","580","0.00",
="00924","復華S&P500成長","1,418,449","1,641","37,456,645","26.40","26.45","26.37","26.40","-","0.10","26.39","62","26.41","11","0.00",
="00926","凱基全球菁英55","841,429","393","18,615,591","22.15","22.15","22.10","22.12","-","0.03","22.11","460","22.12","43","0.00",
="00927","群益半導體收益","4,088,722","701","72,775,945","17.80","17.86","17.75","17.78","-","0.06","17.78","4","17.79","495","0.00",
="00929","復華台灣科技優息","42,055,988","8,504","756,740,269","17.96","18.03","17.91","17.94","+","0.02","17.94","349","17.95","855","0.00",
="00930","永豐ESG低碳高息","1,649,991","361","28,064,251","16.97","17.06","16.95","16.97","-","0.03","16.96","24","16.97","82","0.00",
="00932","兆豐永續高息等權","1,083,620","413","15,796,935","14.48","14.63","14.46","14.58","+","0.09","14.57","1","14.58","8","0.00",
="00934","中信成長高股息","5,889,410","1,043","116,362,620","19.68","19.82","19.66","19.70","-","0.02","19.70","4","19.71","64","0.00",
="00935","野村臺灣新科技50","2,247,841","1,161","55,386,103","24.70","24.70","24.54","24.57","-","0.18","24.57","31","24.58","5","0.00",
="00936","台新永續高息中小","4,598,932","957","71,870,122","15.53","15.69","15.51","15.65","+","0.15","15.64","3","15.65","63","0.00",
="00938","凱基優選30","541,169","197","8,149,728","15.06","15.11","15.01","15.02","-","0.07","15.01","2","15.02","18","0.00",
="00939","統一台灣高息動能","4,801,727","1,137","66,387,880","13.78","13.87","13.78","13.80","-","0.01","13.80","155","13.81","417","0.00",
="00940","元大台灣價值高息","43,825,194","6,587","411,229,438","9.32","9.41","9.32","9.35"," ","0.00","9.34","3,398","9.35","78","0.00",
="00941","中信上游半導體","3,318,412","771","46,359,304","13.97","13.99","13.94","13.97"," ","0.00","13.97","170","13.98","22","0.00",
="00943","兆豐電子高息等權","903,407","181","13,217,603","14.52","14.66","14.52","14.58","+","0.06","14.58","167","14.61","18","0.00",
="00944","野村趨勢動能高息","1,896,415","335","27,385,200","14.38","14.48","14.38","14.42","+","0.04","14.41","715","14.42","3","0.00",
="00945B","凱基美國非投等債","3,972,598","597","55,987,452","14.09","14.11","14.08","14.09"," ","0.00","14.08","810","14.09","1,854","0.00",
="00946","群益科技高息成長","8,572,573","1,515","87,530,266","10.21","10.27","10.16","10.18","-","0.04","10.17","2,125","10.18","170","0.00",
="00947","台新臺灣IC設計","1,067,196","282","15,247,620","14.34","14.35","14.25","14.26","-","0.08","14.25","1","14.26","8","0.00",
="00949","復華日本龍頭","1,071,027","478","18,399,236","17.11","17.23","17.09","17.21","+","0.12","17.20","203","17.21","1","0.00",
="00951","台新日本半導體","2,010,954","446","17,152,165","8.50","8.58","8.49","8.57","+","0.12","8.56","526","8.57","99","0.00",
="00952","凱基台灣AI50","3,247,775","598","34,628,588","10.64","10.70","10.61","10.65","+","0.01","10.64","8","10.65","412","0.00",
="00953B","群益優選非投等債","26,774,121","4,218","255,525,056","9.56","9.57","9.53","9.53","-","0.02","9.53","10,503","9.54","970","0.00",
="00954","中信日本半導體","950,814","189","8,520,225","8.94","9.01","8.92","9.00","+","0.13","9.00","459","9.01","17","0.00",
="00956","中信日經高股息","349,152","167","3,640,189","10.40","10.44","10.40","10.44","+","0.09","10.44","50","10.45","120","0.00",
="00960","野村全球航運龍頭","1,125,823","322","15,903,337","14.12","14.16","14.11","14.12","+","0.02","14.12","25","14.13","29","0.00",
="00961","FT臺灣永續高息","7,250,759","1,436","66,020,926","9.10","9.14","9.07","9.10","+","0.02","9.09","177","9.10","2,294","0.00",
="00962","台新AI優息動能","975,228","242","10,059,073","10.30","10.34","10.27","10.27","-","0.03","10.27","302","10.28","9","0.00",
="00963","中信全球高股息","471,123","794","5,040,990","10.70","10.71","10.68","10.70","+","0.03","10.69","265","10.70","177","0.00",
="00964","中信亞太高股息","1,689,560","122","18,280,024","10.82","10.84","10.81","10.81","-","0.01","10.78","50","10.79","174","0.00",
="00965","元大航太防衛科技","2,255,346","1,272","47,135,602","20.92","20.93","20.87","20.90","-","0.04","20.89","93","20.90","264","0.00",
="00971","野村美國研發龍頭","488,966","290","7,458,185","15.27","15.27","15.23","15.26","-","0.04","15.25","8","15.26","2","0.00",
="00972","野村日本動能高息","108,172","45","1,807,136","16.70","16.71","16.69","16.71","+","0.13","16.71","102","16.72","131","0.00",
="009800","中信NASDAQ","2,575,541","941","25,720,194","10.01","10.01","9.97","9.98","-","0.04","9.98","327","9.99","244","0.00",
="009801","中信美國創新科技","3,712,519","739","38,263,868","10.30","10.32","10.30","10.30","-","0.06","10.30","455","10.31","185","0.00",
="009802","富邦旗艦50","4,405,120","773","46,133,348","10.45","10.51","10.44","10.45","-","0.05","10.45","268","10.46","305","0.00",
="009803","保德信市值動能50","931,778","291","10,478,933","11.26","11.28","11.21","11.22","-","0.08","11.21","19","11.22","343","0.00",
="009804","聯邦台精彩50","1,459,697","477","18,131,892","12.44","12.47","12.37","12.38","-","0.12","12.38","11","12.40","602","0.00",
="009805","新光美國電力基建","5,570,163","1,220","64,353,329","11.54","11.59","11.53","11.54","-","0.02","11.54","32","11.55","212","0.00",
="009808","華南永昌優選50","728,934","134","12,417,949","17.09","17.11","17.00","17.03","-","0.14","17.02","7","17.03","306","0.00",
="00980A","主動野村臺灣優選","10,584,745","1,975","136,424,285","12.92","12.94","12.85","12.88","-","0.04","12.87","405","12.88","231","0.00",
="009810","保德信全球藍籌","2,197,795","140","35,912,037","16.37","16.37","16.33","16.34","-","0.06","16.33","230","16.34","3","0.00",
="009811","統一美國50","5,511,771","1,415","58,261,734","10.57","10.59","10.55","10.58","-","0.01","10.57","36","10.58","319","0.00",
="00981A","主動統一台股增長","76,163,156","13,293","1,014,650,459","13.30","13.39","13.22","13.35","-","0.03","13.34","312","13.35","1,861","0.00",
="00982A","主動群益台灣強棒","42,752,892","8,933","544,047,613","12.70","12.80","12.62","12.71","-","0.04","12.70","672","12.71","25","0.00",
="00983A","主動中信ARK創新","3,635,994","1,521","41,470,831","11.39","11.43","11.37","11.41","-","0.11","11.41","140","11.42","221","0.00",
="00984A","主動安聯台灣高息","6,353,497","919","65,556,236","10.26","10.35","10.26","10.30","-","0.01","10.29","739","10.30","71","0.00",
="00985A","主動野村台灣50","10,589,565","2,218","114,912,548","10.86","10.89","10.82","10.83","-","0.04","10.82","474","10.83","190","0.00",
="00986A","主動台新龍頭成長","12,026,742","1,729","120,858,684","10.05","10.06","10.04","10.04"," ","0.00","10.04","1,759","10.05","1,991","0.00",
="01001T","土銀富邦R1","173,000","8","2,128,550","12.30","12.31","12.30","12.31","-","0.03","12.31","10","12.32","1","0.00",
="01002T","土銀國泰R1","164,000","10","2,370,140","14.46","14.49","14.41","14.41","-","0.08","14.40","10","14.50","3","0.00",
="01004T","土銀富邦R2","186,000","8","2,099,720","11.30","11.30","11.27","11.27","-","0.03","11.27","53","11.30","144","0.00",
="01007T","兆豐國泰R2","16,005","4","225,896","14.10","14.12","14.10","14.12","+","0.02","14.12","9","14.14","1","0.00",
="01009T","王道圓滿R1","11,137","10","79,652","7.15","7.19","7.15","7.19","X","0.00","7.15","190","7.20","5","0.00",
="01010T","京城樂富R1","379","3","3,800","--","--","--","--"," ","0.00","10.02","79","10.08","16","0.00",
="020000","富邦特選蘋果N","0","0","0","--","--","--","--"," ","0.00","13.52","10","13.57","10","0.00",
="020011","統一微波高息20N","0","0","0","--","--","--","--"," ","0.00","10.81","293","10.83","255","0.00",
="020012","富邦行動通訊N","0","0","0","--","--","--","--"," ","0.00","12.97","10","13.01","10","0.00",
="02001L","富邦蘋果正二N","13,000","11","402,430","31.00","31.15","30.83","30.85","-","0.46","30.84","1","30.86","10","0.00",
="02001R","富邦蘋果反一N","10,000","1","11,500","1.15","1.15","1.15","1.15","+","0.01","1.14","10","1.15","10","0.00",
="02001S","策元大加權策略N","0","0","0","--","--","--","--"," ","0.00","8.15","150","8.17","150","0.00",
="020020","元大台股領航N","10,000","4","133,850","13.41","13.41","13.37","13.38","-","0.12","13.41","499","13.42","499","0.00",
="020028","元大特選電動車N","5,000","1","54,750","10.95","10.95","10.95","10.95","+","0.02","10.92","499","10.93","499","0.00",
="020029","元大ESG高股息N","18,000","6","167,840","9.34","9.34","9.30","9.33","+","0.01","9.33","498","9.34","499","0.00",
="020030","統一智慧電動車N","2,000","2","14,760","7.38","7.38","7.38","7.38","-","0.07","7.40","268","7.42","280","0.00",
="020031","統一IC設計臺灣N","0","0","0","--","--","--","--"," ","0.00","6.16","236","6.18","200","0.00",
="020032","元大綠能N","6,000","2","39,960","6.66","6.66","6.66","6.66","+","0.01","6.65","499","6.66","501","0.00",
="020034","元大IC設計N","28,000","8","210,560","7.55","7.55","7.49","7.49","-","0.06","7.52","499","7.53","499","0.00",
="020036","元大金融配息N","1,000","1","7,030","7.03","7.03","7.03","7.03","X","0.00","7.03","200","7.04","200","0.00",
="020037","元大金融高股息N","0","0","0","--","--","--","--"," ","0.00","7.48","499","7.49","499","0.00",
="020038","元大ESG配息N","7,000","5","53,960","7.70","7.73","7.70","7.71"," ","0.00","7.71","499","7.72","499","0.00",
="020039","元大加權N","11,000","3","84,340","7.67","7.67","7.65","7.65","-","0.04","7.64","100","7.66","100","0.00",
="030001","大同凱基51購02","11,000","2","33,890","3.07","3.13","3.07","3.13","-","0.16","3.14","10","3.19","10","40.75",
="030002","漢唐凱基51購07","36,000","7","473,300","13.20","13.20","12.80","12.80","-","1.90","13.20","10","13.40","10","1,190.00",
="030003","京元電凱基53購03","61,000","11","121,200","1.98","2.10","1.95","1.95","+","0.09","1.94","100","2.15","3","142.00",
="030004","欣興凱基54購02","62,000","4","131,530","2.05","2.18","2.05","2.18","+","0.04","2.07","100","2.09","10","150.00",
="030005","牧德凱基51購04","5,000","1","12,450","2.49","2.49","2.49","2.49","+","0.54","2.85","10","2.95","10","594.00",
="030006","智易凱基51購02","297,000","5","698,340","2.52","2.52","2.34","2.34","-","0.40","2.22","100","2.32","10","236.00",
="030007","世芯凱基51購23","99,000","9","188,660","1.91","1.97","1.84","1.85","-","0.14","1.80","100","1.82","10","4,000.00",
="030008","貿聯凱基51購11","150,000","9","332,320","2.06","2.40","2.06","2.40","+","0.42","2.18","10","2.28","10","981.00",
="030009","jpp凱基51購01","390,000","27","998,710","2.43","2.65","2.41","2.50","+","0.16","2.58","10","2.68","10","276.00",
="030010","訊芯凱基51購01","119,000","13","221,170","1.92","1.92","1.82","1.84","-","0.29","1.81","10","1.83","10","165.00",
="030011","力積電凱基51購02","16,000","2","24,640","1.54","1.54","1.54","1.54","X","0.00","1.52","100","1.54","10","16.05",
="030012","AES凱基57購02","62,000","5","144,120","2.31","2.39","2.31","2.37","+","0.15","2.36","100","2.38","10","1,350.00",
="030013","泓德凱基51購01","20,000","2","9,500","0.48","0.48","0.47","0.47","-","0.15","0.48","10","0.53","10","160.00",
="030014","世紀鋼凱基53購02","0","0","0","--","--","--","--"," ","0.00","1.28","100","1.29","10","188.00",
="030015","臺股指凱基51購30","101,000","12","215,060","2.13","2.16","2.03","2.07","-","0.17","2.05","100","2.06","10","0.00",
="030016","南亞群益51購01","0","0","0","--","--","--","--"," ","0.00","0.92","30","--","0","43.00",
="030017","南亞群益51購02","39,000","5","106,170","2.93","2.93","2.59","2.59","-","0.81","2.62","499","--","0","43.00",
="030018","台化群益51購03","5,000","1","8,400","1.68","1.68","1.68","1.68","X","0.00","1.66","10","1.76","10","29.90",
="030019","聚陽群益51購01","28,000","2","42,910","1.59","1.59","1.52","1.52","-","0.10","1.55","10","1.65","10","265.00",
="03001U","臺股指凱基57售01","11,000","2","13,390","1.19","1.22","1.19","1.22","+","0.03","1.21","100","1.22","10","0.00",
="030020","華城群益51購08","2,000","1","3,740","1.87","1.87","1.87","1.87","+","0.01","1.72","100","1.73","100","618.00",
="030021","台玻群益56購01","50,000","5","150,000","3.00","3.00","3.00","3.00","X","0.00","3.05","10","--","0","34.55",
="030022","大成鋼群益51購05","0","0","0","--","--","--","--"," ","0.00","1.05","2","--","0","38.60",
="030023","光寶科群益51購02","241,000","17","310,530","1.25","1.30","1.25","1.29","-","0.16","1.23","1","1.29","2","130.00",
="030024","光寶科群益53購01","284,000","12","351,000","1.21","1.26","1.21","1.23","-","0.04","0.38","131","--","0","130.00",
="030025","鴻海群益53購10","114,000","6","253,620","2.28","2.28","2.16","2.22","-","0.18","2.25","100","2.28","100","206.00",
="030026","台積電群益51購26","60,000","1","129,000","2.15","2.15","2.15","2.15","X","0.00","--","0","--","0","1,160.00",
="030027","台積電群益51購27","0","0","0","--","--","--","--"," ","0.00","0.25","4","--","0","1,160.00",
="030028","台積電群益51購28","30,000","1","40,800","1.36","1.36","1.36","1.36","-","0.12","0.29","34","1.88","10","1,160.00",
="030029","智邦群益51購10","0","0","0","--","--","--","--"," ","0.00","3.14","10","3.24","10","984.00",
="03002U","元債2X元大4B售05","0","0","0","--","--","--","--"," ","0.00","0.47","499","0.48","100","0.00",
="030030","鴻準群益51購02","54,000","7","289,000","5.45","5.45","5.20","5.25","-","0.15","1.65","6","5.75","10","71.70",
="030031","華碩群益51購03","0","0","0","--","--","--","--"," ","0.00","0.07","44","--","0","634.00",
="030032","全新群益51購02","39,000","6","53,800","1.40","1.43","1.33","1.33","-","0.17","1.32","1","--","0","153.50",
="030033","奇鋐群益51購10","11,000","2","27,370","2.47","2.49","2.47","2.49","-","0.16","2.21","10","--","0","1,015.00",
="030034","亞光群益51購05","62,000","12","294,720","4.53","5.55","4.48","4.58","-","0.08","1.78","5","--","0","164.00",
="030035","信邦群益51購02","227,000","17","350,670","1.48","1.57","1.46","1.57","+","0.06","1.56","100","1.57","95","234.00",
="030036","欣興群益51購07","2,902,000","84","4,457,770","1.56","1.64","1.42","1.55","-","0.07","1.54","100","1.57","100","150.00",
="030037","景碩群益57購01","453,000","24","575,820","1.21","1.32","1.19","1.23","-","0.07","1.20","1","--","0","113.50",
="030038","玉晶光群益53購03","77,000","5","102,710","1.32","1.40","1.32","1.40","+","0.08","1.34","10","1.44","10","461.50",
="030039","創意群益51購08","429,000","27","815,090","1.89","1.98","1.79","1.93","+","0.12","0.68","29","2.01","6","1,350.00",
="03003U","元債2X元大53售05","0","0","0","--","--","--","--"," ","0.00","0.50","250","0.51","100","0.00",
="030040","群創群益57購01","618,000","23","825,300","1.27","1.52","1.26","1.44","+","0.28","1.47","100","1.50","100","14.15",
="030041","華擎群益51購02","688,000","24","1,656,290","2.39","2.43","2.30","2.37","-","0.04","2.30","100","2.32","100","281.00",
="030042","世芯群益51購20","9,000","9","19,380","2.31","2.31","2.08","2.08","-","0.14","2.08","10","2.18","10","4,000.00",
="030043","貿聯群益51購05","170,000","19","768,440","4.19","4.81","4.14","4.46","+","0.31","1.63","6","--","0","981.00",
="030044","臻鼎群益57購01","0","0","0","--","--","--","--"," ","0.00","3.60","139","--","0","194.00",
="030045","瀚宇博群益51購03","169,000","29","202,440","1.19","1.37","1.09","1.09","-","0.27","1.09","10","1.14","15","81.70",
="030046","邁達特群益51購03","299,000","2","284,350","0.95","0.98","0.95","0.98","-","0.06","0.94","10","1.04","10","55.50",
="030047","聯茂群益54購01","37,000","14","63,060","1.62","1.76","1.62","1.72","-","0.21","1.66","1","1.98","5","125.00",
="030048","愛普群益51購05","38,000","4","48,570","1.24","1.31","1.24","1.31","+","0.08","1.32","100","1.33","100","305.50",
="030049","緯穎群益51購08","9,000","2","24,900","2.78","2.78","2.76","2.76","-","0.04","2.72","10","--","0","2,975.00",
="03004U","道瓊2X元大53售01","136,000","5","40,920","0.31","0.31","0.30","0.30","-","0.02","0.29","250","0.30","100","0.00",
="030050","AES群益53購01","1,131,000","46","2,950,900","2.40","2.78","2.40","2.74","+","0.41","2.50","5","--","0","1,350.00",
="030051","富世達群益51購08","0","0","0","--","--","--","--"," ","0.00","5.25","100","5.60","100","1,145.00",
="030052","南電群益53購05","948,000","42","1,754,580","1.72","2.01","1.71","2.01","+","0.55","2.04","31","2.28","1","226.00",
="030053","臺指2X中信53購02","15,000","6","18,680","1.25","1.26","1.20","1.20","-","0.10","1.19","500","1.20","100","0.00",
="030054","台塑中信52購01","153,000","4","64,290","0.44","0.44","0.41","0.41","-","0.09","0.39","10","0.42","10","0.00",
="030055","南亞中信52購01","361,000","16","874,920","2.61","2.61","2.33","2.37","-","0.55","2.36","10","2.37","10","0.00",
="030056","台化中信52購01","0","0","0","--","--","--","--"," ","0.00","1.41","1","--","0","0.00",
="030057","大成鋼中信52購01","565,000","5","300,650","0.58","0.58","0.53","0.54","-","0.26","0.51","10","0.52","10","0.00",
="030058","光寶科中信52購01","492,000","8","535,270","1.10","1.16","1.05","1.16","-","0.01","1.10","10","--","0","0.00",
="030059","大成鋼永豐53購03","20,000","2","15,000","0.75","0.75","0.75","0.75"," ","0.00","0.67","10","0.77","10","38.60",
="03005U","中砂元大4B售05","10,000","2","7,600","0.77","0.77","0.75","0.75","-","0.15","0.81","25","0.82","10","0.00",
="030060","川湖永豐53購02","225,000","12","343,760","1.55","1.59","1.52","1.52","+","0.01","1.51","10","1.53","10","2,925.00",
="030061","光寶科永豐53購02","197,000","9","187,260","0.95","0.96","0.93","0.96","-","0.02","0.94","10","0.95","10","130.00",
="030062","華通永豐52購02","104,000","11","170,850","1.52","1.77","1.52","1.61","+","0.11","1.59","10","1.61","10","79.30",
="030063","華通永豐53購01","62,000","5","139,740","2.13","2.52","2.13","2.40","+","0.30","2.22","10","2.23","10","79.30",
="030064","鴻海永豐52購03","0","0","0","--","--","--","--"," ","0.00","1.88","10","1.91","10","206.00",
="030065","金像電永豐52購07","0","0","0","--","--","--","--"," ","0.00","2.47","10","2.51","10","486.00",
="030066","宏達電永豐52購02","0","0","0","--","--","--","--"," ","0.00","3.32","3","--","0","66.50",
="030067","宏達電永豐53購02","10,000","3","117,700","12.30","12.30","11.60","11.70","X","0.00","11.20","1","12.00","2","66.50",
="030068","欣興永豐52購02","225,000","14","198,000","0.80","0.95","0.80","0.88","-","0.06","0.87","10","0.90","10","150.00",
="030069","欣興永豐52購03","52,000","8","55,790","1.04","1.12","1.04","1.09","-","0.02","1.08","499","1.09","10","150.00",
="03006U","台光電元大4B售11","110,000","4","7,150","0.05","0.07","0.05","0.06","-","0.03","0.06","499","0.07","200","0.00",
="03006X","元展06","0","0","0","--","--","--","--"," ","0.00","144.00","100","145.00","10","85.20",
="030070","欣興永豐52購04","102,000","9","87,410","0.87","0.94","0.80","0.94","+","0.03","0.86","10","0.87","10","150.00",
="030071","景碩永豐53購02","142,000","8","132,480","0.86","1.03","0.86","0.92","-","0.05","0.90","10","0.91","10","113.50",
="030072","臻鼎永豐53購01","1,000","1","3,530","3.53","3.53","3.53","3.53","+","0.08","3.53","10","--","0","194.00",
="030073","同欣電永豐53購01","0","0","0","--","--","--","--"," ","0.00","0.59","10","0.62","10","112.50",
="030074","緯穎永豐52購01","2,000","1","3,360","1.68","1.68","1.68","1.68"," ","0.00","1.65","10","1.67","10","2,975.00",
="030075","緯穎永豐52購02","0","0","0","--","--","--","--"," ","0.00","1.48","10","--","0","2,975.00",
="030076","台塑統一56購01","15,000","2","7,350","0.49","0.49","0.49","0.49","X","0.00","0.46","10","0.47","10","39.10",
="030077","南亞統一56購01","1,780,000","40","1,689,880","1.05","1.05","0.90","0.90","-","0.16","0.91","10","0.92","10","43.00",
="030078","南亞統一56購02","618,000","15","522,880","0.87","0.87","0.80","0.81","-","0.14","0.81","10","0.82","10","43.00",
="030079","南亞統一59購01","294,000","10","276,390","0.96","0.96","0.91","0.91","-","0.13","0.91","10","0.92","10","43.00",
="03007U","貿聯元大4B售08","10,000","1","2,000","0.20","0.20","0.20","0.20","X","0.00","0.21","499","0.22","200","0.00",
="03007X","元展07","0","0","0","--","--","--","--"," ","0.00","71.00","100","71.50","10","41.80",
="030080","台化統一56購01","65,000","11","48,180","0.74","0.76","0.72","0.73","-","0.06","0.72","10","0.73","9","29.90",
="030081","台玻統一56購03","40,000","5","73,900","1.85","1.85","1.80","1.80","-","0.01","1.84","10","1.87","10","34.55",
="030082","台玻統一56購04","140,000","12","263,600","1.80","2.06","1.80","2.00","-","0.02","1.99","10","2.02","10","34.55",
="030083","光寶科統一56購01","1,412,000","25","1,008,120","0.70","0.72","0.70","0.72","-","0.01","0.70","10","0.71","10","130.00",
="030084","台達電統一56購05","875,000","41","1,319,590","1.59","1.59","1.47","1.48","-","0.09","1.47","17","1.48","5","709.00",
="030085","金像電統一56購04","327,000","18","456,190","1.36","1.42","1.35","1.41","+","0.02","1.42","10","1.43","10","486.00",
="030086","全新統一56購05","65,000","3","44,660","0.69","0.69","0.65","0.65","-","0.06","0.64","10","0.65","10","153.50",
="030087","欣興統一56購03","861,000","17","703,930","0.81","0.84","0.79","0.82","-","0.01","0.80","10","0.81","10","150.00",
="030088","玉晶光統一59購01","182,000","6","150,190","0.82","0.84","0.82","0.84"," ","0.00","0.83","10","0.84","10","461.50",
="030089","貿聯統一56購04","10,000","1","8,300","0.83","0.83","0.83","0.83","+","0.07","0.80","10","0.81","10","981.00",
="03008U","貿聯元大4B售09","1,000","1","330","0.33","0.33","0.33","0.33","X","0.00","0.34","499","0.35","200","0.00",
="030090","達興統一59購01","257,000","33","533,890","2.04","2.14","1.94","2.07","+","0.15","2.03","10","2.04","10","387.00",
="030091","瀚宇博統一57購03","286,000","21","361,340","1.30","1.33","1.19","1.20","-","0.01","1.19","10","1.20","10","81.70",
="030092","訊芯統一59購01","190,000","5","145,910","0.79","0.79","0.76","0.76","-","0.09","0.75","10","0.76","10","165.00",
="030093","南電統一57購05","27,000","3","28,030","0.91","1.05","0.91","1.05","+","0.18","1.06","10","--","0","226.00",
="030094","南電統一57購06","609,000","37","652,260","0.96","1.20","0.95","1.20","+","0.26","1.16","2","--","0","226.00",
="030095","南電統一59購02","351,000","27","338,320","0.92","1.20","0.89","1.20","+","0.34","1.10","1","--","0","226.00",
="030096","南亞富邦53購01","171,000","8","265,140","1.65","1.65","1.49","1.49","-","0.33","1.48","10","1.49","10","0.00",
="030097","聚陽富邦53購02","94,000","3","82,260","0.88","0.88","0.86","0.86","X","0.00","0.86","10","0.87","10","0.00",
="030098","台達電富邦53購03","803,000","54","2,279,210","2.86","2.92","2.78","2.89","-","0.15","2.89","30","2.90","10","0.00",
="030099","金像電富邦53購02","136,000","23","336,400","2.43","2.63","2.40","2.63","+","0.16","2.63","10","2.64","10","0.00",
="03009U","矽力元大4B售02","0","0","0","--","--","--","--"," ","0.00","2.47","300","2.57","10","0.00",
="030100","大同富邦52購01","33,000","4","39,440","1.18","1.23","1.18","1.23","-","0.08","1.22","10","1.23","10","0.00",
="030101","愛普富邦53購01","147,000","6","81,850","0.54","0.57","0.54","0.57"," ","0.00","0.57","30","0.58","10","0.00",
="030102","台玻台新52購01","0","0","0","--","--","--","--"," ","0.00","7.80","20","--","0","0.00",
="030103","台灣50元富57購01","566,000","21","1,116,880","2.00","2.01","1.91","1.91","-","0.19","1.90","25","1.91","22","52.50",
="030104","材料元富52購02","0","0","0","--","--","--","--"," ","0.00","0.80","25","0.81","25","67.70",
="030105","聯茂元富54購01","30,000","4","121,500","4.00","4.10","4.00","4.10","-","0.11","3.92","3","--","0","125.00",
="030106","同欣電元富52購01","28,000","2","57,550","2.08","2.08","1.85","1.85","-","0.08","1.84","25","1.94","10","112.50",
="030107","AES元富52購01","32,000","9","337,500","9.85","11.10","9.85","10.70","+","1.40","10.70","25","10.90","25","1,350.00",
="030108","AES元富52購02","229,000","15","531,720","2.14","2.45","2.14","2.39","+","0.43","2.36","25","2.38","25","1,350.00",
="030109","AES元富57購01","445,000","21","574,710","1.23","1.35","1.23","1.35","+","0.14","1.32","25","1.35","2","1,350.00",
="03010U","台積電元富4B售25","87,000","9","19,180","0.22","0.23","0.22","0.23"," ","0.00","0.25","25","0.26","25","0.00",
="03010X","元展10","0","0","0","--","--","--","--"," ","0.00","146.00","100","156.00","10","206.00",
="030110","T50正2國泰53購01","420,000","15","851,750","2.12","2.12","1.96","1.96","-","0.17","1.96","501","1.97","250","259.40",
="030111","南亞國泰53購01","0","0","0","--","--","--","--"," ","0.00","3.54","200","3.60","10","43.00",
="030112","華城國泰53購01","1,000","1","1,110","1.11","1.11","1.11","1.11","+","0.02","1.00","499","1.01","100","618.00",
="030113","光寶科國泰53購01","55,000","4","81,840","1.50","1.50","1.48","1.48","-","0.10","1.45","499","1.47","499","130.00",
="030114","佳能國泰53購02","0","0","0","--","--","--","--"," ","0.00","3.20","1","--","0","80.80",
="030115","全新國泰53購01","93,000","9","124,330","1.33","1.39","1.31","1.31","-","0.15","1.30","499","1.31","493","153.50",
="030116","牧德國泰53購02","238,000","30","821,400","3.44","3.72","3.23","3.72","+","0.54","3.72","499","3.74","100","594.00",
="030117","台塑化國泰53購01","0","0","0","--","--","--","--"," ","0.00","1.71","499","1.77","10","40.75",
="030118","世紀鋼國泰53購01","0","0","0","--","--","--","--"," ","0.00","1.25","499","1.29","499","188.00",
="030119","台塑國票53購03","0","0","0","--","--","--","--"," ","0.00","3.02","25","3.04","10","39.10",
="03011U","陽明元富4B售01","0","0","0","--","--","--","--"," ","0.00","3.32","25","3.34","25","0.00",
="030120","億泰國票53購02","18,000","6","43,500","2.42","2.43","2.40","2.40","-","0.13","2.28","25","2.29","10","38.70",
="030121","億泰國票54購01","0","0","0","--","--","--","--"," ","0.00","2.39","25","2.40","10","38.70",
="030122","大成鋼國票53購01","100,000","1","157,000","1.57","1.57","1.57","1.57","-","0.38","1.52","25","1.53","10","38.60",
="030123","川湖國票53購02","0","0","0","--","--","--","--"," ","0.00","3.17","25","3.21","10","2,925.00",
="030124","華通國票53購01","335,000","35","1,654,870","4.26","5.30","4.23","4.65","+","0.41","4.53","25","4.56","10","79.30",
="030125","致茂國票53購01","0","0","0","--","--","--","--"," ","0.00","5.60","25","5.70","10","556.00",
="030126","正崴國票53購01","0","0","0","--","--","--","--"," ","0.00","1.09","25","1.10","10","48.40",
="030127","南亞科國票53購01","5,000","1","16,400","3.28","3.28","3.28","3.28","-","0.19","3.19","25","3.21","10","46.65",
="030128","建準國票53購01","37,000","4","66,460","1.79","1.86","1.77","1.83","+","0.01","1.83","25","1.85","10","137.00",
="030129","欣興國票59購01","314,000","14","529,310","1.61","1.80","1.61","1.72","-","0.01","1.70","25","1.71","10","150.00",
="03012U","奇鋐元富4B售01","0","0","0","--","--","--","--"," ","0.00","0.03","25","0.10","10","0.00",
="03012X","元展12","0","0","0","--","--","--","--"," ","0.00","34.90","1","35.00","10","62.30",
="030130","景碩國票56購01","48,000","3","58,490","1.15","1.28","1.15","1.16","-","0.01","1.11","25","1.12","10","113.50",
="030131","緯創國票53購02","86,000","4","47,160","0.54","0.56","0.54","0.55","-","0.03","0.54","25","0.56","10","115.00",
="030132","南寶國票52購01","229,000","7","607,230","2.43","2.77","2.43","2.60","+","0.04","2.59","25","2.63","10","376.00",
="030133","南寶國票53購01","482,000","11","1,341,360","2.68","2.80","2.68","2.80","+","0.06","2.77","25","2.80","10","376.00",
="030134","遠傳國票53購01","0","0","0","--","--","--","--"," ","0.00","1.83","25","1.85","10","83.50",
="030135","飛捷國票59購01","0","0","0","--","--","--","--"," ","0.00","1.14","25","1.15","10","112.50",
="030136","台郡國票53購01","0","0","0","--","--","--","--"," ","0.00","2.41","25","2.44","10","68.00",
="030137","愛普國票52購02","48,000","5","104,370","2.15","2.32","2.14","2.32","+","0.17","2.26","25","2.27","10","305.50",
="030138","力智國票53購02","191,000","2","200,880","1.05","1.08","1.05","1.08","+","0.07","1.05","25","1.06","10","188.50",
="030139","AES國票52購01","58,000","10","88,580","1.37","1.61","1.37","1.54","+","0.10","1.53","25","1.54","10","1,350.00",
="03013U","奇鋐元富4B售02","0","0","0","--","--","--","--"," ","0.00","0.04","25","0.10","10","0.00",
="03013X","元展13","0","0","0","--","--","--","--"," ","0.00","24.30","100","24.50","10","16.35",
="030140","AES國票53購03","44,000","5","81,190","1.67","1.90","1.67","1.83","X","0.00","1.83","25","1.85","10","1,350.00",
="030141","富世達國票53購01","80,000","1","412,000","5.15","5.15","5.15","5.15","-","0.05","5.10","25","5.25","10","1,145.00",
="030142","T50反1群益52購03","0","0","0","--","--","--","--"," ","0.00","0.43","100","0.44","100","19.79",
="030143","合機群益52購01","4,000","1","5,480","1.37","1.37","1.37","1.37","-","0.03","1.34","25","1.35","10","48.45",
="030145","鴻海統一54購02","1,680,000","158","1,127,960","0.69","0.69","0.66","0.68","-","0.02","0.67","34","0.68","273","206.00",
="030147","川湖群益56購01","32,000","2","55,860","1.80","1.80","1.74","1.74","+","0.05","1.73","100","1.77","100","2,925.00",
="030148","國巨群益52購04","2,000","2","3,650","1.86","1.86","1.79","1.79","+","0.14","1.67","100","1.71","100","137.00",
="03014U","亞光元富4B售02","3,000","1","840","0.28","0.28","0.28","0.28","-","0.02","0.31","25","0.32","30","0.00",
="03014X","元展14","0","0","0","--","--","--","--"," ","0.00","48.00","100","--","0","28.30",
="030150","大同統一4A購02","0","0","0","--","--","--","--"," ","0.00","--","0","0.01","15","40.75",
="030151","聯發科統一54購01","459,000","25","165,140","0.36","0.37","0.35","0.36","-","0.01","0.35","258","0.36","10","1,385.00",
="030152","燿華群益52購01","743,000","32","1,496,760","2.00","2.13","1.95","1.98","+","0.06","2.00","100","2.03","100","31.45",
="030154","金像電群益53購01","51,000","8","198,370","3.74","4.05","3.68","4.05","-","0.02","4.05","100","4.09","100","486.00",
="030155","宏達電群益52購02","0","0","0","--","--","--","--"," ","0.00","12.40","41","--","0","66.50",
="030156","嘉晶統一49購01","0","0","0","--","--","--","--"," ","0.00","--","0","--","0","36.90",
="030157","宏達電群益53購01","0","0","0","--","--","--","--"," ","0.00","4.08","2","--","0","66.50",
="030158","景碩群益52購02","655,000","27","1,156,190","1.74","1.93","1.66","1.74","-","0.07","0.70","28","--","0","113.50",
="030159","緯創群益52購01","60,000","3","83,070","1.35","1.41","1.35","1.41","-","0.03","0.53","18","--","0","115.00",
="03015U","陽明國票4B售03","0","0","0","--","--","--","--"," ","0.00","2.27","25","2.28","10","0.00",
="03015X","元展15","0","0","0","--","--","--","--"," ","0.00","73.00","100","73.50","10","33.60",
="030160","世芯群益52購05","217,000","16","479,350","2.22","2.27","2.14","2.16","-","0.11","2.16","10","2.26","10","4,000.00",
="030162","材料群益52購12","0","0","0","--","--","--","--"," ","0.00","0.54","10","0.64","10","67.70",
="030163","臻鼎群益53購03","0","0","0","--","--","--","--"," ","0.00","2.35","38","--","0","194.00",
="030165","緯穎群益52購06","89,000","22","256,840","3.00","3.00","2.84","2.85","-","0.08","2.83","10","2.93","10","2,975.00",
="030167","AES群益53購02","399,000","20","769,840","1.75","2.04","1.75","1.91","+","0.17","0.63","15","2.15","15","1,350.00",
="030168","元債2X元富4A購03","208,000","3","14,560","0.07","0.07","0.07","0.07"," ","0.00","0.07","25","0.10","10","7.05",
="030169","台灣50凱基5B購01","3,000","2","3,440","1.16","1.16","1.12","1.12","-","0.09","1.09","100","1.10","50","52.50",
="03016U","立積國票4B售02","20,000","1","7,400","0.37","0.37","0.37","0.37","X","0.00","0.31","559","0.37","10","0.00",
="03016X","元展16","0","0","0","--","--","--","--"," ","0.00","--","0","--","0","15.55",
="030170","南亞凱基52購01","0","0","0","--","--","--","--"," ","0.00","4.07","100","--","0","43.00",
="030171","華城凱基52購02","43,000","6","47,060","1.13","1.13","1.05","1.05","-","0.08","1.02","100","1.03","10","618.00",
="030172","大成鋼凱基52購02","15,000","2","14,800","1.00","1.00","0.98","0.98","-","0.12","0.93","100","1.03","10","38.60",
="030173","光寶科凱基52購02","20,000","1","24,400","1.22","1.22","1.22","1.22","+","0.02","1.17","100","1.27","10","130.00",
="030174","鴻海凱基63購01","25,000","4","83,900","3.39","3.39","3.33","3.34","X","0.00","3.38","100","3.39","10","206.00",
="030175","金像電凱基52購03","11,000","4","83,250","7.30","7.75","7.30","7.75","+","0.15","8.00","10","8.05","10","486.00",
="030176","台光電凱基52購04","0","0","0","--","--","--","--"," ","0.00","1.83","100","1.93","10","1,250.00",
="030177","全新凱基52購01","179,000","10","290,400","1.65","1.70","1.59","1.59","-","0.18","1.59","10","--","0","153.50",
="030178","大立光凱基53購01","60,000","2","133,800","2.23","2.23","2.23","2.23","-","0.01","2.19","100","2.21","10","2,395.00",
="030179","奇鋐凱基52購02","24,000","5","111,530","4.86","4.86","4.40","4.40","-","0.85","4.52","100","4.62","10","1,015.00",
="03017U","電子類國票4B售01","45,000","7","9,010","0.19","0.21","0.19","0.21","+","0.02","0.20","499","0.21","497","0.00",
="03017X","元展17","0","0","0","--","--","--","--"," ","0.00","16.10","100","16.20","10","23.60",
="030180","德律凱基52購02","0","0","0","--","--","--","--"," ","0.00","3.92","100","4.02","10","206.00",
="030181","欣興凱基54購03","11,000","2","11,650","1.03","1.11","1.03","1.11","-","0.01","1.07","100","1.09","10","150.00",
="030182","富華新凱基52購01","0","0","0","--","--","--","--"," ","0.00","0.73","10","0.74","10","21.15",
="030183","景碩凱基53購01","160,000","21","198,850","1.18","1.34","1.15","1.20","-","0.08","1.14","102","1.17","10","113.50",
="030184","新日興凱基52購01","628,000","25","1,325,540","1.81","2.54","1.76","2.32","+","0.45","2.30","2","2.38","10","259.00",
="030185","南寶凱基52購01","975,000","50","2,106,960","2.06","2.35","1.91","2.15","+","0.07","2.11","10","2.15","10","376.00",
="030186","臻鼎凱基54購01","0","0","0","--","--","--","--"," ","0.00","4.98","101","5.25","10","194.00",
="030187","緯穎凱基52購01","0","0","0","--","--","--","--"," ","0.00","3.56","100","3.66","10","2,975.00",
="030188","AES凱基52購03","327,000","19","526,840","1.61","1.69","1.52","1.64","+","0.29","1.63","100","1.66","10","1,350.00",
="030189","元債2X元大53購06","100,000","1","100,000","1.00","1.00","1.00","1.00","+","0.02","1.00","250","1.01","100","7.05",
="03018U","電子類國票4B售02","0","0","0","--","--","--","--"," ","0.00","0.34","499","0.35","499","0.00",
="030190","元債2X元大56購02","0","0","0","--","--","--","--"," ","0.00","0.78","250","0.79","100","7.05",
="030191","台塑元大52購01","12,000","3","27,180","2.25","2.27","2.25","2.27","-","0.20","2.13","300","2.15","10","39.10",
="030192","台塑元大52購02","28,000","7","65,850","2.37","2.38","2.25","2.25","-","0.26","2.24","300","2.26","10","39.10",
="030193","南亞元大52購01","24,000","3","135,100","5.80","5.80","5.60","5.60","-","1.05","5.45","100","5.50","10","43.00",
="030194","南亞元大52購02","3,000","1","16,500","5.50","5.50","5.50","5.50","-","0.95","5.10","150","5.15","10","43.00",
="030195","南亞元大52購03","13,000","2","69,050","5.35","5.35","5.30","5.30","-","0.55","5.00","150","5.05","10","43.00",
="030196","南亞元大52購04","32,000","2","126,700","3.95","3.96","3.95","3.96","X","0.00","3.79","150","3.82","10","43.00",
="030197","南亞元大52購05","261,000","6","1,414,400","5.65","5.65","5.40","5.40","-","0.70","5.25","150","5.30","10","43.00",
="030198","台化元大52購01","20,000","1","47,400","2.37","2.37","2.37","2.37","X","0.00","2.34","300","2.37","10","29.90",
="030199","台化元大52購02","0","0","0","--","--","--","--"," ","0.00","2.31","300","2.34","10","29.90",
="03019U","金融類國票4B售01","15,000","2","8,850","0.59","0.59","0.59","0.59","-","0.02","0.61","499","0.62","500","0.00",
="03019X","元展19","0","0","0","--","--","--","--"," ","0.00","11.70","100","11.80","10","23.80",
="030200","台化元大52購03","0","0","0","--","--","--","--"," ","0.00","2.30","300","2.33","10","29.90",
="030201","川湖元大52購01","18,000","2","34,200","1.90","1.90","1.90","1.90","X","0.00","1.83","400","1.86","10","2,925.00",
="030202","鴻海元大52購09","768,000","22","1,188,860","1.55","1.56","1.49","1.56","-","0.06","1.55","1","1.56","10","206.00",
="030203","廣宇元大52購01","101,000","3","208,040","2.10","2.10","2.02","2.04","+","0.09","2.00","400","2.03","10","60.90",
="030204","台積電元大52購12","124,000","7","89,610","0.75","0.75","0.71","0.72","-","0.06","0.71","25","0.82","260","1,160.00",
="030205","台積電元大53購03","79,000","9","84,270","1.14","1.14","1.06","1.07","-","0.07","1.06","20","--","0","1,160.00",
="030206","建準元大52購01","546,000","15","845,330","1.50","1.61","1.47","1.47","-","0.08","1.53","12","1.59","10","137.00",
="030207","京元電元大53購01","30,000","1","45,600","1.52","1.52","1.52","1.52","+","0.06","1.52","502","1.62","10","142.00",
="030208","聯發科元大52購04","48,000","10","34,920","0.74","0.77","0.72","0.77","+","0.02","0.72","1","--","0","1,385.00",
="030209","鉅祥元大52購01","209,000","19","921,220","4.06","4.69","4.06","4.68","+","0.59","4.49","200","4.54","10","98.10",
="03020U","台積電中信4B售05","1,000","1","250","0.25","0.25","0.25","0.25","X","0.00","0.25","99","0.26","100","0.00",
="03020X","元展20","0","0","0","--","--","--","--"," ","0.00","7.30","56","7.70","10","19.40",
="030210","宏達電元大52購01","5,000","2","46,750","9.20","9.45","9.20","9.45","+","0.15","10.00","10","--","0","66.50",
="030211","欣興元大53購06","46,000","8","40,510","0.83","0.94","0.83","0.92","-","0.03","0.88","499","0.91","10","150.00",
="030212","欣興元大56購03","305,000","11","329,330","1.07","1.16","1.03","1.14"," ","0.00","1.09","499","1.11","10","150.00",
="030213","景碩元大52購01","40,000","2","35,200","0.90","0.90","0.86","0.86","-","0.02","0.79","499","0.83","10","113.50",
="030214","景碩元大52購02","350,000","1","287,000","0.82","0.82","0.82","0.82","X","0.00","0.81","499","0.84","10","113.50",
="030215","世芯元大52購10","102,000","4","197,910","2.01","2.01","1.90","1.90","+","0.03","1.81","400","1.84","10","4,000.00",
="030216","材料元大52購04","6,000","1","7,800","1.30","1.30","1.30","1.30","-","0.02","1.31","499","1.33","10","67.70",
="030217","臻鼎元大52購01","1,000","1","5,150","5.15","5.15","5.15","5.15","X","0.00","5.05","150","--","0","194.00",
="030218","臻鼎元大52購02","73,000","13","271,880","3.69","3.79","3.65","3.79","+","0.19","3.69","200","3.79","10","194.00",
="030219","祥碩元大52購01","495,000","15","270,870","0.55","0.55","0.52","0.53","-","0.02","0.52","25","0.53","10","1,665.00",
="03021U","臺股指永豐4B售08","0","0","0","--","--","--","--"," ","0.00","0.09","499","0.10","10","0.00",
="030220","瀚宇博元大52購01","72,000","9","234,110","3.61","3.61","2.98","2.98","+","0.50","2.96","252","2.99","10","81.70",
="030221","亞翔元大53購05","50,000","4","127,900","2.57","2.57","2.54","2.54","-","0.25","2.48","250","2.49","10","349.50",
="030222","台塑化元大52購01","86,000","3","195,640","2.28","2.28","2.12","2.14","-","0.36","2.10","300","2.12","10","40.75",
="030223","AES元大52購01","785,000","41","938,340","1.12","1.29","1.11","1.26","+","0.19","1.25","499","1.28","10","1,350.00",
="030224","AES元大53購01","20,000","2","22,750","1.13","1.28","1.13","1.28","+","0.14","1.24","499","1.28","10","1,350.00",
="030225","AES元大56購03","91,000","5","106,770","1.11","1.21","1.11","1.21","+","0.06","1.19","499","1.21","10","1,350.00",
="030226","富世達元大53購05","263,000","17","539,180","2.11","2.12","1.98","2.09"," ","0.00","2.01","10","2.60","5","1,145.00",
="030227","南電元大52購01","528,000","40","1,108,430","1.87","2.65","1.87","2.38","+","0.38","2.38","19","2.50","23","226.00",
="030228","南電元大53購01","98,000","9","208,320","2.00","2.42","2.00","2.42","+","0.54","2.42","100","--","0","226.00",
="030229","南電元大57購02","212,000","26","455,290","2.00","2.36","2.00","2.36","+","0.46","2.36","100","--","0","226.00",
="03022U","臺股指永豐4B售09","0","0","0","--","--","--","--"," ","0.00","0.07","499","0.08","10","0.00",
="03022X","富展01","0","0","0","--","--","--","--"," ","0.00","77.00","30","78.00","10","206.00",
="030230","滬深2X中信55購01","10,000","1","11,000","1.10","1.10","1.10","1.10","X","0.00","1.06","100","1.07","100","0.00",
="030231","大成鋼兆豐54購01","45,000","13","36,630","0.84","0.86","0.79","0.79","-","0.07","0.78","14","1.12","4","38.60",
="030232","矽統兆豐54購01","38,000","2","34,860","0.90","0.93","0.90","0.93","+","0.02","0.89","10","0.90","10","55.10",
="030233","jpp兆豐55購01","5,000","4","10,040","2.02","2.02","2.00","2.00","+","0.11","2.05","10","2.06","10","276.00",
="030234","台塑富邦54購01","15,000","2","8,400","0.57","0.57","0.54","0.54","-","0.12","0.54","10","0.55","10","0.00",
="030235","南亞富邦55購01","543,000","39","757,330","1.45","1.45","1.30","1.30","-","0.22","1.30","16","1.31","10","0.00",
="030236","台積電富邦53購06","26,000","17","22,530","0.94","0.94","0.83","0.84","-","0.08","0.83","30","0.84","10","0.00",
="030237","宏達電富邦54購01","55,000","20","223,320","4.24","4.24","3.79","4.01","-","0.19","3.86","30","3.96","10","0.00",
="030238","創意富邦53購03","362,000","18","373,440","0.99","1.06","0.98","1.01","+","0.07","1.00","30","1.01","10","0.00",
="030239","南亞統一58購01","422,000","19","464,990","1.12","1.12","1.05","1.05","-","0.16","1.05","10","1.06","10","43.00",
="03023U","富邦金群益51售01","3,000","1","390","0.13","0.13","0.13","0.13"," ","0.00","0.02","30","--","0","0.00",
="030240","南亞統一5A購01","249,000","6","159,910","0.66","0.66","0.63","0.63","-","0.05","0.62","11","0.63","10","43.00",
="030241","南亞統一62購01","292,000","7","202,750","0.71","0.72","0.67","0.68","-","0.09","0.67","10","0.68","10","43.00",
="030242","台化統一5A購01","1,000","1","740","0.74","0.74","0.74","0.74","X","0.00","0.73","50","0.74","10","29.90",
="030243","台化統一62購01","25,000","1","20,500","0.82","0.82","0.82","0.82","X","0.00","0.79","10","0.80","10","29.90",
="030244","台玻統一58購01","30,000","3","53,500","1.68","1.86","1.68","1.86","+","0.06","1.83","10","1.85","10","34.55",
="030245","台玻統一5A購01","21,000","3","28,770","1.37","1.37","1.37","1.37","-","0.02","1.29","5","1.45","11","34.55",
="030246","宇隆統一5A購01","79,000","6","114,340","1.46","1.49","1.40","1.40","-","0.03","1.39","10","1.41","10","262.00",
="030247","長榮太統一56購02","51,000","6","97,310","1.96","1.99","1.77","1.80","-","0.08","1.77","10","1.79","10","180.00",
="030248","TPK統一58購01","331,000","17","419,810","1.23","1.32","1.23","1.28","+","0.05","1.27","10","1.28","10","41.20",
="030249","達興統一54購02","67,000","11","126,770","1.80","1.95","1.80","1.91","+","0.12","1.87","10","1.89","10","387.00",
="03024U","奇鋐群益51售01","11,000","2","1,850","0.15","0.17","0.15","0.17","+","0.03","0.16","100","0.17","100","0.00",
="030250","同欣電統一5B購01","815,000","21","711,360","0.86","0.89","0.83","0.85","-","0.02","0.85","10","0.86","10","112.50",
="030251","AES統一5C購01","786,000","20","642,070","0.76","0.84","0.76","0.83","+","0.07","0.82","10","0.83","10","1,350.00",
="030252","台塑元富52購01","0","0","0","--","--","--","--"," ","0.00","2.68","25","2.70","25","39.10",
="030253","南亞元富52購01","63,000","9","311,750","5.05","5.15","4.66","4.66","-","0.99","4.62","25","4.64","25","43.00",
="030254","南亞元富52購02","337,000","58","905,760","2.86","2.97","2.50","2.54","-","0.71","2.55","25","2.58","25","43.00",
="030255","國喬元富52購01","0","0","0","--","--","--","--"," ","0.00","0.50","25","0.51","25","9.92",
="030256","國喬元富58購01","0","0","0","--","--","--","--"," ","0.00","0.72","25","0.73","25","9.92",
="030257","華城元富52購04","33,000","1","36,630","1.11","1.11","1.11","1.11","+","0.05","1.02","25","1.03","25","618.00",
="030258","華新元富52購01","83,000","7","248,180","2.92","3.08","2.92","3.06","+","0.10","2.97","25","2.99","25","23.35",
="030259","華新元富52購02","33,000","1","33,330","1.01","1.01","1.01","1.01","-","0.06","1.03","25","1.04","25","23.35",
="03025U","臺股指群益4B售38","4,000","1","520","0.13","0.13","0.13","0.13","X","0.00","0.14","499","--","0","0.00",
="030260","億泰元富52購01","79,000","4","120,090","1.59","1.59","1.51","1.55","+","0.01","1.45","25","1.55","10","38.70",
="030261","大成鋼元富55購01","0","0","0","--","--","--","--"," ","0.00","1.32","25","1.42","10","38.60",
="030262","上銀元富52購03","306,000","19","554,350","1.74","1.94","1.74","1.78","+","0.09","1.70","25","1.72","25","215.50",
="030263","國巨元富52購01","27,000","1","53,190","1.97","1.97","1.97","1.97","X","0.00","1.82","25","1.87","25","137.00",
="030264","國巨元富58購01","57,000","6","130,020","2.28","2.31","2.21","2.21"," ","0.00","2.21","25","2.24","25","137.00",
="030265","台積電元富53購06","0","0","0","--","--","--","--"," ","0.00","1.54","25","1.64","10","1,160.00",
="030266","台積電元富53購07","0","0","0","--","--","--","--"," ","0.00","2.64","25","2.74","10","1,160.00",
="030267","台積電元富53購08","0","0","0","--","--","--","--"," ","0.00","14.50","25","15.50","10","1,160.00",
="030268","台積電元富53購09","0","0","0","--","--","--","--"," ","0.00","7.00","25","7.50","10","1,160.00",
="030269","台積電元富53購10","0","0","0","--","--","--","--"," ","0.00","6.30","25","6.80","10","1,160.00",
="03026U","臺股指群益4B售39","0","0","0","--","--","--","--"," ","0.00","0.17","499","0.28","20","0.00",
="03026X","元展23","8,000","4","44,000","5.45","5.55","5.45","5.50","-","0.15","5.40","25","5.45","10","20.84",
="030270","台積電元富53購11","2,000","1","5,440","2.72","2.72","2.72","2.72","X","0.00","2.47","25","2.57","10","1,160.00",
="030271","台積電元富53購12","4,000","2","37,600","9.40","9.40","9.40","9.40","X","0.00","8.90","25","9.40","6","1,160.00",
="030272","全新元富53購01","0","0","0","--","--","--","--"," ","0.00","2.24","25","2.34","10","153.50",
="030273","欣興元富52購05","550,000","27","1,015,100","1.80","1.98","1.76","1.87","-","0.05","1.85","25","1.87","25","150.00",
="030274","弘憶股元富52購01","54,000","6","77,380","1.33","1.49","1.33","1.42","+","0.24","1.34","25","1.35","25","45.30",
="030275","世芯元富52購10","369,000","11","696,150","1.99","1.99","1.85","1.91","-","0.03","1.82","25","1.83","25","4,000.00",
="030276","同欣電元富58購01","78,000","3","178,440","2.23","2.34","2.23","2.34","-","0.04","2.13","25","2.23","10","112.50",
="030277","緯穎元富52購03","47,000","10","155,820","3.40","3.40","3.26","3.26","-","0.08","3.24","25","3.25","25","2,975.00",
="030278","南亞國票53購02","0","0","0","--","--","--","--"," ","0.00","2.70","25","2.75","10","43.00",
="030279","南亞國票53購03","96,000","12","277,270","3.07","3.12","2.74","2.74","-","0.67","2.75","25","2.76","10","43.00",
="03027U","臺股指群益4B售40","0","0","0","--","--","--","--"," ","0.00","0.24","499","0.25","499","0.00",
="03027X","元展24","2,000","2","20,700","10.30","10.40","10.30","10.40","-","0.20","10.20","10","10.30","10","35.72",
="030280","南亞國票53購04","34,000","6","114,930","3.55","3.55","3.26","3.26","-","0.65","3.25","25","3.26","10","43.00",
="030281","國喬國票54購01","0","0","0","--","--","--","--"," ","0.00","0.53","25","0.54","10","9.92",
="030282","宏達電國票53購02","0","0","0","--","--","--","--"," ","0.00","10.40","25","11.40","10","66.50",
="030283","長榮國票53購01","62,000","8","45,990","0.78","0.78","0.72","0.72","-","0.02","0.72","25","0.73","10","188.00",
="030284","萬海國票53購01","27,000","2","46,820","1.70","1.74","1.70","1.74","+","0.10","1.64","25","1.65","10","84.10",
="030285","漢翔國票53購01","48,000","6","318,700","6.65","7.50","6.50","6.55","+","2.05","6.85","28","--","0","60.00",
="030286","智原國票55購02","25,000","5","26,280","1.05","1.06","1.05","1.05","-","0.02","1.06","25","1.07","10","158.00",
="030287","達邁國票53購01","15,000","3","47,350","3.20","3.20","3.13","3.13","-","0.22","3.06","25","3.08","10","73.80",
="030288","材料國票53購01","0","0","0","--","--","--","--"," ","0.00","0.73","25","0.74","10","67.70",
="030289","乙盛國票53購01","45,000","8","257,750","5.00","5.85","5.00","5.40","+","1.11","5.25","25","5.30","10","81.40",
="03028U","臺股指群益4B售41","2,000","2","600","0.29","0.31","0.29","0.31","+","0.03","0.30","499","0.31","498","0.00",
="030290","億豐國票53購01","10,000","1","18,900","1.89","1.89","1.89","1.89","X","0.00","1.87","25","1.90","10","450.00",
="030291","台塑國泰53購01","0","0","0","--","--","--","--"," ","0.00","1.11","499","1.12","499","39.10",
="030292","台化國泰53購01","15,000","3","22,850","1.53","1.54","1.50","1.50","-","0.16","1.50","499","1.51","100","29.90",
="030293","全新國泰53購02","21,000","1","35,070","1.67","1.67","1.67","1.67","-","0.06","1.59","499","1.61","450","153.50",
="030295","萬海國泰53購01","60,000","5","81,030","1.33","1.38","1.25","1.25","+","0.02","1.23","499","1.24","100","84.10",
="030296","台灣50永豐52購07","0","0","0","--","--","--","--"," ","0.00","1.03","10","1.05","10","52.50",
="030297","台塑永豐52購01","226,000","5","134,290","0.60","0.60","0.58","0.59","-","0.09","0.56","10","0.57","10","39.10",
="030298","台塑永豐53購04","0","0","0","--","--","--","--"," ","0.00","0.68","10","0.69","10","39.10",
="030299","台塑永豐54購01","0","0","0","--","--","--","--"," ","0.00","0.98","10","0.99","10","39.10",
="03029U","臺股指群益58售02","21,000","2","24,570","1.17","1.17","1.17","1.17","X","0.00","1.18","499","1.19","499","0.00",
="03029X","元展26","0","0","0","--","--","--","--"," ","0.00","48.50","100","48.80","10","67.00",
="030300","南亞永豐53購03","130,000","3","144,000","1.11","1.11","1.10","1.10","-","0.20","1.02","10","--","0","43.00",
="030301","國喬永豐54購01","0","0","0","--","--","--","--"," ","0.00","0.55","499","0.56","10","9.92",
="030302","台化永豐53購01","26,000","1","21,580","0.83","0.83","0.83","0.83","-","0.12","0.82","499","0.83","10","29.90",
="030303","華新永豐54購01","33,000","4","30,310","0.88","0.92","0.88","0.91","+","0.01","0.88","499","0.89","10","23.35",
="030304","中鋼永豐52購01","172,000","4","204,680","1.19","1.19","1.19","1.19","-","0.10","1.17","10","1.19","10","20.15",
="030305","矽統永豐52購01","71,000","14","57,800","0.81","0.84","0.80","0.82","-","0.01","0.81","20","0.82","10","55.10",
="030306","南亞科永豐52購03","83,000","6","77,450","0.92","0.94","0.89","0.90","-","0.09","0.89","10","0.90","9","46.65",
="030307","南亞科永豐52購04","52,000","9","47,510","0.97","0.97","0.88","0.88","-","0.08","0.83","499","0.86","10","46.65",
="030308","漢翔永豐52購01","16,000","7","58,610","3.63","3.83","3.61","3.62","+","1.02","3.80","499","--","0","60.00",
="030309","長榮太永豐54購01","309,000","7","888,470","3.24","3.28","2.84","2.91","-","0.25","2.84","10","2.94","10","180.00",
="03030U","電子類群益4B售02","0","0","0","--","--","--","--"," ","0.00","0.24","499","0.25","499","0.00",
="030310","大立光永豐52購02","0","0","0","--","--","--","--"," ","0.00","0.85","20","0.86","10","2,395.00",
="030311","牧德永豐54購01","181,000","9","221,360","1.21","1.35","1.18","1.35","+","0.20","1.35","10","1.36","10","594.00",
="030312","世芯永豐52購06","124,000","2","147,480","1.19","1.19","1.18","1.18","-","0.08","1.16","10","1.19","10","4,000.00",
="030313","南寶永豐53購02","425,000","14","424,440","1.00","1.05","0.97","0.97","+","0.04","0.97","10","0.98","10","376.00",
="030314","上品永豐52購01","0","0","0","--","--","--","--"," ","0.00","1.22","10","1.32","10","284.00",
="030315","台塑化永豐53購02","0","0","0","--","--","--","--"," ","0.00","0.69","499","0.70","10","40.75",
="030316","台塑化永豐54購01","0","0","0","--","--","--","--"," ","0.00","0.66","499","0.67","10","40.75",
="030317","穎崴永豐52購04","219,000","11","280,650","1.30","1.44","1.16","1.44","+","0.09","0.48","20","--","0","1,250.00",
="030318","泰金寶永豐53購01","0","0","0","--","--","--","--"," ","0.00","0.40","10","0.41","10","6.01",
="030319","台泥凱基54購01","0","0","0","--","--","--","--"," ","0.00","0.47","100","0.48","10","22.80",
="03031U","鴻海統一53售14","8,000","1","1,040","0.13","0.13","0.13","0.13"," ","0.00","0.12","126","0.13","100","0.00",
="030320","台塑凱基54購01","0","0","0","--","--","--","--"," ","0.00","3.09","100","3.11","10","39.10",
="030321","台塑凱基55購01","3,000","1","6,330","2.11","2.11","2.11","2.11","+","0.16","2.02","100","2.03","10","39.10",
="030322","南亞凱基52購02","0","0","0","--","--","--","--"," ","0.00","4.72","100","4.74","10","43.00",
="030323","台化凱基52購01","0","0","0","--","--","--","--"," ","0.00","2.76","100","2.78","10","29.90",
="030324","華新凱基52購01","16,000","2","28,080","1.73","1.83","1.73","1.83","+","0.14","1.74","10","1.76","10","23.35",
="030325","華新凱基54購01","383,000","11","455,490","1.18","1.25","1.16","1.16","-","0.01","1.17","10","1.18","10","23.35",
="030326","大成鋼凱基55購01","8,000","3","17,970","2.23","2.26","2.18","2.18","-","0.19","2.13","100","2.23","10","38.60",
="030327","華通凱基52購01","1,042,000","96","4,186,550","3.40","4.60","3.38","3.70","+","0.23","3.70","7","3.72","12","79.30",
="030328","國巨凱基54購01","21,000","1","44,310","2.11","2.11","2.11","2.11","X","0.00","2.03","100","2.07","10","137.00",
="030329","廣宇凱基52購01","139,000","19","548,070","3.86","4.15","3.62","3.97","+","0.09","3.86","100","3.96","10","60.90",
="03032U","台積電統一53售09","1,000","1","180","0.18","0.18","0.18","0.18"," ","0.00","0.18","10","0.19","10","0.00",
="030330","華邦電凱基52購01","1,000","1","3,060","3.06","3.06","3.06","3.06","-","0.21","3.03","10","3.10","10","19.60",
="030331","智邦凱基52購02","0","0","0","--","--","--","--"," ","0.00","3.95","100","3.97","10","984.00",
="030332","南亞科凱基52購02","57,000","3","127,830","2.29","2.29","2.21","2.21","-","0.12","2.12","100","2.13","10","46.65",
="030333","聯發科凱基52購07","0","0","0","--","--","--","--"," ","0.00","0.83","100","0.84","10","1,385.00",
="030334","宏達電凱基52購02","0","0","0","--","--","--","--"," ","0.00","11.30","10","--","0","66.50",
="030335","奇鋐凱基52購03","0","0","0","--","--","--","--"," ","0.00","5.80","50","6.30","10","1,015.00",
="030336","景碩凱基52購01","156,000","11","292,900","1.75","2.09","1.75","1.92"," ","0.00","1.79","100","1.82","10","113.50",
="030337","緯創凱基54購03","167,000","11","150,260","0.90","0.91","0.89","0.89","-","0.03","0.92","100","0.94","10","115.00",
="030338","玉晶光凱基52購02","101,000","5","242,760","2.36","2.49","2.32","2.49","+","0.08","2.43","10","2.45","10","461.50",
="030339","世芯凱基54購07","16,000","8","83,050","5.30","5.30","5.10","5.15","-","0.10","4.99","100","5.05","10","4,000.00",
="03033U","南亞科統一53售02","0","0","0","--","--","--","--"," ","0.00","0.42","10","0.43","10","0.00",
="030340","亞翔凱基54購02","135,000","16","494,970","3.80","3.80","3.40","3.44","-","0.34","3.38","100","3.40","10","349.50",
="030341","台塑化凱基52購01","100,000","1","145,000","1.45","1.45","1.45","1.45","X","0.00","1.33","10","1.34","10","40.75",
="030342","緯穎凱基52購02","0","0","0","--","--","--","--"," ","0.00","3.67","100","3.77","10","2,975.00",
="030343","AES凱基57購03","134,000","10","377,640","2.65","2.91","2.65","2.86","+","0.33","2.85","100","2.88","10","1,350.00",
="030344","南電凱基58購01","14,000","2","56,980","4.01","4.08","4.01","4.08","X","0.00","4.23","499","--","0","226.00",
="030345","振樺電凱基52購01","342,000","16","800,860","2.37","2.44","2.19","2.19","-","0.07","2.15","47","2.17","10","270.00",
="030346","世紀鋼凱基52購01","36,000","5","82,740","2.32","2.32","2.29","2.29","-","0.09","2.15","100","2.18","10","188.00",
="030347","T50正2元大52購02","13,000","2","28,590","2.21","2.21","2.19","2.19","-","0.09","2.10","100","2.11","10","259.40",
="030348","滬深2X元大57購03","149,000","13","395,550","2.52","2.73","2.52","2.63","-","0.36","2.51","250","2.52","100","18.32",
="030349","滬深2X元大58購01","175,000","5","272,050","1.56","1.63","1.54","1.54","-","0.26","1.53","250","1.90","40","18.32",
="03034U","長榮統一4B售08","0","0","0","--","--","--","--"," ","0.00","0.53","10","0.54","10","0.00",
="030350","滬深2X元大5A購01","3,000","1","6,960","2.32","2.32","2.32","2.32","X","0.00","2.25","250","2.26","100","18.32",
="030351","元金2X元大52購01","171,000","4","182,970","1.07","1.07","1.07","1.07","X","0.00","1.07","250","1.08","100","58.65",
="030352","台塑元大52購04","0","0","0","--","--","--","--"," ","0.00","1.20","499","1.22","10","39.10",
="030353","台塑元大52購05","3,000","2","4,060","1.35","1.36","1.35","1.36","-","0.21","1.26","499","1.28","10","39.10",
="030354","台塑元大52購06","2,000","1","2,320","1.16","1.16","1.16","1.16","-","0.25","1.07","499","1.09","10","39.10",
="030355","南亞元大52購06","162,000","14","640,650","4.02","4.07","3.86","3.86","-","0.60","3.73","150","3.77","10","43.00",
="030356","南亞元大52購07","110,000","9","353,600","3.20","3.27","3.09","3.10","-","0.57","2.97","200","2.99","10","43.00",
="030357","南亞元大52購08","0","0","0","--","--","--","--"," ","0.00","2.82","250","2.84","10","43.00",
="030358","光寶科元大52購01","243,000","18","192,120","0.78","0.82","0.78","0.78","-","0.07","0.76","25","0.78","10","130.00",
="030359","光寶科元大52購02","794,000","9","631,570","0.79","0.82","0.78","0.80","-","0.04","0.78","25","0.80","10","130.00",
="03035U","長榮統一53售04","58,000","4","48,960","0.82","0.86","0.82","0.85","-","0.02","0.87","10","0.88","10","0.00",
="03035X","元展32","2,000","1","24,800","12.40","12.40","12.40","12.40","X","0.00","12.10","100","12.30","10","27.15",
="030360","華通元大52購01","344,000","38","1,012,460","2.77","3.57","2.61","3.00","+","0.15","2.94","260","3.01","10","79.30",
="030361","華通元大52購02","67,000","6","234,930","3.26","3.83","3.26","3.58","+","0.21","3.46","250","3.54","10","79.30",
="030362","台積電元大54購19","2,000","2","2,220","1.11","1.11","1.11","1.11","-","0.04","0.11","140","--","0","1,160.00",
="030363","矽統元大52購01","99,000","1","132,660","1.34","1.34","1.34","1.34","X","0.00","1.31","499","1.32","10","55.10",
="030364","矽統元大52購02","161,000","6","247,660","1.52","1.56","1.47","1.56","-","0.01","1.53","499","1.54","10","55.10",
="030365","燿華元大52購01","51,000","9","167,980","3.26","3.44","3.19","3.24","+","0.04","3.27","250","3.32","10","31.45",
="030366","漢唐元大52購02","384,000","20","1,312,280","3.54","3.54","3.28","3.43","-","0.33","3.54","25","3.62","10","1,190.00",
="030367","京元電元大54購01","0","0","0","--","--","--","--"," ","0.00","1.45","499","1.55","10","142.00",
="030368","聯發科元大52購05","7,000","2","5,170","0.73","0.76","0.73","0.76","-","0.02","0.06","166","--","0","1,385.00",
="030369","全新元大52購01","320,000","17","226,010","0.76","0.77","0.13","0.72","-","0.11","0.70","499","0.72","10","153.50",
="03036U","萬海統一4B售03","0","0","0","--","--","--","--"," ","0.00","0.54","10","0.55","10","0.00",
="030370","全新元大52購02","0","0","0","--","--","--","--"," ","0.00","1.04","499","1.06","10","153.50",
="030371","宏達電元大52購02","0","0","0","--","--","--","--"," ","0.00","11.50","10","--","0","66.50",
="030372","宏達電元大52購03","23,000","6","304,300","13.40","13.40","12.00","13.10","+","2.20","12.70","50","13.00","10","66.50",
="030373","宏達電元大52購04","1,000","1","9,950","9.95","9.95","9.95","9.95","+","2.85","9.70","1","--","0","66.50",
="030374","台新金元大52購01","265,000","2","233,200","0.88","0.88","0.88","0.88"," ","0.00","0.88","499","0.91","10","16.35",
="030375","大立光元大52購03","691,000","20","706,350","1.05","1.05","1.01","1.02","-","0.03","1.01","28","1.02","7","2,395.00",
="030376","大立光元大54購02","662,000","14","607,390","0.95","0.95","0.91","0.93","-","0.02","0.91","25","0.92","10","2,395.00",
="030377","景碩元大52購03","455,000","3","377,800","0.83","0.86","0.83","0.86","-","0.02","0.82","499","0.85","10","113.50",
="030378","世芯元大52購11","51,000","5","138,090","2.79","2.79","2.66","2.73","+","0.13","2.52","250","2.56","10","4,000.00",
="030379","材料元大52購05","75,000","3","75,560","1.00","1.01","0.97","0.97","+","0.04","0.95","499","0.96","10","67.70",
="03037U","萬海統一53售02","6,000","1","5,880","0.98","0.98","0.98","0.98","X","0.00","1.00","10","1.01","10","0.00",
="030380","材料元大52購06","0","0","0","--","--","--","--"," ","0.00","0.19","499","0.20","10","67.70",
="030381","祥碩元大54購01","27,000","2","14,060","0.53","0.53","0.52","0.52","-","0.04","0.52","25","0.53","10","1,665.00",
="030382","台郡元大52購01","100,000","7","190,850","1.90","1.96","1.76","1.78","-","0.07","1.77","400","1.79","10","68.00",
="030383","力積電元大52購01","0","0","0","--","--","--","--"," ","0.00","1.06","499","1.08","10","16.05",
="030384","AES元大54購01","464,000","15","511,010","0.99","1.13","0.99","1.12","+","0.15","1.11","499","1.14","10","1,350.00",
="030385","富世達元大54購04","37,000","10","86,530","2.38","2.38","2.25","2.38","-","0.04","1.28","39","--","0","1,145.00",
="030386","南電元大52購03","401,000","39","863,690","1.93","2.37","1.93","2.34","+","0.44","2.40","16","--","0","226.00",
="030387","南電元大54購01","84,000","8","177,340","2.00","2.19","2.00","2.15","+","0.27","2.40","400","--","0","226.00",
="030388","南電元大58購01","91,000","11","189,550","1.95","2.28","1.95","2.28","+","0.41","2.34","100","--","0","226.00",
="030389","泰金寶元大52購02","11,000","2","9,780","0.88","0.90","0.88","0.90","+","0.02","0.87","499","0.88","10","6.01",
="03038U","奇鋐統一53售02","25,000","2","4,000","0.16","0.16","0.16","0.16","X","0.00","0.15","10","0.16","10","0.00",
="03038X","元展35","0","0","0","--","--","--","--"," ","0.00","17.00","100","18.00","10","70.60",
="030390","臺股指元大52購10","126,000","17","299,430","2.42","2.43","2.27","2.27","-","0.27","2.29","100","2.30","10","0.00",
="030391","台塑群益52購01","20,000","1","12,400","0.62","0.62","0.62","0.62","-","0.06","0.57","10","0.67","10","39.10",
="030392","台塑群益52購02","0","0","0","--","--","--","--"," ","0.00","0.81","10","0.91","10","39.10",
="030393","國喬群益53購01","40,000","2","17,200","0.43","0.43","0.43","0.43","-","0.05","0.41","25","0.42","10","9.92",
="030394","台化群益53購01","0","0","0","--","--","--","--"," ","0.00","1.58","10","1.68","10","29.90",
="030395","聚陽群益52購01","0","0","0","--","--","--","--"," ","0.00","2.39","10","2.49","10","265.00",
="030396","華城群益54購06","92,000","9","220,210","2.42","2.43","2.33","2.33","-","0.05","2.26","100","2.27","100","618.00",
="030397","大成鋼群益53購01","328,000","6","307,310","0.95","1.03","0.93","0.93","-","0.10","0.24","83","--","0","38.60",
="030398","光寶科群益52購01","187,000","10","183,390","0.95","1.01","0.95","0.97","-","0.04","0.32","156","--","0","130.00",
="03039U","緯穎統一53售02","4,000","1","960","0.24","0.24","0.24","0.24","-","0.01","0.24","10","0.25","10","0.00",
="03039X","元展36","0","0","0","--","--","--","--"," ","0.00","43.70","100","44.70","10","634.00",
="030400","全新群益52購01","53,000","12","216,040","4.02","4.20","3.92","3.92","-","0.34","2.12","23","--","0","153.50",
="030401","漢翔群益52購02","0","0","0","--","--","--","--"," ","0.00","0.95","10","--","0","60.00",
="030402","大立光群益52購05","32,000","1","78,400","2.45","2.45","2.45","2.45","-","0.06","2.38","10","2.48","10","2,395.00",
="030403","欣興群益55購02","141,000","3","158,530","1.05","1.16","1.05","1.16","+","0.10","1.11","100","1.12","100","150.00",
="030404","材料群益52購13","0","0","0","--","--","--","--"," ","0.00","0.37","10","0.47","10","67.70",
="030405","南寶群益52購01","259,000","12","520,690","1.83","2.16","1.83","2.00","+","0.07","1.96","10","2.06","10","376.00",
="030406","台塑化群益53購01","0","0","0","--","--","--","--"," ","0.00","0.65","10","0.75","10","40.75",
="030407","台塑中信52購02","16,000","1","11,680","0.73","0.73","0.73","0.73","-","0.14","0.67","499","0.68","10","0.00",
="030408","中鴻中信52購01","227,000","13","138,800","0.60","0.65","0.60","0.62","-","0.04","0.61","499","0.63","10","0.00",
="030409","智邦中信53購01","127,000","8","210,230","1.63","1.67","1.61","1.67","+","0.01","1.62","10","1.63","10","0.00",
="03040U","中砂元大4B售06","0","0","0","--","--","--","--"," ","0.00","0.69","25","0.70","10","0.00",
="030410","台塑化中信52購01","50,000","1","20,500","0.41","0.41","0.41","0.41","-","0.13","0.41","10","0.42","10","0.00",
="030411","臺股指中信54購07","42,000","14","40,860","1.00","1.00","0.96","0.97","-","0.06","0.96","504","0.97","90","0.00",
="030412","台灣50永豐58購01","22,000","1","17,600","0.80","0.80","0.80","0.80","X","0.00","0.76","10","0.77","10","52.50",
="030413","元金2X永豐58購01","5,000","1","7,000","1.40","1.40","1.40","1.40","X","0.00","1.40","10","1.41","10","58.65",
="030414","華城永豐53購03","133,000","5","91,420","0.70","0.70","0.66","0.66","-","0.04","0.67","10","0.68","10","618.00",
="030415","光寶科永豐52購01","98,000","7","111,700","1.12","1.15","1.10","1.15","-","0.04","1.11","10","1.12","10","130.00",
="030416","台達電永豐52購03","52,000","3","110,760","2.13","2.13","2.13","2.13","-","0.10","2.13","10","2.16","10","709.00",
="030417","台達電永豐54購01","289,000","15","1,104,840","3.89","3.97","3.65","3.84","-","0.42","3.80","2","3.87","10","709.00",
="030418","台積電永豐55購04","0","0","0","--","--","--","--"," ","0.00","0.82","10","0.92","10","1,160.00",
="030419","宏碁永豐53購01","12,000","2","13,100","1.09","1.11","1.09","1.11","-","0.08","1.06","499","1.07","10","29.95",
="03041U","台光電元大4B售12","87,000","8","7,230","0.08","0.09","0.08","0.08"," ","0.00","0.08","509","0.09","204","0.00",
="030420","金像電永豐52購08","96,000","10","176,000","1.80","1.92","1.79","1.92","+","0.11","1.94","10","1.95","10","486.00",
="030421","台光電永豐52購09","525,000","18","497,600","0.96","0.97","0.89","0.97","-","0.07","0.94","10","0.97","10","1,250.00",
="030422","台光電永豐53購04","172,000","13","153,340","0.94","0.94","0.88","0.93","-","0.06","0.92","10","0.93","10","1,250.00",
="030423","台光電永豐54購02","129,000","17","107,900","0.86","0.86","0.80","0.81","-","0.10","0.84","10","0.86","10","1,250.00",
="030424","奇鋐永豐52購01","1,777,000","33","2,160,810","1.28","1.28","1.15","1.22","-","0.15","1.19","60","1.24","10","1,015.00",
="030425","奇鋐永豐55購01","77,000","8","93,980","1.24","1.27","1.21","1.27","-","0.13","1.26","13","1.27","8","1,015.00",
="030426","德律永豐54購01","0","0","0","--","--","--","--"," ","0.00","2.68","499","2.78","10","206.00",
="030427","智原永豐54購01","58,000","1","70,180","1.21","1.21","1.21","1.21","+","0.03","1.21","499","1.23","10","158.00",
="030428","緯創永豐52購02","30,000","4","15,300","0.50","0.52","0.50","0.52","-","0.02","0.50","10","0.51","10","115.00",
="030429","世芯永豐52購08","44,000","3","51,250","1.21","1.21","1.15","1.15"," ","0.00","1.05","10","1.06","10","4,000.00",
="03042U","南亞科元大4B售04","0","0","0","--","--","--","--"," ","0.00","0.72","499","0.73","200","0.00",
="030430","神達永豐53購05","309,000","42","1,078,250","3.38","4.60","3.23","3.41","+","0.56","3.46","10","3.51","10","95.90",
="030431","臻鼎永豐52購02","2,000","2","19,800","10.10","10.10","9.70","9.70","-","2.30","9.65","10","--","0","194.00",
="030432","祥碩永豐53購01","56,000","2","34,720","0.62","0.62","0.62","0.62","-","0.07","0.67","499","0.68","10","1,665.00",
="030433","聯茂永豐54購01","0","0","0","--","--","--","--"," ","0.00","1.20","8","1.60","25","125.00",
="030434","愛普永豐52購03","2,000","2","1,200","0.59","0.61","0.59","0.61","+","0.05","0.61","10","0.62","10","305.50",
="030435","愛普永豐53購03","67,000","4","54,310","0.75","0.83","0.75","0.83","+","0.06","0.80","499","0.81","10","305.50",
="030439","台積電統一54購01","2,077,000","121","1,402,760","0.71","0.71","0.66","0.66","-","0.05","0.66","416","0.68","21","1,160.00",
="03043U","長榮元大4B售08","0","0","0","--","--","--","--"," ","0.00","2.27","350","2.37","10","0.00",
="030440","緯穎永豐52購04","0","0","0","--","--","--","--"," ","0.00","0.81","10","0.91","10","2,975.00",
="030443","鴻海台新52購01","1,000","1","2,600","2.60","2.60","2.60","2.60","X","0.00","2.64","10","2.72","10","0.00",
="030445","台塑兆豐53購01","0","0","0","--","--","--","--"," ","0.00","0.71","10","0.72","10","39.10",
="030446","川湖兆豐53購02","30,000","3","46,360","1.50","1.57","1.50","1.57","+","0.06","1.50","10","1.51","10","2,925.00",
="030447","華通兆豐53購01","250,000","20","544,190","1.95","2.33","1.95","2.09","+","0.13","2.04","10","2.05","10","79.30",
="030448","聯發科兆豐53購03","47,000","7","33,900","0.73","0.74","0.72","0.72","-","0.03","0.71","11","0.72","9","1,385.00",
="030449","大立光兆豐53購02","0","0","0","--","--","--","--"," ","0.00","1.19","10","1.20","10","2,395.00",
="03044U","萬海元大4B售05","0","0","0","--","--","--","--"," ","0.00","2.42","300","2.52","10","0.00",
="030455","世芯兆豐54購02","0","0","0","--","--","--","--"," ","0.00","--","0","--","0","4,000.00",
="030456","愛普兆豐53購01","46,000","3","44,000","0.95","0.96","0.95","0.96","+","0.05","0.96","10","0.97","10","305.50",
="030457","亞泥富邦53購01","74,000","2","32,560","0.44","0.44","0.44","0.44","-","0.01","0.41","10","0.42","10","0.00",
="030459","華城富邦54購03","250,000","17","188,510","0.76","0.77","0.73","0.73","-","0.03","0.72","11","0.73","10","0.00",
="03045U","貿聯元大4B售10","0","0","0","--","--","--","--"," ","0.00","--","0","0.10","10","0.00",
="030460","華城富邦55購01","97,000","12","73,220","0.76","0.77","0.74","0.74","-","0.02","0.71","10","0.72","10","0.00",
="030461","大成鋼富邦55購01","106,000","5","73,960","0.66","0.71","0.66","0.71","-","0.01","0.66","10","0.67","10","0.00",
="030462","華邦電富邦52購02","506,000","21","568,920","1.10","1.17","1.09","1.11","-","0.02","1.09","10","1.10","10","0.00",
="030463","矽統富邦55購01","426,000","20","430,830","1.01","1.03","0.98","1.03","-","0.01","1.01","10","1.02","10","0.00",
="030464","台光電富邦56購01","453,000","24","566,570","1.33","1.33","1.23","1.28","-","0.08","1.26","10","1.30","10","0.00",
="030465","南亞科富邦55購01","151,000","18","137,320","0.92","0.93","0.88","0.88","-","0.06","0.87","11","0.88","10","0.00",
="030466","奇鋐富邦54購03","95,000","12","157,840","1.71","1.71","1.55","1.55","-","0.20","1.57","10","1.61","10","0.00",
="030467","奇鋐富邦55購01","114,000","13","187,170","1.69","1.69","1.54","1.54","-","0.18","1.56","10","1.60","10","0.00",
="030468","神達富邦52購01","547,000","95","1,236,390","2.13","2.45","2.13","2.27","+","0.39","2.27","10","2.28","10","0.00",
="030469","AES富邦55購01","707,000","34","851,550","1.12","1.28","1.09","1.23","+","0.16","1.22","10","1.23","10","0.00",
="03046U","貿聯元大4B售11","0","0","0","--","--","--","--"," ","0.00","0.05","499","0.06","200","0.00",
="030470","AES富邦55購02","268,000","21","311,470","1.07","1.21","1.07","1.21","+","0.13","1.16","10","1.17","10","0.00",
="030471","台玻元富52購01","32,000","3","277,100","8.40","9.10","8.40","9.10","+","0.15","5.55","3","--","0","34.55",
="030472","台玻元富52購02","30,000","5","259,100","8.55","8.70","8.55","8.70","-","0.05","6.50","5","--","0","34.55",
="030473","台玻元富52購03","50,000","7","303,050","5.95","6.35","5.80","6.15","+","0.20","2.78","7","9.30","1","34.55",
="030474","智邦元富52購02","48,000","5","149,860","3.07","3.31","3.04","3.31","+","0.08","3.12","25","3.13","25","984.00",
="030475","金像電元富52購01","55,000","9","108,580","1.95","2.08","1.91","2.08","+","0.02","2.09","25","2.10","25","486.00",
="030476","台光電元富52購02","2,000","2","5,420","2.71","2.71","2.71","2.71","X","0.00","2.62","25","2.72","10","1,250.00",
="030477","全新元富52購01","29,000","2","127,770","4.41","4.41","4.35","4.35","-","0.37","4.08","25","4.18","10","153.50",
="030478","一詮元富52購01","0","0","0","--","--","--","--"," ","0.00","2.72","25","2.76","25","80.20",
="030479","皇昌元富52購02","93,000","9","325,290","3.52","3.62","3.02","3.02","-","0.01","2.92","25","2.95","25","83.50",
="03047U","緯穎元大4B售09","0","0","0","--","--","--","--"," ","0.00","0.03","499","0.13","10","0.00",
="03047X","元展44","0","0","0","--","--","--","--"," ","0.00","17.20","100","17.30","10","23.35",
="030480","萬海元富52購01","47,000","1","59,690","1.27","1.27","1.27","1.27","+","0.10","1.19","25","1.20","25","84.10",
="030481","奇鋐元富58購01","21,000","6","43,600","2.18","2.18","2.02","2.10","-","0.19","2.10","25","2.13","25","1,015.00",
="030482","南寶元富52購01","192,000","8","256,930","1.26","1.42","1.22","1.31","+","0.03","1.29","25","1.31","25","376.00",
="030483","愛普元富52購01","202,000","7","257,790","1.22","1.33","1.21","1.33","+","0.01","1.31","25","1.32","25","305.50",
="030484","緯穎元富53購04","0","0","0","--","--","--","--"," ","0.00","2.37","25","2.38","25","2,975.00",
="030485","富世達元富52購01","8,000","2","50,500","6.05","6.40","6.05","6.40","X","0.00","6.50","25","6.75","25","1,145.00",
="030486","南電元富52購01","47,000","7","190,830","3.98","5.10","3.81","5.10","+","1.72","4.55","2","--","0","226.00",
="030487","菱光元富52購01","0","0","0","--","--","--","--"," ","0.00","2.06","25","2.07","25","61.50",
="030488","羅昇元富52購01","0","0","0","--","--","--","--"," ","0.00","3.62","25","3.67","25","114.50",
="030489","中502X國票53購01","315,000","5","505,000","1.60","1.61","1.60","1.60","-","0.28","1.48","25","1.49","10","11.76",
="03048U","FB台50凱基4B售02","0","0","0","--","--","--","--"," ","0.00","0.11","10","0.12","50","0.00",
="030490","台玻國票54購01","0","0","0","--","--","--","--"," ","0.00","8.35","25","--","0","34.55",
="030493","大亞凱基4C購01","0","0","0","--","--","--","--"," ","0.00","0.05","123","0.06","50","43.00",
="030494","大亞凱基4C購02","0","0","0","--","--","--","--"," ","0.00","0.06","100","0.07","50","43.00",
="030495","國巨國票54購01","7,000","1","15,050","2.15","2.15","2.15","2.15","X","0.00","2.02","25","2.04","10","137.00",
="030496","智邦國票53購01","10,000","2","39,500","3.95","3.95","3.95","3.95","X","0.00","3.74","25","3.75","10","984.00",
="030497","矽統國票53購01","0","0","0","--","--","--","--"," ","0.00","1.98","25","1.99","10","55.10",
="030498","金像電國票53購02","15,000","2","90,250","5.85","6.10","5.85","6.10","+","0.10","6.10","25","6.15","10","486.00",
="030499","台光電國票5A購01","0","0","0","--","--","--","--"," ","0.00","1.82","25","1.84","10","1,250.00",
="03049U","國泰金凱基4C售01","0","0","0","--","--","--","--"," ","0.00","0.12","10","0.13","50","0.00",
="03049X","元展46","3,000","1","70,500","23.50","23.50","23.50","23.50","X","0.00","23.40","100","23.60","10","138.00",
="030500","宏達電國票54購01","0","0","0","--","--","--","--"," ","0.00","10.70","25","--","0","66.50",
="030501","貿聯國票53購02","368,000","14","1,133,070","3.02","3.22","2.87","2.87","+","0.17","2.87","45","2.90","10","981.00",
="030502","神達國票53購02","113,000","29","764,000","6.75","7.25","6.40","6.80","+","1.05","6.85","25","6.90","10","95.90",
="030503","正文國票53購01","14,000","3","18,820","1.38","1.38","1.32","1.32","-","0.25","1.29","25","1.30","10","26.00",
="030504","台塑化國票53購02","6,000","1","13,140","2.19","2.19","2.19","2.19","-","0.41","2.16","25","2.17","10","40.75",
="030505","大同凱基4C購01","0","0","0","--","--","--","--"," ","0.00","0.02","100","0.03","30","40.75",
="030506","大同凱基4C購02","0","0","0","--","--","--","--"," ","0.00","0.01","599","0.02","50","40.75",
="030507","大同凱基4C購03","0","0","0","--","--","--","--"," ","0.00","0.02","100","0.08","50","40.75",
="030508","愛普國票54購01","20,000","3","32,300","1.62","1.62","1.60","1.60","X","0.00","1.58","25","1.59","10","305.50",
="030509","菱光國票53購01","217,000","12","496,810","2.24","2.40","2.19","2.19","-","0.11","2.18","25","2.19","10","61.50",
="03050U","碩天凱基4C售01","0","0","0","--","--","--","--"," ","0.00","1.26","10","1.27","10","0.00",
="03050X","元展47","1,000","1","8,250","8.25","8.25","8.25","8.25"," ","0.00","8.20","1","9.25","10","29.60",
="030510","華城國泰53購02","48,000","2","33,120","0.69","0.69","0.69","0.69","+","0.01","0.64","499","0.65","100","618.00",
="030511","中鴻國泰53購01","0","0","0","--","--","--","--"," ","0.00","1.31","20","1.35","10","16.15",
="030512","大成鋼國泰53購01","55,000","7","67,880","1.30","1.30","1.20","1.22","-","0.09","1.20","10","1.21","10","38.60",
="030513","上銀國泰53購01","41,000","8","71,010","1.71","1.85","1.64","1.69","+","0.02","1.67","499","1.69","470","215.50",
="030514","光寶科國泰53購02","132,000","7","203,790","1.55","1.55","1.52","1.55","-","0.09","1.49","499","1.52","499","130.00",
="030515","建準國泰53購01","52,000","2","98,910","1.89","1.92","1.89","1.92","-","0.01","1.86","499","1.90","100","137.00",
="030516","長榮國泰54購01","0","0","0","--","--","--","--"," ","0.00","1.07","499","1.10","499","188.00",
="030517","長榮太國泰53購01","0","0","0","--","--","--","--"," ","0.00","6.05","10","6.35","10","180.00",
="030518","滬深2X凱基59購02","413,000","60","945,500","2.20","2.40","2.20","2.21","-","0.46","2.20","50","2.21","31","18.32",
="030519","台塑凱基52購02","0","0","0","--","--","--","--"," ","0.00","1.77","100","1.78","10","39.10",
="03051U","世芯凱基4B售04","0","0","0","--","--","--","--"," ","0.00","0.06","1","0.10","218","0.00",
="030520","聚陽凱基52購02","75,000","3","92,250","1.23","1.23","1.23","1.23","X","0.00","1.21","10","1.22","10","265.00",
="030521","台玻凱基54購01","0","0","0","--","--","--","--"," ","0.00","8.55","10","9.05","10","34.55",
="030522","允強凱基52購01","11,000","2","14,420","1.31","1.32","1.31","1.32","+","0.02","1.36","10","1.38","10","20.90",
="030523","光寶科凱基55購01","41,000","5","60,740","1.50","1.50","1.48","1.48","-","0.05","1.43","100","1.53","10","130.00",
="030524","聯電凱基52購02","11,000","2","7,480","0.68","0.68","0.68","0.68","-","0.08","0.66","100","0.67","10","40.60",
="030525","台達電凱基52購02","59,000","9","163,690","2.87","2.87","2.66","2.85","-","0.09","2.70","100","2.80","10","709.00",
="030526","鴻海凱基56購03","1,000","1","2,010","2.01","2.01","2.01","2.01","-","0.18","2.07","100","2.08","10","206.00",
="030527","智邦凱基52購03","15,000","2","45,600","3.04","3.04","3.04","3.04","-","0.16","3.07","10","3.09","10","984.00",
="030528","金像電凱基57購01","120,000","17","538,200","4.41","4.64","4.34","4.64","+","0.18","4.68","10","4.70","10","486.00",
="030529","台光電凱基52購05","343,000","12","482,470","1.42","1.45","1.39","1.45","-","0.11","1.39","82","1.42","10","1,250.00",
="03052U","貿聯凱基4B售07","0","0","0","--","--","--","--"," ","0.00","0.05","100","0.15","10","0.00",
="030530","聯發科凱基52購08","0","0","0","--","--","--","--"," ","0.00","1.27","100","1.28","10","1,385.00",
="030531","漢翔凱基52購01","17,000","4","112,400","6.00","6.80","6.00","6.80","+","3.02","6.45","86","--","0","60.00",
="030532","長榮太凱基52購02","5,000","1","24,750","4.95","4.95","4.95","4.95","X","0.00","4.74","100","4.84","10","180.00",
="030533","奇鋐凱基55購03","116,000","12","341,220","3.18","3.18","2.88","3.00","-","0.44","2.91","10","3.00","9","1,015.00",
="030534","智原凱基52購05","903,000","21","1,378,260","1.48","1.54","1.48","1.50","+","0.04","1.50","430","1.52","30","158.00",
="030535","欣興凱基57購01","0","0","0","--","--","--","--"," ","0.00","1.64","100","1.66","10","150.00",
="030536","世芯凱基52購09","166,000","12","296,400","1.85","1.86","1.74","1.78","-","0.09","1.69","60","1.73","10","4,000.00",
="030537","神達凱基52購02","180,000","31","1,064,750","5.90","6.40","5.55","5.70","+","0.96","5.85","18","5.90","10","95.90",
="030538","南寶凱基52購02","138,000","10","263,320","1.74","2.00","1.74","1.84","+","0.06","1.80","10","1.84","10","376.00",
="030539","飛捷凱基52購01","10,000","2","11,800","1.18","1.18","1.18","1.18","X","0.00","1.17","100","1.19","10","112.50",
="03053U","矽力凱基4B售02","27,000","1","57,240","2.12","2.12","2.12","2.12","X","0.00","2.20","10","2.30","10","0.00",
="030540","台郡凱基52購02","21,000","2","54,630","2.58","2.63","2.58","2.63","+","0.13","2.42","10","2.43","10","68.00",
="030541","台塑化凱基52購02","0","0","0","--","--","--","--"," ","0.00","1.96","10","1.98","10","40.75",
="030542","穎崴凱基52購02","88,000","4","100,680","1.09","1.19","1.09","1.15","-","0.14","1.28","100","1.38","10","1,250.00",
="030543","愛普凱基52購01","0","0","0","--","--","--","--"," ","0.00","1.60","100","1.61","10","305.50",
="030544","愛普凱基54購01","0","0","0","--","--","--","--"," ","0.00","1.41","10","1.42","10","305.50",
="030545","緯穎凱基52購03","0","0","0","--","--","--","--"," ","0.00","1.97","100","2.07","10","2,975.00",
="030546","世紀鋼凱基54購02","12,000","1","16,080","1.34","1.34","1.34","1.34","-","0.05","1.24","100","1.26","10","188.00",
="030547","臺股指凱基52購10","0","0","0","--","--","--","--"," ","0.00","2.89","100","2.90","10","0.00",
="030548","台泥統一57購01","0","0","0","--","--","--","--"," ","0.00","0.43","10","0.44","10","22.80",
="030549","亞泥統一58購01","0","0","0","--","--","--","--"," ","0.00","0.47","10","0.48","10","37.10",
="03054U","台積電永豐55售02","108,000","3","37,910","0.35","0.37","0.35","0.37","X","0.00","0.38","10","0.39","10","0.00",
="030550","台塑統一56購02","0","0","0","--","--","--","--"," ","0.00","0.54","10","0.55","10","39.10",
="030551","台塑統一58購01","0","0","0","--","--","--","--"," ","0.00","0.46","10","0.47","10","39.10",
="030552","台塑統一58購02","0","0","0","--","--","--","--"," ","0.00","0.51","10","0.52","10","39.10",
="030553","三芳統一58購01","0","0","0","--","--","--","--"," ","0.00","0.46","10","0.47","10","31.60",
="030554","台化統一58購01","0","0","0","--","--","--","--"," ","0.00","0.64","10","0.65","10","29.90",
="030555","台化統一58購02","0","0","0","--","--","--","--"," ","0.00","0.76","10","0.77","10","29.90",
="030556","華城統一56購04","0","0","0","--","--","--","--"," ","0.00","0.53","10","0.54","10","618.00",
="030557","華城統一58購01","0","0","0","--","--","--","--"," ","0.00","0.54","10","0.55","10","618.00",
="030558","華新統一56購03","21,000","9","15,180","0.73","0.73","0.71","0.71","+","0.01","0.71","10","0.72","10","23.35",
="030559","華新統一56購04","266,000","8","204,980","0.77","0.81","0.77","0.78"," ","0.00","0.79","10","0.80","10","23.35",
="03055U","台光電群益51售04","0","0","0","--","--","--","--"," ","0.00","0.03","30","--","0","0.00",
="030560","華新統一57購01","185,000","6","145,800","0.79","0.82","0.78","0.82","+","0.01","0.80","10","0.81","10","23.35",
="030561","台玻統一57購03","293,000","16","531,070","1.70","1.85","1.70","1.80","-","0.01","1.79","10","1.80","10","34.55",
="030562","台玻統一58購02","4,000","2","6,480","1.64","1.64","1.60","1.60","-","0.05","1.62","10","1.63","10","34.55",
="030563","中鴻統一57購01","207,000","6","144,160","0.68","0.71","0.68","0.70","-","0.02","0.70","10","0.71","10","16.15",
="030564","大成鋼統一58購02","28,000","5","21,880","0.77","0.81","0.77","0.78","-","0.07","0.75","10","0.76","10","38.60",
="030565","上銀統一57購03","671,000","13","448,950","0.65","0.68","0.65","0.67","+","0.03","0.63","10","0.64","10","215.50",
="030566","川湖統一57購03","35,000","3","25,470","0.71","0.73","0.71","0.73","+","0.01","0.71","10","0.72","10","2,925.00",
="030567","川湖統一58購03","3,000","1","2,310","0.77","0.77","0.77","0.77"," ","0.00","0.77","10","0.78","10","2,925.00",
="030568","光寶科統一56購02","1,152,000","15","902,230","0.77","0.79","0.77","0.78","-","0.03","0.76","10","0.77","10","130.00",
="030569","光寶科統一58購01","329,000","8","246,790","0.75","0.77","0.75","0.77","-","0.01","0.75","10","0.76","10","130.00",
="03056U","SGBR2X凱基4C售02","0","0","0","--","--","--","--"," ","0.00","0.85","100","0.86","10","0.00",
="030570","華通統一58購01","710,000","43","823,910","1.05","1.22","1.05","1.10","+","0.03","1.10","10","1.11","10","79.30",
="030571","華通統一58購02","990,000","40","881,580","0.83","0.96","0.83","0.86","+","0.05","0.86","33","0.87","10","79.30",
="030572","仁寶統一57購01","0","0","0","--","--","--","--"," ","0.00","0.45","10","0.46","10","28.10",
="030573","台積電統一68購01","63,000","5","42,850","0.69","0.69","0.68","0.68","-","0.02","0.67","11","0.68","60","1,160.00",
="030574","智邦統一58購01","147,000","9","124,220","0.85","0.88","0.84","0.86"," ","0.00","0.85","10","0.86","10","984.00",
="030575","智邦統一58購02","41,000","6","44,620","1.05","1.10","1.05","1.08"," ","0.00","1.06","10","1.07","10","984.00",
="030576","智邦統一5A購01","25,000","3","15,800","0.63","0.64","0.63","0.64"," ","0.00","0.63","11","0.64","10","984.00",
="030577","英業達統一57購03","27,000","1","14,850","0.55","0.55","0.55","0.55","X","0.00","0.54","10","0.55","10","41.35",
="030578","金像電統一62購01","118,000","6","108,670","0.90","0.94","0.90","0.94","+","0.04","0.94","10","0.95","30","486.00",
="030579","台光電統一58購02","621,000","28","554,040","0.94","0.94","0.84","0.90","-","0.04","0.88","10","0.89","10","1,250.00",
="03057U","台光電凱基4B售05","0","0","0","--","--","--","--"," ","0.00","0.05","100","0.06","30","0.00",
="030580","台光電統一62購01","97,000","12","56,850","0.60","0.60","0.57","0.58","-","0.03","0.59","10","0.60","10","1,250.00",
="030581","南亞科統一58購02","3,000","1","2,250","0.75","0.75","0.75","0.75","X","0.00","0.74","10","0.75","10","46.65",
="030582","鉅祥統一58購01","493,000","27","484,490","0.95","1.01","0.95","1.00","+","0.08","0.98","10","0.99","10","98.10",
="030583","長榮統一57購01","80,000","2","45,600","0.57","0.57","0.57","0.57","X","0.00","0.54","10","0.55","10","188.00",
="030584","陽明統一57購01","0","0","0","--","--","--","--"," ","0.00","0.56","10","0.57","10","58.80",
="030585","萬海統一57購01","20,000","2","10,100","0.50","0.51","0.50","0.51","X","0.00","0.48","10","0.49","10","84.10",
="030586","漢翔統一58購01","452,000","68","698,040","1.37","1.79","1.37","1.77","+","0.47","1.75","1","1.77","1","60.00",
="030587","長榮太統一58購01","3,000","2","6,220","2.14","2.14","2.04","2.04"," ","0.00","1.93","2","1.96","10","180.00",
="030588","智原統一57購01","281,000","6","170,440","0.60","0.61","0.60","0.61","+","0.03","0.60","10","0.61","10","158.00",
="030589","文曄統一58購01","54,000","1","20,520","0.38","0.38","0.38","0.38","-","0.02","0.39","10","0.40","10","123.00",
="03058U","南亞科凱基51售03","0","0","0","--","--","--","--"," ","0.00","0.82","10","0.83","30","0.00",
="030590","欣興統一58購01","455,000","19","287,850","0.61","0.65","0.60","0.63","-","0.03","0.62","10","0.63","10","150.00",
="030591","緯創統一59購01","13,000","4","8,580","0.66","0.66","0.66","0.66","-","0.01","0.67","10","0.68","10","115.00",
="030592","緯創統一5A購01","196,000","7","110,530","0.56","0.58","0.56","0.58","+","0.01","0.57","10","0.58","10","115.00",
="030593","玉晶光統一58購01","256,000","8","171,660","0.67","0.71","0.66","0.69","-","0.01","0.69","10","0.70","10","461.50",
="030594","健策統一58購01","314,000","20","356,600","1.14","1.18","1.09","1.17","-","0.04","1.16","10","1.17","10","1,905.00",
="030595","健策統一58購02","12,000","2","10,640","0.89","0.89","0.88","0.88","-","0.02","0.90","10","0.91","10","1,905.00",
="030596","貿聯統一58購03","17,000","2","11,650","0.68","0.69","0.68","0.69","+","0.05","0.68","10","0.69","30","981.00",
="030597","TPK統一58購02","248,000","9","246,210","0.95","1.02","0.95","0.98","+","0.02","0.98","10","0.99","10","41.20",
="030598","日月光統一57購02","122,000","4","68,220","0.56","0.56","0.55","0.55","-","0.04","0.54","10","0.55","10","147.50",
="030599","南寶統一58購01","697,000","32","489,890","0.67","0.73","0.63","0.73","+","0.06","0.67","12","0.68","10","376.00",
="03059U","長榮凱基4B售11","0","0","0","--","--","--","--"," ","0.00","2.51","10","2.55","10","0.00",
="030600","致伸統一58購02","33,000","3","22,870","0.69","0.70","0.69","0.70","-","0.01","0.68","10","0.69","10","82.30",
="030601","臻鼎統一58購01","256,000","22","395,570","1.54","1.58","1.52","1.56","+","0.06","1.55","10","1.56","10","194.00",
="030602","飛捷統一57購02","53,000","2","31,270","0.59","0.59","0.59","0.59"," ","0.00","0.59","10","0.60","10","112.50",
="030603","聯茂統一58購02","121,000","12","112,220","0.93","0.94","0.92","0.92","-","0.07","0.92","36","0.93","10","125.00",
="030604","同欣電統一58購01","173,000","4","111,010","0.64","0.65","0.64","0.65","+","0.02","0.63","10","0.64","10","112.50",
="030605","台塑化統一58購01","0","0","0","--","--","--","--"," ","0.00","0.46","10","0.47","10","40.75",
="030606","台塑化統一58購02","0","0","0","--","--","--","--"," ","0.00","0.57","10","0.58","10","40.75",
="030607","愛普統一58購01","121,000","4","70,070","0.57","0.59","0.57","0.59","+","0.02","0.58","10","0.59","10","305.50",
="030608","緯穎統一5B購01","326,000","21","251,990","0.78","0.78","0.76","0.77"," ","0.00","0.75","60","0.76","10","2,975.00",
="030609","緯穎統一62購01","50,000","4","49,800","1.01","1.01","0.99","0.99","X","0.00","0.98","20","0.99","10","2,975.00",
="03060U","陽明凱基4B售02","0","0","0","--","--","--","--"," ","0.00","2.71","10","2.75","10","0.00",
="030610","AES統一57購01","352,000","16","338,350","0.91","1.00","0.91","1.00","+","0.12","0.98","10","0.99","10","1,350.00",
="030611","AES統一58購01","209,000","11","165,270","0.76","0.82","0.76","0.80","+","0.07","0.81","10","0.82","10","1,350.00",
="030612","南電統一58購01","369,000","30","396,630","1.06","1.20","0.99","1.20","+","0.14","1.20","1","--","0","226.00",
="030613","億豐統一58購01","251,000","7","204,110","0.80","0.82","0.80","0.82","-","0.01","0.80","10","0.81","10","450.00",
="030614","T50反1元大52購01","0","0","0","--","--","--","--"," ","0.00","0.47","499","0.48","10","19.79",
="030615","T50反1元大52購02","230,000","4","136,900","0.57","0.60","0.57","0.59","+","0.03","0.59","90","0.60","10","19.79",
="030616","T50反1元大52購03","78,000","7","92,020","1.16","1.21","1.16","1.20","+","0.06","1.20","100","1.21","10","19.79",
="030617","臺指反元大56購01","2,279,000","16","611,930","0.27","0.27","0.26","0.27","+","0.01","0.27","115","0.28","10","3.20",
="030618","台泥元大55購01","12,000","2","5,520","0.46","0.46","0.46","0.46","-","0.03","0.45","499","0.46","10","22.80",
="030619","台塑元大52購07","0","0","0","--","--","--","--"," ","0.00","1.33","499","1.35","10","39.10",
="03061U","萬海凱基4B售06","632,000","40","1,116,740","1.71","1.83","1.71","1.83","-","0.05","1.82","10","1.83","9","0.00",
="030620","台塑元大52購08","4,000","3","6,780","1.69","1.70","1.69","1.70","-","0.10","1.59","400","1.61","10","39.10",
="030621","台塑元大52購09","15,000","7","27,370","1.88","1.88","1.80","1.80","-","0.20","1.79","400","1.81","10","39.10",
="030622","華城元大54購07","362,000","15","142,780","0.40","0.40","0.38","0.38","-","0.03","0.37","499","0.38","9","618.00",
="030623","台玻元大52購01","0","0","0","--","--","--","--"," ","0.00","5.50","25","--","0","34.55",
="030624","台玻元大52購02","76,000","12","487,250","6.35","6.70","6.20","6.70","-","0.35","6.45","25","6.70","10","34.55",
="030625","台玻元大52購03","0","0","0","--","--","--","--"," ","0.00","4.70","25","--","0","34.55",
="030626","川湖元大52購02","288,000","4","273,520","0.91","0.95","0.91","0.95","+","0.04","0.91","499","0.93","10","2,925.00",
="030627","光寶科元大52購03","859,000","19","838,230","0.97","1.00","0.97","0.97","-","0.07","0.95","25","0.97","8","130.00",
="030628","台達電元大54購02","244,000","24","607,570","2.49","2.63","2.42","2.49","-","0.20","2.47","25","2.57","10","709.00",
="030629","華通元大52購03","484,000","37","1,631,270","3.06","3.80","2.95","3.36","+","0.36","3.23","3","3.27","10","79.30",
="03062U","富邦金凱基4B售03","0","0","0","--","--","--","--"," ","0.00","0.07","10","0.17","10","0.00",
="030630","華通元大52購04","297,000","27","1,024,310","3.19","3.79","3.19","3.49","+","0.30","3.38","250","3.42","10","79.30",
="030631","台積電元大52購13","155,000","3","107,150","0.73","0.73","0.69","0.69","-","0.05","0.06","166","--","0","1,160.00",
="030632","台積電元大54購20","0","0","0","--","--","--","--"," ","0.00","0.05","62","--","0","1,160.00",
="030633","智邦元大52購01","301,000","10","690,450","2.23","2.37","2.17","2.37","+","0.05","2.23","350","2.25","10","984.00",
="030634","華碩元大52購01","155,000","1","113,150","0.73","0.73","0.73","0.73","X","0.00","0.71","499","0.75","10","634.00",
="030635","致茂元大52購01","11,000","1","61,600","5.60","5.60","5.60","5.60","-","0.10","5.80","25","5.85","10","556.00",
="030636","燿華元大52購02","133,000","11","415,380","3.09","3.29","3.04","3.07","+","0.04","3.10","250","3.15","10","31.45",
="030637","技嘉元大54購01","338,000","15","629,120","1.87","1.90","1.82","1.84","-","0.08","1.81","25","1.82","10","281.00",
="030638","台光電元大52購01","41,000","4","64,430","1.63","1.63","1.52","1.52","-","0.20","1.52","1","--","0","1,250.00",
="030639","台光電元大54購08","626,000","5","600,370","0.95","0.98","0.92","0.96","-","0.05","0.16","62","--","0","1,250.00",
="03063U","貿聯凱基4B售08","60,000","4","7,750","0.13","0.13","0.12","0.13","X","0.00","0.14","100","0.24","10","0.00",
="030640","京元電元大52購01","0","0","0","--","--","--","--"," ","0.00","1.31","499","1.41","10","142.00",
="030641","京元電元大54購02","1,000","1","1,470","1.47","1.47","1.47","1.47","X","0.00","1.38","499","1.48","10","142.00",
="030642","聯發科元大52購06","44,000","4","34,060","0.82","0.82","0.77","0.78","-","0.04","0.77","10","1.11","20","1,385.00",
="030643","慧洋元大52購01","11,000","2","20,170","1.84","1.84","1.77","1.77","-","0.04","1.71","400","1.75","10","61.80",
="030644","奇鋐元大54購11","222,000","13","913,120","4.32","4.32","3.84","3.84","-","0.78","4.00","150","4.09","10","1,015.00",
="030645","欣興元大54購08","23,000","8","24,970","1.10","1.15","1.03","1.14","-","0.05","1.09","499","1.11","10","150.00",
="030646","欣興元大56購04","26,000","3","28,600","1.11","1.11","1.05","1.10","-","0.05","1.11","499","1.14","10","150.00",
="030647","健鼎元大52購01","102,000","7","213,960","2.08","2.13","2.07","2.07","-","0.11","1.95","350","1.97","10","318.00",
="030648","世芯元大52購12","26,000","3","61,180","2.47","2.47","2.28","2.28","-","0.09","2.23","300","2.26","10","4,000.00",
="030649","貿聯元大52購03","807,000","23","632,130","0.70","0.85","0.69","0.79","+","0.09","0.77","499","0.80","10","981.00",
="03064U","電子類凱基4B售02","0","0","0","--","--","--","--"," ","0.00","0.63","10","0.64","10","0.00",
="030650","臻鼎元大52購03","0","0","0","--","--","--","--"," ","0.00","4.75","150","--","0","194.00",
="030651","聯茂元大52購01","2,000","2","3,390","1.72","1.72","1.67","1.67","X","0.00","1.62","25","--","0","125.00",
="030652","愛普元大52購01","1,000","1","830","0.83","0.83","0.83","0.83","-","0.07","0.89","499","0.92","10","305.50",
="030653","愛普元大52購02","104,000","4","88,840","0.85","0.86","0.84","0.84","-","0.10","0.94","499","0.97","10","305.50",
="030654","愛普元大52購03","0","0","0","--","--","--","--"," ","0.00","0.37","499","0.38","10","305.50",
="030655","AES元大52購03","1,265,000","38","1,015,740","0.75","0.83","0.75","0.82","+","0.12","0.80","509","0.82","10","1,350.00",
="030656","AES元大54購02","55,000","5","47,300","0.78","0.90","0.78","0.90","+","0.13","0.88","499","0.91","10","1,350.00",
="030657","AES元大56購04","417,000","6","445,790","1.06","1.08","1.05","1.08","+","0.07","1.05","499","1.07","10","1,350.00",
="030658","南電元大52購05","166,000","24","325,380","1.74","2.18","1.74","2.18","+","0.57","2.18","125","--","0","226.00",
="030659","南電元大52購06","126,000","18","268,680","2.01","2.40","2.01","2.40","+","0.51","2.40","103","--","0","226.00",
="03065U","金融類凱基4C售01","0","0","0","--","--","--","--"," ","0.00","1.05","10","1.06","10","0.00",
="030660","上証2X群益52購04","0","0","0","--","--","--","--"," ","0.00","1.27","10","1.37","10","45.30",
="030661","滬深2X群益52購04","0","0","0","--","--","--","--"," ","0.00","0.29","34","--","0","18.32",
="030662","台玻群益53購04","5,000","1","31,500","6.30","6.30","6.30","6.30","+","0.25","6.25","10","8.00","5","34.55",
="030663","中鴻群益52購02","105,000","3","140,800","1.36","1.38","1.32","1.38","-","0.08","0.52","96","--","0","16.15",
="030664","大成鋼群益52購01","3,000","1","3,900","1.30","1.30","1.30","1.30","X","0.00","0.06","7","--","0","38.60",
="030665","川湖群益54購04","39,000","4","87,320","2.22","2.33","2.22","2.32","X","0.00","2.20","100","2.25","100","2,925.00",
="030666","台達電群益52購03","11,000","2","47,640","4.38","4.38","4.20","4.20","-","0.28","1.33","15","--","0","709.00",
="030667","台達電群益53購01","20,000","5","87,940","4.41","4.50","4.33","4.42","-","0.31","4.34","5","--","0","709.00",
="030668","廣宇群益53購01","65,000","7","273,800","4.06","4.25","4.06","4.20","+","0.31","4.04","10","4.14","10","60.90",
="030669","智邦群益52購03","14,000","2","20,840","1.51","1.51","1.46","1.46","-","0.03","1.42","10","1.52","10","984.00",
="03066U","華邦電統一4B售01","0","0","0","--","--","--","--"," ","0.00","0.29","10","0.30","10","0.00",
="030670","金像電群益53購02","151,000","20","488,010","3.15","3.45","3.15","3.45","+","0.21","3.45","103","3.48","100","486.00",
="030671","台光電群益52購04","695,000","24","1,497,090","2.25","2.25","2.06","2.25","-","0.17","0.90","55","--","0","1,250.00",
="030672","台光電群益57購01","435,000","15","506,770","1.20","1.20","1.14","1.20","-","0.05","1.20","3","1.51","2","1,250.00",
="030673","漢唐群益52購04","9,000","1","53,100","5.90","5.90","5.90","5.90","-","0.75","6.65","1","--","0","1,190.00",
="030674","漢唐群益54購01","213,000","20","1,152,650","5.70","5.70","5.15","5.50","-","0.35","2.66","7","--","0","1,190.00",
="030675","友達群益53購03","920,000","13","1,072,360","1.13","1.21","1.13","1.21","+","0.12","0.37","27","--","0","13.05",
="030676","聯發科群益52購06","0","0","0","--","--","--","--"," ","0.00","0.26","30","--","0","1,385.00",
="030677","長榮太群益52購01","22,000","2","115,700","5.35","5.35","5.25","5.25","X","0.00","--","0","--","0","180.00",
="030678","奇鋐群益52購06","576,000","22","905,770","1.85","1.85","1.44","1.54","-","0.22","1.45","10","1.85","10","1,015.00",
="030679","景碩群益58購01","11,000","3","13,430","1.21","1.24","1.21","1.21","+","0.02","0.65","15","--","0","113.50",
="03067U","台光電統一53售03","1,000","1","100","0.10","0.10","0.10","0.10","+","0.01","0.09","20","0.10","10","0.00",
="030680","緯創群益53購04","10,000","1","6,600","0.66","0.66","0.66","0.66","-","0.04","0.25","40","--","0","115.00",
="030681","玉晶光群益52購02","13,000","3","32,340","2.43","2.57","2.43","2.57"," ","0.00","2.49","10","2.59","10","461.50",
="030682","世芯群益52購07","29,000","7","34,510","1.22","1.22","1.15","1.16","-","0.04","1.15","10","1.25","10","4,000.00",
="030683","台塑化群益52購01","0","0","0","--","--","--","--"," ","0.00","0.82","10","0.92","10","40.75",
="030684","緯穎群益53購06","927,000","20","870,400","0.95","0.96","0.92","0.92","-","0.01","0.91","15","1.01","10","2,975.00",
="030685","台灣50兆豐54購02","15,000","2","14,550","0.97","0.97","0.97","0.97","-","0.07","0.95","10","0.96","10","52.50",
="030686","華城兆豐54購02","0","0","0","--","--","--","--"," ","0.00","0.62","10","0.63","10","618.00",
="030687","智邦兆豐54購01","9,000","1","12,150","1.35","1.35","1.35","1.35","+","0.03","1.30","10","1.31","10","984.00",
="030688","定穎控兆豐54購01","460,000","38","922,900","2.11","2.11","1.89","1.89","-","0.27","1.88","14","1.89","5","106.00",
="030689","穎崴兆豐54購01","960,000","44","1,100,730","1.14","1.25","1.03","1.23","-","0.07","1.18","10","1.19","10","1,250.00",
="03068U","萬海統一4B售04","7,000","3","4,950","0.72","0.72","0.69","0.71","-","0.02","0.71","10","0.72","10","0.00",
="030690","AES兆豐54購02","148,000","11","234,180","1.57","1.61","1.52","1.59","+","0.18","1.60","10","1.61","10","1,350.00",
="030691","川湖富邦53購01","173,000","11","224,110","1.29","1.34","1.29","1.29","+","0.02","1.27","10","1.29","10","0.00",
="030692","光寶科富邦52購01","1,115,000","36","1,462,480","1.28","1.36","1.26","1.32","-","0.03","1.32","30","1.33","10","0.00",
="030693","微星富邦52購01","1,270,000","24","782,480","0.60","0.63","0.60","0.62","-","0.01","0.62","10","0.63","10","0.00",
="030694","毅嘉富邦53購01","18,000","4","59,150","3.35","3.37","3.24","3.37","-","0.04","3.34","10","3.38","10","0.00",
="030695","長榮太富邦54購01","44,000","6","145,760","3.32","3.32","3.28","3.32","+","0.02","3.00","10","3.08","10","0.00",
="030697","德律富邦54購01","4,000","1","9,560","2.39","2.39","2.39","2.39","-","0.24","2.28","10","2.32","10","0.00",
="030698","欣興富邦56購01","422,000","19","517,910","1.21","1.29","1.15","1.29","+","0.02","1.24","10","1.25","10","0.00",
="030699","定穎控富邦54購01","1,237,000","77","1,365,080","1.17","1.17","1.04","1.16","-","0.05","1.07","45","1.13","3","0.00",
="03069U","S&P500中信52售01","0","0","0","--","--","--","--"," ","0.00","0.38","499","0.39","100","0.00",
="030701","南電富邦52購02","55,000","11","89,500","1.43","1.78","1.40","1.78","+","0.48","1.77","30","2.00","5","0.00",
="030702","定穎控台新52購01","0","0","0","--","--","--","--"," ","0.00","3.58","10","--","0","0.00",
="030704","楠梓電元富55購02","345,000","23","952,230","2.70","3.29","2.55","3.00","+","0.18","2.97","5","3.00","24","109.50",
="030705","所羅門元富52購02","389,000","25","1,398,470","3.70","3.97","3.48","3.48","-","0.36","3.44","25","3.48","25","162.00",
="030706","致茂元富52購01","86,000","8","243,860","2.90","2.94","2.74","2.94","+","0.04","2.97","25","3.00","25","556.00",
="030708","定穎控元富52購01","0","0","0","--","--","--","--"," ","0.00","4.27","25","4.37","10","106.00",
="030709","中磊元富52購01","0","0","0","--","--","--","--"," ","0.00","1.31","25","--","0","105.50",
="03070U","美債2X元富4C售01","0","0","0","--","--","--","--"," ","0.00","0.66","25","0.67","25","0.00",
="030711","愛普元富52購02","0","0","0","--","--","--","--"," ","0.00","0.77","25","0.78","25","305.50",
="030712","連加元富52購01","0","0","0","--","--","--","--"," ","0.00","0.52","25","0.53","25","615.00",
="030713","昇陽半元富52購01","30,000","5","81,360","2.65","2.86","2.54","2.80","+","0.13","2.74","25","2.77","25","152.50",
="030717","保瑞統一4C購02","0","0","0","--","--","--","--"," ","0.00","0.26","10","0.27","10","733.00",
="030719","A50正2國票56購01","0","0","0","--","--","--","--"," ","0.00","1.51","25","1.52","10","31.56",
="03071U","中砂元富4B售04","33,000","6","22,890","0.72","0.72","0.68","0.68","-","0.08","0.68","25","0.69","27","0.00",
="030720","SP黃豆國票53購01","12,000","1","28,680","2.39","2.39","2.39","2.39","-","0.07","2.40","25","2.41","10","20.50",
="030721","元金2X國票56購01","0","0","0","--","--","--","--"," ","0.00","3.28","25","3.29","10","58.65",
="030722","道瓊銅國票53購03","0","0","0","--","--","--","--"," ","0.00","1.06","25","1.07","10","24.91",
="030723","台塑國票52購03","0","0","0","--","--","--","--"," ","0.00","2.14","25","2.16","10","39.10",
="030724","華新國票53購01","9,000","1","18,090","2.01","2.01","2.01","2.01","+","0.02","2.02","25","2.03","10","23.35",
="030725","華新國票54購01","11,000","1","18,480","1.68","1.68","1.68","1.68","+","0.03","1.71","25","1.72","10","23.35",
="030726","楠梓電國票53購02","56,000","10","418,700","6.00","7.55","6.00","7.00"," ","0.00","6.80","1","7.00","8","109.50",
="030727","致茂國票53購02","188,000","14","610,230","3.24","3.49","3.19","3.43","+","0.18","3.40","25","3.45","10","556.00",
="030728","宏達電國票55購02","1,000","1","10,000","10.00","10.00","10.00","10.00","+","0.20","9.60","30","11.50","1","66.50",
="030729","欣興國票53購01","110,000","5","113,400","0.97","1.09","0.97","1.09","-","0.01","1.03","25","1.06","10","150.00",
="03072U","長榮元富4B售09","0","0","0","--","--","--","--"," ","0.00","1.32","25","1.34","25","0.00",
="030730","晶技國票53購01","0","0","0","--","--","--","--"," ","0.00","0.93","25","0.95","10","88.60",
="030731","華擎國票53購01","483,000","8","557,840","1.13","1.19","1.13","1.15","-","0.13","1.13","25","1.15","10","281.00",
="030732","智易國票53購01","0","0","0","--","--","--","--"," ","0.00","1.37","25","1.38","10","236.00",
="030733","定穎控國票53購02","69,000","18","230,750","3.46","3.51","3.12","3.30","-","0.48","3.23","25","3.33","10","106.00",
="030734","定穎控國票53購03","21,000","6","64,040","3.09","3.09","2.92","3.01","-","0.28","2.91","25","3.01","10","106.00",
="030735","定穎控國票53購04","14,000","2","36,840","2.63","2.65","2.63","2.65","-","0.32","2.55","25","2.65","10","106.00",
="030736","智伸科國票53購01","94,000","14","169,000","1.68","1.94","1.66","1.85","X","0.00","1.82","25","1.85","10","168.50",
="030737","南寶國票54購01","220,000","11","342,020","1.48","1.68","1.41","1.56","+","0.02","1.53","25","1.55","10","376.00",
="03073U","臺股指元富4B售14","0","0","0","--","--","--","--"," ","0.00","0.17","25","0.18","25","0.00",
="030740","大同凱基4C購04","0","0","0","--","--","--","--"," ","0.00","0.02","100","0.03","30","40.75",
="030741","洋基國票53購01","4,000","3","9,570","2.37","2.42","2.36","2.42","-","0.37","2.29","25","2.30","10","476.00",
="030742","T50正2國泰53購02","0","0","0","--","--","--","--"," ","0.00","1.91","499","1.92","200","259.40",
="030743","國喬國泰53購01","0","0","0","--","--","--","--"," ","0.00","1.06","499","1.07","100","9.92",
="030744","士電國泰53購01","262,000","7","281,060","1.13","1.13","1.05","1.05","+","0.10","1.04","499","1.05","100","187.50",
="030745","台玻國泰53購04","0","0","0","--","--","--","--"," ","0.00","3.61","499","3.67","10","34.55",
="030746","聯電國泰53購01","301,000","2","532,770","1.77","1.77","1.77","1.77","-","0.11","1.75","50","1.76","499","40.60",
="030747","智邦國泰53購04","27,000","4","51,190","1.87","1.97","1.87","1.91","+","0.02","1.89","499","1.90","100","984.00",
="030748","金像電國泰53購01","20,000","2","89,940","4.41","4.70","4.41","4.70","+","0.18","4.73","499","4.75","100","486.00",
="030749","聯鈞國泰53購02","106,000","11","153,590","1.50","1.51","1.38","1.38","-","0.18","1.38","499","1.39","100","202.00",
="03074U","臺股指元富4B售15","10,000","1","1,600","0.16","0.16","0.16","0.16","+","0.01","0.16","25","0.17","25","0.00",
="03074X","元展69","0","0","0","--","--","--","--"," ","0.00","21.90","100","22.00","10","16.35",
="030750","日月光國泰53購01","82,000","2","79,490","0.97","0.97","0.96","0.96","-","0.09","0.94","499","0.96","494","147.50",
="030751","定穎控國泰53購01","0","0","0","--","--","--","--"," ","0.00","2.63","10","2.69","10","106.00",
="030752","中磊國泰53購01","150,000","4","144,400","0.92","0.99","0.92","0.97"," ","0.00","0.92","499","0.95","499","105.50",
="030753","飛捷國泰53購01","21,000","1","21,210","1.01","1.01","1.01","1.01"," ","0.00","1.01","499","1.03","100","112.50",
="030754","緯穎國泰57購01","0","0","0","--","--","--","--"," ","0.00","1.58","499","1.60","100","2,975.00",
="030755","華城統一57購01","0","0","0","--","--","--","--"," ","0.00","0.55","10","0.56","10","618.00",
="030756","致茂統一57購02","794,000","24","757,910","0.95","1.00","0.91","0.99","+","0.03","0.99","10","1.00","10","556.00",
="030757","漢唐統一57購03","865,000","27","1,530,910","1.77","1.79","1.69","1.74","-","0.10","1.82","10","1.83","10","1,190.00",
="030758","景碩統一57購04","788,000","23","666,700","0.80","0.89","0.79","0.89","+","0.05","0.79","10","0.80","10","113.50",
="030759","牧德統一57購01","1,338,000","34","1,247,610","0.90","0.98","0.88","0.98","+","0.11","0.98","10","0.99","10","594.00",
="03075U","臺股指元富4B售16","10,000","3","2,200","0.22","0.22","0.22","0.22"," ","0.00","0.23","25","0.24","28","0.00",
="030760","世芯統一57購03","38,000","11","31,170","0.86","0.86","0.81","0.81","-","0.03","0.81","10","0.82","10","4,000.00",
="030761","定穎控統一57購02","2,956,000","110","3,149,720","1.13","1.13","1.01","1.02","-","0.18","1.02","10","1.15","5","106.00",
="030762","南寶統一57購01","437,000","17","295,180","0.64","0.70","0.64","0.68","+","0.03","0.64","10","0.65","10","376.00",
="030763","立積統一57購03","706,000","25","627,680","0.83","0.99","0.83","0.99","+","0.17","1.02","10","--","0","158.00",
="030764","愛普統一57購02","0","0","0","--","--","--","--"," ","0.00","0.46","10","0.47","10","305.50",
="030765","富世達統一57購02","207,000","13","194,150","0.94","0.96","0.90","0.95","-","0.01","0.94","10","0.95","10","1,145.00",
="030766","T50反1中信62購01","35,000","2","17,850","0.51","0.51","0.51","0.51","+","0.01","0.50","100","0.51","100","0.00",
="030767","臺指反中信62購01","1,000","1","680","0.68","0.68","0.68","0.68","+","0.01","0.68","499","0.69","100","0.00",
="030768","道瓊反中信56購01","100,000","1","66,000","0.66","0.66","0.66","0.66","-","0.01","0.65","501","0.66","100","0.00",
="030769","台達電中信58購01","169,000","18","243,390","1.46","1.48","1.41","1.42","-","0.10","1.42","10","1.44","10","0.00",
="03076U","臺股指元富4B售17","22,000","1","5,720","0.26","0.26","0.26","0.26","+","0.01","0.26","25","0.27","25","0.00",
="030770","台塑化中信52購02","5,000","1","3,650","0.73","0.73","0.73","0.73","-","0.14","0.65","10","0.67","10","0.00",
="030771","台灣50永豐58購02","100,000","1","162,000","1.62","1.62","1.62","1.62","-","0.06","1.53","499","1.55","10","52.50",
="030772","T50反1永豐55購01","0","0","0","--","--","--","--"," ","0.00","0.98","499","0.99","10","19.79",
="030773","鴻海永豐52購04","1,000","1","1,210","1.21","1.21","1.21","1.21","-","0.05","1.20","10","1.21","10","206.00",
="030774","鴻海永豐52購05","0","0","0","--","--","--","--"," ","0.00","1.15","10","1.17","10","206.00",
="030775","台積電永豐53購06","0","0","0","--","--","--","--"," ","0.00","0.84","10","0.94","10","1,160.00",
="030776","全新永豐52購03","277,000","10","237,910","0.82","0.89","0.82","0.85","-","0.06","0.78","10","0.79","10","153.50",
="030777","奇鋐永豐52購02","468,000","19","542,130","1.23","1.23","1.07","1.15","-","0.17","1.14","10","1.15","5","1,015.00",
="030778","定穎控永豐53購03","34,000","4","49,320","1.52","1.52","1.40","1.40","-","0.11","1.39","1","1.44","10","106.00",
="030779","jpp永豐54購01","30,000","7","61,710","2.11","2.11","1.99","2.07","+","0.14","2.20","1","--","0","276.00",
="03077U","T50正2國票4B售03","0","0","0","--","--","--","--"," ","0.00","0.29","25","0.30","10","0.00",
="030780","中磊永豐53購01","40,000","2","24,000","0.60","0.60","0.60","0.60","X","0.00","0.59","499","0.60","10","105.50",
="030781","飛捷永豐52購02","82,000","6","41,990","0.53","0.53","0.50","0.50","-","0.03","0.50","10","0.53","10","112.50",
="030782","啟碁永豐53購01","0","0","0","--","--","--","--"," ","0.00","0.76","10","0.78","10","127.00",
="030783","愛普永豐54購01","0","0","0","--","--","--","--"," ","0.00","0.39","499","0.40","10","305.50",
="030784","AES永豐53購05","89,000","7","101,050","1.10","1.18","1.10","1.18","+","0.21","1.18","10","1.23","10","1,350.00",
="030785","昇陽半永豐53購02","0","0","0","--","--","--","--"," ","0.00","1.25","499","1.27","10","152.50",
="030786","台泥凱基52購02","0","0","0","--","--","--","--"," ","0.00","0.76","100","0.77","10","22.80",
="030787","台塑凱基52購03","0","0","0","--","--","--","--"," ","0.00","1.72","100","1.73","10","39.10",
="030788","台玻凱基52購02","0","0","0","--","--","--","--"," ","0.00","4.98","10","5.40","10","34.55",
="030789","大成鋼凱基52購03","0","0","0","--","--","--","--"," ","0.00","2.06","100","2.16","10","38.60",
="03078U","FBNQ2X國票51售01","0","0","0","--","--","--","--"," ","0.00","0.75","25","0.76","10","0.00",
="030790","川湖凱基52購02","1,000","1","2,620","2.62","2.62","2.62","2.62","X","0.00","2.59","100","2.61","10","2,925.00",
="030791","光寶科凱基58購01","6,000","1","9,300","1.55","1.55","1.55","1.55","-","0.01","1.51","100","1.61","10","130.00",
="030792","華通凱基52購03","319,000","24","1,666,660","4.76","5.80","4.76","5.10","+","0.32","5.05","10","5.10","10","79.30",
="030793","鴻海凱基68購01","17,000","5","51,590","3.04","3.08","3.02","3.08","-","0.04","3.06","100","3.07","10","206.00",
="030794","廣宇凱基52購02","20,000","1","114,000","5.70","5.70","5.70","5.70","+","0.40","5.65","50","6.00","10","60.90",
="030795","致茂凱基52購02","103,000","14","407,080","3.69","4.15","3.65","4.02","+","0.07","4.08","10","4.12","10","556.00",
="030796","燿華凱基52購01","9,000","3","14,880","1.64","1.70","1.64","1.70"," ","0.00","1.68","100","1.78","10","31.45",
="030797","技嘉凱基52購01","0","0","0","--","--","--","--"," ","0.00","2.22","100","2.24","10","281.00",
="030798","毅嘉凱基52購01","0","0","0","--","--","--","--"," ","0.00","6.75","10","7.25","10","60.80",
="030799","京元電凱基52購02","13,000","2","28,820","2.21","2.24","2.21","2.24","+","0.48","2.21","102","2.24","10","142.00",
="03079U","美費半國票4B售02","0","0","0","--","--","--","--"," ","0.00","0.32","25","0.33","10","0.00",
="030800","長榮太凱基52購03","0","0","0","--","--","--","--"," ","0.00","4.31","100","4.41","10","180.00",
="030801","德律凱基52購03","60,000","5","307,000","5.15","5.15","5.05","5.05","-","0.60","4.97","100","5.00","10","206.00",
="030802","健鼎凱基54購01","14,000","3","43,180","3.09","3.09","3.01","3.01","-","0.20","2.90","10","2.92","10","318.00",
="030803","緯創凱基54購04","74,000","5","39,110","0.52","0.53","0.52","0.53"," ","0.00","0.54","100","--","0","115.00",
="030804","世芯凱基52購10","9,000","5","45,200","5.30","5.30","4.84","4.98","+","0.03","4.70","100","4.76","10","4,000.00",
="030805","貿聯凱基54購03","383,000","23","869,840","2.13","2.35","2.13","2.17","+","0.11","2.19","10","2.29","10","981.00",
="030806","定穎控凱基52購03","0","0","0","--","--","--","--"," ","0.00","2.73","100","2.83","10","106.00",
="030807","智伸科凱基52購01","188,000","21","593,750","3.03","3.41","2.99","3.41","+","0.33","3.30","10","3.40","10","168.50",
="030808","立積凱基52購02","30,000","2","46,650","1.48","1.57","1.48","1.57","+","0.06","2.12","100","2.30","15","158.00",
="030809","中磊凱基54購01","56,000","4","43,360","0.76","0.78","0.76","0.77","+","0.01","0.75","10","0.77","10","105.50",
="03080U","台積電國票4B售09","13,000","3","4,760","0.36","0.37","0.36","0.37","+","0.03","0.36","26","0.40","15","0.00",
="030810","啟碁凱基52購01","0","0","0","--","--","--","--"," ","0.00","0.78","100","0.80","10","127.00",
="030811","鈺邦凱基52購01","23,000","10","117,870","5.70","5.80","4.68","4.89","-","0.86","4.72","10","4.80","10","178.00",
="030812","愛普凱基52購02","0","0","0","--","--","--","--"," ","0.00","0.64","10","0.65","10","305.50",
="030813","AES凱基56購01","162,000","12","332,420","1.87","2.13","1.87","2.10","+","0.27","2.09","100","2.11","10","1,350.00",
="030814","昇陽半凱基54購01","18,000","5","44,460","2.38","2.52","2.38","2.43","+","0.24","2.42","100","2.45","10","152.50",
="030815","台塑元大52購10","0","0","0","--","--","--","--"," ","0.00","1.51","450","1.53","10","39.10",
="030816","台塑元大52購11","0","0","0","--","--","--","--"," ","0.00","1.88","350","1.90","10","39.10",
="030817","台塑元大54購01","2,000","1","3,600","1.80","1.80","1.80","1.80","-","0.31","1.70","400","1.72","10","39.10",
="030818","國喬元大52購01","22,000","2","14,940","0.69","0.69","0.66","0.66","X","0.00","0.67","499","0.68","10","9.92",
="030819","台化元大52購04","25,000","1","46,750","1.87","1.87","1.87","1.87","-","0.33","1.84","350","1.86","10","29.90",
="03081U","台積電國票4C售09","122,000","4","48,680","0.40","0.40","0.39","0.39"," ","0.00","0.41","25","0.45","10","0.00",
="030820","台化元大52購05","3,000","1","5,910","1.97","1.97","1.97","1.97","-","0.21","1.87","350","1.90","10","29.90",
="030821","台化元大52購06","205,000","6","476,550","2.33","2.41","2.27","2.41","X","0.00","2.26","300","2.28","10","29.90",
="030822","中砂元大54購03","343,000","21","977,370","2.71","2.95","2.69","2.95","+","0.24","2.87","25","2.92","10","347.00",
="030823","台玻元大52購04","93,000","9","502,150","5.45","5.55","5.15","5.55","-","0.20","5.55","25","5.75","10","34.55",
="030824","台玻元大52購05","178,000","14","867,500","4.82","5.05","4.60","4.89","-","0.06","4.94","25","5.10","10","34.55",
="030825","台玻元大52購06","0","0","0","--","--","--","--"," ","0.00","4.38","25","--","0","34.55",
="030826","中鴻元大52購01","10,000","1","9,600","0.96","0.96","0.96","0.96","X","0.00","0.98","25","1.00","10","16.15",
="030827","大成鋼元大58購01","21,000","3","42,630","2.07","2.07","1.99","1.99","-","0.37","1.95","25","1.97","10","38.60",
="030828","光寶科元大54購01","821,000","20","788,310","0.95","0.97","0.95","0.96","-","0.04","0.93","25","0.95","10","130.00",
="030829","華通元大52購05","306,000","24","1,066,620","3.12","3.86","3.05","3.44","+","0.33","3.32","250","3.37","10","79.30",
="03082U","智邦國票4C售04","20,000","2","4,700","0.23","0.24","0.23","0.24","X","0.00","0.23","25","0.24","10","0.00",
="030830","楠梓電元大52購01","624,000","108","945,840","1.52","1.70","1.31","1.65","+","0.18","1.56","3","1.65","1","109.50",
="030831","楠梓電元大54購01","22,000","9","60,470","2.59","3.00","2.59","2.99","+","0.46","2.76","25","3.01","2","109.50",
="030832","鴻海元大52購11","61,000","11","87,400","1.43","1.48","1.38","1.48","-","0.09","1.46","450","1.48","9","206.00",
="030833","台積電元大52購14","27,000","3","18,480","0.69","0.69","0.66","0.66","-","0.06","0.63","2","0.72","5","1,160.00",
="030834","旺宏元大52購02","116,000","4","133,880","1.18","1.18","1.15","1.15","-","0.11","1.16","499","1.19","10","20.10",
="030835","致茂元大52購02","64,000","6","244,380","3.83","4.05","3.77","3.92","+","0.07","3.99","25","4.04","10","556.00",
="030836","燿華元大52購03","82,000","10","180,340","2.24","2.35","2.10","2.19","+","0.03","2.22","350","2.26","10","31.45",
="030837","佳能元大52購01","34,000","7","65,820","2.02","2.04","1.86","1.88","-","0.08","1.90","400","2.00","10","80.80",
="030838","漢唐元大52購04","28,000","4","237,000","8.55","8.55","8.00","8.00","-","1.05","8.55","19","8.75","10","1,190.00",
="030839","建準元大52購02","263,000","8","351,800","1.37","1.37","1.32","1.32","-","0.05","1.37","19","1.43","10","137.00",
="03083U","大同國票4B售02","0","0","0","--","--","--","--"," ","0.00","0.64","25","0.65","10","0.00",
="030840","京元電元大52購02","0","0","0","--","--","--","--"," ","0.00","1.42","499","1.52","10","142.00",
="030841","聯發科元大52購07","429,000","12","600,410","1.40","1.44","1.39","1.40","-","0.02","1.36","10","--","0","1,385.00",
="030842","中航元大52購01","126,000","7","270,600","2.19","2.21","2.11","2.11","-","0.12","2.13","350","2.15","10","55.50",
="030843","亞光元大54購03","493,000","13","838,020","1.68","1.76","1.65","1.68","-","0.01","1.65","5","1.66","10","164.00",
="030844","智原元大54購01","519,000","18","541,350","1.03","1.06","1.03","1.04"," ","0.00","1.04","499","1.06","10","158.00",
="030845","欣興元大54購09","184,000","8","273,630","1.47","1.54","1.37","1.54","+","0.01","1.47","499","1.50","10","150.00",
="030846","景碩元大52購04","2,000","1","1,820","0.91","0.91","0.91","0.91"," ","0.00","0.87","499","0.91","10","113.50",
="030847","華擎元大52購01","0","0","0","--","--","--","--"," ","0.00","1.06","499","1.07","10","281.00",
="030848","華擎元大52購02","45,000","2","20,900","0.48","0.48","0.46","0.46","-","0.03","0.45","499","0.46","10","281.00",
="030849","定穎控元大52購01","9,000","1","53,550","5.95","5.95","5.95","5.95","X","0.00","5.95","100","--","0","106.00",
="03084U","南亞科國票4C售03","15,000","1","13,350","0.89","0.89","0.89","0.89","+","0.04","0.93","25","0.94","10","0.00",
="030850","定穎控元大54購01","1,000","1","1,980","1.98","1.98","1.98","1.98","-","0.16","1.95","5","2.14","24","106.00",
="030851","南寶元大52購01","218,000","14","544,380","2.48","2.78","2.34","2.58","+","0.06","2.54","25","2.60","10","376.00",
="030852","南寶元大52購02","182,000","11","341,990","1.90","2.14","1.78","2.10","+","0.11","1.95","25","1.99","10","376.00",
="030853","AES元大52購04","406,000","21","455,080","1.06","1.21","1.03","1.14","+","0.14","1.15","499","1.18","10","1,350.00",
="030854","AES元大52購05","548,000","33","504,210","0.83","0.96","0.83","0.94","+","0.15","0.93","499","0.95","10","1,350.00",
="030855","AES元大52購06","775,000","34","829,580","0.99","1.14","0.97","1.10","+","0.16","1.09","499","1.11","10","1,350.00",
="030856","AES元大54購03","368,000","9","387,810","0.99","1.08","0.99","1.04","+","0.10","1.05","499","1.07","10","1,350.00",
="030857","AES元大56購05","433,000","10","492,700","1.12","1.19","1.12","1.19","+","0.09","1.19","499","1.21","10","1,350.00",
="030858","富世達元大54購05","1,503,000","50","2,283,970","1.61","1.62","1.46","1.57","-","0.03","1.57","20","--","0","1,145.00",
="030859","菱光元大52購01","0","0","0","--","--","--","--"," ","0.00","3.11","251","3.15","10","61.50",
="03085U","陽明國票4C售02","0","0","0","--","--","--","--"," ","0.00","2.22","25","2.32","10","0.00",
="030860","滬深2X群益57購01","0","0","0","--","--","--","--"," ","0.00","0.15","66","1.76","1","18.32",
="030861","台玻群益52購01","5,000","1","17,750","3.55","3.55","3.55","3.55","X","0.00","3.53","10","--","0","34.55",
="030862","光寶科群益52購02","375,000","13","604,170","1.57","1.63","1.57","1.63","-","0.01","0.60","83","--","0","130.00",
="030863","鴻海群益53購11","0","0","0","--","--","--","--"," ","0.00","2.40","100","2.44","100","206.00",
="030864","智邦群益52購05","0","0","0","--","--","--","--"," ","0.00","5.20","10","5.70","10","984.00",
="030865","致茂群益53購01","230,000","14","617,980","2.67","2.73","2.61","2.73","+","0.08","1.07","46","--","0","556.00",
="030866","佳能群益52購02","1,000","1","3,600","3.60","3.60","3.60","3.60","+","0.09","3.42","10","3.52","10","80.80",
="030867","台光電群益57購02","149,000","7","172,510","1.11","1.17","1.11","1.16","-","0.07","1.15","1","--","0","1,250.00",
="030868","聯發科群益52購07","0","0","0","--","--","--","--"," ","0.00","0.21","19","--","0","1,385.00",
="030869","漢翔群益52購03","40,000","7","177,530","4.23","4.45","4.23","4.42","+","1.13","3.90","1","4.60","1","60.00",
="03086U","材料國票4C售03","10,000","1","8,900","0.89","0.89","0.89","0.89","X","0.00","0.90","25","0.91","10","0.00",
="030870","奇鋐群益52購07","102,000","6","154,960","1.58","1.58","1.48","1.48","-","0.25","1.42","1","1.85","20","1,015.00",
="030871","欣興群益54購01","229,000","12","280,340","1.10","1.28","1.10","1.22","-","0.03","1.20","100","1.22","100","150.00",
="030872","華擎群益52購02","75,000","4","179,700","2.50","2.50","2.38","2.38","-","0.13","2.33","100","2.35","100","281.00",
="030873","智易群益52購01","0","0","0","--","--","--","--"," ","0.00","0.19","52","--","0","236.00",
="030874","達邁群益53購01","185,000","16","272,020","1.48","1.51","1.35","1.35","-","0.17","1.35","10","1.45","10","73.80",
="030875","世芯群益52購08","50,000","12","230,340","4.69","4.69","4.37","4.37","-","0.18","4.37","10","4.47","10","4,000.00",
="030876","神達群益52購03","141,000","18","1,533,600","10.50","11.00","10.30","11.00","+","2.00","10.90","10","11.90","10","95.90",
="030877","定穎控群益53購01","1,519,000","90","3,231,550","2.23","2.27","2.02","2.14","-","0.32","2.11","5","4.10","20","106.00",
="030878","定穎控群益54購01","0","0","0","--","--","--","--"," ","0.00","1.64","30","--","0","106.00",
="030879","南寶群益52購02","100,000","7","131,110","1.27","1.39","1.20","1.33","+","0.03","1.31","10","1.41","10","376.00",
="03087U","臺股指富邦4B售09","0","0","0","--","--","--","--"," ","0.00","0.23","499","0.24","100","0.00",
="030880","立積群益52購02","983,000","31","2,416,050","2.25","2.75","2.15","2.70","+","0.47","2.60","1","--","0","158.00",
="030881","中磊群益52購01","69,000","3","43,800","0.63","0.64","0.63","0.63","-","0.02","0.62","100","0.64","100","105.50",
="030882","愛普群益52購02","31,000","1","17,670","0.57","0.57","0.57","0.57","X","0.00","0.61","100","0.62","100","305.50",
="030883","愛普群益52購03","0","0","0","--","--","--","--"," ","0.00","0.51","100","0.52","100","305.50",
="030884","晶心科群益53購01","76,000","5","98,020","1.26","1.30","1.23","1.23"," ","0.00","1.20","10","1.30","10","283.00",
="030885","緯穎群益52購07","168,000","11","328,210","2.02","2.02","1.93","1.93","-","0.04","1.92","10","2.02","10","2,975.00",
="030886","T50正2中信56購03","10,000","2","9,850","1.00","1.00","0.97","0.97","-","0.06","0.95","100","0.96","100","0.00",
="030887","台塑中信58購01","142,000","6","414,660","3.06","3.06","2.89","2.92","-","0.34","2.87","10","2.97","10","0.00",
="030888","台灣50永豐58購03","0","0","0","--","--","--","--"," ","0.00","2.06","10","2.07","10","52.50",
="030889","元債2X永豐64購01","0","0","0","--","--","--","--"," ","0.00","1.10","10","1.11","10","7.05",
="03088U","臺股指富邦53售04","0","0","0","--","--","--","--"," ","0.00","0.51","499","0.52","100","0.00",
="030890","大同永豐52購01","7,000","1","10,990","1.57","1.57","1.57","1.57","-","0.07","1.61","499","1.62","10","40.75",
="030891","長榮永豐54購03","78,000","4","58,670","0.76","0.78","0.74","0.74","+","0.01","0.71","10","0.72","10","188.00",
="030892","亞光永豐53購03","149,000","12","228,150","1.44","1.58","1.44","1.49","+","0.02","1.40","10","1.41","10","164.00",
="030893","華晶科永豐52購02","14,000","2","26,870","1.93","1.93","1.90","1.90","-","0.10","1.91","499","1.96","10","50.30",
="030894","智伸科永豐53購02","190,000","14","256,050","1.29","1.48","1.28","1.48","+","0.24","0.63","15","--","0","168.50",
="030895","上品永豐53購01","0","0","0","--","--","--","--"," ","0.00","0.77","10","0.80","10","284.00",
="030896","昇陽半永豐54購01","63,000","3","47,370","0.75","0.78","0.75","0.78","+","0.06","0.78","499","0.79","10","152.50",
="030897","上証2X元富55購01","45,000","2","114,310","2.53","2.55","2.53","2.55","X","0.00","2.50","25","2.60","10","45.30",
="030898","SGBR2X元富52購01","0","0","0","--","--","--","--"," ","0.00","1.64","25","1.65","25","11.25",
="030899","台塑元富52購02","0","0","0","--","--","--","--"," ","0.00","1.04","25","1.05","25","39.10",
="03089U","長榮台新4B售03","0","0","0","--","--","--","--"," ","0.00","1.25","10","1.26","10","0.00",
="030900","鴻海元富52購06","100,000","2","327,000","3.27","3.27","3.27","3.27","X","0.00","3.23","25","3.27","25","206.00",
="030901","鴻海元富52購07","0","0","0","--","--","--","--"," ","0.00","3.06","25","3.10","25","206.00",
="030902","智邦元富55購01","14,000","1","25,760","1.84","1.84","1.84","1.84","+","0.06","1.78","25","1.80","25","984.00",
="030903","智邦元富58購01","21,000","1","24,990","1.19","1.19","1.19","1.19","+","0.03","1.15","25","1.16","25","984.00",
="030904","智邦元富58購02","40,000","3","60,880","1.50","1.56","1.50","1.56","+","0.02","1.50","25","1.51","25","984.00",
="030905","昆盈元富52購01","27,000","4","100,130","3.61","3.77","3.61","3.63","+","0.06","3.49","25","3.54","25","49.85",
="030906","佳能元富55購01","47,000","17","171,540","3.54","3.71","3.50","3.55","-","0.16","1.91","10","--","0","80.80",
="030907","宏達電元富52購02","0","0","0","--","--","--","--"," ","0.00","--","0","--","0","66.50",
="030908","亞航元富52購01","6,000","1","39,300","6.55","6.55","6.55","6.55","+","0.35","3.54","2","6.80","1","62.70",
="030909","亞光元富52購02","12,000","1","44,160","3.68","3.68","3.68","3.68","+","0.39","3.16","25","3.26","10","164.00",
="03090U","T50正2元大4B售07","0","0","0","--","--","--","--"," ","0.00","0.15","100","0.20","10","0.00",
="030910","亞光元富55購01","0","0","0","--","--","--","--"," ","0.00","2.32","25","2.42","10","164.00",
="030911","晶技元富52購01","14,000","3","14,070","0.97","1.01","0.97","1.00","-","0.01","0.99","25","1.00","25","88.60",
="030912","健鼎元富52購01","30,000","4","54,800","1.84","1.84","1.80","1.80","-","0.13","1.75","25","1.77","25","318.00",
="030913","創意元富52購02","203,000","14","375,770","1.73","1.89","1.73","1.85","+","0.06","1.73","1","2.00","3","1,350.00",
="030914","聯鈞元富52購01","124,000","10","201,880","1.70","1.70","1.53","1.55","-","0.26","1.51","25","1.53","25","202.00",
="030915","牧德元富52購02","147,000","16","413,450","2.73","2.96","2.69","2.96","+","0.26","3.05","25","3.07","25","594.00",
="030916","神達元富52購04","5,000","1","16,500","3.30","3.30","3.30","3.30","+","0.80","3.18","25","3.28","25","95.90",
="030917","上品元富52購01","23,000","1","44,620","1.94","1.94","1.94","1.94","-","0.04","1.88","25","1.92","25","284.00",
="030918","上品元富55購01","56,000","3","99,180","1.78","1.78","1.75","1.75","-","0.04","1.71","25","1.81","10","284.00",
="030919","台塑化元富52購01","0","0","0","--","--","--","--"," ","0.00","2.32","25","2.34","25","40.75",
="03091U","T50正2元大4B售08","0","0","0","--","--","--","--"," ","0.00","0.23","100","0.24","10","0.00",
="030920","T50反1國票52購03","10,000","2","12,160","1.21","1.24","1.21","1.24","+","0.09","1.23","25","1.24","10","19.79",
="030921","T50反1國票54購01","0","0","0","--","--","--","--"," ","0.00","0.94","25","0.95","10","19.79",
="030922","元金2X國票53購03","3,000","1","4,380","1.46","1.46","1.46","1.46","+","0.07","1.46","25","1.47","10","58.65",
="030923","國喬國票53購01","0","0","0","--","--","--","--"," ","0.00","0.87","25","0.88","10","9.92",
="030924","和大國票53購01","5,000","2","9,410","1.85","1.93","1.85","1.93","+","0.11","2.51","25","--","0","72.90",
="030925","華新國票52購01","60,000","3","162,000","2.70","2.70","2.70","2.70","X","0.00","2.63","25","2.66","10","23.35",
="030926","漢唐國票53購02","17,000","2","145,600","8.40","8.80","8.40","8.80","-","0.85","9.05","25","9.20","10","1,190.00",
="030927","建準國票54購01","127,000","6","184,160","1.45","1.47","1.43","1.44","+","0.01","1.43","25","1.44","10","137.00",
="030928","全新國票54購01","10,000","1","14,600","1.46","1.46","1.46","1.46","-","0.19","1.44","25","1.45","10","153.50",
="030929","緯創國票53購03","49,000","2","28,910","0.59","0.59","0.59","0.59","-","0.01","0.58","25","0.59","10","115.00",
="03092U","台積電元大4B售26","351,000","7","68,400","0.19","0.21","0.19","0.21","+","0.01","--","0","--","0","0.00",
="030930","創意國票56購01","94,000","5","146,460","1.48","1.58","1.48","1.57","+","0.12","1.50","25","1.52","10","1,350.00",
="030931","嘉澤國票58購01","13,000","2","15,430","1.15","1.21","1.15","1.21","-","0.02","1.22","25","1.23","10","1,465.00",
="030932","牧德國票53購01","94,000","10","155,000","1.64","1.71","1.57","1.70","+","0.19","1.76","25","1.79","10","594.00",
="030933","達邁國票53購02","187,000","14","525,850","2.83","2.94","2.60","2.60","-","0.26","2.58","25","2.59","10","73.80",
="030934","上品國票53購01","17,000","2","33,690","1.98","2.01","1.98","2.01","-","0.06","1.94","25","1.95","10","284.00",
="030935","全訊國票56購01","134,000","11","214,940","1.57","1.71","1.56","1.61","-","0.05","1.63","25","1.65","10","146.00",
="030936","穎崴國票56購01","276,000","9","437,910","1.68","1.71","1.56","1.63","-","0.16","1.82","25","1.84","10","1,250.00",
="030937","緯穎國票53購01","3,000","1","9,060","3.02","3.02","3.02","3.02","X","0.00","3.00","25","3.05","10","2,975.00",
="030938","昇陽半國票55購01","0","0","0","--","--","--","--"," ","0.00","1.27","25","1.28","10","152.50",
="030939","川湖國泰53購03","0","0","0","--","--","--","--"," ","0.00","2.27","499","2.31","100","2,925.00",
="03093U","金像電元大4B售05","0","0","0","--","--","--","--"," ","0.00","0.04","20","0.13","10","0.00",
="03093X","永豐金元大61展01","0","0","0","--","--","--","--"," ","0.00","37.80","100","38.00","10","23.60",
="030940","台達電國泰53購02","0","0","0","--","--","--","--"," ","0.00","4.61","10","4.67","10","709.00",
="030941","致茂國泰53購01","55,000","5","161,840","2.90","3.02","2.84","3.02","+","0.13","3.02","499","--","0","556.00",
="030942","台光電國泰53購03","59,000","5","110,390","1.87","1.89","1.83","1.89","-","0.08","1.83","499","1.86","499","1,250.00",
="030943","聯發科國泰53購01","0","0","0","--","--","--","--"," ","0.00","1.08","499","1.11","499","1,385.00",
="030944","全新國泰53購03","20,000","2","30,400","1.52","1.52","1.52","1.52","-","0.01","1.40","499","1.41","100","153.50",
="030945","亞光國泰53購02","0","0","0","--","--","--","--"," ","0.00","1.95","499","1.98","499","164.00",
="030946","智原國泰53購01","47,000","2","72,410","1.55","1.55","1.53","1.53","X","0.00","1.58","499","1.60","499","158.00",
="030947","晶技國泰53購01","25,000","5","35,710","1.41","1.45","1.40","1.40","-","0.04","1.42","499","1.46","100","88.60",
="030948","鴻海台新52購02","0","0","0","--","--","--","--"," ","0.00","2.52","20","2.53","10","0.00",
="030949","台玻兆豐54購01","2,000","1","5,280","2.64","2.64","2.64","2.64","-","0.07","2.67","10","2.68","10","34.55",
="03094U","長榮元大4B售09","0","0","0","--","--","--","--"," ","0.00","2.56","300","2.58","100","0.00",
="030950","台積電兆豐54購01","0","0","0","--","--","--","--"," ","0.00","0.85","10","0.86","10","1,160.00",
="030951","致茂兆豐54購01","629,000","20","924,630","1.40","1.52","1.37","1.44","-","0.06","1.51","10","1.52","10","556.00",
="030952","啟碁兆豐54購01","190,000","10","170,720","0.94","0.94","0.87","0.87","-","0.05","0.86","10","0.87","7","127.00",
="030953","台達電富邦53購04","770,000","38","1,182,930","1.58","1.60","1.50","1.55","-","0.13","1.55","30","1.59","10","0.00",
="030954","鴻海富邦52購02","121,000","18","168,580","1.42","1.42","1.35","1.41","-","0.08","1.40","30","1.41","10","0.00",
="030955","金像電富邦53購03","593,000","39","1,029,190","1.69","1.85","1.66","1.85","+","0.16","1.84","10","1.87","10","0.00",
="030956","建準富邦54購01","26,000","4","38,960","1.51","1.51","1.49","1.49","-","0.02","1.51","10","1.52","10","0.00",
="030957","全新富邦54購01","509,000","44","550,160","1.10","1.14","1.04","1.08","-","0.07","1.06","10","1.07","10","0.00",
="030958","萬海富邦52購03","72,000","6","43,030","0.58","0.64","0.58","0.59","-","0.02","0.58","21","0.59","10","0.00",
="030959","晶技富邦52購01","102,000","6","91,590","0.88","0.93","0.87","0.92"," ","0.00","0.90","10","0.92","10","0.00",
="03095U","萬海元大4B售07","0","0","0","--","--","--","--"," ","0.00","2.38","300","2.39","200","0.00",
="030960","華擎富邦53購02","195,000","4","112,260","0.60","0.60","0.57","0.58","-","0.04","0.56","30","0.57","10","0.00",
="030961","緯穎富邦54購01","446,000","9","610,920","1.36","1.40","1.35","1.35","-","0.04","1.35","10","1.37","10","0.00",
="030962","洋基富邦52購01","136,000","12","152,130","1.20","1.20","1.05","1.11","-","0.12","1.07","10","1.08","10","0.00",
="030963","富世達富邦55購01","1,000","1","1,730","1.73","1.73","1.73","1.73","-","0.23","1.73","10","1.77","10","0.00",
="030964","台塑凱基54購02","6,000","1","18,780","3.13","3.13","3.13","3.13","-","0.29","2.99","100","3.01","10","39.10",
="030965","台化凱基52購03","0","0","0","--","--","--","--"," ","0.00","4.13","100","4.15","10","29.90",
="030966","台玻凱基56購01","0","0","0","--","--","--","--"," ","0.00","6.70","499","7.20","10","34.55",
="030967","鴻海凱基68購02","35,000","5","112,070","3.21","3.21","3.15","3.21","-","0.06","3.21","100","3.22","10","206.00",
="030968","智邦凱基52購06","3,000","1","12,930","4.31","4.31","4.31","4.31","-","0.16","4.31","100","4.33","10","984.00",
="030969","致茂凱基52購03","152,000","19","509,460","3.30","3.46","3.09","3.41","-","0.05","3.41","30","3.43","10","556.00",
="03096U","貿聯元大4B售12","0","0","0","--","--","--","--"," ","0.00","0.09","499","0.10","200","0.00",
="030970","佳能凱基54購01","1,000","1","2,240","2.24","2.24","2.24","2.24","-","0.12","2.23","100","2.33","10","80.80",
="030971","漢唐凱基54購01","24,000","9","258,400","10.90","10.90","10.20","10.70","-","0.60","10.90","10","11.10","10","1,190.00",
="030972","建準凱基54購01","138,000","14","251,860","1.77","1.85","1.77","1.81","+","0.02","1.77","10","1.80","10","137.00",
="030973","聯發科凱基52購09","0","0","0","--","--","--","--"," ","0.00","1.38","100","1.39","10","1,385.00",
="030974","長榮凱基52購01","221,000","15","311,710","1.37","1.48","1.35","1.35","-","0.06","0.37","27","--","0","188.00",
="030975","華航凱基52購02","0","0","0","--","--","--","--"," ","0.00","1.73","10","1.75","10","21.25",
="030976","晟銘電凱基52購03","178,000","21","303,920","1.78","1.78","1.50","1.53","-","0.07","1.48","68","1.50","10","133.00",
="030977","奇鋐凱基52購04","0","0","0","--","--","--","--"," ","0.00","3.56","100","3.66","10","1,015.00",
="030978","亞光凱基54購02","150,000","1","345,000","2.30","2.30","2.30","2.30","+","0.11","2.06","100","2.16","10","164.00",
="030979","欣興凱基52購04","110,000","4","180,300","1.50","1.69","1.50","1.64","+","0.03","0.65","15","1.61","10","150.00",
="03097U","臺股指元大4B售35","20,000","1","7,000","0.35","0.35","0.35","0.35","+","0.01","0.36","100","0.37","10","0.00",
="030980","景碩凱基52購02","190,000","18","274,090","1.39","1.51","1.39","1.41","+","0.02","1.33","100","1.36","10","113.50",
="030981","聯鈞凱基52購06","256,000","21","545,700","2.23","2.23","2.03","2.04","-","0.33","2.01","50","2.03","10","202.00",
="030982","華擎凱基52購03","53,000","3","79,260","1.50","1.50","1.42","1.42","-","0.11","1.41","10","1.42","10","281.00",
="030983","智易凱基52購02","0","0","0","--","--","--","--"," ","0.00","1.62","10","1.72","10","236.00",
="030984","南寶凱基52購03","449,000","25","503,700","1.08","1.25","1.00","1.14","+","0.02","1.11","10","1.14","10","376.00",
="030985","上品凱基52購02","24,000","2","48,600","2.05","2.05","1.99","1.99","-","0.14","1.94","100","2.00","10","284.00",
="030986","啟碁凱基52購02","0","0","0","--","--","--","--"," ","0.00","1.05","100","1.08","10","127.00",
="030987","洋基凱基52購01","3,000","3","7,110","2.64","2.64","2.23","2.23","-","0.40","2.12","10","2.22","10","476.00",
="030988","富世達凱基54購04","50,000","1","96,000","1.92","1.92","1.92","1.92","X","0.00","1.98","100","2.05","10","1,145.00",
="030989","昇陽半凱基56購02","44,000","4","83,630","1.81","1.96","1.81","1.96","+","0.36","1.89","100","1.91","10","152.50",
="03098U","臺股指元大4B售36","0","0","0","--","--","--","--"," ","0.00","0.30","100","0.31","10","0.00",
="030990","台塑元大54購02","50,000","5","144,400","2.90","2.90","2.84","2.84","-","0.18","2.78","250","2.80","10","39.10",
="030991","聚陽元大52購01","84,000","1","132,720","1.58","1.58","1.58","1.58","X","0.00","1.54","499","1.56","10","265.00",
="030992","華城元大54購08","298,000","5","137,650","0.48","0.48","0.46","0.46","-","0.01","0.44","499","0.45","10","618.00",
="030993","華新元大52購02","207,000","14","296,530","1.38","1.53","1.38","1.39","-","0.01","1.40","499","1.43","10","23.35",
="030994","台玻元大52購07","0","0","0","--","--","--","--"," ","0.00","4.38","25","--","0","34.55",
="030995","台玻元大54購01","108,000","12","504,310","4.71","4.96","4.48","4.71","-","0.14","4.78","25","4.87","10","34.55",
="030996","大成鋼元大58購02","79,000","5","143,370","1.78","1.83","1.78","1.83","-","0.11","1.69","25","1.71","10","38.60",
="030997","川湖元大52購03","232,000","13","450,550","1.88","1.96","1.85","1.91","+","0.01","1.89","400","1.91","10","2,925.00",
="030998","光寶科元大54購02","1,180,000","18","1,144,380","0.98","0.98","0.94","0.97","-","0.03","0.95","10","0.96","10","130.00",
="030999","華通元大52購06","299,000","27","1,050,520","3.15","3.88","3.13","3.43","+","0.24","3.38","250","3.43","10","79.30",
="03099U","臺股指元大4B售37","200,000","5","61,000","0.31","0.31","0.29","0.31","+","0.02","0.31","100","0.32","10","0.00",
="031000","楠梓電元大58購01","140,000","24","215,220","1.37","1.66","1.36","1.51","+","0.09","1.51","9","1.66","6","109.50",
="031001","鴻海元大52購12","70,000","3","96,700","1.37","1.41","1.37","1.41","-","0.10","1.40","499","1.42","10","206.00",
="031002","廣宇元大54購02","372,000","27","821,290","2.14","2.30","2.02","2.17","+","0.06","2.13","350","2.15","10","60.90",
="031003","台積電元大52購16","1,000","1","870","0.87","0.87","0.87","0.87","-","0.04","0.09","111","--","0","1,160.00",
="031006","智邦元大52購03","143,000","12","509,670","3.49","3.74","3.41","3.74","+","0.05","3.54","200","3.57","10","984.00",
="031007","鴻準元大54購02","113,000","6","244,050","2.18","2.21","2.13","2.13","-","0.04","2.13","350","2.15","10","71.70",
="031008","致茂元大52購03","91,000","4","174,450","1.93","1.93","1.90","1.93","-","0.02","1.97","400","2.00","10","556.00",
="031009","昆盈元大52購01","7,000","2","25,530","3.89","3.89","3.55","3.55","-","0.16","3.55","200","3.59","10","49.85",
="03100U","南亞科群益51售04","0","0","0","--","--","--","--"," ","0.00","0.59","100","0.60","100","0.00",
="031010","金像電元大52購01","1,032,000","53","1,851,160","1.75","1.91","1.69","1.91","+","0.12","1.89","450","1.91","8","486.00",
="031011","台光電元大54購09","459,000","12","416,120","0.95","0.95","0.84","0.91","-","0.05","0.81","6","1.13","10","1,250.00",
="031012","毅嘉元大52購01","16,000","2","103,900","6.40","6.50","6.40","6.50","-","0.20","6.45","100","6.55","10","60.80",
="031013","毅嘉元大52購02","0","0","0","--","--","--","--"," ","0.00","6.10","100","--","0","60.80",
="031014","漢唐元大52購05","53,000","5","435,450","8.25","8.25","8.10","8.15","-","0.60","8.25","22","8.45","10","1,190.00",
="031015","建準元大52購03","668,000","11","874,990","1.28","1.33","1.28","1.29","-","0.02","1.29","24","1.33","1","137.00",
="031016","聯發科元大52購08","239,000","5","308,590","1.33","1.35","1.29","1.31","-","0.03","0.39","51","--","0","1,385.00",
="031017","宏達電元大55購01","465,000","23","1,487,550","3.23","3.70","3.00","3.70","+","0.20","3.17","1","3.70","6","66.50",
="031018","中信金元大52購01","0","0","0","--","--","--","--"," ","0.00","1.18","499","1.21","10","41.80",
="031019","欣興元大58購01","14,000","4","27,180","1.81","1.97","1.81","1.96","+","0.01","1.92","15","1.93","10","150.00",
="03101U","T50正2凱基4B售06","330,000","3","103,300","0.31","0.32","0.31","0.32","+","0.02","0.31","100","0.32","10","0.00",
="031020","晶技元大52購01","0","0","0","--","--","--","--"," ","0.00","1.99","25","2.03","10","88.60",
="031021","群創元大57購01","626,000","29","933,600","1.36","1.63","1.34","1.58","+","0.34","1.58","499","1.61","10","14.15",
="031022","達邁元大52購01","169,000","10","366,770","2.26","2.27","2.10","2.13","-","0.22","2.01","350","2.02","10","73.80",
="031023","達邁元大52購02","171,000","16","410,700","2.49","2.57","2.31","2.31","-","0.27","2.25","300","2.26","10","73.80",
="031024","世芯元大52購13","1,000","1","2,800","2.80","2.80","2.80","2.80","X","0.00","2.68","250","2.72","10","4,000.00",
="031025","智伸科元大52購01","310,000","5","479,300","1.43","1.55","1.43","1.55","+","0.07","1.70","25","1.74","10","168.50",
="031026","材料元大58購01","67,000","6","135,480","1.96","2.04","1.96","2.02","+","0.05","1.97","400","1.98","10","67.70",
="031027","臻鼎元大52購04","5,000","1","28,500","5.70","5.70","5.70","5.70","-","1.00","5.75","150","--","0","194.00",
="031028","立積元大52購01","52,000","6","47,350","0.88","1.26","0.84","1.23","+","0.39","1.35","5","--","0","158.00",
="031029","立積元大52購02","1,000","1","1,120","1.12","1.12","1.12","1.12","+","0.17","1.31","125","--","0","158.00",
="03102U","道瓊銀凱基53售01","0","0","0","--","--","--","--"," ","0.00","0.19","10","0.20","50","0.00",
="031030","亞翔元大58購01","6,000","3","9,300","1.58","1.58","1.51","1.51","-","0.11","1.48","450","1.49","10","349.50",
="031031","洋基元大52購01","80,000","11","251,700","3.25","3.25","2.89","2.89","-","0.49","2.77","250","2.79","10","476.00",
="031032","AES元大52購07","380,000","12","331,550","0.89","0.92","0.85","0.92","+","0.15","0.91","499","0.94","10","1,350.00",
="031033","富世達元大56購02","32,000","10","62,670","1.89","1.99","1.89","1.99","-","0.17","1.01","9","--","0","1,145.00",
="031034","連加元大52購01","118,000","1","92,040","0.78","0.78","0.78","0.78","-","0.09","0.76","499","0.78","10","615.00",
="031035","南電元大52購07","278,000","20","590,920","2.02","2.53","2.00","2.53","+","0.53","2.47","35","2.79","10","226.00",
="031036","南電元大56購03","31,000","9","67,850","2.11","2.40","2.11","2.40","-","0.04","2.52","400","--","0","226.00",
="031037","臺股指元大52購13","35,000","5","71,790","2.17","2.17","1.97","1.99","-","0.26","1.98","100","1.99","10","0.00",
="031038","臺股指元大52購14","7,000","4","10,880","1.58","1.58","1.52","1.52","-","0.13","1.51","100","1.52","10","0.00",
="031039","臺股指元大52購15","0","0","0","--","--","--","--"," ","0.00","1.79","100","1.80","10","0.00",
="03103U","台積電凱基4C售28","45,000","4","17,250","0.38","0.41","0.38","0.41","+","0.03","0.41","95","0.42","10","0.00",
="031040","臺股指元大56購07","11,000","5","29,280","2.69","2.70","2.63","2.63","-","0.13","2.60","100","2.61","10","0.00",
="031041","台灣50群益52購03","6,000","1","21,960","3.66","3.66","3.66","3.66","-","0.14","3.45","100","3.48","100","52.50",
="031042","台灣50群益52購04","0","0","0","--","--","--","--"," ","0.00","2.15","100","2.17","100","52.50",
="031043","台灣50群益52購05","0","0","0","--","--","--","--"," ","0.00","1.26","100","1.27","100","52.50",
="031044","台塑群益52購03","0","0","0","--","--","--","--"," ","0.00","2.40","10","2.50","10","39.10",
="031045","台玻群益53購05","10,000","1","43,000","4.30","4.30","4.30","4.30","-","0.23","4.53","10","4.63","10","34.55",
="031046","川湖群益54購05","30,000","1","30,300","1.01","1.01","1.01","1.01","+","0.01","1.03","100","1.06","100","2,925.00",
="031047","聯電群益52購01","2,000","2","2,890","1.44","1.45","1.44","1.45","-","0.08","1.43","114","1.46","100","40.60",
="031048","昆盈群益52購01","80,000","18","147,590","1.81","1.95","1.72","1.77","-","0.16","1.72","10","1.82","10","49.85",
="031049","技嘉群益52購03","17,000","5","36,920","2.23","2.23","2.08","2.08","-","0.15","0.62","16","2.13","1","281.00",
="03104U","南亞科凱基4C售05","0","0","0","--","--","--","--"," ","0.00","1.14","10","1.15","30","0.00",
="031050","中華電群益54購01","1,000","1","910","0.91","0.91","0.91","0.91","+","0.04","0.28","35","0.92","3","133.00",
="031051","京元電群益52購01","37,000","6","95,940","2.57","2.67","2.52","2.57","+","0.16","2.50","1","2.75","1","142.00",
="031052","聯發科群益52購08","10,000","2","9,400","0.95","0.95","0.93","0.93","-","0.04","0.33","30","--","0","1,385.00",
="031053","漢翔群益52購04","0","0","0","--","--","--","--"," ","0.00","1.64","26","--","0","60.00",
="031054","長榮太群益53購01","100,000","19","452,890","4.68","4.77","4.01","4.01","-","0.38","1.90","5","--","0","180.00",
="031055","德律群益52購02","1,000","1","3,680","3.68","3.68","3.68","3.68","-","0.43","3.49","10","3.59","10","206.00",
="031056","晶技群益52購01","0","0","0","--","--","--","--"," ","0.00","0.16","6","--","0","88.60",
="031057","緯創群益53購05","135,000","10","75,220","0.55","0.59","0.54","0.57","-","0.02","0.20","50","0.60","22","115.00",
="031058","達邁群益53購02","214,000","14","144,020","0.70","0.72","0.64","0.64","-","0.08","0.65","10","0.74","10","73.80",
="031059","世芯群益53購04","0","0","0","--","--","--","--"," ","0.00","0.85","10","0.95","10","4,000.00",
="03105U","緯穎凱基4B售10","0","0","0","--","--","--","--"," ","0.00","0.33","100","0.34","30","0.00",
="031060","愛普群益53購01","34,000","3","40,800","1.15","1.26","1.15","1.26","+","0.03","1.24","100","1.25","100","305.50",
="031061","晶心科群益52購01","101,000","7","184,830","1.91","1.91","1.80","1.80","-","0.11","1.85","10","1.95","10","283.00",
="031062","昇陽半群益54購01","78,000","12","117,730","1.45","1.53","1.44","1.44","+","0.04","0.53","18","--","0","152.50",
="031063","世紀鋼群益54購05","101,000","4","135,040","1.39","1.39","1.29","1.32","-","0.19","1.31","10","1.41","10","188.00",
="031064","川湖中信52購02","3,000","1","2,010","0.67","0.67","0.67","0.67","+","0.01","0.66","10","0.67","10","0.00",
="031065","台達電中信56購01","1,955,000","72","2,293,390","1.60","1.60","1.14","1.17","-","0.09","1.16","10","1.17","9","0.00",
="031066","建準中信52購01","376,000","11","251,290","0.65","0.68","0.65","0.68","+","0.02","0.65","10","0.66","10","0.00",
="031067","長榮太中信52購01","13,000","2","36,840","2.78","2.85","2.78","2.85","X","0.00","2.78","499","--","0","0.00",
="031068","亞光中信52購01","337,000","10","188,750","0.55","0.59","0.52","0.53","-","0.01","0.51","10","0.52","10","0.00",
="031069","緯創中信52購01","232,000","6","74,550","0.31","0.33","0.30","0.33"," ","0.00","0.31","10","0.33","10","0.00",
="03106U","洋基凱基4C售01","0","0","0","--","--","--","--"," ","0.00","0.13","10","0.23","10","0.00",
="031070","神達中信56購01","470,000","38","917,520","1.83","2.08","1.83","1.93","+","0.24","1.95","10","1.96","10","0.00",
="031071","視陽中信52購01","119,000","6","103,050","0.90","0.92","0.82","0.84","-","0.05","0.83","499","0.84","10","0.00",
="031072","昇陽半中信52購01","0","0","0","--","--","--","--"," ","0.00","0.29","10","--","0","0.00",
="031073","世紀鋼中信56購01","25,000","2","17,200","0.70","0.70","0.68","0.68","-","0.03","0.65","10","0.66","10","0.00",
="031074","美債2X永豐64購01","0","0","0","--","--","--","--"," ","0.00","1.03","10","1.04","25","7.03",
="031075","光寶科永豐54購01","115,000","4","75,900","0.66","0.66","0.66","0.66","-","0.07","0.65","10","0.66","10","130.00",
="031076","智邦永豐54購01","30,000","3","35,090","1.18","1.19","1.16","1.16","+","0.01","1.13","10","1.14","10","984.00",
="031077","鴻準永豐52購03","133,000","6","116,730","0.89","0.93","0.87","0.88","-","0.03","0.88","10","0.89","10","71.70",
="031078","鴻準永豐53購02","0","0","0","--","--","--","--"," ","0.00","1.29","10","1.31","10","71.70",
="031079","鴻準永豐54購01","8,000","1","15,600","1.95","1.95","1.95","1.95","+","0.01","1.84","499","1.86","10","71.70",
="03107U","臺股指凱基53售07","0","0","0","--","--","--","--"," ","0.00","0.71","100","0.72","10","0.00",
="031080","微星永豐54購01","111,000","5","60,600","0.53","0.56","0.53","0.55","-","0.02","0.53","10","0.54","10","136.50",
="031081","建準永豐52購02","32,000","2","40,640","1.27","1.27","1.27","1.27","-","0.02","1.24","499","1.26","10","137.00",
="031082","建準永豐53購01","82,000","9","88,990","1.09","1.12","1.06","1.07","-","0.03","1.09","10","1.11","10","137.00",
="031083","長榮太永豐53購01","106,000","8","223,490","2.42","2.42","2.02","2.02","-","0.21","0.91","10","--","0","180.00",
="031088","神基永豐54購01","825,000","28","1,366,250","1.55","1.83","1.53","1.64","+","0.22","0.65","76","--","0","157.00",
="031089","亞光永豐54購01","83,000","6","92,440","1.10","1.16","1.07","1.07","-","0.08","1.03","10","1.06","10","164.00",
="03108U","長榮統一51售02","20,000","3","12,570","0.63","0.63","0.62","0.63","-","0.02","0.64","108","0.65","108","0.00",
="031090","華晶科永豐52購03","1,485,000","34","2,021,710","1.43","1.45","1.29","1.36","-","0.11","1.33","10","1.37","10","50.30",
="031091","神達永豐52購02","184,000","16","455,430","2.30","2.59","2.22","2.34","+","0.34","2.40","10","2.42","10","95.90",
="031092","富世達永豐53購05","0","0","0","--","--","--","--"," ","0.00","1.49","499","1.55","10","1,145.00",
="031093","泓德永豐52購01","0","0","0","--","--","--","--"," ","0.00","0.45","10","0.46","10","160.00",
="031094","大同統一4A購03","0","0","0","--","--","--","--"," ","0.00","0.02","499","0.03","499","40.75",
="031095","大同統一4A購04","0","0","0","--","--","--","--"," ","0.00","--","0","--","0","40.75",
="031096","大同統一54購01","0","0","0","--","--","--","--"," ","0.00","0.26","10","0.27","10","40.75",
="031097","大同統一54購02","0","0","0","--","--","--","--"," ","0.00","0.10","10","0.11","10","40.75",
="031098","昇陽半永豐53購04","280,000","3","230,700","0.82","0.86","0.82","0.83","+","0.02","0.85","499","0.86","10","152.50",
="031099","亞光台新52購01","50,000","3","109,540","2.13","2.25","2.11","2.25","-","0.01","2.06","20","2.07","10","0.00",
="03109U","陽明元富4B售03","0","0","0","--","--","--","--"," ","0.00","2.62","25","2.65","25","0.00",
="031100","億泰元富52購02","0","0","0","--","--","--","--"," ","0.00","1.96","25","2.06","10","38.70",
="031101","川湖元富52購02","2,000","2","4,610","2.29","2.32","2.29","2.32","+","0.06","2.29","25","2.30","25","2,925.00",
="031103","佳能元富55購02","78,000","8","157,990","2.08","2.09","2.01","2.04","-","0.04","2.01","25","2.02","25","80.80",
="031105","華固統一4C購01","0","0","0","--","--","--","--"," ","0.00","0.05","10","0.10","10","103.00",
="031106","建準元富52購01","27,000","2","108,900","4.04","4.04","3.98","3.98","+","0.03","3.93","25","3.99","25","137.00",
="03110U","萬海元富4B售03","0","0","0","--","--","--","--"," ","0.00","1.90","25","1.91","25","0.00",
="031111","建準元富52購02","20,000","1","55,800","2.79","2.79","2.79","2.79","-","0.06","2.83","25","2.88","25","137.00",
="031113","瑞智統一4A購01","0","0","0","--","--","--","--"," ","0.00","0.05","10","0.10","10","25.05",
="031114","亞航元富55購01","0","0","0","--","--","--","--"," ","0.00","3.00","2","--","0","62.70",
="031115","奇鋐元富52購02","0","0","0","--","--","--","--"," ","0.00","2.17","25","2.21","25","1,015.00",
="031116","奇鋐元富58購02","33,000","1","30,030","0.91","0.91","0.91","0.91","-","0.12","0.94","25","0.96","25","1,015.00",
="031117","智原元富52購01","234,000","11","1,438,650","6.05","6.30","6.05","6.20","+","0.20","6.10","25","6.20","25","158.00",
="031118","昇貿元富52購01","1,000","1","12,000","12.00","12.00","12.00","12.00","+","2.40","10.40","25","11.40","25","129.00",
="031119","昇貿元富52購02","362,000","38","2,251,700","6.20","7.70","5.75","6.60","+","1.30","6.05","25","6.55","25","129.00",
="03111U","祥碩元富4B售02","36,000","4","47,710","1.32","1.33","1.32","1.33","+","0.02","1.32","25","1.33","25","0.00",
="031120","玉晶光元富52購02","24,000","2","48,000","2.00","2.00","2.00","2.00","+","0.04","2.02","25","2.03","25","461.50",
="031121","宏致元富55購01","102,000","3","357,580","3.79","3.79","3.50","3.50","X","0.00","3.49","25","3.50","25","73.90",
="031122","乙盛元富53購01","146,000","27","548,330","3.41","4.12","3.38","3.57","+","0.58","3.00","2","--","0","81.40",
="031123","緯穎元富58購02","246,000","6","626,930","2.60","2.62","2.53","2.53","-","0.01","2.52","25","2.53","25","2,975.00",
="031124","昇陽半元富52購02","74,000","5","153,500","2.07","2.09","2.05","2.09","+","0.08","2.07","25","2.09","25","152.50",
="031125","和大國泰53購01","15,000","3","44,330","2.76","3.79","2.76","3.79","+","1.09","3.79","498","--","0","72.90",
="031126","華新國泰53購01","327,000","8","616,960","1.82","1.94","1.82","1.86","+","0.07","1.84","499","1.86","100","23.35",
="031127","大成鋼國泰53購02","778,000","6","946,880","1.22","1.25","1.21","1.22","-","0.15","1.20","10","1.22","10","38.60",
="031128","鴻海國泰53購01","0","0","0","--","--","--","--"," ","0.00","2.13","499","2.16","499","206.00",
="031129","毅嘉國泰53購01","0","0","0","--","--","--","--"," ","0.00","6.50","499","--","0","60.80",
="03112U","滬深2X永豐4B售06","0","0","0","--","--","--","--"," ","0.00","0.08","499","0.09","10","0.00",
="031130","華晶科國泰53購01","0","0","0","--","--","--","--"," ","0.00","3.23","499","3.29","10","50.30",
="031131","華晶科國泰53購02","6,000","2","22,060","3.76","3.76","3.66","3.66","-","0.08","3.51","499","3.54","100","50.30",
="031132","景碩國泰53購02","0","0","0","--","--","--","--"," ","0.00","2.17","499","2.21","10","113.50",
="031133","jpp國泰53購01","36,000","7","123,330","3.32","3.51","3.32","3.41","+","0.25","3.37","10","3.41","5","276.00",
="031134","羅昇國泰53購01","23,000","4","35,010","1.61","1.61","1.51","1.60","+","0.02","1.55","499","1.58","100","114.50",
="031135","中砂兆豐54購01","343,000","22","491,260","1.37","1.52","1.37","1.50","+","0.14","1.41","10","1.42","10","347.00",
="031136","台達電兆豐53購01","202,000","13","399,360","1.98","2.03","1.93","1.93","-","0.19","1.92","10","2.06","20","709.00",
="031137","台光電兆豐53購02","29,000","1","47,850","1.65","1.65","1.65","1.65","-","0.05","1.56","10","1.57","10","1,250.00",
="031138","建準兆豐54購01","195,000","9","263,300","1.34","1.38","1.30","1.30","-","0.02","1.32","10","1.33","10","137.00",
="031139","大立光兆豐54購01","0","0","0","--","--","--","--"," ","0.00","1.05","10","1.06","10","2,395.00",
="03113U","台光電永豐52售01","0","0","0","--","--","--","--"," ","0.00","0.07","10","0.12","10","0.00",
="031140","奇鋐兆豐53購02","15,000","1","18,900","1.26","1.26","1.26","1.26","+","0.01","1.20","10","1.21","10","1,015.00",
="031141","亞光兆豐54購01","500,000","25","526,930","1.02","1.11","0.98","1.00","-","0.03","0.97","10","0.98","10","164.00",
="031142","玉晶光兆豐53購01","10,000","1","11,500","1.15","1.15","1.15","1.15","X","0.00","1.13","10","1.14","10","461.50",
="031143","富世達兆豐54購01","6,000","2","9,120","1.51","1.57","1.51","1.57","-","0.09","1.55","10","1.56","10","1,145.00",
="031144","T50反1富邦58購01","499,000","1","284,430","0.57","0.57","0.57","0.57","+","0.03","0.57","100","0.58","100","0.00",
="031145","台塑富邦52購02","30,000","3","30,700","1.05","1.05","0.99","0.99","-","0.19","0.98","10","1.00","10","0.00",
="031146","台玻富邦52購01","93,000","7","288,970","3.05","3.25","3.02","3.20","-","0.24","3.18","30","3.28","10","0.00",
="031147","台達電富邦52購01","473,000","66","600,370","1.27","1.30","1.24","1.26","-","0.08","1.26","21","1.27","10","0.00",
="031148","致茂富邦52購01","1,214,000","44","1,362,700","1.11","1.17","1.06","1.13","-","0.11","1.16","10","1.17","10","0.00",
="031149","全新富邦55購01","326,000","30","334,060","1.10","1.10","1.01","1.09","-","0.03","1.01","10","1.02","10","0.00",
="03114U","A50正2國票4C售02","0","0","0","--","--","--","--"," ","0.00","0.07","25","0.08","10","0.00",
="031150","宏達電富邦53購03","1,129,000","129","4,639,940","4.10","4.18","4.01","4.07","+","0.31","3.90","30","4.00","10","0.00",
="031151","辛耘富邦52購02","1,453,000","64","1,508,540","1.01","1.11","0.97","1.10","+","0.08","1.10","30","1.11","10","0.00",
="031152","愛普富邦53購02","94,000","2","38,750","0.41","0.42","0.41","0.42","+","0.02","0.40","30","0.41","10","0.00",
="031153","昇陽半富邦53購01","733,000","27","507,220","0.67","0.73","0.66","0.73","+","0.05","0.69","10","0.70","10","0.00",
="031154","美指2X凱基56購01","0","0","0","--","--","--","--"," ","0.00","0.61","10","0.62","50","20.48",
="031155","台塑凱基52購04","0","0","0","--","--","--","--"," ","0.00","2.37","100","2.38","10","39.10",
="031156","台化凱基52購04","0","0","0","--","--","--","--"," ","0.00","4.30","100","4.33","10","29.90",
="031157","聚陽凱基52購03","37,000","2","93,610","2.53","2.53","2.53","2.53","+","0.09","2.49","10","2.51","10","265.00",
="031158","和大凱基52購01","399,000","44","945,230","1.98","3.03","1.98","2.91","+","0.94","2.91","1","3.33","1","72.90",
="031159","中砂凱基56購02","1,248,000","30","3,195,550","2.46","2.74","2.46","2.63","+","0.16","2.59","102","2.60","10","347.00",
="03115U","直得國票4C售03","0","0","0","--","--","--","--"," ","0.00","0.71","25","0.72","10","0.00",
="031160","大成鋼凱基52購05","0","0","0","--","--","--","--"," ","0.00","1.21","100","1.31","10","38.60",
="031161","川湖凱基52購03","17,000","3","42,090","2.46","2.55","2.46","2.46","+","0.14","2.41","100","2.44","10","2,925.00",
="031162","光寶科凱基54購01","2,000","2","2,460","1.24","1.24","1.22","1.22","X","0.00","1.19","100","1.21","10","130.00",
="031163","台達電凱基52購03","155,000","22","398,330","2.66","2.76","2.47","2.57","-","0.25","2.54","100","2.64","10","709.00",
="031164","華通凱基52購04","34,000","3","219,100","5.85","6.60","5.85","6.25","+","0.60","6.05","100","6.10","10","79.30",
="031165","鴻海凱基56購05","0","0","0","--","--","--","--"," ","0.00","2.10","100","2.11","10","206.00",
="031166","精英凱基52購01","152,000","14","331,370","2.05","2.30","2.05","2.22","+","0.20","2.15","10","2.17","10","19.95",
="031167","鴻準凱基52購02","2,000","1","4,040","2.02","2.02","2.02","2.02","-","0.02","1.90","1","1.96","10","71.70",
="031168","群光凱基52購01","78,000","4","81,940","1.05","1.09","1.05","1.05","+","0.11","1.00","100","1.02","10","137.00",
="031169","毅嘉凱基52購02","50,000","14","387,800","7.60","7.90","7.60","7.70","-","0.05","7.60","10","7.65","10","60.80",
="03116U","萬海國票4C售03","0","0","0","--","--","--","--"," ","0.00","1.49","25","1.59","10","0.00",
="031170","建準凱基52購01","1,229,000","28","1,608,300","1.29","1.33","1.24","1.29","-","0.02","0.36","55","1.29","20","137.00",
="031171","長榮太凱基52購04","31,000","11","138,140","4.76","4.90","4.01","4.01","-","0.63","4.01","100","4.11","10","180.00",
="031172","亞光凱基55購01","73,000","6","145,390","1.98","2.03","1.98","1.98","+","0.07","1.85","100","1.87","10","164.00",
="031173","緯創凱基52購05","10,000","1","5,200","0.52","0.52","0.52","0.52","X","0.00","0.51","100","0.53","10","115.00",
="031174","神達凱基54購02","45,000","9","140,110","3.08","3.25","3.05","3.06","+","0.84","3.08","100","3.09","10","95.90",
="031175","智伸科凱基52購02","151,000","16","264,370","1.53","1.91","1.53","1.82","+","0.26","1.85","10","1.93","1","168.50",
="031176","聯茂凱基52購01","0","0","0","--","--","--","--"," ","0.00","2.83","2","2.89","10","125.00",
="031177","穎崴凱基56購01","182,000","12","428,360","2.10","2.47","2.10","2.47","+","0.09","2.38","100","2.48","10","1,250.00",
="031178","緯穎凱基54購07","0","0","0","--","--","--","--"," ","0.00","2.43","200","2.53","10","2,975.00",
="031179","AES凱基52購04","71,000","2","132,460","1.82","1.91","1.82","1.91","+","0.19","1.88","100","1.90","10","1,350.00",
="03117U","緯穎國票4C售05","0","0","0","--","--","--","--"," ","0.00","0.21","25","0.22","10","0.00",
="031180","視陽凱基52購01","18,000","1","25,740","1.43","1.43","1.43","1.43","-","0.10","1.45","10","1.46","10","207.50",
="031181","富世達凱基52購01","0","0","0","--","--","--","--"," ","0.00","1.95","100","2.02","10","1,145.00",
="031182","昇陽半凱基52購01","32,000","1","42,560","1.33","1.33","1.33","1.33","X","0.00","1.32","100","1.34","10","152.50",
="031183","羅昇凱基52購01","104,000","10","129,030","1.17","1.27","1.17","1.19","-","0.05","1.19","100","1.22","10","114.50",
="031184","世紀鋼凱基55購03","0","0","0","--","--","--","--"," ","0.00","1.29","100","1.31","10","188.00",
="031185","臺股指凱基52購12","3,000","3","7,480","2.53","2.53","2.46","2.46","-","0.13","2.42","100","2.43","10","0.00",
="031186","臺股指凱基52購13","0","0","0","--","--","--","--"," ","0.00","2.25","100","2.26","10","0.00",
="031187","T50正2國票53購02","6,000","1","15,600","2.60","2.60","2.60","2.60","-","0.06","2.43","25","2.44","10","259.40",
="031188","道瓊銀國票58購02","0","0","0","--","--","--","--"," ","0.00","1.51","25","1.52","10","32.63",
="031189","中興電國票58購01","0","0","0","--","--","--","--"," ","0.00","1.59","25","1.60","10","167.00",
="03118U","臺股指國票4B售09","15,000","4","5,480","0.37","0.37","0.35","0.35","X","0.00","0.36","499","0.37","499","0.00",
="031190","華城國票53購03","6,000","3","9,710","1.63","1.64","1.61","1.64"," ","0.00","1.53","25","1.55","10","618.00",
="031191","合機國票53購01","11,000","3","16,140","1.44","1.47","1.44","1.47","X","0.00","1.40","25","1.41","10","48.45",
="031192","合機國票55購01","1,000","1","1,410","1.41","1.41","1.41","1.41","X","0.00","1.37","25","1.38","10","48.45",
="031193","台玻國票53購03","0","0","0","--","--","--","--"," ","0.00","7.40","25","--","0","34.55",
="031194","光寶科國票57購02","42,000","4","45,860","1.10","1.10","1.09","1.09","-","0.04","1.10","25","1.11","10","130.00",
="031195","楠梓電國票55購01","14,000","3","73,880","4.97","5.40","4.97","5.40","+","0.44","5.40","25","5.65","10","109.50",
="031196","鴻海國票53購05","1,000","1","1,560","1.56","1.56","1.56","1.56","-","0.13","1.56","25","1.61","10","206.00",
="031197","鴻準國票53購01","0","0","0","--","--","--","--"," ","0.00","1.98","25","1.99","10","71.70",
="031198","鴻準國票54購01","0","0","0","--","--","--","--"," ","0.00","2.09","25","2.11","10","71.70",
="031199","亞航國票53購01","120,000","19","507,300","4.34","4.46","4.07","4.12","-","0.13","4.00","25","4.10","10","62.70",
="03119U","臺股指國票4C售03","0","0","0","--","--","--","--"," ","0.00","0.36","499","0.37","499","0.00",
="031200","長榮太國票52購01","0","0","0","--","--","--","--"," ","0.00","2.65","25","2.70","10","180.00",
="031201","長榮太國票53購01","0","0","0","--","--","--","--"," ","0.00","2.87","25","2.91","10","180.00",
="031202","長榮太國票54購01","0","0","0","--","--","--","--"," ","0.00","3.22","25","3.26","10","180.00",
="031203","玉山金國票53購01","0","0","0","--","--","--","--"," ","0.00","1.31","25","1.32","10","33.60",
="031204","奇鋐國票53購02","40,000","1","81,200","2.03","2.03","2.03","2.03","X","0.00","1.99","25","2.06","10","1,015.00",
="031205","亞光國票52購02","3,000","2","4,620","1.58","1.58","1.46","1.46","-","0.05","1.45","25","1.46","10","164.00",
="031206","亞光國票53購02","97,000","8","179,690","1.81","1.93","1.76","1.76","-","0.04","1.75","25","1.76","10","164.00",
="031207","德律國票58購01","20,000","1","64,800","3.24","3.24","3.24","3.24","-","0.16","3.28","25","3.29","10","206.00",
="031208","華晶科國票53購01","63,000","9","159,470","2.70","2.70","2.49","2.52","-","0.20","2.50","1","2.52","9","50.30",
="031209","景碩國票54購01","58,000","2","79,260","1.32","1.47","1.32","1.47","+","0.07","1.34","25","1.36","10","113.50",
="03120U","臺股指國票4C售04","0","0","0","--","--","--","--"," ","0.00","0.57","499","0.58","499","0.00",
="031210","京鼎國票53購01","7,000","1","10,920","1.56","1.56","1.56","1.56","X","0.00","1.50","25","1.51","10","290.00",
="031211","達邁國票53購03","3,000","1","8,100","2.70","2.70","2.70","2.70","+","0.01","2.42","25","2.43","10","73.80",
="031212","神達國票53購03","1,651,000","35","7,990,600","4.15","5.30","4.15","4.90","+","0.92","4.89","25","4.90","6","95.90",
="031213","立積國票52購01","75,000","7","129,150","1.70","1.94","1.62","1.94","+","0.27","2.29","25","--","0","158.00",
="031214","泓德國票52購02","117,000","6","71,550","0.67","0.67","0.54","0.59","-","0.21","0.59","25","0.60","10","160.00",
="031215","南電國票53購03","7,000","3","16,580","2.28","2.45","2.28","2.43","+","0.43","2.60","25","2.80","1","226.00",
="031216","A50正2元大52購01","65,000","9","131,450","2.01","2.13","1.98","1.98","X","0.00","1.97","499","1.98","98","31.56",
="031217","台塑元大52購12","8,000","2","17,200","2.15","2.15","2.15","2.15","X","0.00","2.03","350","2.06","10","39.10",
="031218","台塑元大52購13","2,000","1","4,420","2.21","2.21","2.21","2.21","-","0.36","2.09","300","2.11","10","39.10",
="031219","億泰元大52購01","91,000","5","248,250","2.75","2.75","2.70","2.70","+","0.01","2.53","300","2.55","10","38.70",
="03121U","T50正2富邦53售02","2,000","2","730","0.36","0.37","0.36","0.37","X","0.00","0.36","100","0.37","98","0.00",
="031220","台玻元大52購09","0","0","0","--","--","--","--"," ","0.00","4.56","25","--","0","34.55",
="031221","台玻元大54購02","0","0","0","--","--","--","--"," ","0.00","4.60","25","--","0","34.55",
="031222","大成鋼元大54購02","32,000","2","61,440","1.92","1.92","1.92","1.92","X","0.00","1.77","400","1.80","10","38.60",
="031223","光寶科元大52購04","720,000","13","446,890","0.61","0.63","0.61","0.62","-","0.04","0.60","25","0.61","10","130.00",
="031224","鴻海元大52購13","10,000","1","12,400","1.24","1.24","1.24","1.24","X","0.00","1.27","499","1.29","10","206.00",
="031225","台積電元大52購17","90,000","7","77,170","0.86","0.86","0.82","0.82","-","0.08","0.80","70","--","0","1,160.00",
="031226","台積電元大52購18","131,000","3","90,750","0.71","0.71","0.69","0.69","-","0.05","0.06","166","--","0","1,160.00",
="031227","華碩元大52購02","748,000","8","701,840","0.94","0.95","0.93","0.93","-","0.02","0.92","25","0.95","10","634.00",
="031228","燿華元大52購04","115,000","13","235,450","1.99","2.15","1.96","1.96","+","0.03","2.00","1","2.03","10","31.45",
="031229","佳能元大56購01","90,000","15","102,070","1.17","1.18","1.08","1.18","-","0.01","1.10","5","1.15","10","80.80",
="03122U","萬海元大4B售13","3,000","1","3,570","1.19","1.19","1.19","1.19","X","0.00","1.18","502","1.19","200","0.00",
="031231","智邦統一4C購01","1,000","1","2,770","2.77","2.77","2.77","2.77","+","0.01","2.74","10","2.82","10","984.00",
="031232","台光電元大54購10","39,000","5","45,690","1.11","1.20","1.11","1.18","-","0.09","1.18","1","--","0","1,250.00",
="031233","建準元大52購04","9,000","1","9,630","1.07","1.07","1.07","1.07","-","0.06","1.07","25","1.13","10","137.00",
="031234","建準元大52購05","354,000","9","391,970","1.10","1.14","1.07","1.14","+","0.05","1.10","18","1.15","10","137.00",
="031235","聯發科元大52購09","254,000","4","307,660","1.25","1.27","1.21","1.21","X","0.00","1.16","3","--","0","1,385.00",
="031236","聯發科元大52購10","265,000","3","304,950","1.19","1.19","1.15","1.15","-","0.06","0.09","111","--","0","1,385.00",
="031237","裕民元大52購01","122,000","7","248,820","2.01","2.06","2.00","2.00","+","0.01","1.98","400","2.01","10","57.30",
="031238","亞航元大52購01","0","0","0","--","--","--","--"," ","0.00","5.65","25","6.50","5","62.70",
="031239","亞航元大52購02","26,000","5","171,750","6.65","6.65","6.00","6.00","-","0.40","5.85","25","--","0","62.70",
="03123U","萬海元大4B售14","39,000","1","22,230","0.57","0.57","0.57","0.57","-","0.07","0.60","499","0.61","200","0.00",
="031240","長榮太元大52購01","73,000","10","250,700","3.48","3.53","3.09","3.09","-","0.31","3.04","25","3.09","8","180.00",
="031241","長榮太元大52購02","57,000","8","96,650","1.77","1.82","1.52","1.52","-","0.17","1.52","25","1.55","10","180.00",
="031242","大立光元大52購04","223,000","4","128,310","0.59","0.59","0.57","0.57","-","0.05","0.57","499","0.58","10","2,395.00",
="031243","大立光元大52購05","38,000","5","35,260","0.94","0.94","0.92","0.92","-","0.04","0.90","25","0.91","10","2,395.00",
="031244","亞光元大54購04","603,000","12","636,640","1.04","1.10","1.01","1.01","-","0.05","1.00","75","1.02","10","164.00",
="031247","保瑞統一4C購03","0","0","0","--","--","--","--"," ","0.00","0.25","10","0.28","10","733.00",
="031248","智原元大52購02","174,000","5","158,560","0.90","0.92","0.89","0.91","+","0.01","0.90","502","0.91","5","158.00",
="031249","京鼎元大52購01","276,000","7","339,580","1.23","1.25","1.20","1.25","-","0.05","1.24","499","1.26","10","290.00",
="03124U","虎航元大4B售05","0","0","0","--","--","--","--"," ","0.00","0.68","499","0.69","200","0.00",
="031250","智易元大52購01","91,000","9","118,920","1.41","1.41","1.20","1.20","-","0.30","1.17","25","1.19","10","236.00",
="031251","達邁元大52購03","169,000","10","352,630","2.13","2.17","2.05","2.10","-","0.03","1.92","350","1.93","10","73.80",
="031252","達邁元大52購04","627,000","39","408,940","0.66","0.69","0.61","0.61","-","0.05","0.60","509","0.61","2","73.80",
="031253","世芯元大52購14","23,000","4","57,830","2.56","2.56","2.41","2.41","-","0.02","2.31","2","2.34","10","4,000.00",
="031254","材料元大58購02","83,000","7","168,780","1.95","2.09","1.95","1.99","+","0.03","1.96","400","1.98","10","67.70",
="031255","南寶元大52購03","170,000","13","241,200","1.48","1.66","1.36","1.66","+","0.10","1.53","25","1.57","10","376.00",
="031256","亞翔元大58購02","4,000","2","7,860","1.97","1.97","1.96","1.96","-","0.12","1.93","350","1.94","10","349.50",
="031257","訊芯元大52購01","99,000","7","114,230","1.16","1.16","1.13","1.13","-","0.16","1.10","499","1.13","10","165.00",
="031258","訊芯元大52購02","39,000","5","53,960","1.39","1.39","1.35","1.35","-","0.16","1.35","499","1.37","10","165.00",
="031259","保瑞元大52購01","10,000","1","7,000","0.70","0.70","0.70","0.70","X","0.00","0.69","499","0.70","10","733.00",
="03125U","長榮中信4B售02","0","0","0","--","--","--","--"," ","0.00","1.08","499","1.09","30","0.00",
="031260","AES元大52購08","0","0","0","--","--","--","--"," ","0.00","1.02","499","1.05","10","1,350.00",
="031261","富世達元大58購01","47,000","9","146,460","3.14","3.14","3.06","3.10","-","0.09","1.48","33","--","0","1,145.00",
="031262","昇陽半元大52購01","520,000","3","277,830","0.56","0.64","0.53","0.64","+","0.12","0.55","499","0.63","2","152.50",
="031263","昇陽半元大54購02","20,000","1","9,000","0.45","0.45","0.45","0.45","+","0.03","0.44","509","--","0","152.50",
="031264","昇陽半元大57購01","551,000","5","457,350","0.85","0.85","0.83","0.83","+","0.02","0.83","499","--","0","152.50",
="031265","南電元大52購09","35,000","2","77,350","2.18","2.39","2.18","2.39","+","0.75","2.39","100","--","0","226.00",
="031266","台塑統一68購01","0","0","0","--","--","--","--"," ","0.00","0.62","10","0.63","10","39.10",
="031267","和大統一58購01","263,000","21","239,800","0.86","1.17","0.86","1.17","+","0.33","1.05","20","--","0","72.90",
="031268","川湖統一58購04","6,000","3","4,940","0.82","0.83","0.82","0.82"," ","0.00","0.82","10","0.83","10","2,925.00",
="031269","川湖統一62購01","15,000","4","15,620","1.04","1.06","1.04","1.04"," ","0.00","1.04","10","1.05","10","2,925.00",
="03126U","聯發科永豐4B售05","0","0","0","--","--","--","--"," ","0.00","0.27","10","0.28","10","0.00",
="031270","光寶科統一57購03","155,000","4","96,530","0.61","0.64","0.61","0.63","-","0.02","0.62","10","0.63","10","130.00",
="031271","台達電統一57購07","220,000","9","298,610","1.35","1.38","1.35","1.38","-","0.03","1.34","10","1.35","10","709.00",
="031272","台達電統一62購01","51,000","7","53,080","1.04","1.06","1.03","1.03","-","0.05","1.04","10","1.05","10","709.00",
="031273","鴻海統一5C購03","14,000","2","12,190","0.86","0.89","0.86","0.89","X","0.00","0.88","10","0.89","10","206.00",
="031274","鴻海統一68購01","0","0","0","--","--","--","--"," ","0.00","0.98","10","0.99","10","206.00",
="031275","廣宇統一58購02","196,000","15","313,590","1.60","1.66","1.51","1.58","+","0.03","1.57","10","1.58","10","60.90",
="031276","友訊統一57購01","263,000","6","191,390","0.72","0.74","0.71","0.74","+","0.04","0.72","10","0.73","10","18.05",
="031277","致茂統一58購01","28,000","2","24,480","0.87","0.88","0.87","0.88"," ","0.00","0.89","10","0.90","10","556.00",
="031278","致茂統一5A購01","0","0","0","--","--","--","--"," ","0.00","0.87","10","0.88","10","556.00",
="031279","金像電統一57購04","211,000","12","271,860","1.26","1.32","1.26","1.32","-","0.01","1.32","10","1.33","10","486.00",
="03127U","長榮永豐4B售04","0","0","0","--","--","--","--"," ","0.00","1.72","10","1.74","10","0.00",
="031280","金像電統一58購02","112,000","4","153,250","1.31","1.39","1.31","1.39","+","0.03","1.38","10","1.39","10","486.00",
="031281","大同統一58購01","45,000","7","36,370","0.80","0.82","0.80","0.81","-","0.01","0.81","10","0.82","10","40.75",
="031282","台光電統一57購02","354,000","17","312,610","0.89","0.89","0.82","0.85","-","0.03","0.83","10","0.84","10","1,250.00",
="031283","群光統一58購01","536,000","14","369,950","0.64","0.71","0.64","0.68","+","0.03","0.67","17","0.68","3","137.00",
="031284","建準統一57購01","657,000","18","616,790","0.93","0.95","0.93","0.95","-","0.01","0.93","10","0.94","10","137.00",
="031285","建準統一57購02","799,000","16","746,090","0.92","0.95","0.91","0.94","-","0.02","0.91","10","0.92","10","137.00",
="031286","建準統一62購01","20,000","1","13,400","0.67","0.67","0.67","0.67","-","0.02","0.67","10","0.68","10","137.00",
="031287","長榮太統一57購01","1,051,000","56","1,183,270","1.11","1.18","1.02","1.02","-","0.08","1.01","10","1.02","2","180.00",
="031288","長榮太統一5A購01","671,000","12","593,220","0.90","0.92","0.83","0.84","-","0.04","0.84","9","0.85","10","180.00",
="031289","長榮太統一62購01","102,000","8","84,990","0.85","0.85","0.80","0.80","-","0.03","0.80","10","0.81","10","180.00",
="03128U","世芯永豐4C售09","10,000","1","3,800","0.38","0.38","0.38","0.38"," ","0.00","0.37","10","0.38","10","0.00",
="031290","奇鋐統一57購03","735,000","18","505,000","0.70","0.71","0.62","0.63","-","0.08","0.65","10","0.66","10","1,015.00",
="031291","奇鋐統一58購01","1,000","1","790","0.79","0.79","0.79","0.79","-","0.08","0.82","10","0.83","10","1,015.00",
="031292","奇鋐統一68購01","57,000","8","28,510","0.50","0.51","0.50","0.50","-","0.03","0.50","10","0.51","10","1,015.00",
="031293","亞光統一57購02","50,000","1","41,500","0.83","0.83","0.83","0.83","+","0.02","0.79","10","0.80","10","164.00",
="031294","亞光統一58購05","24,000","1","17,520","0.73","0.73","0.73","0.73","X","0.00","0.69","10","0.70","10","164.00",
="031295","亞光統一58購06","0","0","0","--","--","--","--"," ","0.00","0.82","10","0.83","10","164.00",
="031296","亞光統一59購01","110,000","4","86,300","0.80","0.80","0.76","0.76","-","0.01","0.75","10","0.76","10","164.00",
="031297","亞光統一5B購02","1,000","1","680","0.68","0.68","0.68","0.68","-","0.06","0.68","10","0.69","10","164.00",
="031298","智原統一58購02","217,000","10","128,590","0.58","0.60","0.58","0.58","-","0.01","0.57","10","0.58","10","158.00",
="031299","華晶科統一57購02","79,000","8","78,830","1.02","1.02","0.98","0.99","-","0.06","0.98","10","0.99","10","50.30",
="03129U","元債2X元富4B售03","0","0","0","--","--","--","--"," ","0.00","0.57","25","0.58","25","0.00",
="031300","玉晶光統一58購02","97,000","1","64,990","0.67","0.67","0.67","0.67","-","0.01","0.68","10","0.69","10","461.50",
="031301","玉晶光統一58購03","0","0","0","--","--","--","--"," ","0.00","0.83","10","0.84","10","461.50",
="031302","嘉澤統一57購03","149,000","5","91,650","0.61","0.63","0.60","0.63","+","0.02","0.62","10","0.63","10","1,465.00",
="031303","嘉澤統一58購01","228,000","5","155,800","0.68","0.71","0.67","0.70"," ","0.00","0.69","10","0.70","10","1,465.00",
="031304","嘉澤統一58購02","103,000","2","69,560","0.67","0.68","0.67","0.68","-","0.01","0.70","10","0.71","10","1,465.00",
="031305","貿聯統一58購04","160,000","9","125,920","0.75","0.83","0.75","0.80","+","0.06","0.79","10","0.80","10","981.00",
="031306","神達統一57購02","1,990,000","74","3,481,440","1.68","1.85","1.68","1.74","+","0.23","1.74","5","1.75","10","95.90",
="031307","智伸科統一58購01","465,000","17","553,200","1.12","1.25","1.12","1.23","+","0.09","1.23","10","1.24","10","168.50",
="031308","智伸科統一62購01","136,000","4","100,640","0.74","0.74","0.74","0.74","+","0.02","0.75","10","0.76","10","168.50",
="031309","南寶統一58購02","202,000","10","118,790","0.55","0.59","0.54","0.59","+","0.03","0.57","10","0.58","10","376.00",
="03130U","台光電元富4B售03","0","0","0","--","--","--","--"," ","0.00","--","0","0.10","25","0.00",
="031310","南寶統一58購03","41,000","3","22,820","0.52","0.57","0.52","0.56","X","0.00","0.55","10","0.56","10","376.00",
="031311","上品統一58購01","46,000","1","31,280","0.68","0.68","0.68","0.68","+","0.01","0.65","10","0.66","10","284.00",
="031312","立積統一57購04","191,000","10","151,360","0.75","0.89","0.75","0.89","+","0.15","0.91","10","--","0","158.00",
="031313","立積統一58購03","215,000","9","165,610","0.75","0.82","0.75","0.82","+","0.08","0.91","10","--","0","158.00",
="031314","亞翔統一57購04","0","0","0","--","--","--","--"," ","0.00","0.70","10","0.71","10","349.50",
="031315","飛捷統一58購01","28,000","1","14,840","0.53","0.53","0.53","0.53"," ","0.00","0.54","10","0.55","10","112.50",
="031316","台塑化統一68購01","0","0","0","--","--","--","--"," ","0.00","0.58","10","0.59","10","40.75",
="031317","愛普統一58購02","0","0","0","--","--","--","--"," ","0.00","0.40","10","0.41","10","305.50",
="031318","緯穎統一58購02","222,000","15","163,230","0.73","0.75","0.73","0.74","+","0.01","0.72","14","0.73","10","2,975.00",
="031319","緯穎統一59購02","80,000","4","60,700","0.76","0.76","0.75","0.75"," ","0.00","0.73","10","0.74","10","2,975.00",
="03131U","華城凱基4B售04","0","0","0","--","--","--","--"," ","0.00","0.06","100","0.07","50","0.00",
="031320","視陽統一58購01","0","0","0","--","--","--","--"," ","0.00","0.67","10","0.68","10","207.50",
="031321","昇陽半統一5B購01","0","0","0","--","--","--","--"," ","0.00","0.49","10","0.50","10","152.50",
="031322","南電統一57購07","135,000","10","156,200","1.10","1.35","1.09","1.35","+","0.19","1.22","1","--","0","226.00",
="031323","億豐統一58購02","132,000","5","102,020","0.77","0.78","0.76","0.78","-","0.03","0.76","10","0.77","10","450.00",
="031324","臺股指統一52購01","0","0","0","--","--","--","--"," ","0.00","0.71","10","0.80","10","0.00",
="031325","臺股指統一52購02","0","0","0","--","--","--","--"," ","0.00","1.65","10","1.75","10","0.00",
="031326","T50正2群益52購01","0","0","0","--","--","--","--"," ","0.00","2.78","25","2.79","10","259.40",
="031327","光寶科群益52購03","357,000","7","316,030","0.90","0.90","0.87","0.90","-","0.05","0.21","238","1.33","21","130.00",
="031328","台達電群益52購04","187,000","15","375,750","2.02","2.09","1.98","2.02","-","0.17","2.02","1","--","0","709.00",
="031329","台達電群益53購02","6,000","2","12,800","2.11","2.25","2.11","2.25","-","0.15","0.79","63","--","0","709.00",
="03132U","台積電凱基4C售30","20,000","1","5,800","0.29","0.29","0.29","0.29","X","0.00","0.32","100","0.33","10","0.00",
="031330","鴻海群益52購06","5,000","1","10,650","2.13","2.13","2.13","2.13","-","0.18","2.12","100","2.15","100","206.00",
="031331","智邦群益52購06","362,000","10","640,790","1.77","1.80","1.73","1.73","-","0.05","1.69","10","1.79","10","984.00",
="031332","鴻準群益52購02","10,000","1","11,100","1.11","1.11","1.11","1.11","-","0.07","1.11","10","1.21","10","71.70",
="031333","致茂群益53購02","99,000","11","183,440","1.87","1.92","1.76","1.90"," ","0.00","0.71","28","--","0","556.00",
="031334","佳能群益55購01","135,000","8","224,400","1.70","1.74","1.65","1.67","-","0.07","1.67","10","1.77","10","80.80",
="031335","億光群益53購01","15,000","1","14,850","0.99","0.99","0.99","0.99","X","0.00","0.94","10","1.04","10","68.30",
="031336","漢唐群益52購05","0","0","0","--","--","--","--"," ","0.00","2.22","7","--","0","1,190.00",
="031337","建準群益53購01","124,000","11","184,390","1.42","1.52","1.42","1.49","+","0.05","0.55","18","--","0","137.00",
="031338","聯發科群益52購09","0","0","0","--","--","--","--"," ","0.00","--","0","--","0","1,385.00",
="031339","長榮群益52購03","350,000","22","744,550","2.11","2.22","2.01","2.01","-","0.02","1.97","10","2.07","20","188.00",
="03133U","聯發科凱基4B售05","24,000","1","14,640","0.61","0.61","0.61","0.61","X","0.00","0.62","10","0.63","10","0.00",
="031340","晟銘電群益52購04","107,000","14","282,580","2.96","2.96","2.53","2.57","+","0.05","2.51","100","2.55","100","133.00",
="031341","奇鋐群益52購08","141,000","10","187,480","1.33","1.36","1.25","1.26","-","0.20","0.49","20","1.55","1","1,015.00",
="031342","亞光群益53購03","305,000","5","307,530","1.01","1.13","1.00","1.01","-","0.02","0.38","52","--","0","164.00",
="031343","華晶科群益52購01","0","0","0","--","--","--","--"," ","0.00","2.24","10","--","0","50.30",
="031344","景碩群益52購03","130,000","11","503,910","3.73","4.12","3.67","3.94","+","0.04","1.71","23","--","0","113.50",
="031345","辛耘群益52購01","745,000","40","2,492,880","3.23","3.46","2.98","3.43","+","0.30","3.47","10","3.57","10","393.50",
="031346","世芯群益52購09","0","0","0","--","--","--","--"," ","0.00","0.90","10","1.00","10","4,000.00",
="031347","洋基群益52購01","15,000","5","39,430","2.89","2.89","2.55","2.55","-","0.46","1.00","10","--","0","476.00",
="031348","富世達群益52購04","0","0","0","--","--","--","--"," ","0.00","--","0","3.50","10","1,145.00",
="031349","昇陽半群益52購02","20,000","2","25,650","1.23","1.30","1.23","1.30","+","0.07","0.39","51","--","0","152.50",
="03134P","台積電凱基51售01","48,000","6","4,800","0.10","0.10","0.10","0.10"," ","0.00","0.11","100","0.12","50","0.00",
="03134U","雲豹凱基4C售02","2,000","1","2,100","1.05","1.05","1.05","1.05","-","0.01","1.06","100","1.07","10","0.00",
="031350","南電群益52購03","210,000","20","619,100","2.69","3.23","2.69","3.23","+","1.03","3.30","5","--","0","226.00",
="031351","菱光群益54購01","652,000","17","1,322,600","2.05","2.16","2.01","2.03","-","0.06","2.01","25","2.04","10","61.50",
="031352","中興電中信53購01","161,000","6","85,170","0.54","0.54","0.52","0.53","+","0.04","0.54","499","0.55","10","0.00",
="031353","鴻海中信57購01","0","0","0","--","--","--","--"," ","0.00","1.07","10","1.09","10","0.00",
="031354","鴻準中信53購01","0","0","0","--","--","--","--"," ","0.00","0.84","499","0.85","10","0.00",
="031355","一詮中信56購01","0","0","0","--","--","--","--"," ","0.00","0.62","10","0.63","10","0.00",
="031356","精成科中信53購02","243,000","12","267,210","1.05","1.14","1.04","1.14","+","0.24","1.15","499","--","0","0.00",
="031357","香港2X國票52購01","31,000","2","63,590","2.03","2.09","2.03","2.09","X","0.00","2.00","25","2.01","10","16.40",
="031358","元日2X國票53購01","0","0","0","--","--","--","--"," ","0.00","0.58","25","0.59","10","5.97",
="031359","元日2X國票55購03","0","0","0","--","--","--","--"," ","0.00","0.56","25","0.57","10","5.97",
="03135P","台積電凱基51售02","10,000","1","600","0.06","0.06","0.06","0.06","+","0.01","0.04","30","0.06","641","0.00",
="03135U","巨大凱基4C售01","0","0","0","--","--","--","--"," ","0.00","1.25","10","1.26","10","0.00",
="031360","元日2X國票58購01","0","0","0","--","--","--","--"," ","0.00","0.58","25","0.59","10","5.97",
="031361","中砂國票53購02","141,000","10","453,250","2.94","3.34","2.94","3.18","+","0.35","3.10","25","3.12","10","347.00",
="031362","大亞國票53購01","146,000","18","318,800","2.14","2.34","2.13","2.13","+","0.15","2.12","25","2.13","6","43.00",
="031363","大成鋼國票53購02","64,000","4","82,870","1.33","1.38","1.27","1.27","-","0.15","1.27","25","1.28","10","38.60",
="031364","川湖國票53購03","0","0","0","--","--","--","--"," ","0.00","2.08","25","2.11","10","2,925.00",
="031365","漢翔國票53購02","0","0","0","--","--","--","--"," ","0.00","5.35","25","--","0","60.00",
="031366","長榮太國票56購01","0","0","0","--","--","--","--"," ","0.00","2.24","25","2.27","10","180.00",
="031367","長榮太國票58購01","29,000","2","84,400","2.96","2.96","2.80","2.80","-","0.14","2.68","25","2.71","10","180.00",
="031368","亞光國票54購01","38,000","1","68,020","1.79","1.79","1.79","1.79","+","0.13","1.62","25","1.63","10","164.00",
="031369","欣興國票54購01","33,000","4","39,050","1.18","1.23","1.18","1.23","-","0.10","1.26","25","1.28","10","150.00",
="03136U","牧德國票4C售03","0","0","0","--","--","--","--"," ","0.00","0.35","25","0.36","10","0.00",
="031370","瑞鼎國票53購01","22,000","2","16,980","0.79","0.79","0.77","0.77","-","0.03","0.77","25","0.79","10","299.00",
="031371","智伸科國票53購02","342,000","25","421,070","1.11","1.38","1.11","1.29","+","0.15","1.27","25","1.29","10","168.50",
="031372","立積國票53購01","31,000","5","50,870","1.62","1.88","1.58","1.88","+","0.31","2.17","3","2.21","1","158.00",
="031373","凌華國票52購01","9,000","3","11,790","1.21","1.41","1.21","1.41","+","0.20","1.29","25","1.31","10","65.40",
="031374","鈺邦國票53購01","0","0","0","--","--","--","--"," ","0.00","3.22","25","3.27","10","178.00",
="031375","連加國票53購03","0","0","0","--","--","--","--"," ","0.00","0.73","25","0.74","10","615.00",
="031376","道瓊銀永豐54購01","0","0","0","--","--","--","--"," ","0.00","1.55","499","1.56","10","32.63",
="031377","台化永豐54購01","11,000","1","35,530","3.23","3.23","3.23","3.23","-","0.41","3.13","499","3.15","10","29.90",
="031378","中興電永豐53購02","3,000","1","2,340","0.78","0.78","0.78","0.78","+","0.08","0.78","499","0.79","10","167.00",
="031379","中興電永豐54購01","9,000","1","48,150","5.35","5.35","5.35","5.35","X","0.00","5.75","499","5.80","10","167.00",
="03137U","世芯國票4C售02","101,000","2","17,170","0.17","0.17","0.17","0.17","+","0.01","0.16","25","0.17","10","0.00",
="031380","華城永豐52購04","22,000","1","14,080","0.64","0.64","0.64","0.64"," ","0.00","0.59","10","0.60","10","618.00",
="031381","大亞永豐53購01","516,000","31","667,750","1.24","1.36","1.24","1.25","+","0.05","1.25","40","1.26","10","43.00",
="031382","南港永豐54購01","7,000","2","8,470","1.23","1.23","1.16","1.16","-","0.13","0.46","21","--","0","40.95",
="031383","全新永豐54購01","32,000","2","97,960","3.13","3.13","3.03","3.03","-","0.31","3.03","499","3.13","10","153.50",
="031385","宏達電永豐55購01","10,000","1","41,600","4.16","4.16","4.16","4.16","+","0.36","2.61","13","--","0","66.50",
="031386","長榮太永豐52購02","15,000","5","20,400","1.42","1.42","1.22","1.27","-","0.04","0.68","44","1.28","2","180.00",
="031387","奇鋐永豐58購01","251,000","4","263,840","1.13","1.13","1.04","1.04","-","0.18","1.05","10","1.10","10","1,015.00",
="031389","亞光永豐54購02","79,000","4","106,130","1.31","1.43","1.31","1.43","+","0.11","1.27","10","1.29","10","164.00",
="03138U","世芯國票51售01","141,000","2","25,400","0.18","0.20","0.18","0.20","X","0.00","0.19","25","0.20","10","0.00",
="031390","緯創永豐54購01","10,000","1","9,600","0.96","0.96","0.96","0.96","+","0.01","0.94","499","0.96","10","115.00",
="031393","智伸科永豐54購01","248,000","23","222,850","0.80","0.96","0.80","0.92","+","0.09","0.37","27","--","0","168.50",
="031395","精成科永豐53購04","233,000","15","313,610","1.20","1.66","1.20","1.37","+","0.37","1.37","10","--","0","131.00",
="031396","保瑞統一4C購04","10,000","1","3,400","0.34","0.34","0.34","0.34","-","0.01","0.33","10","0.34","10","733.00",
="031399","精成科永豐54購02","86,000","8","125,960","1.46","1.48","1.46","1.48","+","0.43","1.56","10","--","0","131.00",
="03139U","精銳國票4C售03","11,000","2","7,720","0.71","0.71","0.70","0.70","-","0.16","0.71","25","0.72","10","0.00",
="031400","精成科永豐54購03","67,000","8","144,440","2.30","2.30","1.94","2.10","+","0.57","2.23","10","--","0","131.00",
="031401","佳必琪永豐53購01","46,000","10","80,650","1.70","1.82","1.70","1.72","+","0.01","1.66","10","1.67","10","178.50",
="031402","鈺邦永豐53購01","48,000","7","147,080","3.19","3.19","2.67","2.67","-","0.33","2.64","10","2.67","10","178.00",
="031403","世芯第一52購01","21,000","3","53,260","2.54","2.54","2.46","2.46","-","0.06","2.39","10","2.41","10","0.00",
="031404","光寶科兆豐58購01","267,000","6","235,830","0.89","0.89","0.87","0.88","-","0.08","0.87","20","0.88","20","130.00",
="031405","微星兆豐54購01","39,000","3","23,880","0.60","0.62","0.60","0.62"," ","0.00","0.61","10","0.62","10","136.50",
="031406","一詮兆豐54購01","10,000","1","9,500","0.95","0.95","0.95","0.95","-","0.01","0.95","1","--","0","80.20",
="031407","精成科兆豐54購02","615,000","23","897,340","1.53","1.53","1.40","1.53","+","0.41","1.57","15","--","0","131.00",
="031408","T50反1富邦55購02","0","0","0","--","--","--","--"," ","0.00","0.54","100","0.55","100","0.00",
="031409","中砂富邦54購02","695,000","40","893,620","1.19","1.36","1.19","1.30","+","0.09","1.29","10","1.30","10","0.00",
="03140U","臺股指國票51售02","40,000","2","22,000","0.55","0.55","0.55","0.55","+","0.01","0.57","499","0.58","499","0.00",
="031410","中砂富邦54購03","199,000","10","253,150","1.26","1.36","1.25","1.36","+","0.13","1.31","10","1.32","10","0.00",
="031411","大亞富邦53購01","919,000","59","803,490","0.85","0.95","0.83","0.89","+","0.06","0.87","10","0.88","10","0.00",
="031412","大成鋼富邦54購02","78,000","2","67,520","0.89","0.89","0.84","0.84","-","0.05","0.84","10","0.85","10","0.00",
="031413","光寶科富邦54購01","865,000","29","960,800","1.08","1.14","1.06","1.11","-","0.07","1.11","30","1.12","10","0.00",
="031414","台積電富邦52購05","20,000","2","19,500","0.97","0.98","0.97","0.98","-","0.04","0.96","30","0.97","10","0.00",
="031415","智邦富邦54購02","194,000","11","232,960","1.19","1.22","1.18","1.22","+","0.01","1.18","10","1.19","10","0.00",
="031416","智邦富邦55購01","126,000","12","156,000","1.22","1.26","1.21","1.26","+","0.02","1.21","10","1.22","10","0.00",
="031417","漢唐富邦55購01","14,000","7","44,960","3.18","3.27","3.14","3.14","-","0.27","3.23","10","3.27","10","0.00",
="031418","建準富邦54購02","398,000","20","556,340","1.39","1.42","1.35","1.41","+","0.02","1.40","10","1.41","10","0.00",
="031419","建準富邦55購01","144,000","9","187,330","1.29","1.32","1.28","1.32","+","0.01","1.30","10","1.32","10","0.00",
="03141U","臺股指國票51售03","0","0","0","--","--","--","--"," ","0.00","0.51","499","0.52","499","0.00",
="031420","皇昌富邦54購02","680,000","61","1,053,960","1.48","1.65","1.37","1.42","+","0.02","1.37","10","1.38","10","0.00",
="031421","亞光富邦53購02","118,000","5","115,820","0.97","1.00","0.96","0.96"," ","0.00","0.94","10","0.96","10","0.00",
="031422","玉晶光富邦54購01","716,000","28","734,740","1.00","1.04","0.99","1.01","-","0.02","1.01","10","1.02","10","0.00",
="031423","玉晶光富邦55購01","314,000","12","298,750","0.94","0.99","0.93","0.94","-","0.01","0.94","10","0.95","10","0.00",
="031424","上品富邦52購01","501,000","15","346,300","0.70","0.70","0.67","0.68","-","0.05","0.68","90","0.69","10","0.00",
="031425","精成科富邦55購01","1,025,000","38","1,324,240","1.22","1.38","1.22","1.37","+","0.39","1.38","15","1.52","1","0.00",
="031426","矽力富邦54購01","815,000","26","734,900","0.89","0.92","0.87","0.87","-","0.08","0.87","10","0.88","10","0.00",
="031427","AES富邦55購03","919,000","42","997,730","1.00","1.13","0.96","1.10","+","0.10","1.09","10","1.10","10","0.00",
="031428","T50反1元富52購01","0","0","0","--","--","--","--"," ","0.00","1.70","25","1.72","25","19.79",
="031429","T50反1元富52購02","0","0","0","--","--","--","--"," ","0.00","0.86","25","0.87","25","19.79",
="03142U","美費半元大51售02","0","0","0","--","--","--","--"," ","0.00","0.67","100","0.68","50","0.00",
="031430","大亞元富53購01","556,000","5","1,262,700","2.31","2.40","2.26","2.40","+","0.30","2.22","25","2.23","25","43.00",
="031431","億泰元富52購03","56,000","1","97,440","1.74","1.74","1.74","1.74","-","0.18","1.68","25","1.78","10","38.70",
="031432","光寶科元富52購01","53,000","3","412,000","7.55","7.85","7.55","7.70","-","0.30","7.40","25","7.90","10","130.00",
="031433","台達電元富52購03","9,000","9","117,900","13.10","13.40","12.90","13.30","-","0.10","12.90","25","13.90","10","709.00",
="031434","一詮元富52購02","0","0","0","--","--","--","--"," ","0.00","1.75","25","1.85","10","80.20",
="031435","華航元富52購01","0","0","0","--","--","--","--"," ","0.00","1.50","25","1.52","25","21.25",
="031436","漢翔元富52購02","10,000","1","46,500","4.65","4.65","4.65","4.65","X","0.00","4.78","5","--","0","60.00",
="031437","長榮太元富52購01","25,000","2","89,050","3.63","3.63","3.29","3.29","X","0.00","--","0","--","0","180.00",
="031438","緯創元富52購01","0","0","0","--","--","--","--"," ","0.00","6.05","25","6.20","25","115.00",
="031439","昇貿元富52購03","51,000","6","544,000","11.10","11.10","10.40","10.50","+","1.15","10.20","25","11.20","25","129.00",
="03143U","上銀元大4B售13","0","0","0","--","--","--","--"," ","0.00","1.26","499","1.27","200","0.00",
="031440","新日興元富52購02","46,000","5","77,140","1.53","1.95","1.52","1.95","+","0.39","1.01","9","--","0","259.00",
="031441","神達元富53購01","44,000","16","997,800","22.30","24.20","22.10","22.30","+","3.20","22.50","25","22.60","25","95.90",
="031442","智伸科元富52購01","132,000","9","302,340","2.04","2.51","2.04","2.36","+","0.13","0.90","11","--","0","168.50",
="031443","精成科元富52購02","100,000","3","195,320","1.85","2.09","1.85","2.09","+","0.70","2.09","25","--","0","131.00",
="031444","聯茂元富52購01","50,000","1","255,000","5.10","5.10","5.10","5.10","-","0.05","3.02","10","5.90","29","125.00",
="031445","鈺邦元富53購02","8,000","5","53,900","6.75","6.95","6.60","6.60","+","0.10","6.15","25","6.20","25","178.00",
="031446","臺股指元富55購04","0","0","0","--","--","--","--"," ","0.00","4.46","25","4.47","25","0.00",
="031447","精成科台新52購01","97,000","3","272,560","2.94","2.94","2.72","2.72","+","0.76","2.84","20","--","0","0.00",
="031448","中興電國泰53購01","1,000","1","1,160","1.16","1.16","1.16","1.16","+","0.12","1.17","499","1.20","499","167.00",
="031449","大亞國泰53購01","114,000","12","241,570","2.00","2.23","2.00","2.08","+","0.14","2.05","499","2.06","100","43.00",
="03144U","鴻海元大4B售15","0","0","0","--","--","--","--"," ","0.00","0.01","499","0.11","10","0.00",
="031450","光寶科國泰53購03","20,000","1","17,800","0.89","0.89","0.89","0.89"," ","0.00","0.84","499","0.86","499","130.00",
="031451","聯發科國泰54購01","0","0","0","--","--","--","--"," ","0.00","2.00","499","2.04","499","1,385.00",
="031452","一詮國泰53購01","0","0","0","--","--","--","--"," ","0.00","1.94","499","1.97","360","80.20",
="031453","長榮太國泰53購03","20,000","2","56,630","2.83","2.86","2.83","2.86","-","0.29","2.86","10","2.90","10","180.00",
="031454","長榮太國泰54購02","34,000","3","100,320","3.00","3.00","2.76","2.76","-","0.23","2.69","10","2.72","10","180.00",
="031455","上品國泰53購01","56,000","3","95,400","1.70","1.72","1.68","1.68","-","0.07","1.67","499","1.68","100","284.00",
="031456","精成科國泰53購02","51,000","7","114,760","2.39","2.39","2.16","2.39","+","0.87","2.34","499","--","0","131.00",
="031457","精成科國泰54購01","0","0","0","--","--","--","--"," ","0.00","2.10","499","--","0","131.00",
="031458","泓德國泰53購01","651,000","7","487,230","0.81","0.81","0.73","0.79","-","0.11","0.77","499","0.78","100","160.00",
="031459","台灣50元大52購03","174,000","17","141,680","0.83","0.85","0.78","0.78","-","0.12","0.77","100","0.78","8","52.50",
="03145U","台積電元大4B售29","0","0","0","--","--","--","--"," ","0.00","--","0","--","0","0.00",
="031460","T50反1元大53購04","0","0","0","--","--","--","--"," ","0.00","0.39","499","0.40","10","19.79",
="031461","T50反1元大57購01","0","0","0","--","--","--","--"," ","0.00","0.72","100","0.73","10","19.79",
="031462","T50反1元大5B購01","0","0","0","--","--","--","--"," ","0.00","0.83","499","0.84","10","19.79",
="031463","上証2X元大52購02","169,000","9","312,640","1.87","1.91","1.78","1.78","-","0.38","1.71","250","1.72","100","45.30",
="031464","道瓊銅元大52購02","0","0","0","--","--","--","--"," ","0.00","0.76","250","0.78","100","24.91",
="031465","台塑元大52購14","0","0","0","--","--","--","--"," ","0.00","2.15","300","2.17","10","39.10",
="031466","台塑元大52購15","0","0","0","--","--","--","--"," ","0.00","0.68","499","0.69","10","39.10",
="031467","台化元大52購07","2,000","2","4,860","2.43","2.43","2.43","2.43","-","0.13","2.34","300","2.36","10","29.90",
="031468","華城元大54購09","69,000","3","111,780","1.63","1.63","1.61","1.62","+","0.03","1.52","450","1.54","10","618.00",
="031469","台玻元大52購10","12,000","2","59,240","4.82","4.96","4.82","4.96","-","0.14","4.95","25","5.25","10","34.55",
="03146U","聯發科元大4B售18","0","0","0","--","--","--","--"," ","0.00","0.09","111","--","0","0.00",
="031470","台玻元大54購03","119,000","14","561,700","4.75","5.00","4.51","4.92","+","0.02","4.82","25","4.92","10","34.55",
="031471","中鋼元大52購01","123,000","6","124,580","1.01","1.06","1.01","1.06","-","0.05","1.02","1","1.03","10","20.15",
="031472","光寶科元大52購05","1,157,000","8","645,000","0.56","0.57","0.55","0.55","-","0.05","0.55","5","0.56","10","130.00",
="031473","光寶科元大58購01","33,000","3","22,460","0.69","0.69","0.68","0.68","-","0.05","0.66","30","0.67","10","130.00",
="031474","聯電元大52購02","0","0","0","--","--","--","--"," ","0.00","0.93","499","0.94","10","40.60",
="031475","華通元大52購07","141,000","10","515,440","3.36","3.89","3.34","3.64","+","0.23","3.54","200","3.59","10","79.30",
="031476","鴻海元大52購14","400,000","27","455,820","1.17","1.18","1.10","1.16","-","0.10","1.16","499","1.18","10","206.00",
="031477","鴻海元大52購15","271,000","10","297,150","1.11","1.13","1.05","1.11","-","0.09","1.11","519","1.13","10","206.00",
="031478","廣宇元大52購02","54,000","10","178,890","3.30","3.47","3.06","3.36","+","0.14","3.26","250","3.29","10","60.90",
="031479","台積電元大52購19","137,000","1","152,070","1.11","1.11","1.11","1.11","X","0.00","--","0","--","0","1,160.00",
="03147U","精銳元大4B售05","0","0","0","--","--","--","--"," ","0.00","0.92","499","0.93","200","0.00",
="031480","台積電元大52購20","675,000","10","517,030","0.78","0.78","0.75","0.75","-","0.05","0.75","1","0.80","23","1,160.00",
="031481","台積電元大52購21","4,000","2","4,200","1.06","1.06","1.04","1.04","-","0.05","0.32","31","--","0","1,160.00",
="031482","智邦元大54購05","126,000","9","553,300","4.24","4.48","4.24","4.48","+","0.03","4.28","150","4.31","10","984.00",
="031483","英業達元大52購01","3,000","1","3,480","1.16","1.16","1.16","1.16","-","0.04","1.14","499","1.16","10","41.35",
="031484","華碩元大52購03","504,000","5","371,960","0.76","0.76","0.73","0.73","-","0.03","0.72","25","0.75","10","634.00",
="031485","致茂元大52購04","69,000","8","121,540","1.77","1.81","1.74","1.81","+","0.03","1.83","25","1.86","10","556.00",
="031486","昆盈元大52購02","45,000","8","160,060","3.62","3.74","3.46","3.46","-","0.17","3.40","200","3.43","10","49.85",
="031487","金像電元大52購02","339,000","26","1,549,600","4.50","4.86","4.40","4.83","+","0.31","4.88","150","4.92","10","486.00",
="031488","台光電元大57購01","102,000","9","205,510","2.03","2.03","1.93","2.03","-","0.15","0.82","60","2.29","10","1,250.00",
="03148U","台積電群益4B售17","0","0","0","--","--","--","--"," ","0.00","--","0","--","0","0.00",
="031492","漢唐元大52購06","205,000","8","667,850","3.37","3.37","3.12","3.12","-","0.44","3.37","25","3.45","10","1,190.00",
="031493","建準元大52購06","390,000","5","450,000","1.10","1.16","1.10","1.16","+","0.03","1.12","499","1.17","10","137.00",
="031494","建準元大52購07","362,000","5","394,280","1.06","1.09","1.06","1.09","+","0.03","1.06","499","1.10","10","137.00",
="031495","聯發科元大52購11","76,000","4","80,480","1.06","1.06","1.05","1.06","-","0.03","0.18","55","1.17","50","1,385.00",
="031496","聯發科元大52購12","13,000","2","17,470","1.34","1.35","1.34","1.35","-","0.04","0.41","24","--","0","1,385.00",
="031497","鉅祥元大52購02","6,000","3","24,290","4.08","4.08","4.03","4.03","+","0.50","3.98","200","4.06","10","98.10",
="031498","宏達電元大56購01","172,000","26","629,820","3.78","3.79","3.40","3.60","+","0.14","3.61","14","3.64","10","66.50",
="031499","亞航元大52購03","1,000","1","6,050","6.05","6.05","6.05","6.05","-","0.25","5.70","25","--","0","62.70",
="03149U","台積電群益4B售18","0","0","0","--","--","--","--"," ","0.00","0.18","15","0.28","10","0.00",
="031500","長榮太元大52購03","0","0","0","--","--","--","--"," ","0.00","2.59","25","2.65","10","180.00",
="031501","長榮太元大52購04","109,000","14","423,580","4.10","4.14","3.54","3.59","-","0.30","3.54","19","3.59","10","180.00",
="031502","大立光元大52購06","158,000","2","115,540","0.75","0.75","0.73","0.73","-","0.04","0.73","499","0.74","10","2,395.00",
="031503","奇鋐元大54購12","846,000","27","550,930","0.69","0.69","0.60","0.65","-","0.09","0.62","499","0.65","10","1,015.00",
="031504","健鼎元大52購02","240,000","15","616,920","2.56","2.61","2.52","2.54","-","0.11","2.45","300","2.47","10","318.00",
="031505","華晶科元大52購01","20,000","1","55,000","2.75","2.75","2.75","2.75","-","0.05","2.57","250","--","0","50.30",
="031506","華晶科元大52購02","2,000","1","2,260","1.13","1.13","1.13","1.13","-","0.06","1.05","507","--","0","50.30",
="031507","景碩元大54購02","681,000","10","631,970","0.93","0.99","0.90","0.90","-","0.07","0.90","494","0.93","10","113.50",
="031508","智易元大52購02","22,000","4","19,240","1.03","1.03","0.86","0.86","-","0.23","0.83","25","--","0","236.00",
="031509","世芯元大52購15","11,000","3","30,450","2.82","2.82","2.72","2.75","+","0.13","2.65","5","2.67","10","4,000.00",
="03150U","聯發科群益4B售09","0","0","0","--","--","--","--"," ","0.00","0.10","6","--","0","0.00",
="031510","聯茂元大58購01","0","0","0","--","--","--","--"," ","0.00","1.47","25","--","0","125.00",
="031511","保瑞元大52購02","43,000","4","61,260","1.43","1.43","1.42","1.42","-","0.11","1.43","499","1.45","10","733.00",
="031512","富世達元大58購02","5,000","3","7,850","1.57","1.57","1.57","1.57","-","0.01","0.78","12","--","0","1,145.00",
="031513","羅昇元大52購01","16,000","1","45,440","2.84","2.84","2.84","2.84","X","0.00","2.68","250","2.75","10","114.50",
="031514","T50反1凱基58購01","2,000","1","2,520","1.26","1.26","1.26","1.26","+","0.01","1.28","100","1.29","10","19.79",
="031515","A50正2凱基55購03","63,000","5","64,910","1.03","1.10","1.02","1.02","-","0.25","1.00","10","--","0","31.56",
="031516","SP黃豆凱基52購02","75,000","4","155,310","2.08","2.08","2.05","2.07","X","0.00","2.07","10","2.08","50","20.50",
="031517","台塑凱基54購04","25,000","1","66,750","2.67","2.67","2.67","2.67","-","0.33","2.64","100","2.66","10","39.10",
="031518","中興電凱基58購01","38,000","3","59,760","1.57","1.59","1.57","1.59","X","0.00","1.58","100","1.60","10","167.00",
="031519","華城凱基52購04","174,000","8","220,810","1.30","1.30","1.22","1.22","-","0.13","1.20","84","1.21","10","618.00",
="03151U","聯發科群益4B售10","124,000","2","88,060","0.71","0.73","0.71","0.73","+","0.02","0.23","43","--","0","0.00",
="031520","元債2X元大4A購01","0","0","0","--","--","--","--"," ","0.00","0.09","100","0.10","50","7.05",
="031521","中砂凱基55購03","36,000","6","118,670","3.15","3.33","3.15","3.16","+","0.27","3.10","100","3.12","10","347.00",
="031522","大亞凱基52購01","217,000","20","514,370","2.16","2.50","2.16","2.30","+","0.19","2.23","10","2.24","10","43.00",
="031524","台玻凱基52購03","0","0","0","--","--","--","--"," ","0.00","9.30","10","9.80","10","34.55",
="031525","台達電凱基52購04","2,000","1","8,600","4.30","4.30","4.30","4.30","-","0.35","4.24","100","4.34","10","709.00",
="031526","鴻海凱基64購03","2,000","1","7,480","3.74","3.74","3.74","3.74","-","0.13","3.79","100","3.80","10","206.00",
="031527","華碩凱基52購03","12,000","1","15,240","1.27","1.27","1.27","1.27","X","0.00","1.25","10","1.35","10","634.00",
="031528","燿華凱基52購02","0","0","0","--","--","--","--"," ","0.00","3.29","100","3.39","10","31.45",
="031529","佳能凱基56購01","62,000","5","99,070","1.69","1.73","1.57","1.73","+","0.03","1.65","100","1.75","10","80.80",
="03152U","聯鈞群益4B售02","0","0","0","--","--","--","--"," ","0.00","0.24","30","--","0","0.00",
="031530","微星凱基52購03","40,000","4","29,480","0.72","0.76","0.72","0.75","-","0.01","0.72","100","0.74","10","136.50",
="031531","建準凱基52購02","69,000","6","124,340","1.77","1.85","1.74","1.85","+","0.03","1.77","10","1.80","10","137.00",
="031532","長榮太凱基52購05","91,000","7","297,500","3.44","3.60","2.88","2.99","-","0.24","2.96","4","2.98","10","180.00",
="031533","奇鋐凱基52購05","35,000","4","28,550","0.79","0.83","0.79","0.81","-","0.08","0.80","15","0.83","50","1,015.00",
="031534","亞光凱基52購04","0","0","0","--","--","--","--"," ","0.00","1.88","100","1.98","10","164.00",
="031535","智原凱基55購01","33,000","6","57,210","1.74","1.74","1.73","1.73","+","0.06","1.70","499","1.72","30","158.00",
="031536","華晶科凱基52購02","17,000","2","84,150","5.10","5.10","4.93","4.93","-","0.12","4.75","50","--","0","50.30",
="031537","京鼎凱基52購02","44,000","8","79,480","1.80","1.88","1.76","1.88","+","0.01","1.82","10","1.83","10","290.00",
="031538","神達凱基54購03","0","0","0","--","--","--","--"," ","0.00","8.75","100","8.85","10","95.90",
="031539","jpp凱基52購02","277,000","23","950,530","3.34","3.57","3.22","3.41","+","0.31","3.50","10","3.60","10","276.00",
="03153U","台光電中信4B售01","0","0","0","--","--","--","--"," ","0.00","--","0","0.02","10","0.00",
="031540","凌華凱基52購01","103,000","10","110,690","0.98","1.19","0.98","1.06","+","0.06","1.04","10","1.14","10","65.40",
="031541","精成科凱基55購02","153,000","14","376,370","2.42","2.59","2.34","2.59","+","0.64","2.58","20","2.82","2","131.00",
="031542","洋基凱基52購02","52,000","7","201,470","4.08","4.08","3.79","3.79","-","0.58","3.65","10","3.75","10","476.00",
="031543","AES凱基54購01","141,000","6","370,990","2.60","2.74","2.58","2.65","+","0.07","2.70","100","2.73","10","1,350.00",
="031544","南電凱基56購01","50,000","3","139,500","2.76","2.83","2.76","2.83","X","0.00","2.84","5","--","0","226.00",
="031545","元黃金群益58購01","2,000","1","1,220","0.61","0.61","0.61","0.61","+","0.01","0.61","43","0.62","10","37.00",
="031546","台泥群益57購01","10,000","1","4,300","0.43","0.43","0.43","0.43","-","0.02","0.42","100","0.43","100","22.80",
="031547","中砂群益52購02","17,000","2","47,940","2.82","2.82","2.82","2.82","+","0.17","0.09","111","--","0","347.00",
="031548","大亞群益52購01","338,000","23","1,636,050","4.68","4.90","4.66","4.90","+","0.31","1.78","11","4.89","10","43.00",
="031549","大亞群益58購01","140,000","11","289,980","2.01","2.19","2.00","2.09","+","0.10","2.05","25","2.06","10","43.00",
="03154U","台積電永豐4C售10","0","0","0","--","--","--","--"," ","0.00","0.07","10","0.08","10","0.00",
="031550","億泰群益52購01","0","0","0","--","--","--","--"," ","0.00","1.15","10","1.25","10","38.70",
="031551","大成鋼群益52購02","0","0","0","--","--","--","--"," ","0.00","0.13","3","--","0","38.60",
="031552","川湖群益58購01","86,000","5","69,180","0.79","0.82","0.79","0.80","+","0.03","0.79","100","0.82","100","2,925.00",
="031553","南港群益52購01","26,000","2","40,180","1.58","1.58","1.48","1.48","-","0.12","0.57","17","--","0","40.95",
="031554","光寶科群益52購04","184,000","6","152,710","0.82","0.85","0.82","0.85","-","0.06","0.21","238","--","0","130.00",
="031555","華通群益56購01","250,000","17","376,410","1.39","1.65","1.39","1.46","+","0.09","1.45","10","1.55","10","79.30",
="031556","鴻海群益53購12","200,000","2","374,000","1.86","1.88","1.86","1.88","-","0.10","1.85","100","1.88","100","206.00",
="031557","矽統群益52購03","106,000","9","324,920","3.04","3.15","2.97","3.15"," ","0.00","3.08","10","3.18","10","55.10",
="031558","微星群益52購02","0","0","0","--","--","--","--"," ","0.00","0.28","100","0.29","100","136.50",
="031559","毅嘉群益52購01","0","0","0","--","--","--","--"," ","0.00","3.50","2","6.30","10","60.80",
="03155U","T50正2元富4B售04","0","0","0","--","--","--","--"," ","0.00","0.21","25","0.22","25","0.00",
="031560","全新群益52購02","113,000","5","314,170","2.80","2.90","2.74","2.74","-","0.25","1.18","42","--","0","153.50",
="031561","鉅祥群益52購01","312,000","34","413,470","1.22","1.43","1.22","1.36","+","0.16","1.34","10","1.44","10","98.10",
="031562","一詮群益52購03","0","0","0","--","--","--","--"," ","0.00","0.58","17","--","0","80.20",
="031563","華航群益56購01","28,000","1","22,400","0.80","0.80","0.80","0.80","X","0.00","0.77","10","0.87","10","21.25",
="031564","亞航群益52購01","0","0","0","--","--","--","--"," ","0.00","3.52","10","3.92","4","62.70",
="031565","長榮太群益52購02","188,000","17","424,480","2.38","2.43","2.04","2.13","-","0.07","0.95","10","--","0","180.00",
="031566","長榮太群益53購02","354,000","30","649,660","1.96","1.98","1.65","1.74","-","0.10","1.67","1","1.89","10","180.00",
="031567","華立群益52購01","52,000","2","56,880","1.10","1.10","1.09","1.09","-","0.04","1.08","10","1.18","10","99.40",
="031568","德律群益53購01","279,000","19","466,810","1.70","1.70","1.60","1.69","-","0.07","1.63","10","1.70","10","206.00",
="031569","緯創群益52購02","39,000","3","33,040","0.81","0.86","0.81","0.86","-","0.01","0.29","34","--","0","115.00",
="03156U","聯鈞元富4B售04","0","0","0","--","--","--","--"," ","0.00","0.54","25","0.55","25","0.00",
="031570","華擎群益52購03","57,000","7","132,660","2.42","2.42","2.30","2.30","-","0.06","2.25","100","2.27","100","281.00",
="031571","世芯群益52購10","0","0","0","--","--","--","--"," ","0.00","0.96","10","1.06","10","4,000.00",
="031572","神達群益54購01","782,000","29","1,387,030","1.78","1.89","1.65","1.75","+","0.25","1.77","10","1.87","10","95.90",
="031573","智伸科群益52購02","300,000","13","519,750","1.52","1.85","1.52","1.77","+","0.10","0.64","15","--","0","168.50",
="031574","上品群益52購01","57,000","5","73,730","1.30","1.30","1.27","1.27","-","0.06","0.57","17","--","0","284.00",
="031575","立積群益52購03","139,000","15","290,780","1.84","2.50","1.84","2.50","+","0.61","1.80","1","3.00","1","158.00",
="031576","祥碩群益52購01","29,000","4","22,010","0.77","0.79","0.75","0.76","-","0.03","0.31","100","--","0","1,665.00",
="031577","祥碩群益53購01","57,000","3","48,560","0.85","0.90","0.85","0.90","-","0.01","0.77","50","--","0","1,665.00",
="031578","精成科群益53購01","493,000","19","796,800","1.67","1.75","1.54","1.69","+","0.34","1.66","10","1.90","1","131.00",
="031579","佳必琪群益52購02","127,000","14","300,400","2.28","2.45","2.20","2.23","-","0.02","2.20","10","2.30","10","178.50",
="03157U","長榮元大4B售10","0","0","0","--","--","--","--"," ","0.00","2.21","350","2.23","200","0.00",
="031580","聯茂群益52購02","0","0","0","--","--","--","--"," ","0.00","7.85","18","--","0","125.00",
="031581","穎崴群益54購02","21,000","5","68,240","3.28","3.28","3.18","3.26","-","0.15","1.79","5","--","0","1,250.00",
="031582","緯穎群益52購08","0","0","0","--","--","--","--"," ","0.00","1.48","10","--","0","2,975.00",
="031583","富世達群益52購05","10,000","5","14,870","1.49","1.58","1.46","1.58"," ","0.00","1.55","100","1.65","100","1,145.00",
="031584","富世達群益56購01","0","0","0","--","--","--","--"," ","0.00","3.53","100","3.63","100","1,145.00",
="031585","泓德群益54購01","0","0","0","--","--","--","--"," ","0.00","0.12","10","0.42","1","160.00",
="031586","昇陽半群益56購01","62,000","4","82,580","1.30","1.38","1.30","1.30","+","0.05","0.56","17","--","0","152.50",
="031587","南電群益52購04","342,000","14","1,384,420","5.00","5.00","3.64","4.46","+","1.30","4.50","5","--","0","226.00",
="031588","光寶科中信52購02","134,000","6","65,030","0.48","0.50","0.48","0.49","-","0.04","0.47","10","0.48","10","0.00",
="031589","聯電中信52購01","5,000","1","7,900","1.58","1.58","1.58","1.58","-","0.14","1.53","10","1.55","10","0.00",
="03158U","國泰金元大4B售06","0","0","0","--","--","--","--"," ","0.00","0.93","499","0.94","200","0.00",
="031590","鴻海中信58購01","23,000","4","15,720","0.68","0.70","0.66","0.70","-","0.03","0.68","10","0.69","10","0.00",
="031591","漢唐中信52購01","149,000","7","368,520","2.50","2.50","2.32","2.32","-","0.44","2.54","10","2.63","10","0.00",
="031592","奇鋐中信52購01","142,000","7","196,270","1.48","1.48","1.36","1.37","-","0.24","1.37","499","1.41","10","0.00",
="031593","臺股指中信56購01","207,000","10","71,000","0.35","0.35","0.32","0.33","-","0.04","0.32","569","0.33","98","0.00",
="031594","香港2X永豐53購02","744,000","16","448,090","0.62","0.62","0.56","0.56","-","0.22","0.55","12","0.56","9","16.40",
="031595","道瓊銅永豐55購01","0","0","0","--","--","--","--"," ","0.00","0.80","10","0.81","10","24.91",
="031596","川湖永豐52購03","0","0","0","--","--","--","--"," ","0.00","0.99","10","1.00","10","2,925.00",
="031597","鴻海永豐52購07","0","0","0","--","--","--","--"," ","0.00","0.94","10","0.95","10","206.00",
="031598","鴻海永豐52購08","0","0","0","--","--","--","--"," ","0.00","2.35","10","2.37","10","206.00",
="031599","台積電永豐52購05","0","0","0","--","--","--","--"," ","0.00","0.95","499","1.05","10","1,160.00",
="03159U","奇鋐元大4B售11","5,000","1","950","0.19","0.19","0.19","0.19","X","0.00","0.19","499","0.20","200","0.00",
="031600","台積電永豐52購06","0","0","0","--","--","--","--"," ","0.00","0.95","499","1.05","10","1,160.00",
="031601","技嘉永豐53購02","112,000","6","125,700","1.14","1.14","1.12","1.12","-","0.06","1.11","499","1.21","10","281.00",
="031602","技嘉永豐55購01","0","0","0","--","--","--","--"," ","0.00","1.08","499","1.18","10","281.00",
="031603","台光電永豐54購03","0","0","0","--","--","--","--"," ","0.00","2.52","40","2.62","10","1,250.00",
="031604","漢唐永豐53購05","0","0","0","--","--","--","--"," ","0.00","2.50","499","2.57","10","1,190.00",
="031605","京元電永豐53購04","17,000","3","20,570","1.21","1.21","1.21","1.21","+","0.04","1.21","10","1.26","10","142.00",
="031606","京元電永豐54購01","63,000","5","201,810","2.95","3.37","2.95","3.37","+","0.33","3.08","10","3.18","10","142.00",
="031607","奇鋐永豐53購03","95,000","10","100,860","1.07","1.07","0.98","0.98","-","0.21","1.04","499","1.06","10","1,015.00",
="031608","欣興永豐52購05","11,000","3","10,930","0.97","1.08","0.97","1.08","+","0.09","1.01","499","1.04","10","150.00",
="031609","富華新永豐52購01","0","0","0","--","--","--","--"," ","0.00","0.31","10","0.32","10","21.15",
="03160U","世芯元大4B售08","5,000","1","1,100","0.22","0.22","0.22","0.22","-","0.01","0.21","499","0.22","50","0.00",
="031610","新日興永豐55購01","15,000","6","131,800","7.55","10.30","7.50","10.30","+","2.85","3.15","3","--","0","259.00",
="031611","辛耘永豐54購02","130,000","22","424,380","3.09","3.34","3.08","3.34","+","0.25","3.35","10","3.36","10","393.50",
="031612","健策永豐54購01","0","0","0","--","--","--","--"," ","0.00","4.42","499","4.52","10","1,905.00",
="031613","貿聯永豐52購10","707,000","21","775,260","0.99","1.17","0.99","1.07","+","0.06","1.08","10","1.09","10","981.00",
="031614","貿聯永豐54購01","109,000","6","354,580","3.22","3.47","3.18","3.18","+","0.17","1.21","8","--","0","981.00",
="031615","上品永豐54購02","10,000","1","7,400","0.74","0.74","0.74","0.74","-","0.04","0.72","10","0.74","10","284.00",
="031616","帆宣永豐53購01","74,000","9","331,700","4.57","4.62","4.40","4.45","+","0.07","4.42","499","4.52","10","264.00",
="031617","視陽永豐52購01","10,000","1","9,500","0.95","0.95","0.95","0.95","+","0.04","0.85","10","0.86","10","207.50",
="031618","采鈺永豐54購02","110,000","8","175,350","1.55","1.63","1.55","1.61","+","0.24","1.58","10","1.60","10","264.00",
="031619","富世達永豐54購01","200,000","13","212,380","1.05","1.09","1.00","1.09"," ","0.00","1.07","60","1.10","10","1,145.00",
="03161U","台積電凱基4C售32","0","0","0","--","--","--","--"," ","0.00","0.14","100","0.15","30","0.00",
="031620","華新兆豐53購01","0","0","0","--","--","--","--"," ","0.00","1.42","10","1.43","10","23.35",
="031621","大成鋼兆豐54購02","9,000","2","5,260","0.59","0.59","0.58","0.58","-","0.03","0.54","10","0.55","10","38.60",
="031622","台積電兆豐55購01","0","0","0","--","--","--","--"," ","0.00","0.65","10","0.66","10","1,160.00",
="031623","智邦兆豐54購02","10,000","1","10,500","1.05","1.05","1.05","1.05"," ","0.00","1.05","10","--","0","984.00",
="031624","奇鋐兆豐54購01","398,000","10","430,010","1.10","1.10","0.96","1.02","-","0.12","1.06","10","1.07","10","1,015.00",
="031625","亞翔兆豐54購01","100,000","2","80,500","0.83","0.83","0.78","0.78"," ","0.00","0.72","10","0.73","10","349.50",
="031626","川湖富邦52購02","52,000","3","53,430","0.98","1.03","0.98","1.00","+","0.02","0.98","10","1.00","10","0.00",
="031627","華碩富邦52購01","42,000","5","17,270","0.41","0.42","0.41","0.42"," ","0.00","0.41","30","0.42","5","0.00",
="031628","漢翔富邦52購01","1,000","1","2,100","2.10","2.10","2.10","2.10","+","0.64","2.13","5","2.57","1","0.00",
="031629","神達第一52購01","96,000","11","335,500","3.41","3.54","3.40","3.53","+","0.63","3.49","10","3.59","10","0.00",
="03162U","聯鈞凱基4B售05","0","0","0","--","--","--","--"," ","0.00","0.64","100","0.65","30","0.00",
="031630","台灣50凱基52購03","0","0","0","--","--","--","--"," ","0.00","0.76","100","0.77","50","52.50",
="031631","T50反1凱基53購02","12,000","1","3,840","0.32","0.32","0.32","0.32","+","0.01","0.32","100","0.33","10","19.79",
="031632","T50反1凱基57購01","0","0","0","--","--","--","--"," ","0.00","1.06","100","1.07","10","19.79",
="031633","T50反1凱基5B購01","30,000","1","40,800","1.36","1.36","1.36","1.36","+","0.01","1.39","100","1.40","10","19.79",
="031634","S&P正2凱基54購01","10,000","1","7,500","0.75","0.75","0.75","0.75","X","0.00","0.75","100","0.76","10","105.05",
="031635","美指2X凱基56購02","0","0","0","--","--","--","--"," ","0.00","0.59","10","0.60","50","20.48",
="031636","道瓊銅凱基52購01","0","0","0","--","--","--","--"," ","0.00","1.54","10","1.55","50","24.91",
="031637","大亞凱基52購02","119,000","20","298,510","2.42","2.66","2.42","2.44","+","0.25","2.43","10","2.44","10","43.00",
="031638","大成鋼凱基58購01","0","0","0","--","--","--","--"," ","0.00","2.09","100","2.19","10","38.60",
="031639","川湖凱基52購05","0","0","0","--","--","--","--"," ","0.00","1.81","100","1.82","10","2,925.00",
="03163U","世芯凱基4B售06","0","0","0","--","--","--","--"," ","0.00","0.28","100","0.29","30","0.00",
="031640","光寶科凱基57購01","53,000","5","75,190","1.43","1.43","1.39","1.43","-","0.11","1.39","100","1.41","10","130.00",
="031641","鴻海凱基52購07","0","0","0","--","--","--","--"," ","0.00","1.53","100","1.54","10","206.00",
="031642","鴻海凱基54購13","0","0","0","--","--","--","--"," ","0.00","0.95","100","0.96","10","206.00",
="031643","鴻海凱基64購04","0","0","0","--","--","--","--"," ","0.00","2.30","100","2.31","10","206.00",
="031644","台積電凱基54購13","5,000","1","2,350","0.47","0.47","0.47","0.47","X","0.00","0.43","100","0.44","10","1,160.00",
="031645","台積電凱基58購10","3,000","1","2,130","0.71","0.71","0.71","0.71","X","0.00","0.67","100","0.68","10","1,160.00",
="031646","智邦凱基52購07","0","0","0","--","--","--","--"," ","0.00","1.18","100","1.19","10","984.00",
="031647","佳能凱基56購02","118,000","12","285,400","2.38","2.49","2.33","2.43","-","0.04","2.40","100","2.42","10","80.80",
="031648","漢唐凱基52購04","1,000","1","7,150","7.15","7.15","7.15","7.15","-","0.65","7.35","10","7.85","10","1,190.00",
="031649","京元電凱基52購03","214,000","16","470,750","1.93","2.31","1.93","2.11","+","0.11","0.65","15","--","0","142.00",
="03164U","帆宣凱基4C售02","0","0","0","--","--","--","--"," ","0.00","0.12","10","0.22","10","0.00",
="031650","聯發科凱基54購05","0","0","0","--","--","--","--"," ","0.00","1.16","100","1.17","10","1,385.00",
="031651","一詮凱基52購01","0","0","0","--","--","--","--"," ","0.00","2.08","10","2.11","10","80.20",
="031652","大立光凱基52購03","0","0","0","--","--","--","--"," ","0.00","1.38","100","1.40","10","2,395.00",
="031654","華立凱基52購01","10,000","1","7,500","0.75","0.75","0.75","0.75","-","0.01","0.73","10","0.74","10","99.40",
="031657","健策凱基52購02","21,000","11","91,370","4.39","4.56","4.12","4.45","-","0.35","4.50","100","4.54","10","1,905.00",
="031659","世芯凱基52購11","1,000","1","2,670","2.67","2.67","2.67","2.67","-","0.13","2.59","100","2.64","10","4,000.00",
="03165U","臺股指凱基51售12","0","0","0","--","--","--","--"," ","0.00","0.54","100","0.55","10","0.00",
="031660","上品凱基52購03","15,000","2","28,700","1.92","1.92","1.90","1.90","-","0.10","1.81","10","1.87","10","284.00",
="031661","祥碩凱基54購01","17,000","3","16,580","0.95","0.98","0.93","0.93","-","0.07","0.93","100","1.03","10","1,665.00",
="031665","高力統一54購01","539,000","34","246,030","0.47","0.47","0.44","0.46","-","0.01","0.46","90","0.48","6","380.00",
="031666","高力統一54購02","54,000","3","17,290","0.33","0.33","0.32","0.32","-","0.03","0.32","1","0.33","10","380.00",
="031667","高力統一54購03","751,000","52","373,780","0.58","0.58","0.48","0.48","-","0.05","0.48","47","0.55","105","380.00",
="031668","亞翔凱基54購03","135,000","4","234,850","1.77","1.77","1.70","1.76","-","0.15","1.66","100","1.68","10","349.50",
="031669","帆宣凱基52購01","1,000","1","3,450","3.45","3.45","3.45","3.45","+","0.05","3.41","10","3.51","10","264.00",
="03166U","國泰金國票4C售04","0","0","0","--","--","--","--"," ","0.00","0.76","25","0.77","10","0.00",
="031670","聯茂凱基52購02","0","0","0","--","--","--","--"," ","0.00","8.60","499","9.10","10","125.00",
="031671","訊芯凱基52購01","0","0","0","--","--","--","--"," ","0.00","1.64","10","1.66","10","165.00",
="031672","穎崴凱基52購04","0","0","0","--","--","--","--"," ","0.00","1.35","100","1.45","10","1,250.00",
="031673","AES凱基54購02","134,000","6","145,920","1.06","1.11","1.06","1.08","+","0.05","1.09","100","1.10","10","1,350.00",
="031674","T50正2元富55購02","6,000","1","13,560","2.26","2.26","2.26","2.26","-","0.04","2.14","25","2.15","25","259.40",
="031675","元黃金元富58購01","10,000","1","19,000","1.90","1.90","1.90","1.90","+","0.01","1.92","25","1.93","25","37.00",
="031676","台塑元富52購03","0","0","0","--","--","--","--"," ","0.00","0.90","25","0.91","25","39.10",
="031677","鴻海元富52購10","2,000","2","5,440","2.71","2.73","2.71","2.73","-","0.18","2.73","25","2.77","25","206.00",
="031678","台積電元富68購01","0","0","0","--","--","--","--"," ","0.00","3.21","25","3.31","10","1,160.00",
="031679","漢唐元富52購01","0","0","0","--","--","--","--"," ","0.00","2.89","25","2.95","25","1,190.00",
="03167U","奇鋐國票4C售06","5,000","1","650","0.13","0.13","0.13","0.13","X","0.00","0.12","25","0.13","10","0.00",
="031680","志聖元富53購01","112,000","13","478,960","4.06","4.61","3.94","3.95","+","0.05","3.73","25","3.77","25","201.50",
="031681","新日興元富52購03","85,000","7","125,450","1.36","1.83","1.36","1.79","+","0.40","0.66","45","--","0","259.00",
="031682","新日興元富53購01","56,000","6","117,160","1.62","2.31","1.62","2.19","+","0.53","0.64","15","--","0","259.00",
="031683","京鼎元富52購01","28,000","1","31,920","1.14","1.14","1.14","1.14","-","0.09","1.18","25","1.19","25","290.00",
="031684","辛耘元富52購01","655,000","20","1,136,260","1.65","1.76","1.54","1.75","+","0.13","1.75","25","1.76","25","393.50",
="031685","世芯元富54購07","24,000","3","58,000","2.43","2.43","2.37","2.37","-","0.02","2.24","25","2.27","25","4,000.00",
="031686","海華元富53購01","0","0","0","--","--","--","--"," ","0.00","4.50","2","8.80","2","100.00",
="031687","神達元富53購02","175,000","23","811,470","4.60","5.05","4.42","4.68","+","0.64","4.68","25","4.74","25","95.90",
="031688","材料元富52購03","426,000","14","739,380","1.72","1.75","1.65","1.68","+","0.05","1.65","25","1.75","10","67.70",
="031689","亞翔元富55購01","0","0","0","--","--","--","--"," ","0.00","2.10","25","2.11","25","349.50",
="03168U","聯鈞國票4C售05","0","0","0","--","--","--","--"," ","0.00","1.01","25","1.02","10","0.00",
="031690","佳必琪元富52購02","33,000","3","226,750","6.85","6.95","6.85","6.85","X","0.00","6.35","25","6.85","25","178.50",
="031691","樺漢元富52購01","523,000","26","702,670","1.31","1.39","1.31","1.33","+","0.11","1.31","25","1.32","25","326.00",
="031692","訊芯元富52購01","13,000","1","17,810","1.37","1.37","1.37","1.37","-","0.16","1.31","25","1.33","25","165.00",
="031693","緯穎元富55購04","0","0","0","--","--","--","--"," ","0.00","1.67","25","1.68","25","2,975.00",
="031694","洋基元富53購01","0","0","0","--","--","--","--"," ","0.00","1.47","25","1.57","10","476.00",
="031695","AES元富55購01","441,000","14","791,920","1.66","1.90","1.66","1.83","+","0.10","1.81","25","1.91","25","1,350.00",
="031696","采鈺元富52購01","110,000","7","185,670","1.62","1.72","1.62","1.64","+","0.26","1.65","25","1.67","25","264.00",
="031697","台積電國泰53購04","0","0","0","--","--","--","--"," ","0.00","1.06","499","1.09","499","1,160.00",
="031698","漢唐國泰53購02","10,000","1","39,100","3.91","3.91","3.91","3.91","-","0.15","3.97","10","4.05","10","1,190.00",
="031699","漢唐國泰53購03","111,000","15","336,230","3.08","3.08","2.87","3.05","-","0.22","3.06","10","3.11","10","1,190.00",
="03169U","臺股指國票52售01","0","0","0","--","--","--","--"," ","0.00","0.58","499","0.59","499","0.00",
="031700","華立國泰53購01","0","0","0","--","--","--","--"," ","0.00","0.91","499","0.92","100","99.40",
="031701","富華新國泰53購01","0","0","0","--","--","--","--"," ","0.00","0.68","499","0.69","100","21.15",
="031702","日電貿國泰53購01","14,000","3","17,230","1.24","1.26","1.21","1.21"," ","0.00","1.22","499","1.23","100","70.50",
="031703","鈺邦國泰53購01","0","0","0","--","--","--","--"," ","0.00","4.39","10","4.45","10","178.00",
="031704","華城群益52購02","0","0","0","--","--","--","--"," ","0.00","1.08","100","1.09","100","618.00",
="031705","中砂群益52購03","4,000","1","12,880","3.22","3.22","3.22","3.22","+","0.20","0.30","33","--","0","347.00",
="031706","川湖群益52購04","29,000","1","19,140","0.66","0.66","0.66","0.66","X","0.00","0.64","100","0.67","100","2,925.00",
="031707","鴻海群益53購13","0","0","0","--","--","--","--"," ","0.00","1.21","100","1.23","100","206.00",
="031708","台積電群益54購18","0","0","0","--","--","--","--"," ","0.00","0.23","43","--","0","1,160.00",
="031709","智邦群益54購01","6,000","2","5,600","0.95","0.95","0.93","0.93","-","0.01","0.92","10","1.02","10","984.00",
="03170U","國泰金中信4B售04","0","0","0","--","--","--","--"," ","0.00","0.24","10","0.25","10","0.00",
="031710","華碩群益52購03","0","0","0","--","--","--","--"," ","0.00","--","0","--","0","634.00",
="031711","微星群益52購03","94,000","3","70,480","0.74","0.76","0.74","0.76","-","0.03","0.75","100","0.77","100","136.50",
="031712","漢唐群益52購06","35,000","3","153,180","4.38","4.38","4.32","4.32","-","0.28","1.74","11","--","0","1,190.00",
="031713","漢唐群益53購02","36,000","3","144,210","4.01","4.01","3.86","3.86","-","0.36","1.46","6","--","0","1,190.00",
="031714","宏達電群益52購03","36,000","7","446,200","12.90","12.90","11.90","12.60","+","1.60","6.00","1","--","0","66.50",
="031715","奇鋐群益54購11","10,000","1","7,500","0.75","0.75","0.75","0.75","-","0.14","0.27","37","--","0","1,015.00",
="031716","智原群益52購02","75,000","1","69,750","0.93","0.93","0.93","0.93"," ","0.00","0.93","100","1.00","100","158.00",
="031717","京鼎群益52購01","67,000","3","59,310","0.90","0.90","0.87","0.90","-","0.02","0.90","100","0.91","100","290.00",
="031718","健策群益52購06","162,000","11","553,970","3.37","3.55","3.34","3.41","-","0.13","3.51","10","3.61","10","1,905.00",
="031719","貿聯群益53購01","33,000","3","38,810","1.07","1.26","1.07","1.26","+","0.28","0.44","22","--","0","981.00",
="03171U","群創中信4B售02","187,000","16","51,700","0.32","0.32","0.23","0.24","X","0.00","0.23","10","0.24","10","0.00",
="031720","神達群益54購02","204,000","31","282,950","1.20","1.50","1.20","1.40","+","0.28","1.38","10","1.40","2","95.90",
="031721","上品群益52購02","0","0","0","--","--","--","--"," ","0.00","0.40","5","--","0","284.00",
="031722","立積群益55購01","185,000","12","119,330","0.56","0.76","0.56","0.76","+","0.19","0.22","45","--","0","158.00",
="031723","亞翔群益53購02","6,000","4","9,470","1.58","1.58","1.57","1.57","-","0.24","1.57","11","1.67","10","349.50",
="031724","精成科群益52購03","534,000","22","955,490","1.87","1.91","1.70","1.87","+","0.53","1.01","19","--","0","131.00",
="031725","帆宣群益52購01","38,000","3","77,450","2.05","2.05","1.96","1.96","+","0.01","0.75","66","--","0","264.00",
="031726","鈺邦群益52購02","33,000","5","155,570","5.25","5.25","4.64","4.71","-","0.44","3.30","6","4.41","10","178.00",
="031727","洋基群益52購02","25,000","2","24,800","1.01","1.01","0.92","0.92","-","0.16","0.35","57","--","0","476.00",
="031728","AES群益52購04","652,000","20","590,720","0.84","0.98","0.84","0.98","+","0.23","0.24","41","--","0","1,350.00",
="031729","SP黃豆國票55購01","674,000","5","571,960","0.85","0.85","0.84","0.84","-","0.03","0.83","27","0.84","10","20.50",
="03172U","陽明元富4B售05","0","0","0","--","--","--","--"," ","0.00","3.40","25","3.45","25","0.00",
="031730","道瓊銀國票5B購01","0","0","0","--","--","--","--"," ","0.00","1.57","25","1.58","10","32.63",
="031731","亞航國票52購01","59,000","7","290,650","5.45","5.45","4.84","4.90","-","0.08","4.78","25","4.88","10","62.70",
="031732","TPK國票53購01","20,000","3","47,780","2.40","2.41","2.37","2.41","+","0.20","2.39","33","2.41","10","41.20",
="031733","元債2X凱基4A購01","0","0","0","--","--","--","--"," ","0.00","0.05","100","0.15","10","7.05",
="031734","立積國票52購02","0","0","0","--","--","--","--"," ","0.00","1.44","25","--","0","158.00",
="031736","帆宣國票53購02","24,000","2","70,300","2.95","2.95","2.90","2.90","-","0.04","2.95","25","2.97","10","264.00",
="031737","香港2X元大53購02","366,000","8","322,630","0.90","0.90","0.85","0.85","-","0.24","0.84","250","0.85","99","16.40",
="031738","A50正2元大54購01","0","0","0","--","--","--","--"," ","0.00","3.10","250","3.11","100","31.56",
="031739","美指反元大52購01","0","0","0","--","--","--","--"," ","0.00","0.47","499","0.48","100","15.76",
="03173U","美指2X國票52售01","0","0","0","--","--","--","--"," ","0.00","0.67","25","0.68","10","0.00",
="031740","台塑元大52購16","2,000","2","5,070","2.55","2.55","2.52","2.52","-","0.19","2.45","300","2.47","10","39.10",
="031741","台化元大52購08","0","0","0","--","--","--","--"," ","0.00","2.07","350","2.10","10","29.90",
="031742","台化元大52購09","0","0","0","--","--","--","--"," ","0.00","2.34","300","2.36","10","29.90",
="031743","大亞元大52購01","217,000","18","545,730","2.42","2.73","2.39","2.62","+","0.26","2.46","50","2.48","10","43.00",
="031744","大亞元大52購02","222,000","24","611,440","2.63","2.94","2.61","2.81","+","0.26","2.66","300","2.69","10","43.00",
="031745","台玻元大52購11","25,000","3","140,750","5.40","5.85","5.40","5.85","-","0.10","5.75","25","5.95","10","34.55",
="031746","台玻元大52購12","10,000","1","49,500","4.95","4.95","4.95","4.95","X","0.00","4.94","25","5.20","10","34.55",
="031747","大成鋼元大52購02","0","0","0","--","--","--","--"," ","0.00","1.40","450","1.43","10","38.60",
="031748","台達電元大52購03","414,000","33","887,950","2.14","2.24","2.07","2.16","-","0.19","2.12","25","2.14","10","709.00",
="031749","華通元大52購08","242,000","19","928,560","3.48","4.14","3.48","3.79","+","0.32","3.67","200","3.72","10","79.30",
="03174P","台積電凱基51售03","17,000","4","2,840","0.16","0.17","0.16","0.17","+","0.01","0.18","100","0.19","10","0.00",
="03174U","川湖國票4C售03","70,000","2","12,600","0.18","0.18","0.18","0.18","-","0.03","0.18","75","0.19","10","0.00",
="031750","英業達元大52購02","258,000","5","202,820","0.77","0.79","0.77","0.79","-","0.03","0.77","499","0.79","10","41.35",
="031751","華碩元大52購04","341,000","3","320,770","0.94","0.95","0.94","0.95","-","0.01","0.93","25","0.96","10","634.00",
="031752","所羅門元大52購02","342,000","18","382,300","1.09","1.25","1.04","1.04","-","0.17","1.03","499","1.05","10","162.00",
="031753","致茂元大52購05","116,000","5","198,680","1.76","1.78","1.68","1.68","-","0.10","1.83","25","1.86","10","556.00",
="031754","微星元大52購01","551,000","8","339,140","0.61","0.64","0.61","0.62","-","0.02","0.61","504","0.62","10","136.50",
="031755","建準元大52購08","350,000","2","490,000","1.40","1.40","1.40","1.40"," ","0.00","1.36","25","1.41","10","137.00",
="031756","建準元大52購09","132,000","6","246,940","1.84","1.93","1.82","1.93","+","0.06","1.86","400","1.92","10","137.00",
="031757","聯發科元大52購14","0","0","0","--","--","--","--"," ","0.00","0.07","44","--","0","1,385.00",
="031758","聯發科元大52購15","55,000","2","62,800","1.14","1.16","1.14","1.16","-","0.03","0.19","105","--","0","1,385.00",
="031759","全新元大52購03","42,000","6","38,830","0.89","0.96","0.88","0.88","-","0.08","0.84","499","0.86","10","153.50",
="03175P","台積電凱基51售04","0","0","0","--","--","--","--"," ","0.00","0.05","499","0.10","499","0.00",
="03175U","長榮國票4C售06","0","0","0","--","--","--","--"," ","0.00","1.60","25","1.62","10","0.00",
="031760","鉅祥元大52購03","186,000","16","742,870","3.65","4.25","3.65","4.25","+","0.49","4.06","200","4.11","10","98.10",
="031761","亞航元大52購04","28,000","4","199,000","7.15","7.15","7.00","7.00","+","0.15","6.20","25","--","0","62.70",
="031762","玉山金元大52購01","0","0","0","--","--","--","--"," ","0.00","1.36","499","1.39","10","33.60",
="031763","大立光元大52購07","203,000","3","123,930","0.62","0.62","0.61","0.61","-","0.04","0.60","499","0.61","10","2,395.00",
="031764","大立光元大52購08","209,000","3","161,080","0.77","0.80","0.77","0.80","-","0.02","0.77","25","0.78","10","2,395.00",
="031765","聯詠元大52購01","249,000","15","441,830","1.75","1.80","1.75","1.77","-","0.01","1.74","25","1.82","15","435.00",
="031766","智原元大52購03","4,000","3","3,580","0.89","0.90","0.89","0.90","+","0.05","0.87","499","0.89","10","158.00",
="031767","富華新元大52購01","388,000","7","276,620","0.75","0.75","0.70","0.70","-","0.04","0.70","499","0.71","30","21.15",
="031768","創意元大52購02","0","0","0","--","--","--","--"," ","0.00","0.13","76","--","0","1,350.00",
="031769","創意元大52購03","1,479,000","14","1,136,080","0.77","0.81","0.76","0.80","+","0.03","0.76","30","--","0","1,350.00",
="03176U","精銳國票4C售04","0","0","0","--","--","--","--"," ","0.00","0.73","25","0.74","10","0.00",
="031770","健策元大52購01","0","0","0","--","--","--","--"," ","0.00","1.89","25","--","0","1,905.00",
="031771","智伸科元大52購02","341,000","10","380,090","0.97","1.21","0.97","1.18","+","0.11","1.18","10","--","0","168.50",
="031772","智伸科元大52購03","686,000","32","810,240","1.08","1.31","1.08","1.22","+","0.09","1.26","25","1.29","10","168.50",
="031773","中磊元大52購01","7,000","1","11,270","1.61","1.61","1.61","1.61","+","0.02","1.54","450","1.58","10","105.50",
="031774","亞翔元大52購04","0","0","0","--","--","--","--"," ","0.00","1.06","499","1.07","10","349.50",
="031775","帆宣元大52購01","54,000","2","115,020","2.13","2.13","2.13","2.13","X","0.00","2.01","25","2.04","10","264.00",
="031776","訊芯元大52購03","3,000","1","3,000","1.00","1.00","1.00","1.00","X","0.00","0.95","499","0.97","10","165.00",
="031777","訊芯元大52購04","130,000","4","156,620","1.22","1.22","1.17","1.21","-","0.14","1.17","499","1.19","10","165.00",
="031778","SGBR2X中信57購01","0","0","0","--","--","--","--"," ","0.00","1.00","499","1.01","100","0.00",
="031779","南亞中信52購03","302,000","18","401,310","1.39","1.39","1.29","1.31","-","0.22","1.29","10","1.30","10","0.00",
="03177U","晶心科國票4B售03","0","0","0","--","--","--","--"," ","0.00","0.94","25","0.95","10","0.00",
="031780","南亞中信56購01","70,000","6","266,580","3.93","3.93","3.53","3.53","-","0.84","3.56","10","3.66","10","0.00",
="031781","智邦中信52購02","19,000","2","17,930","0.92","0.95","0.92","0.95"," ","0.00","0.90","499","0.91","10","0.00",
="031782","金像電中信57購01","153,000","10","207,150","1.31","1.42","1.31","1.42","+","0.08","1.42","10","1.43","10","0.00",
="031783","定穎控中信53購01","227,000","33","236,200","1.15","1.15","0.98","1.01","-","0.12","0.99","10","1.01","10","0.00",
="031784","精成科中信52購02","150,000","14","414,250","2.60","2.82","2.60","2.81","+","0.55","2.82","499","--","0","0.00",
="031785","台灣50永豐52購08","0","0","0","--","--","--","--"," ","0.00","0.71","499","0.72","10","52.50",
="031786","南亞永豐54購01","80,000","10","351,540","4.69","4.69","4.29","4.29","-","1.21","4.28","499","4.33","10","43.00",
="031787","大成鋼永豐52購01","74,000","2","46,620","0.63","0.63","0.63","0.63","X","0.00","0.63","499","0.64","10","38.60",
="031788","華通永豐54購01","61,000","7","279,350","4.19","4.93","4.19","4.47","+","0.32","4.29","499","4.36","10","79.30",
="031789","金像電永豐53購04","16,000","3","20,840","1.30","1.31","1.29","1.31","-","0.07","1.41","499","1.42","10","486.00",
="03178U","昇陽半國票4C售01","10,000","1","8,900","0.89","0.89","0.89","0.89","X","0.00","0.90","25","0.91","10","0.00",
="031790","建準永豐53購02","65,000","4","53,040","0.80","0.85","0.80","0.81"," ","0.00","0.81","10","0.82","10","137.00",
="031791","京元電永豐53購05","92,000","9","95,260","0.94","1.08","0.94","1.05","+","0.09","1.01","10","1.03","10","142.00",
="031792","漢翔永豐52購02","22,000","9","59,110","2.52","2.77","2.52","2.77","X","0.00","2.66","499","--","0","60.00",
="031793","晟銘電永豐52購02","101,000","9","88,110","0.97","0.97","0.80","0.80","-","0.05","0.80","10","0.81","10","133.00",
="031794","奇鋐永豐52購04","220,000","6","160,830","0.74","0.74","0.65","0.70","-","0.14","0.67","10","0.69","1","1,015.00",
="031795","奇鋐永豐52購05","147,000","13","108,230","0.78","0.78","0.68","0.70","-","0.13","0.69","10","0.71","10","1,015.00",
="031796","健鼎永豐53購01","0","0","0","--","--","--","--"," ","0.00","1.06","499","1.16","10","318.00",
="031797","健鼎永豐54購01","89,000","3","98,000","1.10","1.11","1.10","1.11","-","0.14","1.10","21","1.12","10","318.00",
="031798","貿聯永豐53購02","110,000","9","79,700","0.62","0.78","0.62","0.73","+","0.09","0.70","499","0.71","10","981.00",
="031799","定穎控永豐52購01","272,000","15","308,900","1.14","1.17","1.11","1.12","-","0.14","1.11","20","1.15","10","106.00",
="03179U","台積電國泰4C售02","0","0","0","--","--","--","--"," ","0.00","0.52","499","0.56","499","0.00",
="031800","jpp永豐53購01","66,000","6","131,030","1.93","2.00","1.93","1.93","+","0.17","1.62","10","--","0","276.00",
="031801","jpp永豐53購02","0","0","0","--","--","--","--"," ","0.00","--","0","--","0","276.00",
="031802","jpp永豐53購03","0","0","0","--","--","--","--"," ","0.00","1.90","5","--","0","276.00",
="031803","緯穎永豐53購01","70,000","4","255,500","3.65","3.65","3.65","3.65","X","0.00","3.59","499","3.60","10","2,975.00",
="031804","南亞兆豐58購01","51,000","13","119,950","2.46","2.46","2.28","2.28","-","0.32","2.28","10","2.29","10","43.00",
="031805","鴻海兆豐58購01","10,000","1","12,700","1.27","1.27","1.27","1.27","-","0.07","1.29","10","1.30","10","206.00",
="031806","鴻海兆豐58購02","16,000","2","29,010","1.86","1.86","1.81","1.81","-","0.12","1.86","10","1.87","10","206.00",
="031807","智邦兆豐54購03","12,000","2","10,720","0.86","0.90","0.86","0.90","+","0.03","0.86","10","0.87","10","984.00",
="031808","金像電兆豐58購01","399,000","22","1,013,350","2.46","2.61","2.46","2.61","+","0.06","2.61","10","2.62","10","486.00",
="031809","漢唐兆豐58購01","43,000","3","109,830","2.55","2.61","2.55","2.61","-","0.05","2.74","10","2.75","10","1,190.00",
="03180U","台積電凱基4C售34","20,000","1","10,400","0.52","0.52","0.52","0.52","+","0.02","0.55","100","0.56","10","0.00",
="031810","健鼎兆豐54購02","191,000","5","224,220","1.16","1.19","1.13","1.13","-","0.12","1.11","10","1.12","10","318.00",
="031811","京鼎兆豐54購01","0","0","0","--","--","--","--"," ","0.00","0.52","10","0.53","10","290.00",
="031812","神達兆豐54購01","915,000","60","1,806,950","1.99","2.11","1.83","1.94","+","0.27","1.95","10","1.96","10","95.90",
="031813","緯穎兆豐58購01","262,000","14","458,010","1.77","1.79","1.73","1.74","-","0.02","1.72","10","1.73","10","2,975.00",
="031814","AES兆豐54購03","135,000","6","110,740","0.84","0.85","0.80","0.84","+","0.13","0.85","10","0.86","10","1,350.00",
="031815","T50反1富邦62購01","1,000","1","1,300","1.30","1.30","1.30","1.30","+","0.01","1.32","100","1.33","100","0.00",
="031816","南亞富邦54購01","107,000","7","168,140","1.62","1.63","1.52","1.54","-","0.21","1.51","10","1.52","10","0.00",
="031817","華泰富邦54購01","418,000","19","615,800","1.39","1.55","1.39","1.45","+","0.01","1.45","30","1.46","10","0.00",
="031818","技嘉富邦52購04","439,000","13","483,620","1.11","1.12","1.08","1.08","-","0.05","1.09","30","1.10","10","0.00",
="031819","健鼎富邦56購01","654,000","28","704,220","1.08","1.10","1.04","1.07","-","0.06","1.05","30","1.06","10","0.00",
="03181U","聯發科凱基4C售10","0","0","0","--","--","--","--"," ","0.00","0.21","10","0.22","10","0.00",
="031820","京鼎富邦52購01","561,000","8","277,700","0.49","0.52","0.48","0.51","-","0.01","0.50","30","0.51","10","0.00",
="031821","貿聯富邦54購02","820,000","32","837,580","0.92","1.08","0.92","0.99","+","0.02","1.01","10","1.02","10","0.00",
="031822","定穎控富邦55購01","1,841,000","69","2,422,900","1.39","1.39","1.26","1.31","-","0.15","1.29","10","1.31","8","0.00",
="031823","臻鼎富邦54購01","0","0","0","--","--","--","--"," ","0.00","3.12","10","3.22","10","0.00",
="031824","帆宣富邦52購01","230,000","21","348,120","1.44","1.55","1.44","1.50","+","0.06","1.50","20","1.51","10","0.00",
="031825","緯穎富邦53購02","13,000","3","15,470","1.19","1.19","1.19","1.19","+","0.04","1.14","10","1.16","10","0.00",
="031826","世紀鋼富邦53購02","263,000","7","168,320","0.64","0.64","0.64","0.64","-","0.05","0.62","10","0.63","10","0.00",
="031827","香港2X凱基54購02","0","0","0","--","--","--","--"," ","0.00","1.45","10","1.55","10","16.40",
="031828","元日2X凱基56購01","0","0","0","--","--","--","--"," ","0.00","0.27","100","0.28","50","5.97",
="031829","南亞凱基53購01","60,000","10","235,280","4.00","4.00","3.74","3.74","-","0.83","3.73","27","3.74","10","43.00",
="03182U","長榮凱基4B售12","2,000","1","4,940","2.47","2.47","2.47","2.47","-","0.09","2.53","10","2.56","10","0.00",
="031830","南亞凱基53購02","0","0","0","--","--","--","--"," ","0.00","4.86","100","4.87","10","43.00",
="031831","南亞凱基53購03","9,000","2","51,750","5.75","5.75","5.75","5.75","-","0.90","5.30","100","5.35","10","43.00",
="031832","中砂凱基54購01","87,000","8","272,010","2.95","3.30","2.95","3.15","+","0.24","3.11","100","3.13","10","347.00",
="031833","大成鋼凱基53購03","0","0","0","--","--","--","--"," ","0.00","0.92","100","1.02","10","38.60",
="031834","鴻海凱基68購03","0","0","0","--","--","--","--"," ","0.00","2.62","100","2.63","10","206.00",
="031835","英業達凱基53購01","14,000","3","22,840","1.62","1.67","1.62","1.64","-","0.05","0.52","19","1.64","10","41.35",
="031836","金像電凱基53購01","33,000","7","133,500","3.98","4.26","3.98","4.26","+","0.11","4.36","10","4.38","10","486.00",
="031837","建準凱基53購01","98,000","5","99,530","1.01","1.02","1.01","1.01","-","0.04","0.99","10","1.01","10","137.00",
="031838","京元電凱基53購04","21,000","3","24,030","1.11","1.18","1.11","1.18","+","0.10","1.18","100","1.28","10","142.00",
="031839","宏達電凱基55購02","113,000","10","1,555,800","13.80","14.00","13.50","13.60","+","1.20","13.70","10","14.70","10","66.50",
="03183U","國泰金凱基4B售04","0","0","0","--","--","--","--"," ","0.00","0.76","100","0.77","10","0.00",
="031840","奇鋐凱基53購06","11,000","2","10,150","0.92","0.95","0.92","0.95","-","0.15","0.85","100","0.95","10","1,015.00",
="031841","奇鋐凱基53購07","12,000","2","13,680","1.14","1.14","1.14","1.14","-","0.21","1.18","100","1.20","10","1,015.00",
="031842","奇鋐凱基55購04","6,000","2","7,200","1.26","1.26","1.17","1.17","-","0.16","1.19","100","1.22","10","1,015.00",
="031843","奇鋐凱基56購02","137,000","8","135,020","1.02","1.06","0.92","0.92","-","0.19","0.96","100","0.98","10","1,015.00",
="031844","德律凱基57購01","35,000","2","119,620","3.42","3.42","3.40","3.40","-","0.15","3.29","100","--","0","206.00",
="031845","健鼎凱基53購01","10,000","1","22,900","2.29","2.29","2.29","2.29","-","0.10","2.15","10","2.16","10","318.00",
="031846","貿聯凱基53購02","567,000","17","596,680","0.97","1.08","0.97","0.99","+","0.11","0.98","10","1.08","10","981.00",
="031847","定穎控凱基53購01","1,000","1","1,420","1.42","1.42","1.42","1.42","-","0.23","1.40","100","1.50","10","106.00",
="031848","智伸科凱基53購01","163,000","12","272,660","1.56","1.74","1.56","1.69","X","0.00","1.69","10","1.79","10","168.50",
="031849","臻鼎凱基53購01","40,000","7","307,700","7.45","7.85","7.45","7.50","-","0.90","7.60","20","8.05","10","194.00",
="03184U","奇鋐凱基4B售08","0","0","0","--","--","--","--"," ","0.00","0.06","100","0.16","13","0.00",
="031850","jpp凱基53購01","189,000","19","755,310","3.93","4.15","3.81","4.00","+","0.31","4.08","10","4.18","10","276.00",
="031851","矽力凱基53購01","37,000","5","54,730","1.48","1.49","1.43","1.43","-","0.07","1.42","10","1.52","10","317.00",
="031852","訊芯凱基53購02","86,000","7","184,980","2.17","2.17","2.13","2.13","-","0.22","2.09","10","2.11","10","165.00",
="031853","富世達凱基58購01","26,000","1","65,780","2.53","2.53","2.53","2.53","X","0.00","2.56","100","2.63","10","1,145.00",
="031854","羅昇凱基53購01","57,000","9","63,190","1.08","1.15","1.06","1.10"," ","0.00","1.08","100","1.10","10","114.50",
="031855","T50正2國票54購01","58,000","28","90,220","1.61","1.61","1.50","1.52","-","0.15","1.51","25","1.52","3","259.40",
="031856","T50反1國票53購03","0","0","0","--","--","--","--"," ","0.00","1.12","25","1.13","10","19.79",
="031857","A50正2國票55購02","0","0","0","--","--","--","--"," ","0.00","1.88","25","1.89","10","31.56",
="031858","臺指反國票58購01","0","0","0","--","--","--","--"," ","0.00","0.32","25","0.33","10","3.20",
="031859","SGBR2X國票52購04","0","0","0","--","--","--","--"," ","0.00","1.89","25","1.90","10","11.25",
="03185U","聯電元大4B售03","0","0","0","--","--","--","--"," ","0.00","2.08","350","2.18","10","0.00",
="031860","中鴻國票54購01","6,000","2","5,160","0.86","0.86","0.86","0.86","-","0.01","0.81","25","0.82","10","16.15",
="031861","智邦國票53購03","82,000","2","87,600","1.00","1.08","1.00","1.08","X","0.00","1.01","25","1.02","10","984.00",
="031863","金像電國票53購04","46,000","9","153,030","3.24","3.65","3.22","3.65","+","0.26","3.66","25","3.68","10","486.00",
="031864","凌華統一49購01","0","0","0","--","--","--","--"," ","0.00","--","0","0.07","110","65.40",
="031865","勤誠統一51購01","10,000","1","11,500","1.15","1.15","1.15","1.15"," ","0.00","1.15","10","1.17","10","613.00",
="031866","毅嘉國票53購01","2,000","2","16,500","8.20","8.30","8.20","8.30","-","0.80","8.10","25","8.15","10","60.80",
="031867","高力統一55購01","764,000","23","228,710","0.32","0.32","0.29","0.29","-","0.03","0.29","40","0.30","10","380.00",
="031868","漢唐國票53購03","59,000","8","210,620","3.84","3.84","3.46","3.68","-","0.11","3.84","25","3.92","10","1,190.00",
="031869","建準國票56購01","6,000","2","5,980","1.00","1.00","0.99","0.99","X","0.00","0.99","25","1.00","10","137.00",
="03186U","台積電元大4B售31","30,000","1","6,000","0.20","0.20","0.20","0.20","+","0.01","--","0","1.22","50","0.00",
="031870","盟立國票53購01","147,000","14","423,620","2.58","2.97","2.58","2.82","+","0.18","2.75","25","2.76","10","70.00",
="031871","鉅祥國票53購01","22,000","8","96,400","4.06","4.71","4.06","4.71","+","0.61","4.55","25","4.56","10","98.10",
="031872","中航國票53購01","0","0","0","--","--","--","--"," ","0.00","2.27","25","2.28","10","55.50",
="031873","晶豪科國票52購01","6,000","3","15,580","2.53","2.64","2.53","2.62","+","0.05","2.55","25","2.56","10","57.40",
="031874","奇鋐國票59購01","3,000","1","2,190","0.73","0.73","0.73","0.73","-","0.13","0.74","25","0.78","10","1,015.00",
="031875","健鼎國票53購01","23,000","2","43,510","1.97","1.97","1.88","1.88","-","0.25","1.90","25","1.92","10","318.00",
="031876","群創國票52購01","138,000","7","235,340","1.60","1.99","1.60","1.99","+","0.55","1.90","25","1.95","10","14.15",
="031877","宏致國票52購01","21,000","3","69,320","3.32","3.32","3.30","3.30","+","0.07","3.03","25","3.04","10","73.90",
="031878","大銀國票58購01","18,000","2","24,960","1.44","1.44","1.38","1.38","-","0.12","1.35","25","1.36","10","126.00",
="031879","上品國票53購02","0","0","0","--","--","--","--"," ","0.00","1.31","25","1.32","10","284.00",
="03187U","智邦元大4B售04","0","0","0","--","--","--","--"," ","0.00","0.05","499","0.06","200","0.00",
="031880","立積國票54購01","3,000","2","4,060","1.30","1.38","1.30","1.38","X","0.00","1.59","25","--","0","158.00",
="031881","和椿國票52購04","6,000","1","10,620","1.77","1.77","1.77","1.77","X","0.00","1.86","25","1.92","10","147.00",
="031882","和椿國票53購02","4,000","1","7,480","1.87","1.87","1.87","1.87","+","0.19","1.81","25","1.87","10","147.00",
="031883","洋基國票53購02","7,000","1","8,540","1.22","1.22","1.22","1.22","-","0.31","1.17","25","1.19","10","476.00",
="031884","南亞國泰53購02","0","0","0","--","--","--","--"," ","0.00","3.37","310","3.43","10","43.00",
="031885","川湖國泰53購04","197,000","9","236,050","1.14","1.22","1.14","1.19","+","0.05","1.17","499","1.20","100","2,925.00",
="031886","廣宇國泰53購01","10,000","1","49,700","4.97","4.97","4.97","4.97","X","0.00","4.81","499","4.85","100","60.90",
="031887","華邦電國泰53購01","84,000","5","187,760","2.27","2.27","2.16","2.16","-","0.18","2.14","450","2.16","100","19.60",
="031888","建準國泰53購02","113,000","5","159,430","1.41","1.43","1.41","1.43","+","0.05","1.38","499","1.40","100","137.00",
="031889","京元電國泰53購02","0","0","0","--","--","--","--"," ","0.00","1.73","499","--","0","142.00",
="03188U","台光電元大4B售13","0","0","0","--","--","--","--"," ","0.00","0.03","499","0.13","10","0.00",
="031890","晟銘電國泰53購01","204,000","5","244,670","1.20","1.20","1.11","1.11","+","0.02","1.03","499","1.05","499","133.00",
="031891","奇鋐國泰53購02","0","0","0","--","--","--","--"," ","0.00","1.18","499","--","0","1,015.00",
="031892","奇鋐國泰53購03","0","0","0","--","--","--","--"," ","0.00","0.82","499","--","0","1,015.00",
="031893","亞光國泰53購03","78,000","2","127,920","1.64","1.64","1.64","1.64","X","0.00","1.54","499","1.56","100","164.00",
="031894","SGBR2X元富52購02","0","0","0","--","--","--","--"," ","0.00","1.52","25","1.53","25","11.25",
="031895","大成元富52購01","0","0","0","--","--","--","--"," ","0.00","0.84","25","0.85","25","53.40",
="031896","鴻海元富52購12","0","0","0","--","--","--","--"," ","0.00","2.02","25","2.04","25","206.00",
="031897","鴻海元富52購13","0","0","0","--","--","--","--"," ","0.00","1.89","25","1.91","25","206.00",
="031898","鴻海元富52購14","0","0","0","--","--","--","--"," ","0.00","1.92","25","1.93","25","206.00",
="031899","華邦電元富52購01","32,000","2","87,360","2.73","2.73","2.73","2.73","-","0.01","2.70","25","2.73","25","19.60",
="03189U","臺股指元大4B售38","0","0","0","--","--","--","--"," ","0.00","0.18","100","0.19","10","0.00",
="031900","華邦電元富52購02","0","0","0","--","--","--","--"," ","0.00","3.45","25","3.49","25","19.60",
="031901","華邦電元富55購01","6,000","2","13,140","2.19","2.19","2.19","2.19","-","0.07","2.14","25","2.16","25","19.60",
="031902","金像電元富52購03","63,000","10","194,440","3.02","3.25","3.01","3.25","+","0.17","3.25","25","3.27","25","486.00",
="031903","金像電元富53購01","29,000","4","93,370","3.19","3.43","3.13","3.43","+","0.01","3.43","25","3.44","25","486.00",
="031904","佳能元富55購03","165,000","21","256,370","1.55","1.59","1.48","1.54","-","0.08","1.56","25","1.57","25","80.80",
="031905","漢唐元富52購03","33,000","5","75,130","2.26","2.33","2.24","2.33","X","0.00","2.36","25","2.40","25","1,190.00",
="031906","漢唐元富52購04","231,000","7","479,640","2.09","2.09","2.06","2.06","-","0.13","1.05","47","--","0","1,190.00",
="031907","建準元富55購01","0","0","0","--","--","--","--"," ","0.00","2.01","25","2.04","25","137.00",
="031908","健鼎元富52購02","57,000","6","140,540","2.48","2.52","2.38","2.38","-","0.22","2.35","25","2.36","25","318.00",
="031909","世芯元富53購04","0","0","0","--","--","--","--"," ","0.00","2.10","25","2.13","25","4,000.00",
="03190U","臺股指元大4B售39","571,000","9","182,930","0.32","0.33","0.32","0.33","+","0.01","0.33","99","0.34","20","0.00",
="031910","貿聯元富52購01","0","0","0","--","--","--","--"," ","0.00","1.76","25","1.78","25","981.00",
="031911","定穎控元富52購02","150,000","4","384,590","2.64","2.64","2.48","2.48","-","0.30","2.40","25","2.50","10","106.00",
="031912","定穎控元富52購03","585,000","14","1,003,050","1.78","1.78","1.65","1.70","-","0.25","1.69","10","1.75","10","106.00",
="031913","定穎控元富55購01","264,000","19","667,740","2.58","2.61","2.46","2.46","-","0.29","2.43","28","2.53","10","106.00",
="031914","定穎控元富55購02","197,000","9","373,050","1.92","1.92","1.81","1.84","-","0.22","1.79","25","1.81","25","106.00",
="031915","定穎控元富55購03","291,000","7","462,830","1.64","1.64","1.53","1.55","-","0.22","1.53","25","1.55","25","106.00",
="031916","材料元富52購04","29,000","3","38,230","1.32","1.32","1.29","1.29","X","0.00","1.26","25","1.36","10","67.70",
="031917","帆宣元富52購01","75,000","4","169,180","2.26","2.26","2.22","2.22","+","0.14","2.18","25","2.28","10","264.00",
="031918","和椿元富52購01","0","0","0","--","--","--","--"," ","0.00","1.68","20","--","0","147.00",
="031919","和椿元富53購01","133,000","10","236,540","1.79","1.85","1.75","1.79","+","0.10","1.74","20","--","0","147.00",
="03191U","昇陽半群益4B售03","0","0","0","--","--","--","--"," ","0.00","0.12","7","--","0","0.00",
="031920","緯穎元富52購05","0","0","0","--","--","--","--"," ","0.00","1.66","25","1.67","25","2,975.00",
="031921","南亞群益52購01","0","0","0","--","--","--","--"," ","0.00","--","0","3.43","10","43.00",
="031922","台玻群益52購02","15,000","1","48,600","3.24","3.24","3.24","3.24","X","0.00","3.58","10","--","0","34.55",
="031923","大成鋼群益52購03","0","0","0","--","--","--","--"," ","0.00","0.07","109","--","0","38.60",
="031924","允強群益52購01","10,000","1","12,700","1.27","1.27","1.27","1.27","-","0.05","1.30","10","1.40","10","20.90",
="031925","光寶科群益52購05","82,000","2","52,400","0.65","0.65","0.62","0.62","-","0.03","0.17","58","--","0","130.00",
="031926","鴻海群益52購07","0","0","0","--","--","--","--"," ","0.00","1.73","100","1.75","100","206.00",
="031927","鴻海群益52購08","0","0","0","--","--","--","--"," ","0.00","1.34","100","1.36","100","206.00",
="031928","華泰群益52購01","211,000","17","388,510","1.69","1.98","1.69","1.80","+","0.02","0.73","27","2.30","8","44.70",
="031929","台積電群益54購19","0","0","0","--","--","--","--"," ","0.00","0.03","333","--","0","1,160.00",
="03192U","上証2X永豐4B售01","0","0","0","--","--","--","--"," ","0.00","0.28","499","0.29","10","0.00",
="031930","智邦群益53購05","18,000","3","14,740","0.82","0.82","0.81","0.82","+","0.04","0.77","10","0.87","10","984.00",
="031931","金像電群益53購03","112,000","13","295,860","2.60","2.81","2.60","2.81","+","0.08","2.81","100","2.84","100","486.00",
="031932","建準群益53購02","138,000","3","172,220","1.25","1.27","1.24","1.24","+","0.01","0.46","21","--","0","137.00",
="031933","京元電群益52購02","870,000","32","1,249,980","1.31","1.56","1.28","1.48","+","0.16","1.42","1","--","0","142.00",
="031934","京元電群益52購03","1,071,000","25","1,328,570","1.11","1.31","1.11","1.22","+","0.11","0.36","55","--","0","142.00",
="031935","聯發科群益52購10","424,000","2","400,640","0.95","0.95","0.93","0.93","X","0.00","0.17","5","--","0","1,385.00",
="031936","漢翔群益52購05","1,000","1","2,100","2.10","2.10","2.10","2.10","X","0.00","2.19","5","--","0","60.00",
="031937","慧洋群益52購01","333,000","18","438,940","1.30","1.37","1.30","1.31","+","0.01","0.43","23","--","0","61.80",
="031938","大立光群益52購06","32,000","1","79,680","2.49","2.49","2.49","2.49","-","0.05","2.43","10","2.53","10","2,395.00",
="031939","奇鋐群益54購12","130,000","1","94,900","0.73","0.73","0.73","0.73","-","0.13","0.29","34","--","0","1,015.00",
="03193U","川湖永豐4C售03","0","0","0","--","--","--","--"," ","0.00","0.18","499","0.19","10","0.00",
="031940","奇鋐群益58購01","0","0","0","--","--","--","--"," ","0.00","0.39","25","0.80","15","1,015.00",
="031941","健策群益52購07","264,000","21","939,010","3.56","3.72","3.36","3.71","-","0.19","3.68","10","3.78","10","1,905.00",
="031942","定穎控群益54購02","2,027,000","68","3,184,560","1.65","1.68","1.50","1.55","-","0.24","1.53","7","1.65","10","106.00",
="031943","和椿群益53購01","33,000","1","49,500","1.50","1.50","1.50","1.50","X","0.00","1.45","100","1.50","100","147.00",
="031944","和椿群益55購01","25,000","2","35,770","1.43","1.45","1.43","1.45","+","0.13","1.43","100","1.48","100","147.00",
="031945","富世達群益54購03","20,000","1","32,200","1.61","1.61","1.61","1.61","-","0.14","1.70","100","1.80","100","1,145.00",
="031946","奇鋐台新52購01","0","0","0","--","--","--","--"," ","0.00","1.37","20","1.47","10","0.00",
="031947","台灣50元大53購05","792,000","7","1,386,360","1.77","1.77","1.73","1.73","-","0.13","1.69","100","1.71","10","52.50",
="031948","台灣50元大54購04","975,000","12","1,382,660","1.42","1.42","1.41","1.41","-","0.12","1.39","100","1.40","10","52.50",
="031949","T50正2元大53購03","40,000","3","51,540","1.29","1.29","1.27","1.27","-","0.05","1.22","499","1.23","10","259.40",
="03194U","台積電永豐4B售17","0","0","0","--","--","--","--"," ","0.00","0.13","499","0.14","10","0.00",
="031950","元日2X元大58購01","0","0","0","--","--","--","--"," ","0.00","0.72","499","0.73","100","5.97",
="031951","南亞元大54購01","41,000","6","143,460","3.49","3.52","3.43","3.43","-","0.42","3.30","200","3.32","10","43.00",
="031952","華城元大54購10","0","0","0","--","--","--","--"," ","0.00","0.38","499","0.39","10","618.00",
="031953","台達電元大54購03","198,000","14","436,170","2.22","2.28","2.15","2.21","-","0.15","2.21","35","2.22","10","709.00",
="031954","華通元大53購01","275,000","15","943,770","3.06","3.73","3.06","3.35","+","0.20","3.25","250","3.29","10","79.30",
="031955","鴻海元大54購12","12,000","2","11,580","0.96","0.99","0.96","0.99","-","0.09","1.01","499","1.03","10","206.00",
="031956","台積電元大54購21","4,000","4","2,360","0.59","0.59","0.59","0.59","-","0.04","0.02","499","--","0","1,160.00",
="031957","英業達元大53購01","125,000","4","190,390","1.52","1.53","1.52","1.53","-","0.04","1.50","499","1.52","10","41.35",
="031958","金像電元大53購01","941,000","43","1,125,140","1.18","1.28","1.06","1.27","+","0.08","1.27","504","1.28","10","486.00",
="031959","佳能元大54購02","206,000","17","525,410","2.52","2.71","2.43","2.54","-","0.14","2.57","300","2.58","10","80.80",
="03195U","國泰金永豐4C售02","0","0","0","--","--","--","--"," ","0.00","1.11","10","1.12","10","0.00",
="031960","台光電元大54購11","23,000","6","36,200","1.63","1.63","1.51","1.51","X","0.00","0.08","5","--","0","1,250.00",
="031961","漢唐元大54購01","390,000","8","498,960","1.33","1.33","1.24","1.24","-","0.10","1.33","25","1.36","10","1,190.00",
="031962","建準元大53購01","334,000","15","247,580","0.73","0.77","0.70","0.77","-","0.01","0.73","15","0.77","10","137.00",
="031963","建準元大54購01","754,000","12","839,800","1.10","1.14","1.08","1.10","-","0.02","1.10","10","1.15","10","137.00",
="031964","京元電元大54購03","63,000","5","95,510","1.44","1.68","1.44","1.68","+","0.21","1.53","499","1.57","10","142.00",
="031965","聯發科元大54購06","8,000","1","10,720","1.34","1.34","1.34","1.34","-","0.03","0.39","25","--","0","1,385.00",
="031966","宏達電元大54購01","2,000","2","21,400","12.20","12.20","9.20","9.20","-","1.50","--","0","9.20","9","66.50",
="031967","大立光元大54購03","378,000","8","416,620","1.12","1.12","1.09","1.09","-","0.04","1.09","35","1.10","10","2,395.00",
="031968","奇鋐元大53購04","458,000","11","414,590","0.95","0.95","0.84","0.84","-","0.15","0.87","519","0.90","10","1,015.00",
="031969","奇鋐元大53購05","267,000","5","185,690","0.73","0.73","0.64","0.69","-","0.09","0.67","499","0.69","10","1,015.00",
="03196U","長榮統一4C售05","20,000","3","13,750","0.67","0.69","0.67","0.69","-","0.02","0.69","10","0.70","10","0.00",
="031970","奇鋐元大54購13","564,000","34","340,930","0.65","0.65","0.56","0.60","-","0.08","0.59","509","0.61","10","1,015.00",
="031971","亞光元大54購05","136,000","4","148,340","1.09","1.10","1.09","1.10","X","0.00","1.01","25","1.03","10","164.00",
="031972","健鼎元大53購01","130,000","6","203,860","1.56","1.60","1.55","1.59","-","0.01","1.46","450","1.47","10","318.00",
="031973","景碩元大54購03","52,000","2","46,950","0.90","0.93","0.90","0.93","-","0.02","0.87","499","0.90","10","113.50",
="031974","緯創元大54購08","6,000","2","6,820","1.12","1.14","1.12","1.14","-","0.02","1.14","504","--","0","115.00",
="031975","京鼎元大53購01","273,000","7","290,570","1.07","1.08","1.04","1.08","-","0.06","1.07","499","1.10","10","290.00",
="031976","世芯元大54購13","83,000","5","228,840","2.74","2.77","2.64","2.64","-","0.05","2.58","250","2.61","10","4,000.00",
="031977","貿聯元大54購07","60,000","1","46,800","0.78","0.78","0.78","0.78","X","0.00","0.72","499","0.75","10","981.00",
="031978","神達元大54購04","1,184,000","49","1,703,840","1.47","1.57","1.36","1.46","+","0.28","1.46","499","1.47","10","95.90",
="031979","定穎控元大53購01","199,000","38","182,100","0.89","0.97","0.81","0.92","-","0.12","0.92","10","0.94","12","106.00",
="03197U","陽明統一4C售04","0","0","0","--","--","--","--"," ","0.00","0.86","10","0.87","10","0.00",
="031980","定穎控元大54購02","114,000","13","115,140","1.01","1.06","1.00","1.04","-","0.03","1.00","71","1.03","10","106.00",
="031981","上品元大53購01","0","0","0","--","--","--","--"," ","0.00","1.22","499","1.27","10","284.00",
="031982","立積元大54購01","915,000","10","496,120","0.49","0.59","0.46","0.59","+","0.11","0.67","125","--","0","158.00",
="031983","達興元大53購01","11,000","3","56,450","5.05","5.75","5.05","5.25","+","0.61","4.99","150","5.45","10","387.00",
="031984","達興元大53購02","10,000","2","49,100","4.99","4.99","4.83","4.83","+","0.23","4.97","150","5.35","10","387.00",
="031985","和椿元大53購01","56,000","12","66,800","1.16","1.28","1.16","1.25","+","0.12","1.23","25","1.27","10","147.00",
="031986","和椿元大54購01","19,000","3","22,880","1.20","1.22","1.20","1.22","+","0.10","1.20","25","1.24","10","147.00",
="031987","緯穎元大54購09","28,000","2","24,080","0.86","0.86","0.86","0.86","-","0.02","0.85","55","0.86","10","2,975.00",
="031988","洋基元大53購01","77,000","9","168,570","2.33","2.33","2.09","2.09","-","0.35","1.89","300","1.90","10","476.00",
="031989","AES元大54購04","47,000","2","32,950","0.70","0.75","0.70","0.75","+","0.10","0.74","499","0.76","10","1,350.00",
="03198U","亞力凱基4B售02","27,000","1","18,900","0.70","0.70","0.70","0.70","X","0.00","0.69","10","0.71","10","0.00",
="031990","富世達元大54購06","410,000","10","465,670","1.10","1.15","1.07","1.15"," ","0.00","1.03","20","--","0","1,145.00",
="031991","台玻中信53購01","12,000","2","29,320","2.43","2.51","2.43","2.51","-","0.14","2.48","499","2.58","10","0.00",
="031992","奇鋐中信55購01","506,000","19","569,990","1.20","1.20","1.11","1.11","-","0.19","1.11","10","1.14","10","0.00",
="031993","台達電永豐53購03","251,000","12","347,250","1.41","1.41","1.36","1.40","-","0.05","1.39","10","1.40","10","709.00",
="031994","智邦永豐53購04","10,000","1","7,400","0.74","0.74","0.74","0.74","+","0.03","0.70","499","0.71","10","984.00",
="031995","鴻準永豐52購04","140,000","3","72,200","0.53","0.53","0.51","0.51","X","0.00","0.50","10","0.51","10","71.70",
="031996","金像電永豐52購09","90,000","4","73,700","0.80","0.85","0.80","0.82","-","0.03","0.87","10","0.88","10","486.00",
="031997","佳能永豐52購01","64,000","7","76,610","1.18","1.23","1.16","1.17","-","0.08","1.16","10","1.18","10","80.80",
="031998","建準永豐52購03","10,000","1","6,500","0.65","0.65","0.65","0.65"," ","0.00","0.62","499","0.63","10","137.00",
="031999","奇鋐永豐52購06","118,000","6","177,100","1.53","1.53","1.48","1.50","-","0.12","1.43","499","1.44","10","1,015.00",
="03199U","川湖凱基4C售03","0","0","0","--","--","--","--"," ","0.00","0.30","100","0.31","30","0.00",
="032000","奇鋐永豐52購07","188,000","14","159,500","0.89","0.89","0.81","0.83","-","0.11","0.83","10","0.84","10","1,015.00",
="032001","德律永豐52購04","229,000","10","339,210","1.49","1.52","1.44","1.50","-","0.10","1.44","10","1.46","10","206.00",
="032002","緯創永豐53購04","29,000","1","12,180","0.42","0.42","0.42","0.42","+","0.01","0.41","499","0.42","10","115.00",
="032003","臻鼎永豐53購02","2,000","1","5,080","2.54","2.54","2.54","2.54","+","0.01","2.56","10","3.00","11","194.00",
="032004","緯穎永豐53購02","16,000","6","11,990","0.74","0.76","0.72","0.72","-","0.02","0.71","11","0.72","9","2,975.00",
="032005","緯穎永豐54購01","0","0","0","--","--","--","--"," ","0.00","0.88","499","0.89","10","2,975.00",
="032006","台虹永豐53購01","0","0","0","--","--","--","--"," ","0.00","1.69","10","1.71","10","51.80",
="032007","貿聯台新52購01","32,000","2","52,850","1.80","1.80","1.61","1.61","+","0.06","1.61","20","1.62","10","0.00",
="032008","台玻富邦52購02","0","0","0","--","--","--","--"," ","0.00","2.95","30","3.05","10","0.00",
="032009","上銀富邦53購01","194,000","7","149,270","0.75","0.80","0.73","0.80","+","0.06","0.75","30","0.76","10","0.00",
="03200U","台積電凱基4B售24","25,000","1","8,000","0.32","0.32","0.32","0.32","+","0.02","0.35","100","0.36","10","0.00",
="032010","奇鋐富邦55購02","818,000","16","618,000","0.82","0.82","0.74","0.74","-","0.10","0.74","10","0.76","10","0.00",
="032011","牧德富邦54購01","39,000","10","69,170","1.62","1.87","1.62","1.87","+","0.25","1.81","10","1.91","10","0.00",
="032012","健策富邦53購01","371,000","33","610,450","1.64","1.69","1.52","1.69","-","0.10","1.69","10","1.71","10","0.00",
="032013","南亞群益53購01","57,000","5","182,940","3.30","3.36","3.00","3.00","-","0.76","3.07","10","3.17","10","43.00",
="032014","南亞群益53購02","17,000","2","62,220","3.66","3.66","3.66","3.66","-","0.47","3.34","10","3.44","10","43.00",
="032015","中砂群益52購04","100,000","11","280,020","2.72","2.88","2.69","2.88","+","0.33","0.98","10","--","0","347.00",
="032016","大成鋼群益52購04","0","0","0","--","--","--","--"," ","0.00","0.10","4","--","0","38.60",
="032017","劍麟群益53購01","1,043,000","66","932,270","1.06","1.06","0.79","0.79","-","0.31","0.79","3","--","0","113.50",
="032018","鴻海群益52購09","0","0","0","--","--","--","--"," ","0.00","1.07","100","1.09","100","206.00",
="032019","鴻準群益53購01","20,000","2","10,200","0.52","0.52","0.50","0.50","-","0.03","0.51","10","0.61","10","71.70",
="03201U","台積電群益4B售19","0","0","0","--","--","--","--"," ","0.00","--","0","--","0","0.00",
="032020","金像電群益53購05","9,000","1","14,220","1.58","1.58","1.58","1.58","-","0.12","1.72","100","1.74","100","486.00",
="032021","毅嘉群益54購01","46,000","8","171,630","3.72","3.83","3.68","3.77","-","0.23","1.77","41","--","0","60.80",
="032022","京元電群益53購03","26,000","2","29,810","1.09","1.16","1.09","1.16","+","0.04","1.03","5","--","0","142.00",
="032023","京元電群益53購04","93,000","8","70,850","0.68","0.79","0.68","0.79","+","0.09","0.20","50","--","0","142.00",
="032024","奇鋐群益56購04","28,000","1","34,440","1.23","1.23","1.23","1.23","-","0.01","0.60","16","--","0","1,015.00",
="032025","奇鋐群益56購05","3,000","1","3,060","1.02","1.02","1.02","1.02","-","0.03","0.52","19","--","0","1,015.00",
="032026","奇鋐群益56購06","18,000","1","18,180","1.01","1.01","1.01","1.01","-","0.11","0.53","18","--","0","1,015.00",
="032027","奇鋐群益58購02","0","0","0","--","--","--","--"," ","0.00","0.43","23","--","0","1,015.00",
="032028","德律群益52購03","47,000","6","79,570","1.73","1.73","1.62","1.71","-","0.02","1.60","10","1.70","10","206.00",
="032029","健鼎群益52購02","56,000","4","112,410","2.09","2.12","1.98","1.98","-","0.29","1.96","100","2.01","100","318.00",
="03202U","台積電群益4B售20","11,000","2","3,870","0.35","0.37","0.35","0.37","X","0.00","0.04","30","--","0","0.00",
="032030","昇貿群益52購01","99,000","11","563,900","5.80","5.80","5.30","5.30","+","0.10","5.30","100","5.80","10","129.00",
="032031","世芯群益54購08","0","0","0","--","--","--","--"," ","0.00","1.31","10","1.41","10","4,000.00",
="032032","海華群益53購01","41,000","9","168,040","3.98","4.80","3.85","4.53","+","0.56","4.43","25","4.53","10","100.00",
="032033","聯茂群益54購02","8,000","1","15,680","1.96","1.96","1.96","1.96","X","0.00","1.17","30","--","0","125.00",
="032034","矽力群益54購02","35,000","7","121,080","3.55","3.55","3.41","3.43","-","0.20","3.37","10","3.47","10","317.00",
="032035","訊芯群益53購01","0","0","0","--","--","--","--"," ","0.00","0.86","25","0.87","10","165.00",
="032036","緯穎群益52購09","0","0","0","--","--","--","--"," ","0.00","0.76","10","0.86","10","2,975.00",
="032037","富世達群益53購01","110,000","4","128,700","1.12","1.24","1.12","1.23","-","0.06","1.23","100","1.32","100","1,145.00",
="032038","南電群益52購05","179,000","16","407,290","2.05","2.55","2.05","2.54","+","0.73","0.79","63","--","0","226.00",
="032039","世紀鋼群益53購02","20,000","1","21,400","1.07","1.07","1.07","1.07","X","0.00","1.03","10","1.13","10","188.00",
="03203U","東陽元大4B售06","0","0","0","--","--","--","--"," ","0.00","1.45","25","1.47","10","0.00",
="032040","臺股指群益52購09","644,000","38","1,445,630","2.34","2.39","2.06","2.12","-","0.45","2.11","499","2.12","489","0.00",
="032041","T50反1元富55購03","0","0","0","--","--","--","--"," ","0.00","0.62","25","0.63","25","19.79",
="032042","T50反1元富58購01","0","0","0","--","--","--","--"," ","0.00","0.67","25","0.68","25","19.79",
="032043","宏達電元富58購01","14,000","6","163,200","11.80","12.00","11.30","11.30","+","1.20","11.30","25","12.30","25","66.50",
="032044","緯創元富52購02","24,000","1","35,760","1.49","1.49","1.49","1.49","X","0.00","1.44","25","1.46","25","115.00",
="032045","宏致元富53購01","165,000","6","432,010","2.65","2.65","2.52","2.52","+","0.02","2.35","25","2.36","25","73.90",
="032046","精成科元富52購03","20,000","3","56,690","2.78","2.94","2.78","2.94","+","0.97","2.94","25","--","0","131.00",
="032047","樺漢元富52購02","310,000","29","679,040","2.15","2.28","2.15","2.21","+","0.17","2.15","25","2.17","25","326.00",
="032048","臺股指元富56購10","100,000","2","110,000","1.10","1.10","1.10","1.10","X","0.00","1.07","25","1.08","25","0.00",
="032049","上証2X國票55購01","0","0","0","--","--","--","--"," ","0.00","2.90","25","2.91","10","45.30",
="03204U","台光電元大4B售14","0","0","0","--","--","--","--"," ","0.00","--","0","0.05","1","0.00",
="032050","元石油國票52購03","0","0","0","--","--","--","--"," ","0.00","1.86","25","1.87","10","16.26",
="032051","SP黃豆國票58購01","3,000","1","5,730","1.91","1.91","1.91","1.91","X","0.00","1.90","25","1.91","10","20.50",
="032052","億泰國票53購03","7,000","1","11,410","1.63","1.63","1.63","1.63","-","0.01","1.52","25","1.53","10","38.70",
="032053","佳能國票53購01","97,000","9","200,200","2.13","2.20","2.00","2.18","-","0.07","2.13","25","2.15","10","80.80",
="032054","毅嘉國票54購01","0","0","0","--","--","--","--"," ","0.00","4.84","25","4.86","10","60.80",
="032055","飛宏國票53購01","145,000","15","275,320","1.64","2.25","1.64","2.25","+","0.66","2.26","2","--","0","26.10",
="032056","一詮國票52購01","2,000","1","3,720","1.86","1.86","1.86","1.86"," ","0.00","1.81","25","1.82","10","80.20",
="032057","宏致國票53購01","1,000","1","2,640","2.64","2.64","2.64","2.64","X","0.00","2.44","25","2.45","10","73.90",
="032058","宏致國票54購01","0","0","0","--","--","--","--"," ","0.00","2.56","25","2.57","10","73.90",
="032059","精成科國票54購01","33,000","3","58,580","1.72","1.79","1.72","1.79","+","0.57","1.90","6","2.00","5","131.00",
="03205U","南亞科元大4B售05","0","0","0","--","--","--","--"," ","0.00","0.99","499","1.00","200","0.00",
="032060","T50正2國泰53購03","0","0","0","--","--","--","--"," ","0.00","1.34","499","1.35","499","259.40",
="032061","辛耘國泰53購02","79,000","9","198,130","2.42","2.64","2.30","2.64","+","0.29","2.64","499","2.65","100","393.50",
="032062","飛捷國泰53購02","0","0","0","--","--","--","--"," ","0.00","1.35","499","1.37","100","112.50",
="032063","AES國泰53購02","0","0","0","--","--","--","--"," ","0.00","0.38","26","--","0","1,350.00",
="032064","富世達國泰53購02","80,000","2","142,900","1.76","1.79","1.76","1.79","-","0.12","1.88","499","--","0","1,145.00",
="032065","台灣50凱基54購09","0","0","0","--","--","--","--"," ","0.00","1.90","100","1.91","50","52.50",
="032066","T50正2凱基53購03","15,000","1","27,300","1.82","1.82","1.82","1.82","-","0.04","1.71","100","1.72","10","259.40",
="032067","臺指反凱基58購01","413,000","2","128,060","0.31","0.32","0.31","0.32","X","0.00","0.31","101","0.32","10","3.20",
="032068","SGBR2X凱基53購03","0","0","0","--","--","--","--"," ","0.00","2.02","100","2.03","10","11.25",
="032069","道瓊銀凱基54購02","2,000","2","1,700","0.85","0.85","0.85","0.85","+","0.04","0.85","100","0.86","10","32.63",
="03206U","長榮元大4B售11","0","0","0","--","--","--","--"," ","0.00","2.52","300","2.54","100","0.00",
="032070","道瓊銅凱基53購01","0","0","0","--","--","--","--"," ","0.00","0.52","100","0.53","50","24.91",
="032071","南亞凱基53購06","26,000","2","123,770","4.76","4.77","4.76","4.77","-","1.13","4.57","100","4.59","10","43.00",
="032072","台玻凱基53購02","0","0","0","--","--","--","--"," ","0.00","6.05","10","6.55","10","34.55",
="032073","中鴻凱基54購01","16,000","5","19,880","1.21","1.29","1.21","1.29","+","0.01","1.25","10","1.35","10","16.15",
="032074","台達電凱基53購01","113,000","6","396,360","3.50","3.66","3.50","3.61","-","0.29","3.57","100","3.67","10","709.00",
="032075","鴻海凱基68購04","0","0","0","--","--","--","--"," ","0.00","2.29","100","2.30","10","206.00",
="032076","鴻準凱基53購03","0","0","0","--","--","--","--"," ","0.00","1.47","100","1.49","10","71.70",
="032077","毅嘉凱基53購01","0","0","0","--","--","--","--"," ","0.00","6.15","10","6.30","10","60.80",
="032078","漢唐凱基53購04","27,000","2","55,140","2.22","2.22","1.98","1.98","-","0.36","2.22","10","2.26","10","1,190.00",
="032079","建準凱基54購02","55,000","2","57,350","1.05","1.05","1.03","1.03","+","0.01","1.02","10","1.04","10","137.00",
="03207U","東陽國票4B售02","0","0","0","--","--","--","--"," ","0.00","1.81","25","1.88","10","0.00",
="032080","京元電凱基54購01","224,000","9","285,060","1.29","1.34","1.25","1.25","+","0.06","1.24","100","1.26","10","142.00",
="032081","聯發科凱基54購06","0","0","0","--","--","--","--"," ","0.00","1.03","100","1.04","10","1,385.00",
="032082","漢翔凱基53購01","10,000","1","52,000","5.20","5.20","5.20","5.20","+","1.68","5.50","499","--","0","60.00",
="032083","慧洋凱基53購01","12,000","3","18,480","1.57","1.57","1.43","1.43","-","0.03","1.40","10","1.50","10","61.80",
="032084","晶豪科凱基53購01","1,000","1","2,410","2.41","2.41","2.41","2.41","-","0.11","2.50","10","2.51","10","57.40",
="032085","奇鋐凱基54購04","2,000","1","1,720","0.86","0.86","0.86","0.86","X","0.00","0.86","100","0.88","10","1,015.00",
="032086","奇鋐凱基54購05","0","0","0","--","--","--","--"," ","0.00","0.82","100","0.84","10","1,015.00",
="032087","華晶科凱基53購01","512,000","4","1,730,300","3.38","3.38","3.36","3.36","-","0.42","3.23","100","--","0","50.30",
="032088","辛耘凱基53購01","200,000","30","579,760","2.83","3.04","2.58","3.02","+","0.25","3.04","100","--","0","393.50",
="032089","大銀凱基58購01","32,000","3","45,650","1.42","1.48","1.42","1.48","-","0.08","1.37","100","1.39","10","126.00",
="03208U","士電國票4B售03","0","0","0","--","--","--","--"," ","0.00","1.18","25","1.19","10","0.00",
="032090","上品凱基53購01","32,000","3","58,020","1.82","1.82","1.81","1.81","-","0.07","1.75","100","1.79","10","284.00",
="032091","臻鼎凱基53購02","6,000","3","30,650","5.15","5.15","5.05","5.05","-","0.20","5.10","100","5.60","10","194.00",
="032092","達興凱基53購02","64,000","14","363,750","5.70","5.95","5.50","5.90","+","0.50","5.75","18","6.25","10","387.00",
="032093","迅得凱基54購01","212,000","10","438,240","2.05","2.12","1.98","2.08","+","0.13","2.07","100","2.09","10","193.50",
="032094","緯穎凱基54購08","0","0","0","--","--","--","--"," ","0.00","1.63","100","1.64","10","2,975.00",
="032095","洋基凱基53購01","0","0","0","--","--","--","--"," ","0.00","1.75","10","1.85","10","476.00",
="032096","富世達凱基56購01","31,000","3","57,290","1.79","1.90","1.79","1.84","-","0.01","1.83","100","1.89","10","1,145.00",
="032097","南電凱基58購02","88,000","7","347,150","3.73","4.15","3.66","4.15","+","1.36","4.17","2","4.60","1","226.00",
="032098","T50反1元大55購02","0","0","0","--","--","--","--"," ","0.00","1.07","499","1.08","10","19.79",
="032099","香港2X元大54購01","21,000","2","28,660","1.37","1.37","1.36","1.36","-","0.19","1.28","250","1.29","100","16.40",
="03209U","士電國票4C售02","0","0","0","--","--","--","--"," ","0.00","1.07","25","1.08","10","0.00",
="032100","台塑元大54購03","0","0","0","--","--","--","--"," ","0.00","1.42","499","1.44","10","39.10",
="032101","南亞元大54購02","119,000","10","327,140","2.77","2.79","2.67","2.68","-","0.36","2.61","250","2.63","10","43.00",
="032102","華城元大54購11","0","0","0","--","--","--","--"," ","0.00","0.39","499","0.40","10","618.00",
="032103","大成鋼元大54購03","79,000","11","110,310","1.39","1.44","1.36","1.36","-","0.09","1.33","25","1.35","10","38.60",
="032104","川湖元大53購01","0","0","0","--","--","--","--"," ","0.00","1.21","499","1.23","10","2,925.00",
="032105","光寶科元大54購03","285,000","2","153,900","0.54","0.54","0.54","0.54","-","0.04","0.53","25","0.56","10","130.00",
="032106","台達電元大54購04","126,000","10","303,930","2.39","2.46","2.35","2.39","-","0.14","2.38","25","2.39","10","709.00",
="032107","華通元大53購02","218,000","12","580,830","2.54","3.21","2.54","2.79","+","0.14","2.72","305","2.77","10","79.30",
="032108","鴻海元大54購13","2,000","1","1,880","0.94","0.94","0.94","0.94","X","0.00","0.96","499","0.97","10","206.00",
="032109","智邦元大54購06","0","0","0","--","--","--","--"," ","0.00","0.51","499","0.52","10","984.00",
="03210U","中興電國票4C售02","0","0","0","--","--","--","--"," ","0.00","0.34","25","0.35","10","0.00",
="032110","鴻準元大54購03","24,000","4","28,000","1.09","1.20","1.09","1.20","+","0.04","1.12","499","1.14","10","71.70",
="032111","華碩元大53購01","157,000","5","220,440","1.40","1.42","1.40","1.42","-","0.02","1.38","25","1.41","10","634.00",
="032112","昆盈元大53購01","8,000","4","25,470","3.18","3.25","3.08","3.08","-","0.05","3.04","250","3.06","10","49.85",
="032113","台光電元大54購12","0","0","0","--","--","--","--"," ","0.00","0.08","5","--","0","1,250.00",
="032115","毅嘉元大53購01","25,000","6","147,850","5.85","6.05","5.80","6.05","+","0.15","5.80","150","5.85","10","60.80",
="032116","毅嘉元大53購02","448,000","26","707,090","1.59","1.63","1.52","1.59","+","0.02","1.57","450","1.58","10","60.80",
="032117","漢唐元大53購06","447,000","16","621,000","1.42","1.45","1.35","1.45","-","0.08","1.42","25","1.45","9","1,190.00",
="032118","建準元大54購02","352,000","3","242,840","0.67","0.69","0.67","0.69","+","0.01","0.67","25","0.71","10","137.00",
="032119","京元電元大54購04","286,000","11","251,750","0.84","0.92","0.84","0.87","+","0.06","0.86","499","0.89","10","142.00",
="03211U","聯電國票4B售02","10,000","1","21,400","2.14","2.14","2.14","2.14","+","0.07","2.18","25","2.19","10","0.00",
="032120","聯發科元大54購07","10,000","1","14,000","1.40","1.40","1.40","1.40","-","0.04","0.11","90","--","0","1,385.00",
="032121","宏達電元大54購02","0","0","0","--","--","--","--"," ","0.00","8.90","100","--","0","66.50",
="032122","大立光元大54購04","7,000","1","7,630","1.09","1.09","1.09","1.09"," ","0.00","1.07","499","1.08","10","2,395.00",
="032123","欣興元大54購10","126,000","9","171,690","1.30","1.46","1.30","1.41","-","0.03","1.37","499","1.39","10","150.00",
="032124","景碩元大54購04","177,000","3","155,310","0.80","0.95","0.80","0.95","+","0.05","0.83","499","0.86","10","113.50",
="032125","昇貿元大53購01","1,000","1","9,550","9.55","9.55","9.55","9.55","+","1.80","8.70","100","--","0","129.00",
="032126","新日興元大54購02","520,000","25","921,260","1.73","2.19","1.68","2.19","+","0.44","0.29","68","--","0","259.00",
="032127","京鼎元大53購02","404,000","7","391,510","0.96","0.99","0.94","0.99","-","0.03","0.99","499","1.01","10","290.00",
="032128","創意元大53購01","1,083,000","29","1,002,360","0.93","0.96","0.90","0.94","+","0.06","0.93","8","--","0","1,350.00",
="032129","創意元大54購01","535,000","19","556,340","0.98","1.08","0.98","1.05","+","0.03","1.00","14","1.05","38","1,350.00",
="03212U","矽統國票4C售01","0","0","0","--","--","--","--"," ","0.00","0.34","25","0.35","10","0.00",
="032130","貿聯元大54購08","88,000","4","58,820","0.64","0.68","0.64","0.67","+","0.04","0.67","499","0.69","10","981.00",
="032131","海華元大53購01","0","0","0","--","--","--","--"," ","0.00","5.60","25","--","0","100.00",
="032132","凌華統一49購02","0","0","0","--","--","--","--"," ","0.00","--","0","0.02","50","65.40",
="032133","神達元大54購05","452,000","17","748,780","1.63","1.74","1.57","1.60","+","0.26","1.62","499","1.69","5","95.90",
="032136","臻鼎元大53購01","143,000","12","837,950","5.70","6.00","5.60","5.70","-","0.05","5.75","150","5.85","10","194.00",
="032137","達興元大53購03","2,000","2","10,350","5.15","5.20","5.15","5.20","+","0.59","4.93","150","5.15","10","387.00",
="032138","祥碩元大54購02","300,000","4","142,810","0.49","0.49","0.46","0.46","-","0.04","0.45","25","0.46","10","1,665.00",
="032139","亞翔元大54購05","30,000","4","100,400","3.38","3.38","3.27","3.27","-","0.34","3.26","200","3.27","5","349.50",
="03213U","聯發科國票4B售03","0","0","0","--","--","--","--"," ","0.00","0.40","25","0.41","11","0.00",
="032140","精成科元大54購05","438,000","20","427,350","1.04","1.06","0.96","1.06","+","0.36","1.06","5","--","0","131.00",
="032141","啟碁元大53購01","0","0","0","--","--","--","--"," ","0.00","2.10","300","2.17","10","127.00",
="032142","保瑞元大53購01","206,000","13","391,980","1.88","1.95","1.87","1.92","-","0.04","1.88","400","1.91","10","733.00",
="032143","緯穎元大54購10","4,000","1","2,880","0.72","0.72","0.72","0.72","-","0.04","0.68","25","0.70","10","2,975.00",
="032144","洋基元大53購02","11,000","2","26,480","2.43","2.43","2.18","2.18","-","0.25","1.99","300","2.00","10","476.00",
="032145","AES元大54購05","0","0","0","--","--","--","--"," ","0.00","0.82","499","0.85","10","1,350.00",
="032146","富世達元大54購07","640,000","20","1,020,970","1.71","1.71","1.56","1.65","-","0.06","1.60","20","--","0","1,145.00",
="032147","南電元大54購02","7,000","4","21,290","3.00","3.33","2.98","3.33","+","0.61","3.50","75","--","0","226.00",
="032148","臺股指元大53購11","5,000","1","6,250","1.25","1.25","1.25","1.25","-","0.07","1.24","100","1.25","5","0.00",
="032149","台灣50中信58購01","60,000","4","15,550","0.26","0.26","0.25","0.25","-","0.04","0.24","100","0.25","95","0.00",
="03214U","聯發科國票4C售01","0","0","0","--","--","--","--"," ","0.00","0.27","25","0.28","10","0.00",
="032150","T50正2中信58購01","7,000","7","4,930","0.73","0.73","0.68","0.70","-","0.04","0.69","499","0.70","100","0.00",
="032151","元石油中信56購01","0","0","0","--","--","--","--"," ","0.00","0.67","499","0.68","100","0.00",
="032152","台塑中信52購04","1,000","1","1,420","1.42","1.42","1.42","1.42","X","0.00","1.32","499","1.34","10","0.00",
="032153","台塑中信55購01","15,000","3","41,200","2.78","2.78","2.74","2.74","-","0.21","2.62","10","2.71","10","0.00",
="032154","京元電中信58購01","593,000","20","392,000","0.64","0.70","0.62","0.68","+","0.05","0.68","40","0.69","10","0.00",
="032155","漢翔中信52購01","13,000","4","35,290","2.65","3.00","2.65","2.87","+","0.97","3.10","1","--","0","0.00",
="032156","滬深2X永豐52購04","41,000","6","87,290","2.13","2.15","2.12","2.13","-","0.52","2.11","10","2.18","10","18.32",
="032157","堤維西永豐52購01","128,000","2","134,520","1.11","1.11","1.05","1.05","X","0.00","1.02","499","1.05","10","42.05",
="032158","鴻海永豐53購03","58,000","4","49,960","0.86","0.87","0.86","0.87","X","0.00","0.88","10","0.89","10","206.00",
="032159","盟立永豐52購01","206,000","11","361,230","1.71","1.84","1.71","1.74","+","0.08","1.71","10","1.72","10","70.00",
="03215U","一詮國票4B售03","0","0","0","--","--","--","--"," ","0.00","1.36","25","1.37","10","0.00",
="032160","皇昌永豐53購01","46,000","4","71,860","1.45","1.59","1.37","1.37","+","0.06","1.31","499","1.32","10","83.50",
="032161","萬海永豐54購01","57,000","4","56,600","1.00","1.03","0.96","0.96","X","0.00","0.94","509","0.95","10","84.10",
="032162","世芯永豐55購04","0","0","0","--","--","--","--"," ","0.00","1.56","499","1.57","10","4,000.00",
="032163","神達永豐52購03","125,000","1","283,750","2.27","2.27","2.27","2.27","X","0.00","2.25","10","2.30","10","95.90",
="032164","臻鼎永豐54購01","59,000","3","152,170","2.63","2.63","2.57","2.57","-","0.03","2.58","1","3.50","4","194.00",
="032165","亞翔永豐53購03","0","0","0","--","--","--","--"," ","0.00","1.15","30","1.16","10","349.50",
="032166","佳必琪永豐53購02","28,000","2","37,240","1.33","1.33","1.33","1.33","X","0.00","1.22","10","1.23","10","178.50",
="032167","緯穎永豐52購05","0","0","0","--","--","--","--"," ","0.00","0.78","499","0.79","10","2,975.00",
="032168","龍德船永豐53購01","21,000","3","36,380","1.58","1.77","1.58","1.77","+","0.13","1.60","10","1.61","10","146.00",
="032169","T50反1凱基54購06","0","0","0","--","--","--","--"," ","0.00","1.20","100","1.21","10","19.79",
="03216U","王品國票4C售01","0","0","0","--","--","--","--"," ","0.00","0.87","25","0.88","10","0.00",
="032170","T50反1凱基57購02","0","0","0","--","--","--","--"," ","0.00","0.63","100","0.64","10","19.79",
="032171","元石油凱基53購01","0","0","0","--","--","--","--"," ","0.00","1.19","100","1.20","10","16.26",
="032172","台塑凱基53購03","0","0","0","--","--","--","--"," ","0.00","1.73","100","1.74","10","39.10",
="032173","台化凱基53購02","0","0","0","--","--","--","--"," ","0.00","3.00","100","3.02","10","29.90",
="032174","華城凱基54購03","20,000","2","36,400","1.82","1.82","1.82","1.82","+","0.02","1.70","100","1.71","10","618.00",
="032175","台玻凱基53購04","0","0","0","--","--","--","--"," ","0.00","5.15","10","5.65","10","34.55",
="032176","大成鋼凱基54購01","0","0","0","--","--","--","--"," ","0.00","1.30","100","1.40","10","38.60",
="032177","華通凱基53購01","213,000","14","764,320","3.32","4.14","3.32","3.45","+","0.19","3.46","100","3.48","10","79.30",
="032178","緯穎群益4B購01","8,000","4","4,880","0.63","0.63","0.60","0.60","-","0.02","0.59","2","0.61","5","2,975.00",
="032179","智邦凱基53購03","31,000","3","25,340","0.80","0.86","0.80","0.84","-","0.03","0.83","100","0.84","30","984.00",
="03217U","八方國票4C售01","0","0","0","--","--","--","--"," ","0.00","0.70","25","0.71","10","0.00",
="032180","金像電凱基53購03","393,000","15","836,600","1.95","2.18","1.93","2.18","+","0.03","2.17","10","2.18","7","486.00",
="032181","毅嘉凱基56購01","106,000","10","173,470","1.61","1.66","1.57","1.66"," ","0.00","1.61","63","1.62","10","60.80",
="032182","全新凱基53購02","65,000","6","105,210","1.61","1.69","1.59","1.69","-","0.04","1.54","100","1.56","10","153.50",
="032183","宏達電凱基53購01","99,000","4","1,169,800","13.00","13.00","11.80","12.20","+","0.80","12.30","10","13.30","10","66.50",
="032184","皇昌凱基53購02","200,000","21","613,340","2.90","3.22","2.60","2.70","-","0.02","2.58","10","2.60","10","83.50",
="032185","漢翔凱基53購02","20,000","4","62,600","2.91","3.50","2.91","3.50","+","1.57","3.50","7","5.15","10","60.00",
="032186","永豐金凱基53購01","6,000","2","4,680","0.77","0.79","0.77","0.79","-","0.02","0.76","100","0.77","10","23.60",
="032187","大立光凱基54購03","60,000","5","70,340","1.23","1.23","1.17","1.17","-","0.03","1.17","100","1.19","10","2,395.00",
="032188","景碩凱基56購01","206,000","14","317,460","1.44","1.62","1.44","1.57","+","0.04","1.47","100","1.49","10","113.50",
="032189","京鼎凱基53購01","5,000","3","6,170","1.23","1.24","1.23","1.24","-","0.04","1.24","10","1.25","10","290.00",
="03218U","中信金國票4C售04","0","0","0","--","--","--","--"," ","0.00","0.73","25","0.75","10","0.00",
="032190","創意凱基56購02","150,000","9","281,800","1.80","1.94","1.80","1.89","+","0.10","1.77","105","1.82","10","1,350.00",
="032191","牧德凱基54購01","227,000","24","926,550","3.94","4.27","3.86","4.27","+","0.52","4.39","10","4.49","10","594.00",
="032192","世芯凱基53購08","15,000","4","30,010","1.96","2.02","1.95","2.02","-","0.02","1.89","100","1.92","10","4,000.00",
="032193","神達凱基54購04","244,000","28","1,119,400","4.25","4.94","4.25","4.53","+","0.57","4.66","22","4.68","10","95.90",
="032194","亞翔凱基57購01","30,000","3","74,100","2.53","2.53","2.42","2.42","-","0.27","2.41","100","--","0","349.50",
="032195","精成科凱基53購01","48,000","9","111,230","2.37","2.50","2.21","2.50","+","0.85","2.37","310","2.51","1","131.00",
="032196","鈺邦凱基53購01","0","0","0","--","--","--","--"," ","0.00","4.35","10","4.45","10","178.00",
="032197","保瑞凱基53購01","27,000","4","52,940","1.93","2.00","1.92","1.96","-","0.15","1.93","10","1.96","10","733.00",
="032198","穎崴凱基56購02","1,000","1","2,060","2.06","2.06","2.06","2.06","X","0.00","2.30","100","2.40","10","1,250.00",
="032199","緯穎凱基53購05","0","0","0","--","--","--","--"," ","0.00","1.32","100","1.33","10","2,975.00",
="03219U","亞光國票4B售02","0","0","0","--","--","--","--"," ","0.00","0.46","25","0.47","10","0.00",
="032200","AES凱基53購01","117,000","5","163,210","1.32","1.44","1.32","1.42","+","0.18","1.43","100","1.45","10","1,350.00",
="032201","臺股指凱基53購15","3,000","2","3,740","1.27","1.27","1.20","1.20","-","0.22","1.20","10","1.21","10","0.00",
="032202","香港2X國票58購01","50,000","2","75,110","1.51","1.51","1.50","1.50","-","0.27","1.45","25","1.46","10","16.40",
="032203","堤維西國票52購01","13,000","2","17,690","1.37","1.37","1.33","1.33","X","0.00","1.30","25","1.31","10","42.05",
="032204","京元電國票53購02","42,000","2","42,820","0.96","1.06","0.96","1.06","+","0.07","1.06","25","1.07","10","142.00",
="032205","宏致國票56購01","0","0","0","--","--","--","--"," ","0.00","1.86","25","1.87","10","73.90",
="032206","AES國票53購04","185,000","15","199,010","0.97","1.13","0.97","1.08","+","0.17","1.07","25","1.09","10","1,350.00",
="032207","華通國泰53購01","89,000","10","204,610","2.10","2.47","2.10","2.27","+","0.17","2.24","499","2.26","100","79.30",
="032208","鴻準國泰53購01","0","0","0","--","--","--","--"," ","0.00","0.95","499","0.96","100","71.70",
="032209","矽統國泰53購01","0","0","0","--","--","--","--"," ","0.00","1.79","499","1.83","10","55.10",
="03220U","聯詠國票4B售02","0","0","0","--","--","--","--"," ","0.00","2.09","25","2.11","10","0.00",
="032210","台新金國泰53購01","0","0","0","--","--","--","--"," ","0.00","1.53","499","1.58","10","16.35",
="032211","貿聯國泰53購01","199,000","12","238,860","1.09","1.30","1.09","1.16","+","0.05","1.16","499","1.17","100","981.00",
="032212","臻鼎國泰53購01","41,000","2","138,060","3.26","3.37","3.26","3.37","+","0.05","3.33","499","3.37","60","194.00",
="032213","SGBR2X群益52購03","0","0","0","--","--","--","--"," ","0.00","1.17","25","1.18","10","11.25",
="032214","台玻群益52購03","26,000","4","83,340","3.09","3.30","3.09","3.18","-","0.37","3.18","10","3.28","10","34.55",
="032215","華通群益56購02","90,000","11","146,920","1.70","1.72","1.53","1.54","+","0.10","1.51","10","1.61","10","79.30",
="032216","鴻海群益52購11","1,124,000","7","2,189,440","1.96","1.97","1.91","1.96","-","0.09","1.96","100","1.99","100","206.00",
="032217","鴻準群益54購01","403,000","7","1,160,820","2.86","2.96","2.85","2.85","-","0.07","2.84","10","2.94","10","71.70",
="032218","建準群益54購02","39,000","3","45,440","1.16","1.18","1.16","1.18","X","0.00","--","0","--","0","137.00",
="032219","華晶科群益52購02","33,000","5","159,080","4.85","4.91","4.63","4.63","-","0.28","4.56","10","4.66","10","50.30",
="03221U","達邁國票4C售04","110,000","3","41,400","0.34","0.38","0.34","0.38","+","0.02","0.39","25","0.40","10","0.00",
="032220","景碩群益57購02","31,000","3","31,110","1.03","1.03","0.97","0.97","-","0.02","0.44","22","--","0","113.50",
="032221","辛耘群益52購02","137,000","21","462,730","3.28","3.51","3.06","3.46","+","0.30","3.53","10","3.63","10","393.50",
="032222","宏致群益53購01","357,000","16","527,160","1.54","1.55","1.36","1.36","-","0.08","1.35","10","1.45","10","73.90",
="032223","世芯群益58購01","213,000","13","153,270","0.75","0.75","0.70","0.72","-","0.01","0.70","10","0.80","10","4,000.00",
="032224","臻鼎群益52購03","99,000","10","286,450","2.95","2.95","2.81","2.91","+","0.07","1.58","12","3.02","5","194.00",
="032225","元日2X元富4B購01","80,000","1","12,000","0.15","0.15","0.15","0.15","X","0.00","0.16","25","0.17","25","5.97",
="032226","臻鼎群益53購04","239,000","28","621,100","2.69","2.72","2.52","2.66","+","0.07","2.67","10","2.77","10","194.00",
="032227","佳必琪群益52購03","155,000","6","262,860","1.68","1.72","1.62","1.62","+","0.11","1.53","10","1.63","10","178.50",
="032228","洋基群益53購02","15,000","2","29,330","2.17","2.17","1.94","1.94","-","0.26","0.82","12","--","0","476.00",
="032229","南亞富邦54購02","232,000","17","268,460","1.19","1.20","1.12","1.16","-","0.16","1.10","10","1.11","10","0.00",
="03222U","鴻海富邦51售05","0","0","0","--","--","--","--"," ","0.00","0.14","30","0.15","10","0.00",
="032230","中砂富邦54購04","1,220,000","47","1,620,100","1.25","1.40","1.25","1.34","+","0.10","1.33","10","1.34","10","0.00",
="032231","中砂富邦55購01","605,000","40","864,640","1.30","1.49","1.30","1.48","+","0.14","1.41","10","1.42","10","0.00",
="032232","大成鋼富邦55購02","90,000","3","64,600","0.72","0.72","0.70","0.70","X","0.00","0.67","10","0.68","10","0.00",
="032233","華通富邦52購01","192,000","16","279,410","1.36","1.66","1.33","1.45","+","0.09","1.44","10","1.45","10","0.00",
="032234","鴻海富邦52購04","15,000","6","14,760","0.97","1.01","0.97","1.00","-","0.06","0.99","30","1.00","10","0.00",
="032235","鴻海富邦52購05","7,000","2","6,630","0.94","0.95","0.94","0.95","-","0.05","0.95","30","0.97","10","0.00",
="032236","廣宇富邦52購01","22,000","4","57,180","2.59","2.69","2.59","2.69","+","0.11","2.47","30","2.51","10","0.00",
="032237","台積電富邦52購07","5,000","2","3,690","0.75","0.75","0.73","0.73","-","0.06","0.72","30","0.73","10","0.00",
="032238","智邦富邦55購02","0","0","0","--","--","--","--"," ","0.00","0.74","10","0.75","10","0.00",
="032239","致茂富邦53購01","1,338,000","42","1,374,550","1.04","1.09","0.97","1.08","+","0.06","1.08","10","1.09","10","0.00",
="03223U","台積電富邦51售10","0","0","0","--","--","--","--"," ","0.00","0.25","30","0.26","10","0.00",
="032240","漢唐富邦55購02","105,000","9","153,130","1.45","1.47","1.40","1.45","+","0.01","1.46","10","1.47","10","0.00",
="032241","建準富邦55購02","249,000","15","249,460","0.99","1.02","0.96","1.02","+","0.02","0.99","10","1.01","10","0.00",
="032242","京元電富邦54購02","886,000","46","852,890","0.92","1.02","0.89","0.98","+","0.07","0.96","10","0.97","10","0.00",
="032243","京元電富邦55購01","610,000","32","585,650","0.92","1.03","0.90","0.98","+","0.04","0.97","10","0.98","10","0.00",
="032244","宏達電富邦52購01","0","0","0","--","--","--","--"," ","0.00","3.65","30","3.69","10","0.00",
="032245","長榮富邦54購01","479,000","13","303,250","0.61","0.64","0.61","0.61","-","0.01","0.60","20","0.61","10","0.00",
="032246","裕民富邦54購01","508,000","17","605,250","1.17","1.21","1.15","1.15"," ","0.00","1.15","10","1.16","10","0.00",
="032247","陽明富邦53購03","263,000","14","234,080","0.86","0.92","0.86","0.88"," ","0.00","0.86","10","0.87","10","0.00",
="032248","晟銘電富邦55購01","80,000","13","75,300","0.94","1.01","0.87","0.87","-","0.01","0.84","10","0.85","10","0.00",
="032249","奇鋐富邦54購04","209,000","16","136,540","0.69","0.69","0.61","0.61","-","0.11","0.62","10","0.63","10","0.00",
="03224U","聯發科元富51售03","0","0","0","--","--","--","--"," ","0.00","0.37","25","0.38","25","0.00",
="032250","奇鋐富邦55購03","97,000","13","67,900","0.72","0.72","0.64","0.66","-","0.07","0.65","10","0.66","10","0.00",
="032251","智原富邦52購01","986,000","34","874,320","0.86","0.91","0.86","0.87"," ","0.00","0.88","30","0.89","10","0.00",
="032252","嘉澤富邦55購01","660,000","17","444,470","0.63","0.71","0.63","0.70","+","0.03","0.69","10","0.70","10","0.00",
="032253","神達富邦53購02","45,000","11","96,230","2.04","2.29","2.04","2.04","+","0.47","2.08","10","2.09","10","0.00",
="032254","臻鼎富邦54購02","33,000","3","87,200","2.74","2.74","2.60","2.60","-","0.01","2.62","10","2.72","10","0.00",
="032255","臻鼎富邦55購01","21,000","5","53,380","2.56","2.70","2.52","2.58","-","0.10","2.58","10","2.60","10","0.00",
="032256","達興富邦55購01","291,000","39","822,450","2.83","3.00","2.64","2.94","+","0.32","2.81","10","2.83","10","0.00",
="032257","精成科富邦54購01","1,126,000","45","1,591,500","1.40","1.70","1.37","1.44","+","0.32","1.49","2","--","0","0.00",
="032258","佳必琪富邦53購01","150,000","5","155,810","1.05","1.07","0.95","0.95","-","0.05","0.97","10","0.98","10","0.00",
="032259","愛普富邦52購01","955,000","38","723,640","0.76","0.84","0.73","0.83","+","0.09","0.79","30","0.80","10","0.00",
="03225U","T50正2國票51售01","61,000","2","68,920","1.13","1.13","1.12","1.12"," ","0.00","1.17","25","1.18","10","0.00",
="032260","AES富邦55購04","495,000","37","329,810","0.62","0.73","0.61","0.69","+","0.07","0.69","10","0.70","10","0.00",
="032261","臺股指富邦62購01","103,000","3","182,880","1.80","1.80","1.74","1.76","-","0.12","1.75","499","1.76","100","0.00",
="032262","台灣50元大53購07","30,000","1","49,200","1.64","1.64","1.64","1.64","-","0.04","1.53","100","1.54","10","52.50",
="032263","台灣50元大54購05","120,000","3","260,400","2.17","2.17","2.17","2.17","-","0.10","2.11","400","2.13","10","52.50",
="032264","道瓊銀元大54購01","0","0","0","--","--","--","--"," ","0.00","0.76","499","0.77","100","32.63",
="032265","台泥元大53購01","0","0","0","--","--","--","--"," ","0.00","0.58","499","0.59","10","22.80",
="032266","台塑元大54購04","0","0","0","--","--","--","--"," ","0.00","1.18","499","1.20","10","39.10",
="032267","南亞元大53購02","185,000","19","414,260","2.26","2.30","2.08","2.09","-","0.42","2.10","300","2.12","10","43.00",
="032268","南亞元大54購03","119,000","6","267,200","2.23","2.27","2.22","2.22","-","0.41","2.08","300","2.10","10","43.00",
="032269","華新元大53購01","95,000","6","120,940","1.26","1.39","1.26","1.39","+","0.03","1.29","499","1.31","10","23.35",
="03226U","香港2X國票4C售01","0","0","0","--","--","--","--"," ","0.00","0.55","25","0.56","10","0.00",
="032270","華新元大54購02","301,000","10","249,170","0.79","0.86","0.79","0.81","-","0.01","0.80","499","0.82","10","23.35",
="032271","億泰元大54購01","17,000","2","19,480","1.15","1.15","1.14","1.14","-","0.03","1.06","499","1.07","10","38.70",
="032272","光寶科元大54購04","770,000","9","433,290","0.56","0.57","0.55","0.55"," ","0.00","0.54","25","0.56","10","130.00",
="032273","鴻海元大53購05","30,000","4","23,100","0.78","0.78","0.75","0.78","-","0.05","0.78","499","0.79","10","206.00",
="032274","鴻海元大54購14","7,000","2","5,480","0.79","0.79","0.78","0.78","-","0.11","0.80","499","0.82","10","206.00",
="032275","廣宇元大53購01","116,000","15","405,410","3.64","3.70","3.33","3.44","+","0.06","3.42","200","3.46","10","60.90",
="032276","台積電元大53購04","0","0","0","--","--","--","--"," ","0.00","0.04","32","--","0","1,160.00",
="032277","台積電元大54購22","0","0","0","--","--","--","--"," ","0.00","0.01","180","--","0","1,160.00",
="032278","智邦元大54購07","390,000","11","193,900","0.48","0.52","0.47","0.49","-","0.02","0.48","499","0.50","10","984.00",
="032279","鴻準元大53購01","19,000","2","29,920","1.57","1.58","1.57","1.58","X","0.00","1.49","499","1.51","10","71.70",
="03227U","金像電國票4C售04","0","0","0","--","--","--","--"," ","0.00","0.03","25","0.05","10","0.00",
="032280","鴻準元大54購04","188,000","15","288,190","1.54","1.59","1.49","1.51","-","0.03","1.49","499","1.51","5","71.70",
="032281","所羅門元大53購01","72,000","13","93,550","1.34","1.39","1.21","1.21","-","0.15","1.21","499","1.23","10","162.00",
="032282","金像電元大53購03","127,000","14","310,760","2.43","2.64","2.38","2.64","+","0.21","2.64","300","2.66","10","486.00",
="032283","建準元大54購03","361,000","11","240,390","0.67","0.69","0.65","0.69","+","0.02","0.66","22","0.69","35","137.00",
="032284","京元電元大54購05","126,000","14","107,620","0.82","0.90","0.82","0.84","+","0.04","0.84","2","0.85","10","142.00",
="032285","聯發科元大54購08","2,000","1","2,520","1.26","1.26","1.26","1.26","X","0.00","0.06","7","--","0","1,385.00",
="032286","宏達電元大53購01","3,000","2","10,800","3.60","3.60","3.60","3.60","+","0.19","3.69","25","4.75","1","66.50",
="032287","台新金元大53購01","251,000","1","195,780","0.78","0.78","0.78","0.78"," ","0.00","0.78","499","0.81","10","16.35",
="032288","台新金元大53購02","171,000","1","117,990","0.69","0.69","0.69","0.69","+","0.01","0.69","499","0.71","10","16.35",
="032289","台新金元大54購01","360,000","2","234,000","0.65","0.65","0.65","0.65","+","0.01","0.65","499","0.67","10","16.35",
="03228U","台光電國票4C售06","0","0","0","--","--","--","--"," ","0.00","0.16","25","0.17","10","0.00",
="032290","奇鋐元大54購14","22,000","5","17,650","0.85","0.85","0.76","0.81","X","0.00","0.80","499","0.83","10","1,015.00",
="032291","德律元大54購01","66,000","5","107,540","1.68","1.68","1.58","1.58","-","0.12","1.56","450","1.58","6","206.00",
="032292","欣興元大54購11","16,000","4","28,730","1.80","1.93","1.76","1.93","+","0.02","1.84","400","1.88","10","150.00",
="032293","健鼎元大53購02","149,000","13","213,390","1.44","1.46","1.39","1.39","-","0.15","1.34","499","1.35","10","318.00",
="032294","創意元大53購02","340,000","7","370,820","1.08","1.12","1.08","1.11","+","0.08","0.90","35","--","0","1,350.00",
="032295","創意元大54購02","124,000","7","126,040","1.00","1.04","0.98","1.03","+","0.07","0.31","32","--","0","1,350.00",
="032296","宏致元大54購01","279,000","11","174,580","0.62","0.65","0.58","0.58","-","0.03","0.57","499","0.58","10","73.90",
="032297","世芯元大54購14","312,000","30","206,400","0.68","0.68","0.64","0.64","-","0.05","0.63","511","0.64","10","4,000.00",
="032298","海華元大53購02","20,000","2","169,500","8.25","8.70","8.25","8.70","+","1.00","8.20","25","8.45","10","100.00",
="032299","上品元大53購02","22,000","2","26,280","1.19","1.20","1.19","1.20","-","0.08","1.18","499","1.22","10","284.00",
="03229U","精銳國票4C售05","11,000","1","11,550","1.05","1.05","1.05","1.05","X","0.00","1.07","25","1.08","10","0.00",
="032300","上品元大53購03","10,000","2","16,350","1.64","1.64","1.59","1.59","-","0.07","1.56","450","1.60","10","284.00",
="032301","帆宣元大53購01","73,000","6","158,970","2.14","2.19","2.14","2.18","+","0.11","2.07","25","2.10","10","264.00",
="032302","聯茂元大54購01","25,000","2","38,500","1.54","1.54","1.54","1.54","-","0.04","1.49","25","1.52","10","125.00",
="032303","緯穎元大54購11","0","0","0","--","--","--","--"," ","0.00","1.44","499","1.45","10","2,975.00",
="032304","羅昇元大53購01","5,000","1","12,150","2.43","2.43","2.43","2.43","-","0.55","2.47","300","2.54","10","114.50",
="032305","臺股指元大53購14","100,000","1","150,000","1.50","1.50","1.50","1.50","X","0.00","1.44","499","1.45","10","0.00",
="032306","臺股指元大54購15","35,000","18","53,320","1.54","1.56","1.47","1.47","-","0.16","1.45","100","1.46","10","0.00",
="032307","臺股指元大55購04","0","0","0","--","--","--","--"," ","0.00","2.09","499","2.10","10","0.00",
="032308","臺股指元大59購01","2,000","1","2,820","1.41","1.41","1.41","1.41","-","0.10","1.40","100","1.41","8","0.00",
="032309","台塑元富52購05","0","0","0","--","--","--","--"," ","0.00","2.08","25","2.09","25","39.10",
="03230U","精成科國票4B售02","60,000","2","10,200","0.17","0.17","0.17","0.17","-","0.11","0.04","200","0.17","20","0.00",
="032310","台玻元富52購05","315,000","35","506,560","1.56","1.70","1.54","1.65"," ","0.00","1.64","5","1.76","10","34.55",
="032311","京元電元富52購01","237,000","10","265,980","0.99","1.16","0.99","1.09","+","0.08","1.08","50","1.09","25","142.00",
="032312","宏達電元富58購02","63,000","13","616,100","10.00","10.00","9.05","9.05","+","0.30","6.20","21","--","0","66.50",
="032313","精成科元富52購04","0","0","0","--","--","--","--"," ","0.00","2.02","25","--","0","131.00",
="032314","南亞永豐52購03","160,000","10","147,020","0.94","0.96","0.89","0.90","X","0.00","0.89","10","0.90","10","43.00",
="032315","台達電永豐54購02","78,000","5","100,680","1.34","1.34","1.26","1.27","-","0.15","1.30","10","1.40","10","709.00",
="032316","華通永豐52購03","2,000","1","2,940","1.47","1.47","1.47","1.47","+","0.07","1.43","499","1.44","10","79.30",
="032317","台積電永豐52購07","50,000","1","33,000","0.66","0.66","0.66","0.66","-","0.04","0.62","499","0.72","10","1,160.00",
="032318","漢唐永豐52購04","0","0","0","--","--","--","--"," ","0.00","0.97","10","0.99","10","1,190.00",
="032319","聯鈞永豐53購02","6,000","2","8,260","1.38","1.38","1.36","1.36","-","0.23","1.35","10","1.36","10","202.00",
="03231U","勤誠國票4B售02","0","0","0","--","--","--","--"," ","0.00","0.04","118","0.05","10","0.00",
="032320","大銀永豐52購02","32,000","2","59,700","1.85","1.90","1.85","1.90","+","0.02","1.78","10","1.88","10","126.00",
="032321","臻鼎永豐52購03","492,000","41","1,827,370","3.57","3.91","3.57","3.68","-","0.01","3.68","10","3.78","10","194.00",
="032322","帆宣永豐52購03","17,000","2","22,050","1.30","1.30","1.29","1.29","+","0.15","1.24","499","1.34","10","264.00",
="032323","保瑞永豐54購01","50,000","4","49,550","1.00","1.02","0.98","1.02","-","0.01","0.99","10","1.01","10","733.00",
="032324","緯穎永豐52購06","37,000","2","146,890","3.97","3.97","3.97","3.97","X","0.00","3.90","499","4.00","10","2,975.00",
="032325","洋基永豐52購01","0","0","0","--","--","--","--"," ","0.00","1.26","499","1.36","10","476.00",
="032326","洋基永豐54購01","120,000","1","146,400","1.22","1.22","1.22","1.22","-","0.16","1.16","10","1.17","10","476.00",
="032327","AES永豐52購01","421,000","14","377,030","0.83","0.94","0.83","0.94","+","0.16","0.89","10","0.91","10","1,350.00",
="032328","富世達永豐52購04","5,000","1","4,650","0.93","0.93","0.93","0.93","-","0.06","0.95","499","0.98","10","1,145.00",
="032329","T50正2中信58購02","7,000","7","4,440","0.66","0.66","0.61","0.63","-","0.04","0.62","499","0.63","100","0.00",
="03232U","川湖國泰4C售02","0","0","0","--","--","--","--"," ","0.00","0.32","499","0.33","100","0.00",
="032330","南亞中信52購05","1,435,000","26","2,336,380","1.77","1.77","1.57","1.58","-","0.42","1.59","10","1.60","10","0.00",
="032331","台化中信52購03","67,000","10","107,810","1.75","1.75","1.60","1.61","-","0.19","1.58","1","1.59","10","0.00",
="032332","台達電中信58購02","195,000","10","171,950","0.90","0.90","0.87","0.89","-","0.05","0.87","10","0.88","10","0.00",
="032333","華通中信52購01","129,000","12","273,680","1.90","2.35","1.90","2.12","+","0.20","2.08","10","2.18","10","0.00",
="032334","金像電中信58購01","270,000","7","236,100","0.85","0.93","0.85","0.93","+","0.05","0.91","10","0.93","10","0.00",
="032335","漢唐中信52購03","379,000","36","642,210","1.77","1.77","1.68","1.68","-","0.25","1.77","10","1.81","10","0.00",
="032336","奇鋐中信52購03","1,523,000","19","611,010","0.44","0.44","0.37","0.40","-","0.07","0.40","90","0.41","10","0.00",
="032337","臻鼎中信52購01","134,000","14","239,200","1.75","1.83","1.74","1.79","-","0.12","1.78","499","1.80","10","0.00",
="032338","jpp中信53購01","104,000","7","229,750","2.18","2.27","2.11","2.15","+","0.11","2.24","499","2.26","10","0.00",
="032339","台玻國泰53購05","0","0","0","--","--","--","--"," ","0.00","2.27","499","--","0","34.55",
="03233U","台積電富邦55售03","0","0","0","--","--","--","--"," ","0.00","0.24","30","0.25","10","0.00",
="032340","金像電國泰53購02","120,000","10","263,150","2.09","2.28","2.09","2.28","+","0.17","2.28","499","2.29","100","486.00",
="032341","金像電國泰53購03","102,000","10","220,060","2.07","2.26","2.00","2.26","+","0.22","2.25","499","2.26","90","486.00",
="032342","臻鼎國泰53購02","0","0","0","--","--","--","--"," ","0.00","2.79","499","--","0","194.00",
="032343","佳必琪國泰53購01","35,000","3","55,840","1.60","1.60","1.52","1.52","+","0.03","1.49","499","1.50","499","178.50",
="032344","台玻兆豐54購02","505,000","13","758,840","1.60","1.60","1.46","1.50","-","0.09","1.49","10","1.50","10","34.55",
="032346","大亞統一49購01","0","0","0","--","--","--","--"," ","0.00","--","0","0.01","240","43.00",
="032347","大亞統一49購02","0","0","0","--","--","--","--"," ","0.00","--","0","--","0","43.00",
="032348","大亞統一49購03","0","0","0","--","--","--","--"," ","0.00","--","0","--","0","43.00",
="032349","大亞統一4B購01","0","0","0","--","--","--","--"," ","0.00","0.02","10","0.10","10","43.00",
="03234U","中興電群益4C售02","0","0","0","--","--","--","--"," ","0.00","0.66","100","0.67","100","0.00",
="032350","川湖兆豐54購01","0","0","0","--","--","--","--"," ","0.00","0.77","10","0.78","10","2,925.00",
="032351","台達電兆豐54購01","169,000","11","265,150","1.58","1.58","1.52","1.53","-","0.08","1.47","10","1.48","10","709.00",
="032352","台積電兆豐55購02","0","0","0","--","--","--","--"," ","0.00","0.72","10","0.73","10","1,160.00",
="032353","華碩兆豐54購01","18,000","1","13,860","0.77","0.77","0.77","0.77","-","0.02","0.75","10","0.76","10","634.00",
="032354","大同兆豐53購01","0","0","0","--","--","--","--"," ","0.00","0.92","10","0.93","10","40.75",
="032355","奇鋐兆豐53購03","234,000","5","177,520","0.77","0.77","0.75","0.75","-","0.05","0.73","10","0.74","10","1,015.00",
="032356","緯創兆豐58購01","226,000","10","229,330","1.01","1.05","0.98","0.98","-","0.06","1.00","20","1.01","20","115.00",
="032357","臻鼎兆豐58購01","882,000","31","2,094,910","2.33","2.41","2.27","2.38","+","0.09","2.36","10","2.37","10","194.00",
="032358","達興兆豐54購01","0","0","0","--","--","--","--"," ","0.00","3.08","10","3.09","10","387.00",
="032359","洋基兆豐54購01","0","0","0","--","--","--","--"," ","0.00","0.69","10","0.70","10","476.00",
="03235U","聯電群益4B售02","0","0","0","--","--","--","--"," ","0.00","1.80","100","1.81","100","0.00",
="032361","台灣50富邦58購01","0","0","0","--","--","--","--"," ","0.00","0.85","10","0.86","10","0.00",
="032362","元石油富邦52購01","0","0","0","--","--","--","--"," ","0.00","0.77","10","0.78","10","0.00",
="032363","長榮航統一55購01","82,000","5","29,920","0.36","0.37","0.36","0.36","+","0.01","0.35","10","0.36","10","39.05",
="032364","台玻富邦54購01","427,000","19","784,610","1.87","1.93","1.76","1.87","-","0.02","1.87","30","1.94","10","0.00",
="032365","台達電富邦54購02","86,000","10","992,400","11.70","11.80","11.40","11.60","-","0.60","11.60","30","11.70","10","0.00",
="032366","台積電富邦52購08","3,000","3","23,950","8.10","8.10","7.75","7.75","-","0.50","7.70","30","7.75","10","0.00",
="032367","大同富邦53購01","31,000","4","28,040","0.91","0.94","0.90","0.94"," ","0.00","0.92","10","0.93","10","0.00",
="032368","台光電富邦53購04","314,000","17","291,600","1.00","1.00","0.89","0.95","-","0.11","0.97","10","0.98","10","0.00",
="032369","定穎控統一49購01","2,000","1","2,960","1.48","1.48","1.48","1.48","-","0.04","1.40","2","1.48","8","106.00",
="03236U","鴻海群益4B售09","0","0","0","--","--","--","--"," ","0.00","0.08","10","0.18","10","0.00",
="032370","聯發科富邦52購04","10,000","4","109,000","11.00","11.00","10.80","10.80","-","0.40","10.80","30","11.10","10","0.00",
="032371","漢翔富邦53購01","29,000","6","59,610","1.96","2.20","1.95","2.20","+","0.80","2.14","31","2.80","10","0.00",
="032372","致伸統一49購01","0","0","0","--","--","--","--"," ","0.00","--","0","--","0","82.30",
="032374","辛耘富邦53購01","430,000","31","443,160","0.97","1.09","0.93","1.07","+","0.08","1.08","30","1.09","10","0.00",
="032375","富世達富邦55購02","12,000","2","15,920","1.31","1.33","1.31","1.33","-","0.23","1.31","10","1.35","10","0.00",
="032377","臺股指富邦52購15","0","0","0","--","--","--","--"," ","0.00","1.50","499","1.51","100","0.00",
="032378","臺股指富邦54購08","0","0","0","--","--","--","--"," ","0.00","1.62","499","1.63","100","0.00",
="032379","臺股指富邦5B購01","0","0","0","--","--","--","--"," ","0.00","1.60","499","1.61","100","0.00",
="03237U","一詮群益4B售03","0","0","0","--","--","--","--"," ","0.00","1.50","10","1.60","10","0.00",
="032380","南亞凱基54購01","11,000","2","35,390","3.29","3.29","3.09","3.09","-","0.71","3.04","100","3.05","10","43.00",
="032381","台玻凱基53購05","70,000","7","222,300","3.15","3.38","3.15","3.36"," ","0.00","3.29","499","3.39","10","34.55",
="032382","台玻凱基53購06","2,000","1","8,360","4.18","4.18","4.18","4.18","+","0.08","4.18","10","4.28","10","34.55",
="032383","光寶科凱基53購01","144,000","4","151,220","1.07","1.07","1.02","1.05","-","0.05","1.02","100","1.04","10","130.00",
="032384","台達電凱基53購03","201,000","17","411,160","2.08","2.10","1.98","2.03","-","0.24","1.95","11","--","0","709.00",
="032385","鴻海凱基64購05","0","0","0","--","--","--","--"," ","0.00","2.28","100","2.29","10","206.00",
="032386","廣宇凱基53購01","0","0","0","--","--","--","--"," ","0.00","2.98","100","3.08","10","60.90",
="032388","台積電凱基5B購06","0","0","0","--","--","--","--"," ","0.00","1.72","100","1.73","10","1,160.00",
="032389","鴻準凱基53購04","0","0","0","--","--","--","--"," ","0.00","2.80","100","2.84","10","71.70",
="03238U","陽明群益4B售04","0","0","0","--","--","--","--"," ","0.00","1.93","10","2.03","10","0.00",
="032390","所羅門凱基53購01","73,000","7","156,170","2.13","2.31","2.08","2.08","-","0.23","2.06","49","2.16","10","162.00",
="032391","金像電凱基53購04","121,000","8","290,830","2.31","2.49","2.30","2.49","+","0.20","2.49","100","2.50","10","486.00",
="032392","台光電凱基54購06","0","0","0","--","--","--","--"," ","0.00","1.38","100","1.40","10","1,250.00",
="032393","建準凱基53購02","195,000","8","317,190","1.65","1.69","1.60","1.63","-","0.05","1.62","10","1.64","10","137.00",
="032394","京元電凱基56購01","341,000","16","588,560","1.68","1.84","1.68","1.76","+","0.11","1.69","60","1.71","10","142.00",
="032395","聯發科凱基56購03","3,000","3","4,350","1.45","1.45","1.45","1.45","-","0.07","1.43","100","1.44","10","1,385.00",
="032396","宏達電凱基53購02","76,000","19","925,600","12.40","13.30","11.30","11.50"," ","0.00","12.10","10","13.10","10","66.50",
="032397","奇鋐凱基53購09","32,000","2","22,320","0.72","0.72","0.66","0.66","-","0.13","0.66","100","0.68","10","1,015.00",
="032398","亞光凱基53購03","109,000","5","146,710","1.33","1.49","1.33","1.41","-","0.03","1.30","100","--","0","164.00",
="032399","緯創凱基53購02","469,000","14","396,420","0.83","0.87","0.82","0.85","-","0.01","0.85","100","--","0","115.00",
="03239U","國泰金群益4B售04","0","0","0","--","--","--","--"," ","0.00","0.44","10","0.54","10","0.00",
="032400","臻鼎凱基53購04","102,000","11","298,860","2.96","3.02","2.80","2.93","+","0.09","2.92","100","2.95","10","194.00",
="032401","臻鼎凱基55購01","93,000","12","277,620","2.98","3.10","2.95","3.04","-","0.03","3.04","100","3.08","10","194.00",
="032402","帆宣凱基53購01","55,000","6","181,790","3.28","3.36","3.22","3.22","+","0.02","3.20","100","3.22","10","264.00",
="032403","佳必琪凱基53購01","27,000","3","45,660","1.70","1.70","1.58","1.58","+","0.05","1.56","10","1.57","10","178.50",
="032404","聯茂凱基53購02","0","0","0","--","--","--","--"," ","0.00","1.78","499","1.88","10","125.00",
="032405","迅得凱基53購02","265,000","10","401,180","1.41","1.53","1.41","1.51","+","0.14","1.49","100","1.51","10","193.50",
="032406","緯穎凱基54購09","0","0","0","--","--","--","--"," ","0.00","1.58","100","1.59","10","2,975.00",
="032407","洋基凱基53購02","0","0","0","--","--","--","--"," ","0.00","1.31","10","1.41","10","476.00",
="032408","AES凱基53購02","73,000","4","125,950","1.74","1.78","1.71","1.78","+","0.15","1.76","100","1.78","4","1,350.00",
="032409","臺股指凱基54購13","0","0","0","--","--","--","--"," ","0.00","1.62","100","1.63","10","0.00",
="03240U","中信金群益55售01","0","0","0","--","--","--","--"," ","0.00","0.43","25","--","0","0.00",
="032410","臺指反群益58購01","1,000","1","480","0.48","0.48","0.48","0.48","+","0.01","0.49","25","0.51","10","3.20",
="032411","臺指反群益58購02","1,999,000","8","739,630","0.37","0.37","0.37","0.37","X","0.00","0.37","25","0.39","10","3.20",
="032412","南亞群益52購02","414,000","17","740,300","1.92","1.92","1.76","1.76","-","0.35","1.76","10","1.86","10","43.00",
="032413","台化群益52購02","100,000","1","174,000","1.74","1.74","1.74","1.74","X","0.00","1.67","10","1.77","10","29.90",
="032414","華城群益52購03","34,000","3","34,180","1.01","1.01","0.95","0.95","-","0.01","0.93","102","0.94","100","618.00",
="032415","台玻群益53購07","37,000","4","82,230","2.24","2.24","2.12","2.23","-","0.06","2.16","13","2.26","10","34.55",
="032416","大成鋼群益52購05","0","0","0","--","--","--","--"," ","0.00","0.07","65","--","0","38.60",
="032417","宇隆群益53購01","4,000","4","13,260","3.53","3.53","3.21","3.22","-","0.14","1.02","9","--","0","262.00",
="032418","台達電群益53購03","60,000","7","129,000","2.17","2.18","2.10","2.18","-","0.13","0.70","71","--","0","709.00",
="032419","漢唐群益53購04","273,000","16","474,290","1.81","1.81","1.65","1.77","-","0.13","0.63","31","2.40","6","1,190.00",
="03241U","亞光群益51售02","0","0","0","--","--","--","--"," ","0.00","0.14","30","--","0","0.00",
="032420","全新群益52購03","141,000","10","147,240","1.03","1.08","1.00","1.08","-","0.02","0.40","125","--","0","153.50",
="032421","奇鋐群益54購13","51,000","6","36,720","0.76","0.76","0.70","0.72","-","0.13","0.69","30","--","0","1,015.00",
="032422","景碩群益56購01","105,000","3","120,300","1.13","1.16","1.13","1.16","X","0.00","--","0","--","0","113.50",
="032423","昇貿群益52購02","297,000","31","1,470,260","5.25","5.30","4.71","4.81","+","0.51","4.71","199","4.81","10","129.00",
="032424","創意群益52購03","59,000","26","227,320","3.81","4.03","3.70","3.86","+","0.14","3.81","1","--","0","1,350.00",
="032425","TPK群益53購01","750,000","16","1,334,180","1.66","1.81","1.66","1.75","+","0.10","1.75","25","1.76","10","41.20",
="032426","海華群益53購02","116,000","16","250,500","1.81","2.50","1.81","2.24","+","0.25","2.17","10","2.24","10","100.00",
="032427","臻鼎群益53購05","298,000","19","696,280","2.26","2.41","2.25","2.32","+","0.03","2.35","10","2.45","10","194.00",
="032428","精成科群益52購05","217,000","21","413,300","1.96","1.97","1.78","1.92","+","0.55","0.42","23","--","0","131.00",
="032429","保瑞群益52購02","0","0","0","--","--","--","--"," ","0.00","1.26","100","1.27","100","733.00",
="03242U","聯詠群益4B售01","0","0","0","--","--","--","--"," ","0.00","0.25","30","--","0","0.00",
="032430","穎崴群益52購08","77,000","6","188,560","2.48","2.48","2.31","2.34","-","0.26","1.13","17","--","0","1,250.00",
="032431","緯穎群益54購06","0","0","0","--","--","--","--"," ","0.00","0.51","10","0.61","10","2,975.00",
="032432","緯穎群益54購07","0","0","0","--","--","--","--"," ","0.00","0.58","10","0.68","10","2,975.00",
="032433","緯穎群益58購01","0","0","0","--","--","--","--"," ","0.00","1.27","10","1.37","10","2,975.00",
="032434","臺股指群益52購11","0","0","0","--","--","--","--"," ","0.00","1.57","499","1.58","499","0.00",
="032435","臺股指群益52購12","1,000","1","1,820","1.82","1.82","1.82","1.82","X","0.00","1.70","499","1.71","499","0.00",
="032436","臺股指群益52購13","0","0","0","--","--","--","--"," ","0.00","1.33","499","1.34","499","0.00",
="032437","臺股指群益52購14","0","0","0","--","--","--","--"," ","0.00","1.72","499","1.73","499","0.00",
="032438","臺股指群益52購15","0","0","0","--","--","--","--"," ","0.00","1.61","499","1.62","499","0.00",
="032439","光寶科台新52購01","96,000","6","416,640","4.34","4.34","4.34","4.34","-","0.40","4.17","10","4.26","10","0.00",
="03243U","華城永豐4B售03","0","0","0","--","--","--","--"," ","0.00","0.20","10","0.21","10","0.00",
="032440","世紀鋼台新52購01","19,000","2","27,110","1.49","1.49","1.39","1.39","-","0.15","1.41","20","1.42","10","0.00",
="032441","高股息元大53購01","0","0","0","--","--","--","--"," ","0.00","1.06","499","1.08","10","35.04",
="032442","FBNQ2X元大54購01","16,000","7","31,430","1.99","1.99","1.95","1.95","X","0.00","1.94","250","1.95","100","144.85",
="032443","SP黃豆元大53購01","3,000","1","3,840","1.28","1.28","1.28","1.28","-","0.01","1.27","250","1.28","100","20.50",
="032444","南亞元大53購03","123,000","7","296,160","2.44","2.48","2.35","2.36","-","0.57","2.26","300","2.28","10","43.00",
="032445","南亞元大54購04","139,000","6","274,130","1.99","2.03","1.93","1.93","-","0.43","1.85","350","1.87","10","43.00",
="032446","台化元大54購01","0","0","0","--","--","--","--"," ","0.00","1.73","400","1.76","10","29.90",
="032447","台玻元大53購01","110,000","13","365,400","3.33","3.48","3.15","3.48","+","0.01","3.39","25","3.46","10","34.55",
="032448","台玻元大54購04","171,000","20","513,900","2.99","3.16","2.84","3.12","-","0.04","3.09","5","3.12","10","34.55",
="032449","中鋼元大53購01","435,000","4","421,950","0.97","0.97","0.97","0.97","-","0.06","0.96","499","0.98","10","20.15",
="03244U","鴻海永豐4B售11","0","0","0","--","--","--","--"," ","0.00","0.02","10","0.03","10","0.00",
="032450","中鴻元大53購01","152,000","5","126,800","0.84","0.86","0.82","0.86","-","0.03","0.85","25","0.86","10","16.15",
="032453","高力凱基51購01","182,000","6","27,300","0.15","0.15","0.15","0.15","-","0.01","0.15","10","0.22","20","380.00",
="032454","高力凱基51購02","66,000","7","15,530","0.21","0.25","0.21","0.24","-","0.13","0.25","20","0.39","19","380.00",
="032455","楠梓電元大54購02","70,000","10","303,880","4.28","4.60","4.10","4.60","+","0.36","4.66","25","--","0","109.50",
="032456","鴻海元大54購15","20,000","1","18,400","0.92","0.92","0.92","0.92","-","0.06","0.90","499","0.92","10","206.00",
="032457","台積電元大53購05","0","0","0","--","--","--","--"," ","0.00","0.05","62","--","0","1,160.00",
="032458","台積電元大54購23","0","0","0","--","--","--","--"," ","0.00","0.04","32","--","0","1,160.00",
="032459","矽統元大53購01","159,000","5","215,580","1.34","1.38","1.30","1.38","-","0.01","1.35","499","1.36","10","55.10",
="03245U","世芯永豐4B售11","0","0","0","--","--","--","--"," ","0.00","0.40","10","0.41","10","0.00",
="032461","金像電元大53購04","526,000","25","1,072,070","1.99","2.14","1.93","2.14","+","0.17","2.14","400","2.15","10","486.00",
="032462","毅嘉元大54購01","279,000","21","423,420","1.51","1.55","1.48","1.52","+","0.03","1.49","499","1.50","10","60.80",
="032463","建準元大54購04","577,000","10","478,200","0.82","0.84","0.81","0.82"," ","0.00","0.82","25","0.85","10","137.00",
="032464","京元電元大53購02","435,000","12","352,150","0.73","0.85","0.73","0.81","+","0.06","0.78","499","0.81","10","142.00",
="032465","京元電元大54購06","2,000","1","1,660","0.83","0.83","0.83","0.83","X","0.00","0.79","499","0.82","10","142.00",
="032466","聯發科元大54購09","2,000","1","2,520","1.26","1.26","1.26","1.26","X","0.00","0.06","7","--","0","1,385.00",
="032467","盟立元大53購01","166,000","7","369,280","2.15","2.28","2.15","2.27","+","0.14","2.16","350","2.18","10","70.00",
="032468","宏達電元大54購03","40,000","3","150,040","3.75","3.81","3.74","3.81","+","0.47","3.80","200","--","0","66.50",
="032469","奇鋐元大54購15","1,563,000","32","622,200","0.43","0.43","0.37","0.41","-","0.05","0.40","50","0.41","9","1,015.00",
="03246U","昇陽半永豐51售01","5,000","1","2,700","0.54","0.54","0.54","0.54","X","0.00","0.49","10","0.50","10","0.00",
="032470","德律元大54購02","8,000","1","14,320","1.79","1.79","1.79","1.79","-","0.21","1.67","400","1.69","10","206.00",
="032471","華晶科元大53購01","7,000","3","30,770","4.61","4.61","4.36","4.36","-","0.32","4.32","150","4.36","9","50.30",
="032472","華晶科元大53購02","0","0","0","--","--","--","--"," ","0.00","2.48","250","--","0","50.30",
="032473","創意元大53購03","31,000","3","35,210","1.13","1.15","1.13","1.15","+","0.08","0.42","23","--","0","1,350.00",
="032474","創意元大54購03","116,000","15","122,120","1.02","1.09","1.02","1.08","+","0.08","0.35","57","--","0","1,350.00",
="032475","智易元大53購01","70,000","3","84,900","1.24","1.24","1.05","1.05","-","0.29","1.01","25","1.02","10","236.00",
="032476","祥碩元大54購03","195,000","8","121,090","0.65","0.65","0.61","0.62","-","0.02","0.61","25","0.62","10","1,665.00",
="032477","佳必琪元大53購01","490,000","21","482,300","1.00","1.04","0.93","0.94"," ","0.00","0.91","499","0.94","10","178.50",
="032478","佳必琪元大53購02","238,000","9","260,410","1.04","1.12","1.04","1.10","+","0.05","1.02","499","1.05","10","178.50",
="032479","啟碁元大53購02","0","0","0","--","--","--","--"," ","0.00","0.69","499","0.71","10","127.00",
="03247U","勤誠永豐4B售01","0","0","0","--","--","--","--"," ","0.00","0.01","10","0.07","560","0.00",
="032480","啟碁元大53購03","61,000","2","44,740","0.74","0.74","0.73","0.73","-","0.05","0.72","20","0.73","10","127.00",
="032481","矽力元大53購01","79,000","2","131,050","1.66","1.66","1.65","1.65","-","0.10","1.62","400","1.65","10","317.00",
="032482","矽力元大53購02","48,000","4","87,340","1.82","1.83","1.80","1.80","-","0.04","1.76","400","1.79","10","317.00",
="032483","保瑞元大53購02","44,000","4","61,800","1.41","1.41","1.40","1.40","-","0.08","1.41","499","1.43","10","733.00",
="032484","保瑞元大53購03","0","0","0","--","--","--","--"," ","0.00","0.49","499","0.50","10","733.00",
="032485","緯穎元大54購12","910,000","23","482,180","0.54","0.55","0.52","0.52","-","0.01","0.51","25","0.52","5","2,975.00",
="032486","洋基元大53購03","443,000","16","468,220","1.12","1.12","0.97","0.98","-","0.16","0.93","499","0.94","10","476.00",
="032487","龍德船元大53購01","52,000","14","181,580","3.33","3.67","3.33","3.47","-","0.07","3.33","200","3.40","10","146.00",
="032488","富世達元大54購08","826,000","22","862,110","1.09","1.09","0.99","1.07","-","0.03","0.99","5","--","0","1,145.00",
="032489","菱光元大53購01","5,000","1","10,300","2.06","2.06","2.06","2.06","X","0.00","2.06","350","2.09","10","61.50",
="03248U","士電凱基4B售04","20,000","1","13,800","0.69","0.69","0.69","0.69","-","0.16","0.75","100","0.76","10","0.00",
="032490","和碩中信52購01","0","0","0","--","--","--","--"," ","0.00","0.95","499","0.97","10","0.00",
="032491","華通永豐53購02","21,000","2","23,030","1.08","1.13","1.08","1.13","+","0.16","1.04","499","1.05","10","79.30",
="032492","鴻海永豐52購09","0","0","0","--","--","--","--"," ","0.00","1.09","499","1.11","10","206.00",
="032493","鴻海永豐54購03","0","0","0","--","--","--","--"," ","0.00","1.72","499","1.74","10","206.00",
="032494","燿華永豐53購01","222,000","4","238,010","1.08","1.13","1.07","1.07"," ","0.00","1.05","10","1.08","10","31.45",
="032495","強茂永豐53購01","247,000","16","361,450","1.39","1.53","1.35","1.53","+","0.12","1.51","10","1.53","10","65.40",
="032496","宏達電永豐53購03","9,000","4","29,300","3.32","3.32","3.14","3.14","+","0.22","1.44","6","4.48","1","66.50",
="032497","亞光永豐53購04","15,000","1","13,950","0.93","0.93","0.93","0.93","X","0.00","0.92","499","0.98","10","164.00",
="032498","世芯永豐52購10","14,000","3","20,920","1.51","1.51","1.44","1.44","+","0.05","1.34","499","1.35","10","4,000.00",
="032499","世芯永豐54購05","0","0","0","--","--","--","--"," ","0.00","1.50","499","1.51","10","4,000.00",
="03249U","致茂凱基4B售01","15,000","2","1,350","0.09","0.09","0.09","0.09"," ","0.00","0.08","110","0.09","30","0.00",
="032500","亞翔永豐54購02","0","0","0","--","--","--","--"," ","0.00","1.47","499","1.48","10","349.50",
="032501","穎崴永豐53購03","123,000","5","130,310","1.05","1.10","1.05","1.06","+","0.07","0.55","18","--","0","1,250.00",
="032502","富世達永豐53購06","0","0","0","--","--","--","--"," ","0.00","0.77","499","0.80","10","1,145.00",
="032503","南亞國泰53購03","51,000","5","126,500","2.71","2.71","2.42","2.42","-","0.50","2.41","499","2.42","100","43.00",
="032504","華通國泰53購02","382,000","30","616,400","1.44","1.74","1.44","1.50","+","0.09","1.51","499","1.52","100","79.30",
="032505","智邦國泰53購05","48,000","2","48,280","1.01","1.01","1.00","1.00","-","0.04","1.02","499","1.03","100","984.00",
="032506","京鼎國泰53購01","103,000","4","137,300","1.33","1.36","1.32","1.36","+","0.09","1.32","499","1.35","100","290.00",
="032507","鈺邦國泰53購02","0","0","0","--","--","--","--"," ","0.00","3.86","10","3.92","10","178.00",
="032508","緯穎國泰53購03","26,000","2","29,420","1.14","1.14","1.13","1.13","-","0.01","1.11","499","1.12","100","2,975.00",
="032509","緯穎國泰53購04","0","0","0","--","--","--","--"," ","0.00","0.96","499","0.97","100","2,975.00",
="03250U","志聖凱基4C售01","241,000","10","55,070","0.25","0.26","0.19","0.26","-","0.02","0.26","100","0.27","30","0.00",
="032510","洋基國泰53購01","132,000","3","277,970","2.42","2.42","2.09","2.09","-","0.37","2.05","499","2.07","100","476.00",
="032511","世芯元富58購03","76,000","3","90,240","1.20","1.20","1.16","1.16","+","0.02","1.12","25","1.13","25","4,000.00",
="032512","佳必琪元富52購03","24,000","1","38,400","1.60","1.60","1.60","1.60","+","0.05","1.53","25","1.55","25","178.50",
="032513","富世達元富52購02","0","0","0","--","--","--","--"," ","0.00","1.44","25","1.49","25","1,145.00",
="032514","漢唐第一55購01","118,000","13","1,143,150","10.00","10.00","9.30","9.70","-","0.80","9.85","10","10.50","10","0.00",
="032515","堤維西凱基53購01","29,000","4","36,590","1.23","1.31","1.23","1.29","+","0.10","1.27","10","1.28","10","42.05",
="032516","台玻凱基55購01","20,000","2","49,400","2.48","2.48","2.46","2.46","+","0.01","2.41","499","2.51","10","34.55",
="032517","宇隆凱基53購02","33,000","8","86,860","2.70","2.70","2.48","2.48","-","0.12","2.37","100","2.47","10","262.00",
="032518","華通凱基55購01","114,000","14","131,290","1.26","1.28","1.06","1.06","+","0.08","1.05","100","1.06","10","79.30",
="032519","鴻海凱基53購11","4,000","2","4,440","1.10","1.12","1.10","1.12","-","0.06","1.11","100","1.12","10","206.00",
="03251U","中信金凱基4C售01","0","0","0","--","--","--","--"," ","0.00","0.82","10","0.83","10","0.00",
="032520","鴻海凱基55購04","9,000","3","12,280","1.37","1.37","1.36","1.36","-","0.10","1.37","100","1.38","10","206.00",
="032521","毅嘉凱基53購02","19,000","2","66,880","3.44","3.63","3.44","3.63","+","0.03","3.53","10","3.55","10","60.80",
="032522","漢唐凱基54購02","50,000","6","66,450","1.36","1.36","1.25","1.36","-","0.03","1.36","10","1.38","10","1,190.00",
="032523","亞光凱基53購04","100,000","1","152,000","1.52","1.52","1.52","1.52","X","0.00","1.49","100","1.51","10","164.00",
="032524","德律凱基54購02","0","0","0","--","--","--","--"," ","0.00","1.62","100","1.63","10","206.00",
="032525","欣興凱基58購01","80,000","3","188,700","2.25","2.42","2.25","2.42","+","0.04","2.36","100","2.39","10","150.00",
="032526","華晶科凱基53購02","2,000","1","3,800","1.90","1.90","1.90","1.90","-","0.21","1.93","100","--","0","50.30",
="032527","新日興凱基53購04","130,000","11","300,510","1.99","2.78","1.95","2.55","+","0.62","2.51","10","2.61","10","259.00",
="032528","創意凱基54購01","152,000","7","229,280","1.44","1.54","1.44","1.50","+","0.09","1.46","100","1.47","10","1,350.00",
="032529","世芯凱基54購08","0","0","0","--","--","--","--"," ","0.00","0.71","100","0.72","30","4,000.00",
="03252U","台積電元大4B售34","227,000","6","128,820","0.55","0.59","0.55","0.59","+","0.05","0.55","80","--","0","0.00",
="032530","臻鼎凱基53購05","220,000","23","632,450","2.84","2.96","2.71","2.82"," ","0.00","2.84","36","2.87","10","194.00",
="032531","達興凱基53購03","16,000","8","71,520","4.65","5.05","4.32","5.05","+","0.76","4.71","100","4.72","10","387.00",
="032532","祥碩凱基53購01","117,000","5","111,100","0.93","0.99","0.92","0.95","-","0.03","0.93","100","1.03","10","1,665.00",
="032533","精成科凱基53購02","9,000","1","15,660","1.74","1.74","1.74","1.74","+","0.36","0.34","29","2.20","1","131.00",
="032534","啟碁凱基53購01","10,000","4","11,490","1.18","1.18","1.13","1.13","-","0.08","1.09","100","1.11","10","127.00",
="032535","矽力凱基53購02","52,000","4","106,580","2.05","2.06","2.03","2.05","-","0.02","1.99","10","2.09","10","317.00",
="032536","穎崴凱基53購03","132,000","4","163,220","1.16","1.26","1.16","1.26","+","0.20","1.25","50","1.31","10","1,250.00",
="032537","洋基凱基53購03","33,000","3","66,800","2.01","2.03","1.98","2.03","-","0.22","1.89","10","1.99","10","476.00",
="032538","龍德船凱基53購01","173,000","19","489,360","2.73","2.96","2.70","2.73","-","0.05","2.73","10","2.76","10","146.00",
="032539","富世達凱基54購05","1,000","1","1,560","1.56","1.56","1.56","1.56","-","0.06","1.56","99","1.61","10","1,145.00",
="03253U","台光電元大4B售15","0","0","0","--","--","--","--"," ","0.00","0.12","499","0.13","205","0.00",
="032540","昇陽半凱基53購01","96,000","7","172,760","1.74","1.82","1.73","1.81","+","0.11","1.75","100","1.76","10","152.50",
="032541","臺股指凱基53購18","1,000","1","1,840","1.84","1.84","1.84","1.84","X","0.00","1.82","100","1.83","10","0.00",
="032542","臺股指凱基5A購02","20,000","20","32,110","1.63","1.68","1.53","1.57","-","0.17","1.56","10","1.57","9","0.00",
="032543","華通兆豐53購02","74,000","3","104,820","1.33","1.49","1.33","1.49","+","0.26","1.32","10","1.33","10","79.30",
="032544","亞光富邦53購03","439,000","20","334,960","0.70","0.79","0.70","0.70"," ","0.00","0.69","10","0.70","10","0.00",
="032545","健鼎富邦52購01","415,000","16","261,600","0.64","0.66","0.61","0.61","-","0.09","0.62","30","0.63","10","0.00",
="032546","帆宣富邦52購02","488,000","20","600,550","1.22","1.25","1.21","1.21","+","0.01","1.22","30","1.23","10","0.00",
="032547","富世達富邦54購02","64,000","8","82,720","1.32","1.32","1.22","1.32"," ","0.00","1.29","10","1.31","10","0.00",
="032548","富世達富邦55購03","0","0","0","--","--","--","--"," ","0.00","1.18","10","1.21","10","0.00",
="032549","昇陽半富邦53購02","380,000","17","315,160","0.79","0.84","0.79","0.82","+","0.04","0.81","10","0.82","10","0.00",
="03254U","臺股指元大4B售42","0","0","0","--","--","--","--"," ","0.00","0.13","100","0.14","10","0.00",
="032550","南電富邦52購03","16,000","3","32,550","2.01","2.08","2.01","2.08","+","0.19","2.53","30","--","0","0.00",
="032551","世紀鋼富邦52購02","385,000","15","281,890","0.75","0.75","0.72","0.72","-","0.06","0.71","10","0.72","10","0.00",
="032552","華通台新52購01","1,000","1","8,550","8.55","8.55","8.55","8.55","+","1.10","7.55","10","7.65","10","0.00",
="032553","德律台新52購01","11,000","1","19,800","1.80","1.80","1.80","1.80","-","0.21","1.72","10","1.74","10","0.00",
="032554","緯穎台新52購01","0","0","0","--","--","--","--"," ","0.00","1.12","20","1.13","10","0.00",
="032555","道瓊銅國票58購01","0","0","0","--","--","--","--"," ","0.00","1.31","25","1.32","10","24.91",
="032556","南亞國票53購07","0","0","0","--","--","--","--"," ","0.00","2.24","25","2.25","10","43.00",
="032557","和大國票53購02","0","0","0","--","--","--","--"," ","0.00","4.04","6","--","0","72.90",
="032558","台玻國票53購05","0","0","0","--","--","--","--"," ","0.00","3.58","1","--","0","34.55",
="032559","允強國票53購01","4,000","1","4,080","1.02","1.02","1.02","1.02","X","0.00","1.03","25","1.04","10","20.90",
="03255U","臺股指元大4B售43","30,000","1","8,700","0.29","0.29","0.29","0.29","X","0.00","0.28","110","0.29","10","0.00",
="032560","川湖國票53購04","0","0","0","--","--","--","--"," ","0.00","1.44","25","1.45","10","2,925.00",
="032561","為升國票53購01","4,000","2","9,040","2.28","2.28","2.24","2.24","+","0.03","2.58","25","2.63","10","102.00",
="032562","華通國票53購02","5,000","2","7,100","1.44","1.44","1.39","1.39","+","0.10","1.40","25","1.41","10","79.30",
="032563","楠梓電國票54購01","107,000","27","291,660","2.60","3.33","2.54","2.89","+","0.32","2.89","25","2.99","10","109.50",
="032564","鴻海國票59購02","10,000","1","21,100","2.11","2.11","2.11","2.11","-","0.13","2.15","25","2.18","10","206.00",
="032565","光罩國票53購01","104,000","11","181,300","1.76","1.82","1.70","1.72","-","0.23","1.71","25","1.72","10","41.45",
="032566","智邦國票5A購01","60,000","1","66,000","1.10","1.10","1.10","1.10","-","0.02","1.11","25","1.12","10","984.00",
="032567","台光電國票56購01","0","0","0","--","--","--","--"," ","0.00","1.35","25","1.36","10","1,250.00",
="032568","漢唐國票5A購01","28,000","2","42,820","1.53","1.53","1.51","1.51","-","0.10","1.53","25","1.54","10","1,190.00",
="032569","聯發科國票52購02","0","0","0","--","--","--","--"," ","0.00","1.14","25","1.17","10","1,385.00",
="03256U","臺股指元大4B售44","0","0","0","--","--","--","--"," ","0.00","0.34","100","0.35","10","0.00",
="032570","聯發科國票55購01","51,000","3","47,980","0.94","0.98","0.94","0.98","+","0.01","0.93","25","0.96","10","1,385.00",
="032571","志聖國票54購01","257,000","17","760,760","3.09","3.46","2.90","2.90","+","0.01","2.86","25","2.88","10","201.50",
="032572","新興國票53購01","6,000","3","7,440","1.22","1.27","1.22","1.23","X","0.00","1.18","25","1.19","10","23.65",
="032573","神基國票58購01","90,000","7","232,290","2.44","2.61","2.44","2.61","+","0.54","2.42","25","2.44","10","157.00",
="032574","德律國票54購01","2,000","1","5,300","2.65","2.65","2.65","2.65","-","0.24","2.65","25","2.66","10","206.00",
="032575","健策國票58購01","1,000","1","3,430","3.43","3.43","3.43","3.43","X","0.00","3.46","25","3.52","10","1,905.00",
="032576","樺漢國票53購01","28,000","3","59,990","2.14","2.15","2.14","2.15","X","0.00","2.08","25","2.09","10","326.00",
="032577","訊芯國票53購03","0","0","0","--","--","--","--"," ","0.00","1.12","25","1.14","10","165.00",
="032578","晶心科國票53購02","28,000","4","42,240","1.56","1.56","1.43","1.43","-","0.12","1.48","25","1.49","10","283.00",
="032579","晶心科國票5B購01","0","0","0","--","--","--","--"," ","0.00","1.82","25","1.83","10","283.00",
="03257U","T50正2中信54售02","0","0","0","--","--","--","--"," ","0.00","0.59","499","0.60","100","0.00",
="032580","緯穎國票53購02","0","0","0","--","--","--","--"," ","0.00","1.15","25","1.16","10","2,975.00",
="032581","洋基國票53購03","0","0","0","--","--","--","--"," ","0.00","2.38","25","2.40","10","476.00",
="032582","富世達國票58購01","0","0","0","--","--","--","--"," ","0.00","1.33","25","1.35","10","1,145.00",
="032583","致新國票53購01","0","0","0","--","--","--","--"," ","0.00","0.97","25","0.99","10","233.00",
="032584","電子類國票53購04","7,000","4","12,530","1.81","1.81","1.78","1.78","X","0.00","1.77","499","1.78","497","0.00",
="032585","金融類國票53購01","1,000","1","1,110","1.11","1.11","1.11","1.11","X","0.00","1.11","499","1.12","499","0.00",
="032586","元上證元大53購01","0","0","0","--","--","--","--"," ","0.00","2.02","250","2.03","100","33.51",
="032587","T50反1元大53購05","0","0","0","--","--","--","--"," ","0.00","0.17","100","0.18","10","19.79",
="032588","T50反1元大54購04","0","0","0","--","--","--","--"," ","0.00","0.28","499","0.29","10","19.79",
="032589","T50反1元大56購02","6,000","2","7,370","1.23","1.23","1.22","1.22","+","0.01","1.25","100","1.26","10","19.79",
="03258U","精成科永豐51售02","300,000","3","48,000","0.16","0.16","0.16","0.16","-","0.11","0.14","5","0.15","10","0.00",
="032590","T50反1元大5B購02","0","0","0","--","--","--","--"," ","0.00","0.56","499","0.57","10","19.79",
="032591","T50反1元大5C購01","0","0","0","--","--","--","--"," ","0.00","0.59","499","0.60","10","19.79",
="032592","A50元大53購01","8,000","4","12,870","1.59","1.69","1.59","1.69","-","0.13","1.59","250","1.60","100","24.50",
="032593","深中小元大53購01","251,000","4","418,350","1.62","1.68","1.61","1.61","-","0.25","1.59","250","1.60","100","14.81",
="032594","A50正2元大54購02","0","0","0","--","--","--","--"," ","0.00","2.94","499","2.95","100","31.56",
="032595","台塑元大54購05","0","0","0","--","--","--","--"," ","0.00","2.10","300","2.12","10","39.10",
="032596","華城元大54購12","52,000","3","55,840","1.09","1.09","1.07","1.07","+","0.02","1.02","499","1.04","10","618.00",
="032597","大亞元大53購01","212,000","19","696,310","3.13","3.45","3.11","3.34","+","0.16","3.17","250","3.20","10","43.00",
="032598","大成鋼元大54購04","10,000","1","19,700","1.97","1.97","1.97","1.97","X","0.00","1.82","350","1.84","10","38.60",
="032599","川湖元大53購02","174,000","3","86,900","0.50","0.50","0.49","0.49","X","0.00","0.49","5","0.50","10","2,925.00",
="03259U","台積電群益4C售11","0","0","0","--","--","--","--"," ","0.00","--","0","--","0","0.00",
="032600","光寶科元大54購05","705,000","12","526,220","0.76","0.76","0.72","0.74","+","0.02","0.73","10","0.75","10","130.00",
="032601","華通元大53購03","155,000","15","262,290","1.62","2.00","1.62","1.64","+","0.12","1.61","499","1.64","10","79.30",
="032602","鴻海元大54購16","1,000","1","870","0.87","0.87","0.87","0.87","X","0.00","0.90","499","0.91","10","206.00",
="032603","台積電元大54購24","0","0","0","--","--","--","--"," ","0.00","0.10","100","--","0","1,160.00",
="032604","智邦元大54購08","10,000","1","5,200","0.52","0.52","0.52","0.52","+","0.01","0.50","499","0.51","10","984.00",
="032605","所羅門元大53購02","622,000","19","805,050","1.23","1.39","1.18","1.18","-","0.15","1.16","499","1.18","10","162.00",
="032606","燿華元大53購01","98,000","9","189,240","1.91","2.03","1.85","1.91","+","0.19","1.92","400","1.95","10","31.45",
="032607","金像電元大54購05","368,000","16","673,890","1.82","1.97","1.78","1.97","-","0.04","1.97","400","1.98","10","486.00",
="032608","台光電元大54購13","0","0","0","--","--","--","--"," ","0.00","0.08","125","--","0","1,250.00",
="032609","毅嘉元大53購03","129,000","12","327,150","2.56","2.65","2.44","2.61","+","0.06","2.53","300","2.55","10","60.80",
="03260U","金像電群益52售02","0","0","0","--","--","--","--"," ","0.00","0.02","30","0.11","10","0.00",
="032610","建準元大54購05","615,000","17","498,250","0.81","0.83","0.77","0.82","+","0.01","0.82","10","--","0","137.00",
="032612","京元電元大53購03","951,000","21","744,110","0.77","0.88","0.75","0.83","+","0.06","0.81","499","0.83","22","142.00",
="032613","台光電統一49購01","0","0","0","--","--","--","--"," ","0.00","4.60","10","4.69","10","1,250.00",
="032614","京元電元大54購07","0","0","0","--","--","--","--"," ","0.00","0.69","499","0.72","10","142.00",
="032615","志聖元大53購01","109,000","24","218,600","1.93","2.45","1.80","1.80","+","0.04","1.77","400","1.87","10","201.50",
="032616","鉅祥元大53購01","484,000","33","1,299,310","2.51","2.98","2.51","2.85","+","0.29","2.81","300","2.84","10","98.10",
="032617","冠德統一51購01","0","0","0","--","--","--","--"," ","0.00","0.03","10","0.04","10","36.30",
="032618","大立光元大54購05","328,000","4","381,840","1.18","1.18","1.15","1.17","-","0.03","1.16","499","1.17","10","2,395.00",
="03261U","聯發科群益4C售05","0","0","0","--","--","--","--"," ","0.00","--","0","--","0","0.00",
="032620","亞光元大53購02","415,000","7","355,050","0.83","0.88","0.83","0.88","+","0.02","0.81","25","0.83","10","164.00",
="032621","碩天統一49購01","0","0","0","--","--","--","--"," ","0.00","--","0","0.10","5","225.50",
="032622","材料統一4B購01","10,000","1","400","0.04","0.04","0.04","0.04","-","0.06","0.04","110","0.09","142","67.70",
="032623","亞光元大54購06","714,000","3","449,980","0.67","0.67","0.63","0.63","-","0.03","0.62","25","0.64","10","164.00",
="032624","遠雄港統一49購01","0","0","0","--","--","--","--"," ","0.00","--","0","0.21","2","50.20",
="032625","欣興元大54購12","73,000","14","137,860","1.86","1.99","1.79","1.99","+","0.01","1.90","400","1.93","10","150.00",
="032626","華晶科元大54購01","0","0","0","--","--","--","--"," ","0.00","0.85","502","--","0","50.30",
="032627","景碩元大54購05","183,000","5","309,360","1.57","1.84","1.57","1.60","-","0.11","1.60","447","1.65","10","113.50",
="032628","創意元大54購04","22,000","3","27,090","1.14","1.26","1.14","1.26","+","0.11","0.99","30","--","0","1,350.00",
="032629","宏致元大53購01","40,000","4","51,050","1.32","1.38","1.21","1.21","-","0.14","1.23","499","1.24","10","73.90",
="03262U","晟銘電群益4C售01","0","0","0","--","--","--","--"," ","0.00","0.28","100","0.29","100","0.00",
="032630","世芯元大54購15","100,000","6","56,800","0.58","0.58","0.55","0.55"," ","0.00","0.55","499","0.56","10","4,000.00",
="032631","貿聯元大54購09","154,000","5","90,230","0.59","0.59","0.57","0.58","+","0.11","0.56","499","0.58","10","981.00",
="032632","潤泰新統一49購01","0","0","0","--","--","--","--"," ","0.00","--","0","0.01","10","29.60",
="032633","TPK元大53購01","78,000","9","194,450","2.41","2.72","2.41","2.68","+","0.29","2.56","300","2.58","10","41.20",
="032635","世紀鋼統一49購02","0","0","0","--","--","--","--"," ","0.00","--","0","0.01","60","188.00",
="032636","神達元大54購06","178,000","11","286,960","1.59","1.66","1.59","1.66","+","0.24","1.64","499","1.66","10","95.90",
="032637","臻鼎元大54購01","182,000","26","400,790","2.15","2.27","2.13","2.19","+","0.05","2.18","350","2.21","10","194.00",
="032638","達興元大53購04","26,000","8","132,860","5.15","5.60","4.96","5.45","+","1.56","5.20","150","5.30","10","387.00",
="032639","瀚宇博元大53購01","15,000","2","42,940","3.06","3.06","2.69","2.69","+","0.01","2.66","250","2.68","10","81.70",
="03263U","中興電凱基51售02","0","0","0","--","--","--","--"," ","0.00","0.55","499","0.56","40","0.00",
="032640","亞翔元大54購06","0","0","0","--","--","--","--"," ","0.00","3.12","200","3.13","10","349.50",
="032641","精成科元大54購06","331,000","8","336,480","1.00","1.05","1.00","1.05","+","0.31","1.07","125","--","0","131.00",
="032642","佳必琪元大53購03","0","0","0","--","--","--","--"," ","0.00","0.94","499","0.97","10","178.50",
="032643","矽力元大53購03","1,000","1","1,290","1.29","1.29","1.29","1.29","-","0.11","1.24","499","1.26","10","317.00",
="032644","鈺邦元大53購01","36,000","8","95,570","4.22","4.22","2.48","2.48","-","0.45","2.41","250","2.44","10","178.00",
="032645","緯穎元大54購13","105,000","3","131,050","1.26","1.26","1.21","1.21","-","0.03","1.19","25","1.20","10","2,975.00",
="032646","洋基元大53購04","5,000","1","4,600","0.92","0.92","0.92","0.92","-","0.23","0.88","499","0.89","10","476.00",
="032647","AES元大54購06","48,000","1","65,760","1.37","1.37","1.37","1.37","+","0.05","1.39","499","1.42","10","1,350.00",
="032648","富世達元大54購09","28,000","3","34,920","1.19","1.27","1.19","1.27","-","0.03","0.20","100","--","0","1,145.00",
="032649","昇陽半元大54購03","30,000","3","36,000","1.16","1.24","1.16","1.24","+","0.01","1.20","504","1.22","10","152.50",
="03264U","可成凱基4C售01","0","0","0","--","--","--","--"," ","0.00","1.30","10","1.32","10","0.00",
="032650","南電元大54購03","40,000","4","148,540","3.73","3.73","3.43","3.73","X","0.00","4.11","5","--","0","226.00",
="032651","台玻群益52購04","0","0","0","--","--","--","--"," ","0.00","1.93","10","2.03","10","34.55",
="032652","華通群益54購01","5,000","1","5,750","1.15","1.15","1.15","1.15","X","0.00","0.99","10","1.09","10","79.30",
="032653","楠梓電群益53購01","1,676,000","170","5,059,640","2.82","3.53","2.65","3.10","+","0.28","3.10","5","3.25","1","109.50",
="032654","台積電群益52購09","0","0","0","--","--","--","--"," ","0.00","0.17","58","--","0","1,160.00",
="032655","燿華群益52購02","433,000","17","579,130","1.32","1.39","1.30","1.33","+","0.03","1.32","100","1.34","100","31.45",
="032656","技嘉群益54購02","53,000","2","69,430","1.31","1.31","1.31","1.31","-","0.02","0.49","102","--","0","281.00",
="032657","台光電群益56購01","127,000","8","108,420","0.86","0.87","0.81","0.87","-","0.04","0.78","10","--","0","1,250.00",
="032658","毅嘉群益52購02","72,000","8","116,880","1.58","1.71","1.56","1.71","+","0.03","0.61","16","--","0","60.80",
="032659","聯發科群益54購06","0","0","0","--","--","--","--"," ","0.00","--","0","--","0","1,385.00",
="03265U","陽明凱基4C售06","0","0","0","--","--","--","--"," ","0.00","2.30","10","2.31","10","0.00",
="032660","強茂群益52購01","39,000","6","134,230","3.35","3.60","3.35","3.60","+","0.26","3.58","25","3.62","10","65.40",
="032661","強茂群益53購01","43,000","14","159,550","3.61","3.89","3.61","3.89","+","0.22","3.87","25","3.91","10","65.40",
="032662","亞光群益52購03","106,000","17","227,190","1.98","2.22","1.98","2.00","+","0.03","1.91","1","--","0","164.00",
="032663","德律群益54購01","105,000","5","171,150","1.64","1.67","1.61","1.61","-","0.35","1.62","10","1.72","10","206.00",
="032664","緯創群益52購03","39,000","2","35,380","0.87","0.92","0.87","0.92","-","0.01","0.29","34","--","0","115.00",
="032667","新日興群益52購01","150,000","7","247,080","1.50","1.93","1.50","1.93","+","0.40","0.57","17","--","0","259.00",
="032668","聯鈞群益52購03","58,000","7","77,890","1.36","1.36","1.29","1.29","-","0.14","0.54","18","--","0","202.00",
="032669","世芯群益52購11","71,000","2","72,520","1.12","1.12","1.02","1.02","-","0.05","1.00","10","1.10","10","4,000.00",
="03266U","晟銘電凱基4C售02","0","0","0","--","--","--","--"," ","0.00","0.23","100","0.33","10","0.00",
="032670","聯茂群益58購01","0","0","0","--","--","--","--"," ","0.00","1.00","14","--","0","125.00",
="032671","保瑞群益52購03","0","0","0","--","--","--","--"," ","0.00","0.95","100","0.96","100","733.00",
="032672","穎崴群益54購03","130,000","2","98,300","0.75","0.76","0.75","0.76","+","0.10","0.18","18","--","0","1,250.00",
="032673","緯穎群益54購09","2,000","1","1,440","0.72","0.72","0.72","0.72","X","0.00","0.68","10","0.78","10","2,975.00",
="032674","洋基第一54購01","23,000","4","66,520","2.92","2.92","2.62","2.62","-","0.36","2.56","10","2.57","10","0.00",
="032675","台達電國泰53購04","189,000","6","460,690","2.50","2.52","2.36","2.43","-","0.20","2.46","10","2.48","10","709.00",
="032676","華通國泰53購03","264,000","13","343,400","1.19","1.44","1.19","1.25","+","0.07","1.25","499","1.26","100","79.30",
="032677","鴻海國泰53購02","0","0","0","--","--","--","--"," ","0.00","1.38","499","1.41","499","206.00",
="032678","鴻海國泰53購03","150,000","3","307,500","2.05","2.05","2.05","2.05","-","0.13","2.05","499","2.07","499","206.00",
="032679","燿華國泰53購02","0","0","0","--","--","--","--"," ","0.00","1.44","499","--","0","31.45",
="03267U","亞光凱基52售01","50,000","10","22,650","0.45","0.47","0.42","0.47","+","0.01","0.47","100","0.48","30","0.00",
="032681","毅嘉國泰53購02","183,000","7","334,440","1.77","1.88","1.77","1.83","+","0.03","1.80","499","1.81","100","60.80",
="032682","強茂國泰53購01","76,000","9","259,490","3.29","3.62","3.23","3.62","+","0.25","3.62","499","3.64","100","65.40",
="032683","亞光國泰53購04","0","0","0","--","--","--","--"," ","0.00","1.54","499","1.56","100","164.00",
="032684","迅得國泰53購01","0","0","0","--","--","--","--"," ","0.00","1.90","499","1.95","10","193.50",
="032685","鴻海中信58購02","0","0","0","--","--","--","--"," ","0.00","0.77","499","0.79","10","0.00",
="032686","台積電中信58購01","5,000","1","9,800","1.96","1.96","1.96","1.96","X","0.00","1.93","499","1.96","5","0.00",
="032687","台光電中信52購03","73,000","11","52,690","0.75","0.75","0.69","0.70","-","0.05","0.68","1","0.69","10","0.00",
="032688","毅嘉中信53購01","12,000","2","16,000","1.34","1.34","1.33","1.33","-","0.16","1.32","499","1.34","10","0.00",
="032689","貿聯中信52購01","0","0","0","--","--","--","--"," ","0.00","0.55","499","0.56","10","0.00",
="03268U","精成科凱基4C售03","0","0","0","--","--","--","--"," ","0.00","0.02","200","0.12","50","0.00",
="032690","神達中信57購01","193,000","15","199,840","0.98","1.09","0.98","1.03","+","0.18","1.03","499","1.04","10","0.00",
="032691","智伸科中信52購01","498,000","15","258,940","0.47","0.60","0.47","0.58","+","0.07","0.58","10","0.59","10","0.00",
="032692","聯茂中信53購01","158,000","13","218,380","1.39","1.45","1.36","1.39","-","0.04","1.37","11","1.38","10","0.00",
="032693","穎崴中信58購01","815,000","23","548,080","0.78","0.78","0.62","0.74","+","0.03","0.71","10","0.72","10","0.00",
="032694","宇隆永豐53購01","0","0","0","--","--","--","--"," ","0.00","1.16","499","1.26","10","262.00",
="032695","聯電永豐53購01","0","0","0","--","--","--","--"," ","0.00","1.17","10","1.18","10","40.60",
="032696","金寶永豐52購01","57,000","4","40,450","0.70","0.71","0.70","0.71","+","0.02","0.68","499","0.78","10","19.05",
="032697","精英永豐53購01","65,000","7","55,790","0.85","0.88","0.85","0.88","X","0.00","0.83","499","0.84","10","19.95",
="032698","華邦電永豐53購01","188,000","5","470,770","2.54","2.69","2.49","2.49","-","0.06","2.49","499","2.51","10","19.60",
="032699","華碩永豐53購01","0","0","0","--","--","--","--"," ","0.00","0.96","499","0.97","10","634.00",
="03269U","欣興元富4C售03","20,000","1","2,400","0.12","0.12","0.12","0.12"," ","0.00","0.11","25","0.12","5","0.00",
="032700","燿華永豐52購02","220,000","14","207,460","0.90","0.97","0.86","0.93","+","0.05","0.91","499","0.93","10","31.45",
="032701","台光電永豐54購04","108,000","6","77,240","0.71","0.73","0.69","0.73","-","0.09","0.73","499","0.74","10","1,250.00",
="032702","毅嘉永豐54購01","350,000","16","280,250","0.81","0.83","0.78","0.83","+","0.03","0.80","10","0.81","10","60.80",
="032703","皇昌永豐54購01","59,000","4","55,650","0.87","0.96","0.87","0.93","+","0.13","0.77","499","0.78","10","83.50",
="032704","陽明永豐53購02","17,000","1","103,700","6.10","6.10","6.10","6.10","X","0.00","6.05","499","6.10","10","58.80",
="032705","亞光永豐52購06","126,000","2","105,360","0.86","0.86","0.83","0.83","+","0.04","0.76","499","0.77","10","164.00",
="032707","聯鈞永豐52購03","29,000","2","37,190","1.28","1.29","1.28","1.29","-","0.19","1.28","499","1.29","10","202.00",
="032708","樺漢永豐53購01","366,000","29","600,130","1.62","1.72","1.61","1.65","+","0.09","1.64","499","1.65","10","326.00",
="032709","羅昇永豐55購01","70,000","6","49,100","0.67","0.72","0.67","0.72"," ","0.00","0.70","20","0.71","10","114.50",
="03270U","南亞國票51售01","2,000","1","360","0.18","0.18","0.18","0.18","X","0.00","0.09","10","0.18","48","0.00",
="032710","華新兆豐54購01","2,000","1","1,820","0.91","0.91","0.91","0.91","X","0.00","0.92","10","0.93","10","23.35",
="032711","穎崴兆豐54購02","230,000","9","200,250","0.85","0.93","0.80","0.93","+","0.06","0.89","10","0.90","10","1,250.00",
="032712","元金2X富邦52購02","0","0","0","--","--","--","--"," ","0.00","0.86","10","0.87","10","0.00",
="032713","台塑富邦53購01","0","0","0","--","--","--","--"," ","0.00","1.02","10","1.03","10","0.00",
="032714","華新富邦52購02","982,000","27","841,180","0.81","0.88","0.81","0.83","-","0.03","0.84","30","0.85","10","0.00",
="032715","大亞富邦52購01","533,000","45","664,910","1.18","1.32","1.17","1.24","+","0.04","1.21","10","1.22","10","0.00",
="032716","川湖富邦52購04","347,000","7","255,560","0.73","0.75","0.72","0.73","+","0.05","0.71","10","0.72","10","0.00",
="032717","金像電富邦52購02","771,000","37","776,030","0.97","1.07","0.94","1.07","+","0.07","1.06","10","1.07","10","0.00",
="032718","台光電富邦54購01","349,000","13","479,810","1.45","1.45","1.31","1.38","-","0.14","1.41","10","1.43","10","0.00",
="032719","志聖富邦52購01","163,000","22","323,990","1.88","2.16","1.69","1.69","-","0.01","1.68","10","1.69","10","0.00",
="03271U","華泰國票51售01","0","0","0","--","--","--","--"," ","0.00","0.27","25","0.28","10","0.00",
="032720","聯茂富邦55購01","0","0","0","--","--","--","--"," ","0.00","1.29","10","1.39","10","0.00",
="032721","緯穎富邦54購02","579,000","11","456,910","0.82","0.82","0.77","0.78","-","0.01","0.77","28","0.78","10","0.00",
="032722","臺股指富邦5B購02","0","0","0","--","--","--","--"," ","0.00","4.65","499","4.66","100","0.00",
="032723","香港2X元大54購02","12,000","2","20,710","1.73","1.73","1.68","1.68","X","0.00","1.62","499","1.63","100","16.40",
="032724","台塑元大54購06","0","0","0","--","--","--","--"," ","0.00","1.32","499","1.34","10","39.10",
="032725","南亞元大53購05","35,000","4","39,550","1.18","1.18","1.10","1.10","-","0.20","1.10","499","1.12","10","43.00",
="032726","南亞元大53購06","8,000","3","9,380","1.18","1.18","1.17","1.17","X","0.00","1.12","499","1.13","10","43.00",
="032727","南亞元大54購05","51,000","2","74,470","1.47","1.47","1.46","1.46","-","0.20","1.37","499","1.39","10","43.00",
="032728","億泰元大54購02","165,000","10","252,780","1.56","1.57","1.49","1.53","-","0.10","1.47","499","1.48","10","38.70",
="032729","劍麟元大53購01","116,000","14","104,770","1.31","1.31","0.82","0.90","-","0.19","0.88","3","0.90","40","113.50",
="03272U","智邦國票51售01","0","0","0","--","--","--","--"," ","0.00","0.13","25","0.14","10","0.00",
="032730","光寶科元大54購06","774,000","5","590,990","0.77","0.77","0.76","0.77","+","0.01","0.74","499","0.76","10","130.00",
="032731","台達電元大53購02","209,000","10","281,210","1.33","1.37","1.32","1.32","-","0.15","1.32","25","1.33","10","709.00",
="032732","台達電元大53購03","718,000","33","799,500","1.11","1.15","1.09","1.11","-","0.09","1.11","25","1.12","10","709.00",
="032733","台達電元大54購05","204,000","14","230,780","1.12","1.15","1.11","1.12","-","0.09","1.12","2","--","0","709.00",
="032734","華通元大53購04","514,000","25","615,140","1.12","1.37","1.08","1.21","+","0.09","1.19","499","1.22","10","79.30",
="032735","鴻海元大53購08","0","0","0","--","--","--","--"," ","0.00","1.47","499","1.49","10","206.00",
="032736","鴻海元大54購17","5,000","1","5,500","1.10","1.10","1.10","1.10","X","0.00","1.10","499","1.12","10","206.00",
="032737","台積電元大54購25","100,000","2","110,000","1.10","1.10","1.10","1.10","-","0.07","0.12","83","--","0","1,160.00",
="032738","智邦元大54購09","272,000","15","211,980","0.79","0.81","0.76","0.78","-","0.01","0.77","503","0.78","10","984.00",
="032739","燿華元大53購02","286,000","9","228,460","0.76","0.82","0.76","0.80","+","0.05","0.77","499","0.79","10","31.45",
="03273U","長榮國票51售03","0","0","0","--","--","--","--"," ","0.00","1.42","25","1.44","10","0.00",
="032740","金像電元大54購06","152,000","9","206,390","1.33","1.41","1.31","1.41","+","0.08","1.40","499","1.41","24","486.00",
="032741","毅嘉元大54購02","254,000","36","360,430","1.42","1.47","1.35","1.43"," ","0.00","1.41","499","1.42","10","60.80",
="032742","漢唐元大53購07","352,000","19","303,000","0.88","0.90","0.78","0.90","-","0.02","0.88","25","0.90","9","1,190.00",
="032743","漢唐元大53購08","1,196,000","30","1,040,920","0.90","0.90","0.82","0.89","-","0.06","0.90","25","0.92","10","1,190.00",
="032744","京元電元大53購04","947,000","38","630,370","0.64","0.73","0.62","0.70","+","0.06","0.68","499","0.71","10","142.00",
="032745","京元電元大54購08","196,000","4","135,150","0.70","0.73","0.68","0.73","X","0.00","0.67","499","0.69","10","142.00",
="032746","中航元大53購01","38,000","3","42,430","1.13","1.14","1.10","1.10","-","0.02","1.07","499","1.08","10","55.50",
="032747","緯創元大54購09","79,000","4","64,820","0.79","0.84","0.79","0.84","-","0.01","0.83","499","0.86","10","115.00",
="032748","昇貿元大53購02","273,000","58","795,830","3.20","3.20","2.66","2.76","+","0.12","2.76","299","3.10","29","129.00",
="032749","昇貿元大54購01","506,000","96","1,159,460","2.35","2.48","2.09","2.28","+","0.20","2.16","420","2.22","5","129.00",
="03274U","國泰金國票51售01","0","0","0","--","--","--","--"," ","0.00","0.51","25","0.52","10","0.00",
="032750","宏致元大53購02","87,000","6","134,150","1.54","1.60","1.52","1.52","-","0.05","1.44","499","1.45","10","73.90",
="032751","世芯元大54購16","61,000","3","36,160","0.59","0.61","0.59","0.60","-","0.04","0.58","499","0.59","10","4,000.00",
="032752","貿聯元大54購10","35,000","1","24,150","0.69","0.69","0.69","0.69","+","0.07","0.68","499","0.69","10","981.00",
="032753","海華元大53購03","79,000","16","145,370","1.66","2.02","1.66","1.80","+","0.20","1.78","25","1.83","10","100.00",
="032754","海華元大54購01","279,000","31","581,260","1.94","2.38","1.84","2.16","+","0.22","2.07","35","2.13","10","100.00",
="032755","神達元大53購03","160,000","19","334,240","2.10","2.25","1.98","2.12","+","0.38","2.09","450","2.11","10","95.90",
="032756","神達元大53購04","408,000","26","734,780","1.76","1.89","1.70","1.76","+","0.49","1.76","499","1.77","10","95.90",
="032757","神達元大54購07","381,000","23","532,210","1.38","1.51","1.33","1.41","+","0.25","1.42","499","1.43","10","95.90",
="032758","臻鼎元大53購02","211,000","17","349,410","1.65","1.72","1.62","1.69","+","0.06","1.66","450","1.68","10","194.00",
="032759","臻鼎元大53購03","185,000","5","283,780","1.57","1.57","1.53","1.53","-","0.02","1.58","499","1.61","10","194.00",
="03275U","材料國票51售01","0","0","0","--","--","--","--"," ","0.00","2.19","25","2.20","10","0.00",
="032760","臻鼎元大54購02","590,000","24","1,026,780","1.73","1.81","1.69","1.74","+","0.03","1.74","450","1.76","10","194.00",
="032761","眾達元大53購01","273,000","14","160,920","0.62","0.62","0.56","0.59","-","0.05","0.56","25","0.57","10","109.50",
="032762","眾達元大53購02","969,000","31","607,430","0.65","0.66","0.60","0.61","-","0.07","0.60","25","0.61","2","109.50",
="032763","眾達元大54購01","786,000","21","446,820","0.61","0.61","0.54","0.58","-","0.04","0.54","25","0.55","10","109.50",
="032764","全訊元大53購01","308,000","17","383,310","1.16","1.28","1.16","1.25","+","0.04","1.23","20","1.25","6","146.00",
="032765","亞翔元大54購07","10,000","1","8,900","0.89","0.89","0.89","0.89","-","0.08","0.83","499","0.84","10","349.50",
="032766","聯茂元大54購02","190,000","25","251,410","1.38","1.38","1.30","1.32","-","0.06","1.31","20","1.32","9","125.00",
="032767","穎崴元大54購03","567,000","6","397,930","0.74","0.74","0.68","0.73","+","0.03","0.42","23","--","0","1,250.00",
="032768","緯穎元大54購14","82,000","6","64,700","0.80","0.80","0.77","0.78","-","0.01","0.75","25","0.76","10","2,975.00",
="032769","富世達元大54購10","0","0","0","--","--","--","--"," ","0.00","0.07","44","--","0","1,145.00",
="03276U","精成科國票51售03","7,000","5","2,830","0.40","0.43","0.40","0.40","-","0.17","0.24","80","0.40","10","0.00",
="032770","億豐元大53購01","85,000","5","82,250","0.93","0.97","0.93","0.97","X","0.00","0.93","499","0.94","10","450.00",
="032771","臺股指元大53購15","17,000","3","11,780","0.66","0.70","0.66","0.70","-","0.13","0.67","100","0.68","10","0.00",
="032772","臺股指元大55購07","10,000","5","17,630","1.79","1.79","1.72","1.72","-","0.12","1.72","100","1.73","10","0.00",
="032773","宇隆群益52購01","40,000","3","70,000","1.76","1.76","1.73","1.73","-","0.15","0.28","35","--","0","262.00",
="032774","光寶科群益52購06","610,000","16","786,150","1.27","1.32","1.27","1.30","-","0.03","0.46","108","1.42","150","130.00",
="032775","台達電群益52購05","114,000","16","155,840","1.38","1.38","1.32","1.36","-","0.10","0.48","20","--","0","709.00",
="032776","台達電群益54購01","631,000","36","517,480","0.82","0.84","0.79","0.82","-","0.08","0.81","5","--","0","709.00",
="032777","鴻海群益52購12","0","0","0","--","--","--","--"," ","0.00","1.36","100","1.38","100","206.00",
="032778","鴻海群益52購13","200,000","4","235,000","1.17","1.19","1.16","1.18","-","0.08","1.17","100","1.19","100","206.00",
="032779","鴻海群益53購14","0","0","0","--","--","--","--"," ","0.00","0.82","100","0.83","100","206.00",
="03277U","矽格國票51售01","0","0","0","--","--","--","--"," ","0.00","0.53","25","0.54","10","0.00",
="032780","廣宇群益54購02","115,000","9","323,190","2.78","2.94","2.72","2.79","+","0.07","2.74","10","2.84","10","60.90",
="032781","智邦群益52購08","220,000","1","246,400","1.12","1.12","1.12","1.12","X","0.00","1.08","10","1.18","10","984.00",
="032782","英業達群益52購01","13,000","2","17,760","1.36","1.40","1.36","1.40","-","0.02","1.36","100","1.37","100","41.35",
="032783","燿華群益52購03","49,000","3","41,030","0.83","0.85","0.83","0.85"," ","0.00","0.83","100","0.84","100","31.45",
="032784","燿華群益53購01","99,000","5","98,720","0.98","1.04","0.98","1.03","+","0.15","0.99","100","1.00","100","31.45",
="032785","漢唐群益52購07","379,000","12","470,440","1.32","1.32","1.22","1.30","-","0.10","0.55","36","--","0","1,190.00",
="032786","盟立群益52購01","90,000","9","152,670","1.60","1.77","1.60","1.62","+","0.09","1.59","10","1.69","10","70.00",
="032787","盟立群益53購01","109,000","8","156,390","1.38","1.52","1.38","1.41","+","0.11","1.36","10","1.46","10","70.00",
="032788","華航群益52購02","47,000","2","77,080","1.64","1.64","1.64","1.64","+","0.07","1.53","10","1.63","10","21.25",
="032789","亞光群益52購04","10,000","1","29,700","2.97","2.97","2.97","2.97","-","0.14","1.27","7","--","0","164.00",
="03278U","啟碁國票51售01","0","0","0","--","--","--","--"," ","0.00","0.40","25","0.41","10","0.00",
="032790","昇貿群益54購01","494,000","57","1,498,920","3.02","3.30","2.81","2.99","-","0.04","2.07","9","3.99","1","129.00",
="032791","新日興群益55購01","31,000","4","31,030","0.97","1.05","0.93","0.99","X","0.00","--","0","--","0","259.00",
="032792","創意群益53購01","0","0","0","--","--","--","--"," ","0.00","0.58","17","--","0","1,350.00",
="032793","世芯群益57購01","0","0","0","--","--","--","--"," ","0.00","1.30","10","1.40","10","4,000.00",
="032794","神達群益54購03","132,000","11","216,740","1.61","1.70","1.57","1.66","+","0.29","1.67","10","1.77","10","95.90",
="032795","臻鼎群益52購04","45,000","10","274,400","6.30","6.30","5.95","6.15","X","0.00","6.15","10","6.65","10","194.00",
="032796","達興群益53購01","28,000","4","100,340","3.24","3.68","3.24","3.65","+","0.74","3.48","10","3.58","10","387.00",
="032797","祥碩群益52購02","81,000","4","74,250","0.93","0.93","0.88","0.89","-","0.05","0.38","100","--","0","1,665.00",
="032798","精成科群益52購06","87,000","4","128,010","1.51","1.51","1.38","1.48","+","0.47","0.09","111","--","0","131.00",
="032799","聯茂群益54購03","0","0","0","--","--","--","--"," ","0.00","1.04","9","2.10","5","125.00",
="03279U","緯穎國票51售01","300,000","2","94,000","0.31","0.32","0.31","0.32"," ","0.00","0.32","25","0.33","10","0.00",
="032800","矽力群益52購01","24,000","4","33,820","1.41","1.41","1.40","1.40"," ","0.00","1.33","10","1.43","10","317.00",
="032801","穎崴群益52購09","177,000","16","514,710","2.65","3.12","2.61","3.12","+","0.17","1.24","8","--","0","1,250.00",
="032802","穎崴群益58購01","94,000","7","115,400","1.20","1.29","1.15","1.29","+","0.08","0.63","15","--","0","1,250.00",
="032803","緯穎群益52購10","0","0","0","--","--","--","--"," ","0.00","0.64","10","0.74","10","2,975.00",
="032804","洋基群益52購03","13,000","2","16,730","1.41","1.41","1.25","1.25","-","0.18","0.48","20","--","0","476.00",
="032805","AES群益54購02","231,000","20","500,050","2.11","2.28","2.10","2.19","+","0.31","2.15","5","--","0","1,350.00",
="032806","富世達群益52購07","745,000","13","1,548,440","2.08","2.14","1.89","2.08","-","0.04","2.06","100","2.16","100","1,145.00",
="032807","昇陽半群益52購03","201,000","20","423,970","1.91","2.22","1.91","2.08","+","0.07","2.03","20","--","0","152.50",
="032808","南電群益54購02","0","0","0","--","--","--","--"," ","0.00","2.14","1","--","0","226.00",
="032809","元上證凱基54購01","0","0","0","--","--","--","--"," ","0.00","1.66","10","1.67","50","33.51",
="03280U","台光電國泰52售02","0","0","0","--","--","--","--"," ","0.00","0.08","29","0.09","10","0.00",
="032810","T50反1凱基5B購02","0","0","0","--","--","--","--"," ","0.00","0.63","100","0.64","10","19.79",
="032811","T50反1凱基5C購01","0","0","0","--","--","--","--"," ","0.00","0.68","100","0.69","10","19.79",
="032812","A50凱基54購01","0","0","0","--","--","--","--"," ","0.00","1.49","10","1.50","50","24.50",
="032813","滬深2X凱基54購07","270,000","5","256,800","0.87","0.98","0.87","0.87","-","0.25","0.86","10","--","0","18.32",
="032814","深中小凱基54購01","321,000","14","467,250","1.45","1.47","1.42","1.42","-","0.25","1.41","10","1.42","49","14.81",
="032815","道瓊銅凱基53購02","2,000","1","1,860","0.93","0.93","0.93","0.93","-","0.02","0.92","100","0.93","50","24.91",
="032816","大成鋼凱基53購04","0","0","0","--","--","--","--"," ","0.00","1.32","100","1.42","10","38.60",
="032817","川湖凱基53購01","0","0","0","--","--","--","--"," ","0.00","1.07","100","1.08","10","2,925.00",
="032818","鴻海凱基53購13","7,000","1","5,810","0.83","0.83","0.83","0.83","X","0.00","0.84","100","0.85","10","206.00",
="032819","鴻海凱基58購02","0","0","0","--","--","--","--"," ","0.00","1.36","100","1.37","10","206.00",
="03281U","聯發科國泰52售02","0","0","0","--","--","--","--"," ","0.00","0.80","499","0.85","499","0.00",
="032820","台積電凱基54購14","0","0","0","--","--","--","--"," ","0.00","0.87","100","0.88","10","1,160.00",
="032821","所羅門凱基53購02","19,000","3","24,470","1.29","1.29","1.28","1.29","-","0.11","1.16","100","1.18","10","162.00",
="032822","燿華凱基53購02","26,000","3","42,430","1.59","1.66","1.59","1.62","+","0.06","1.62","100","1.64","10","31.45",
="032823","台光電凱基53購04","0","0","0","--","--","--","--"," ","0.00","0.71","100","0.72","10","1,250.00",
="032824","台光電凱基53購06","112,000","7","85,440","0.77","0.77","0.76","0.76","-","0.07","0.75","100","0.76","10","1,250.00",
="032825","台光電凱基53購07","13,000","1","10,400","0.80","0.80","0.80","0.80","-","0.02","0.76","100","0.78","10","1,250.00",
="032826","台光電凱基53購08","47,000","2","33,570","0.72","0.72","0.69","0.69","-","0.11","0.74","100","0.75","10","1,250.00",
="032827","台光電凱基53購09","0","0","0","--","--","--","--"," ","0.00","0.75","100","0.77","10","1,250.00",
="032828","漢唐凱基53購06","61,000","3","44,280","0.74","0.74","0.70","0.70","-","0.08","0.74","100","0.75","10","1,190.00",
="032829","漢唐凱基53購07","33,000","1","28,380","0.86","0.86","0.86","0.86","-","0.04","0.86","100","0.87","10","1,190.00",
="03282U","香港2X元大52售01","0","0","0","--","--","--","--"," ","0.00","0.46","250","0.47","100","0.00",
="032830","漢唐凱基54購03","11,000","2","9,970","0.91","0.91","0.89","0.89","-","0.06","0.91","100","0.92","10","1,190.00",
="032831","漢唐凱基54購04","362,000","11","330,930","0.95","0.95","0.88","0.93","-","0.07","0.95","100","0.97","10","1,190.00",
="032832","建準凱基53購03","10,000","1","12,100","1.21","1.21","1.21","1.21","X","0.00","1.18","10","1.20","10","137.00",
="032833","全新凱基53購03","67,000","5","79,470","1.16","1.26","1.16","1.19","-","0.13","1.15","100","1.17","10","153.50",
="032834","鉅祥凱基53購01","279,000","12","515,100","1.70","2.04","1.70","2.02","+","0.30","1.93","10","1.94","10","98.10",
="032835","強茂凱基53購01","40,000","4","134,710","3.33","3.48","3.33","3.44","+","0.09","3.69","100","3.71","10","65.40",
="032836","宏達電凱基53購03","36,000","5","120,830","3.63","3.70","3.26","3.34","+","0.80","3.39","10","3.49","10","66.50",
="032837","神達凱基53購03","338,000","30","411,760","1.19","1.31","1.13","1.21","+","0.23","1.21","83","1.22","10","95.90",
="032838","世紀鋼凱基55購04","0","0","0","--","--","--","--"," ","0.00","2.38","100","2.40","10","188.00",
="032839","電子類凱基53購01","39,000","9","61,360","1.62","1.62","1.50","1.50","-","0.20","1.49","10","1.50","10","0.00",
="03283U","美債2X元大51售03","0","0","0","--","--","--","--"," ","0.00","0.41","499","0.42","100","0.00",
="032840","台積電中信58購02","0","0","0","--","--","--","--"," ","0.00","0.55","499","0.57","10","0.00",
="032842","聯發科中信58購01","18,000","1","10,080","0.56","0.56","0.56","0.56","X","0.00","0.54","499","0.55","10","0.00",
="032843","長榮太中信52購02","268,000","18","285,710","1.12","1.14","0.91","0.92","-","0.15","0.92","10","0.93","10","0.00",
="032844","南亞永豐53購04","0","0","0","--","--","--","--"," ","0.00","0.88","499","0.91","10","43.00",
="032845","台達電永豐52購04","297,000","17","355,400","1.22","1.22","1.14","1.18","-","0.10","1.17","10","1.18","10","709.00",
="032846","台達電永豐53購04","16,000","1","16,160","1.01","1.01","1.01","1.01","-","0.03","0.99","499","1.00","10","709.00",
="032847","智邦永豐52購05","61,000","2","37,210","0.61","0.61","0.61","0.61","-","0.01","0.63","499","0.64","10","984.00",
="032848","金像電永豐53購05","70,000","3","65,200","0.86","0.96","0.86","0.94","-","0.04","0.99","10","1.00","10","486.00",
="032849","盟立永豐53購01","58,000","3","56,490","0.93","0.99","0.93","0.99","X","0.00","0.94","499","0.95","10","70.00",
="03284U","美債2X元大54售01","0","0","0","--","--","--","--"," ","0.00","0.40","250","0.41","100","0.00",
="032850","亞光永豐54購03","8,000","1","7,120","0.89","0.89","0.89","0.89","+","0.03","0.82","10","0.84","10","164.00",
="032851","德律永豐53購01","59,000","2","57,230","0.97","0.97","0.97","0.97","-","0.12","0.89","10","0.91","10","206.00",
="032852","景碩永豐53購03","33,000","1","28,050","0.85","0.85","0.85","0.85","+","0.01","0.80","10","0.81","10","113.50",
="032853","健策永豐53購01","0","0","0","--","--","--","--"," ","0.00","1.36","10","1.43","10","1,905.00",
="032854","神達永豐52購04","199,000","5","248,010","1.24","1.29","1.24","1.24","+","0.24","1.24","499","1.26","10","95.90",
="032855","神達永豐55購01","32,000","5","343,200","10.40","10.90","10.40","10.90","+","1.85","10.70","499","10.80","10","95.90",
="032856","臻鼎永豐54購02","743,000","33","913,740","1.22","1.25","1.20","1.23","+","0.01","1.23","10","1.24","10","194.00",
="032857","達興永豐53購02","230,000","20","470,960","1.89","2.17","1.83","2.07","+","0.33","1.99","499","2.00","10","387.00",
="032858","和大兆豐54購01","210,000","12","199,870","0.89","1.48","0.89","1.48","+","0.64","1.20","1","1.48","9","72.90",
="032859","台泥富邦53購02","0","0","0","--","--","--","--"," ","0.00","0.56","30","0.57","10","0.00",
="03285U","南亞科元大4C售04","0","0","0","--","--","--","--"," ","0.00","0.81","499","0.82","200","0.00",
="032860","和大富邦54購01","636,000","24","503,150","0.72","1.18","0.72","1.18","+","0.46","1.18","1","--","0","0.00",
="032861","鴻海富邦52購07","0","0","0","--","--","--","--"," ","0.00","0.75","30","0.76","10","0.00",
="032862","所羅門富邦53購01","254,000","17","317,850","1.24","1.30","1.17","1.21","-","0.07","1.08","10","1.10","10","0.00",
="032863","燿華富邦54購01","1,464,000","52","1,157,340","0.78","0.82","0.74","0.78","+","0.01","0.78","10","0.79","10","0.00",
="032864","強茂富邦52購01","127,000","5","164,680","1.23","1.36","1.23","1.36","+","0.08","1.40","10","1.41","10","0.00",
="032865","神基富邦52購01","3,034,000","149","6,254,030","1.95","2.26","1.80","2.03","+","0.33","2.02","30","2.03","10","0.00",
="032866","聯詠富邦52購01","355,000","11","281,230","0.77","0.80","0.77","0.80","+","0.01","0.79","30","0.80","10","0.00",
="032867","欣興富邦52購01","254,000","17","327,620","1.26","1.37","1.24","1.36","+","0.01","1.30","10","1.31","10","0.00",
="032868","洋基富邦52購02","274,000","12","256,500","1.04","1.04","0.90","0.93","-","0.18","0.89","10","0.90","10","0.00",
="032869","金寶國泰53購01","10,000","1","16,900","1.69","1.69","1.69","1.69","-","0.02","1.68","10","1.69","32","19.05",
="03286U","國泰金元大54售01","0","0","0","--","--","--","--"," ","0.00","0.74","499","0.75","200","0.00",
="032870","盟立國泰53購01","54,000","3","91,040","1.61","1.73","1.61","1.71","X","0.00","1.64","499","1.65","100","70.00",
="032871","亞光國泰53購05","22,000","1","37,620","1.71","1.71","1.71","1.71","X","0.00","1.58","499","1.59","100","164.00",
="032872","臻鼎國泰53購03","0","0","0","--","--","--","--"," ","0.00","2.65","470","2.71","10","194.00",
="032873","立積國泰53購01","221,000","11","374,800","1.54","1.99","1.54","1.99","+","0.46","2.18","499","2.36","9","158.00",
="032874","長榮太第一56購01","49,000","6","162,740","3.46","3.46","3.27","3.27","-","0.16","3.11","10","3.14","10","0.00",
="032875","臻鼎第一56購01","630,000","22","2,428,940","3.86","3.97","3.81","3.81","-","0.06","3.86","10","3.89","10","0.00",
="032876","SP黃豆凱基58購01","0","0","0","--","--","--","--"," ","0.00","1.01","10","1.02","50","20.50",
="032877","南亞凱基53購07","12,000","1","20,640","1.72","1.72","1.72","1.72","-","0.29","0.80","12","1.59","10","43.00",
="032878","南港凱基53購01","134,000","12","279,490","2.22","2.22","2.03","2.10","-","0.19","2.12","10","2.22","10","40.95",
="032879","鴻海凱基53購14","0","0","0","--","--","--","--"," ","0.00","1.25","100","1.26","10","206.00",
="03287U","臺股指富邦4C售12","0","0","0","--","--","--","--"," ","0.00","0.26","499","0.27","98","0.00",
="032880","鴻海凱基53購15","0","0","0","--","--","--","--"," ","0.00","1.02","100","1.03","10","206.00",
="032881","廣宇凱基54購01","5,000","2","15,630","3.13","3.13","3.12","3.12","X","0.00","3.07","110","3.17","10","60.90",
="032882","台積電凱基53購35","0","0","0","--","--","--","--"," ","0.00","0.47","100","0.48","10","1,160.00",
="032883","智邦凱基53購04","0","0","0","--","--","--","--"," ","0.00","0.68","100","0.69","30","984.00",
="032884","金像電凱基53購06","371,000","14","703,500","1.83","1.98","1.77","1.98","+","0.11","1.97","100","1.98","10","486.00",
="032885","威盛凱基53購01","3,000","1","1,890","0.63","0.63","0.63","0.63","-","0.01","0.60","100","0.61","30","62.00",
="032886","強茂凱基53購02","211,000","15","359,980","1.68","1.83","1.58","1.83","+","0.15","1.83","30","1.85","10","65.40",
="032887","新興凱基53購01","1,000","1","1,840","1.84","1.84","1.84","1.84","X","0.00","1.70","10","1.71","10","23.65",
="032888","裕民凱基53購01","0","0","0","--","--","--","--"," ","0.00","0.74","100","0.75","10","57.30",
="032889","長榮太凱基53購01","34,000","10","54,080","1.67","1.71","1.48","1.48","-","0.09","1.45","100","1.55","10","180.00",
="03288U","臺股指富邦53售06","32,000","3","14,640","0.45","0.47","0.45","0.47","X","0.00","0.46","499","0.47","100","0.00",
="032890","長榮太凱基56購01","4,000","2","7,520","1.86","1.90","1.86","1.90","+","0.09","1.63","100","1.73","10","180.00",
="032891","亞光凱基53購05","71,000","6","127,560","1.78","1.91","1.70","1.70","-","0.06","1.69","100","1.71","10","164.00",
="032892","德律凱基53購01","41,000","2","52,510","1.31","1.31","1.28","1.28","X","0.00","1.23","100","--","0","206.00",
="032893","聯詠凱基53購01","269,000","19","527,370","1.97","1.98","1.94","1.96","-","0.02","1.93","10","2.03","10","435.00",
="032894","新日興凱基53購05","94,000","8","256,060","2.41","3.13","2.41","2.91","+","0.51","2.87","100","2.97","10","259.00",
="032896","第一銅統一49購01","0","0","0","--","--","--","--"," ","0.00","--","0","0.01","162","34.50",
="032897","神達凱基56購01","220,000","24","727,690","3.24","3.50","3.20","3.23","+","0.44","3.28","100","3.29","10","95.90",
="032898","立積凱基54購01","86,000","16","143,900","1.47","1.87","1.47","1.87","+","0.43","2.02","100","--","0","158.00",
="032899","國巨統一49購01","535,000","6","10,100","0.01","0.02","0.01","0.02","-","0.01","0.02","100","0.03","30","137.00",
="03289U","香港2X凱基52售01","0","0","0","--","--","--","--"," ","0.00","0.28","10","0.38","10","0.00",
="032900","國巨統一49購02","0","0","0","--","--","--","--"," ","0.00","--","0","0.09","10","137.00",
="032901","達興凱基53購04","465,000","17","1,994,760","4.03","4.60","4.03","4.29","X","0.00","4.18","100","4.20","10","387.00",
="032902","亞翔凱基53購02","17,000","3","52,100","3.08","3.08","2.82","2.82","-","0.26","2.71","100","2.73","10","349.50",
="032903","樺漢凱基53購01","376,000","31","842,070","2.21","2.33","2.17","2.24","+","0.12","2.20","46","2.22","10","326.00",
="032904","立隆電統一49購01","0","0","0","--","--","--","--"," ","0.00","0.06","10","0.10","10","86.60",
="032905","穎崴凱基58購01","0","0","0","--","--","--","--"," ","0.00","1.45","100","1.55","10","1,250.00",
="032906","緯穎凱基58購01","0","0","0","--","--","--","--"," ","0.00","1.23","100","1.24","10","2,975.00",
="032907","緯穎凱基58購02","0","0","0","--","--","--","--"," ","0.00","1.20","110","1.21","10","2,975.00",
="032908","緯穎凱基5B購01","0","0","0","--","--","--","--"," ","0.00","1.47","100","1.48","10","2,975.00",
="032909","漢翔統一49購01","1,190,000","28","119,810","0.06","0.15","0.06","0.15","+","0.14","0.08","530","0.14","11","60.00",
="03290U","美債2X凱基52售01","0","0","0","--","--","--","--"," ","0.00","0.40","100","0.41","10","0.00",
="032910","緯穎凱基5B購02","0","0","0","--","--","--","--"," ","0.00","1.22","100","1.23","10","2,975.00",
="032911","洋基凱基53購04","45,000","4","74,340","1.72","1.72","1.62","1.62","-","0.23","1.52","10","1.62","10","476.00",
="032913","富世達凱基53購01","1,292,000","21","1,813,180","1.41","1.46","1.34","1.44","-","0.03","1.43","100","1.47","10","1,145.00",
="032914","昇陽半凱基53購02","37,000","4","66,160","1.74","1.81","1.74","1.78","-","0.02","1.75","100","1.77","10","152.50",
="032915","威健統一49購01","0","0","0","--","--","--","--"," ","0.00","--","0","--","0","28.40",
="032916","南電凱基53購06","760,000","11","2,565,200","2.98","3.39","2.86","3.39","X","0.00","3.39","240","--","0","226.00",
="032918","臺股指凱基53購19","0","0","0","--","--","--","--"," ","0.00","2.44","10","2.45","10","0.00",
="032919","臺股指凱基55購10","10,000","5","17,870","1.83","1.83","1.76","1.76","-","0.12","1.76","100","1.77","10","0.00",
="03291U","長榮凱基4C售04","100,000","3","70,800","0.69","0.72","0.69","0.72","-","0.04","0.75","10","0.76","10","0.00",
="032920","深中小元富52購01","12,000","3","22,070","1.96","1.96","1.77","1.86","X","0.00","1.69","25","1.71","25","14.81",
="032921","同欣電統一51購01","331,000","2","9,930","0.03","0.03","0.03","0.03","X","0.00","0.03","10","0.10","110","112.50",
="032922","中50元富52購01","10,000","1","20,900","2.09","2.09","2.09","2.09","-","0.47","2.03","25","2.13","10","24.71",
="032924","波力統一51購01","0","0","0","--","--","--","--"," ","0.00","0.22","10","0.38","5","176.00",
="032925","波力統一55購01","130,000","3","46,600","0.36","0.36","0.35","0.35","-","0.01","0.33","10","0.34","10","176.00",
="032926","台達電元富52購04","275,000","7","505,090","1.84","1.90","1.80","1.84","-","0.14","1.83","25","1.93","10","709.00",
="032927","鴻海元富52購16","31,000","1","53,320","1.72","1.72","1.72","1.72","-","0.11","1.74","25","1.75","25","206.00",
="032928","金像電元富52購04","119,000","4","90,920","0.76","0.80","0.75","0.80","-","0.01","0.83","25","0.84","25","486.00",
="032929","金像電元富58購01","20,000","3","37,460","1.81","1.90","1.81","1.90","-","0.02","1.92","25","1.93","25","486.00",
="03292U","陽明凱基4C售07","0","0","0","--","--","--","--"," ","0.00","1.63","10","1.64","10","0.00",
="032930","宏達電元富52購03","15,000","4","68,780","4.87","4.87","4.49","4.54","X","0.00","--","0","--","0","66.50",
="032931","宏達電元富52購04","1,324,000","52","4,459,970","3.63","3.72","3.10","3.31","+","0.06","3.31","12","--","0","66.50",
="032932","長榮太元富52購02","10,000","1","18,000","1.80","1.80","1.80","1.80","+","0.05","0.69","14","--","0","180.00",
="032933","神基元富52購01","14,000","5","48,290","3.50","3.60","3.43","3.60","+","0.56","3.53","25","3.60","25","157.00",
="032934","德律元富52購01","0","0","0","--","--","--","--"," ","0.00","2.23","25","2.25","25","206.00",
="032935","世芯元富52購11","52,000","5","82,500","1.62","1.62","1.53","1.53","-","0.13","1.51","35","1.52","25","4,000.00",
="032936","神達元富52購06","24,000","7","53,320","2.08","2.31","2.05","2.08","+","0.48","2.13","25","2.14","25","95.90",
="032937","穎崴元富52購02","0","0","0","--","--","--","--"," ","0.00","--","0","--","0","1,250.00",
="032938","緯穎元富53購05","0","0","0","--","--","--","--"," ","0.00","0.85","25","0.86","25","2,975.00",
="032939","昇陽半元富52購04","0","0","0","--","--","--","--"," ","0.00","2.67","25","2.70","25","152.50",
="03293U","萬海凱基51售02","0","0","0","--","--","--","--"," ","0.00","3.52","10","3.62","10","0.00",
="032940","南亞統一56購03","73,000","4","56,570","0.78","0.78","0.73","0.73","-","0.11","0.72","10","0.73","10","43.00",
="032941","宇隆統一56購03","49,000","5","39,590","0.81","0.81","0.78","0.80","-","0.02","0.76","10","0.77","10","262.00",
="032942","鴻海統一68購03","1,000","1","630","0.63","0.63","0.63","0.63","-","0.02","0.63","10","0.64","10","206.00",
="032943","燿華統一56購03","156,000","6","110,180","0.70","0.73","0.69","0.73","+","0.05","0.70","10","0.71","10","31.45",
="032944","漢唐統一64購01","10,000","1","6,100","0.61","0.61","0.61","0.61","-","0.01","0.61","10","0.62","10","1,190.00",
="032945","建準統一56購02","84,000","1","63,840","0.76","0.76","0.76","0.76","+","0.02","0.74","10","0.75","10","137.00",
="032946","建準統一59購01","0","0","0","--","--","--","--"," ","0.00","0.63","10","0.64","10","137.00",
="032947","長榮太統一59購01","2,000","2","1,310","0.68","0.68","0.63","0.63","-","0.03","0.62","10","0.63","10","180.00",
="032948","神基統一56購01","1,480,000","55","1,744,690","1.12","1.27","1.12","1.22","+","0.16","1.19","10","1.20","10","157.00",
="032949","亞光統一57購03","35,000","3","25,980","0.74","0.75","0.72","0.72","X","0.00","0.68","10","0.69","10","164.00",
="03294U","萬海凱基51售03","0","0","0","--","--","--","--"," ","0.00","2.02","10","2.03","10","0.00",
="032950","亞光統一5B購03","0","0","0","--","--","--","--"," ","0.00","0.65","10","0.66","10","164.00",
="032951","德律統一64購01","18,000","1","14,400","0.80","0.80","0.80","0.80","-","0.05","0.78","10","0.79","10","206.00",
="032952","精銳統一5B購01","294,000","13","217,590","0.73","0.75","0.71","0.74","+","0.03","0.73","15","0.74","10","776.00",
="032953","臻鼎統一56購01","1,765,000","52","1,641,700","0.92","0.97","0.91","0.93"," ","0.00","0.93","10","0.94","10","194.00",
="032954","臻鼎統一56購02","1,749,000","81","1,861,380","1.05","1.09","1.03","1.06"," ","0.00","1.05","10","1.06","10","194.00",
="032955","臻鼎統一58購02","826,000","27","722,590","0.87","0.90","0.85","0.88","+","0.01","0.87","10","0.88","10","194.00",
="032956","臻鼎統一64購01","13,000","1","12,610","0.97","0.97","0.97","0.97","-","0.05","0.96","10","0.97","10","194.00",
="032957","達興統一5B購01","35,000","5","33,660","0.93","1.02","0.92","0.95","+","0.09","0.97","10","0.98","10","387.00",
="032958","達興統一64購01","0","0","0","--","--","--","--"," ","0.00","1.20","10","1.21","10","387.00",
="032959","精成科統一58購03","26,000","6","25,050","1.00","1.00","0.94","0.94","+","0.12","0.99","13","--","0","131.00",
="03295U","萬海凱基52售02","0","0","0","--","--","--","--"," ","0.00","2.89","10","2.90","10","0.00",
="032960","精成科統一5C購02","0","0","0","--","--","--","--"," ","0.00","0.74","10","--","0","131.00",
="032961","富世達統一5C購01","35,000","2","28,700","0.82","0.82","0.82","0.82","-","0.03","0.84","10","0.85","10","1,145.00",
="032962","上証2X群益52購05","0","0","0","--","--","--","--"," ","0.00","2.40","15","2.50","10","45.30",
="032963","滬深2X群益58購01","96,000","6","110,420","1.14","1.22","1.12","1.20","-","0.15","0.12","83","--","0","18.32",
="032964","台塑群益53購02","0","0","0","--","--","--","--"," ","0.00","1.40","10","1.50","10","39.10",
="032965","國喬群益53購02","21,000","2","15,350","0.75","0.75","0.73","0.73","X","0.00","0.72","25","0.73","10","9.92",
="032966","和大群益52購01","73,000","8","107,020","1.31","1.74","1.31","1.74","+","0.44","1.85","5","--","0","72.90",
="032967","華新群益53購02","23,000","1","30,820","1.34","1.34","1.34","1.34","+","0.02","1.35","10","1.45","10","23.35",
="032968","川湖群益52購05","89,000","8","242,840","2.72","2.76","2.72","2.76","X","0.00","2.63","100","2.69","100","2,925.00",
="032969","宇隆群益52購02","0","0","0","--","--","--","--"," ","0.00","0.28","35","--","0","262.00",
="03296U","萬海凱基54售01","30,000","1","87,300","2.91","2.91","2.91","2.91","X","0.00","2.92","10","2.93","10","0.00",
="032970","金寶群益53購01","100,000","3","87,320","0.87","0.88","0.87","0.88"," ","0.00","0.32","31","--","0","19.05",
="032971","鴻海群益52購14","0","0","0","--","--","--","--"," ","0.00","1.03","100","1.05","100","206.00",
="032972","台積電群益54購22","0","0","0","--","--","--","--"," ","0.00","--","0","--","0","1,160.00",
="032973","所羅門群益52購01","22,000","5","31,400","1.51","1.51","1.38","1.38","-","0.32","1.22","10","--","0","162.00",
="032974","矽統群益52購04","9,000","1","15,300","1.70","1.70","1.70","1.70","X","0.00","1.66","10","1.76","10","55.10",
="032975","全新群益57購01","20,000","1","17,600","0.88","0.88","0.88","0.88","X","0.00","--","0","--","0","153.50",
="032976","鉅祥群益52購02","61,000","8","115,720","1.76","1.99","1.76","1.99","+","0.24","1.91","10","2.01","10","98.10",
="032977","強茂群益52購02","163,000","13","248,680","1.49","1.62","1.44","1.62","+","0.13","1.61","25","1.63","10","65.40",
="032978","宏達電群益52購04","100,000","13","220,540","2.09","2.50","1.95","1.95","-","0.35","1.95","10","2.40","1","66.50",
="032979","中航群益52購01","13,000","2","21,370","1.69","1.69","1.63","1.63","+","0.18","1.62","10","1.72","10","55.50",
="03297U","萬海凱基56售03","0","0","0","--","--","--","--"," ","0.00","2.36","10","2.37","10","0.00",
="032980","長榮太群益53購03","3,000","1","3,630","1.21","1.21","1.21","1.21","+","0.03","0.45","22","--","0","180.00",
="032981","德律群益52購04","0","0","0","--","--","--","--"," ","0.00","1.44","10","1.54","10","206.00",
="032982","景碩群益52購04","167,000","11","308,360","1.79","1.96","1.79","1.84","+","0.01","0.73","13","--","0","113.50",
="032983","昇貿群益54購02","1,500,000","42","4,801,990","4.15","4.15","2.96","3.00","+","0.02","3.10","8","4.00","8","129.00",
="032984","聯鈞群益52購04","92,000","5","115,770","1.35","1.35","1.19","1.19","-","0.28","0.52","19","--","0","202.00",
="032985","健策群益52購08","48,000","7","101,370","2.13","2.25","2.03","2.19","-","0.10","2.22","60","2.32","10","1,905.00",
="032986","健策群益54購02","83,000","9","127,430","1.47","1.56","1.47","1.56","-","0.07","1.54","10","1.64","10","1,905.00",
="032987","世芯群益58購02","81,000","11","53,850","0.67","0.68","0.65","0.65","X","0.00","0.65","10","0.75","10","4,000.00",
="032988","臻鼎群益52購05","335,000","19","699,180","2.03","2.16","2.01","2.09","+","0.04","2.10","10","2.20","10","194.00",
="032989","緯穎群益52購11","0","0","0","--","--","--","--"," ","0.00","0.84","10","0.94","10","2,975.00",
="03298U","臺股指凱基4C售18","0","0","0","--","--","--","--"," ","0.00","0.41","100","0.42","10","0.00",
="032990","洋基群益53購03","0","0","0","--","--","--","--"," ","0.00","0.43","23","--","0","476.00",
="032991","富世達群益52購08","156,000","3","252,140","1.65","1.69","1.54","1.69","-","0.02","1.63","100","1.73","100","1,145.00",
="032992","南電群益52購06","213,000","8","1,140,750","5.15","5.70","5.15","5.70","+","1.38","2.06","9","--","0","226.00",
="032993","南電群益52購07","248,000","13","709,430","2.67","3.09","2.67","3.09","+","0.70","1.10","9","--","0","226.00",
="032994","至上群益53購01","60,000","1","70,200","1.17","1.17","1.17","1.17","+","0.04","1.18","25","1.19","10","44.35",
="032995","世紀鋼群益52購02","11,000","2","19,810","1.83","1.83","1.79","1.79","-","0.08","1.71","10","1.81","10","188.00",
="032996","A50正2元大54購03","3,000","1","5,190","1.73","1.73","1.73","1.73","X","0.00","1.61","250","1.62","100","31.56",
="032997","台泥元大54購01","0","0","0","--","--","--","--"," ","0.00","0.56","499","0.57","10","22.80",
="032998","台化元大54購02","24,000","1","47,760","1.99","1.99","1.99","1.99","-","0.31","1.97","350","1.99","10","29.90",
="032999","華城元大54購13","80,000","4","127,700","1.63","1.63","1.59","1.59","+","0.02","1.52","450","1.54","10","618.00",
="03299U","國泰金中信4C售01","0","0","0","--","--","--","--"," ","0.00","0.13","499","0.14","10","0.00",
="033000","和大元大53購01","97,000","6","207,320","1.89","2.15","1.89","2.15","+","0.31","2.58","5","--","0","72.90",
="033001","大成鋼元大54購05","6,000","2","9,010","1.50","1.51","1.50","1.51","X","0.00","1.39","499","1.41","10","38.60",
="033002","川湖元大53購03","0","0","0","--","--","--","--"," ","0.00","1.02","499","1.04","10","2,925.00",
="033003","為升元大53購01","40,000","10","84,450","1.96","2.32","1.84","2.26","+","0.59","2.18","25","2.22","10","102.00",
="033004","宇隆元大53購01","266,000","4","445,380","1.84","1.84","1.67","1.78","+","0.01","1.58","400","1.62","10","262.00",
="033005","宇隆元大53購02","59,000","4","104,980","1.82","1.90","1.74","1.74","-","0.07","1.66","400","1.71","10","262.00",
="033006","鴻海元大54購18","0","0","0","--","--","--","--"," ","0.00","0.78","499","0.80","10","206.00",
="033007","台積電元大54購26","0","0","0","--","--","--","--"," ","0.00","0.06","17","--","0","1,160.00",
="033008","光罩元大53購01","89,000","9","193,010","2.19","2.19","2.11","2.18","-","0.22","2.13","300","2.15","10","41.45",
="033009","所羅門元大53購03","22,000","3","19,900","0.94","0.94","0.88","0.88","-","0.15","0.88","499","0.90","10","162.00",
="03300U","聯發科永豐51售03","18,000","1","10,260","0.57","0.57","0.57","0.57","X","0.00","0.57","10","0.58","10","0.00",
="033010","昆盈元大53購02","106,000","4","212,660","2.11","2.11","2.00","2.00","+","0.03","1.95","350","1.96","10","49.85",
="033011","金像電元大54購07","400,000","21","265,540","0.66","0.70","0.64","0.69","+","0.02","0.72","499","0.73","10","486.00",
="033012","大同元大53購01","0","0","0","--","--","--","--"," ","0.00","1.53","499","1.55","10","40.75",
="033013","漢唐元大53購09","53,000","8","45,790","0.85","0.93","0.83","0.93","-","0.01","0.90","25","0.93","9","1,190.00",
="033014","漢唐元大53購10","80,000","4","74,040","0.97","0.97","0.88","0.88","-","0.13","0.97","25","0.99","10","1,190.00",
="033015","建準元大54購06","62,000","3","53,960","0.87","0.88","0.87","0.88","-","0.01","0.88","499","0.93","10","137.00",
="033016","全新元大53購01","58,000","5","54,610","0.94","0.99","0.88","0.99","-","0.03","0.88","499","0.90","10","153.50",
="033017","飛宏元大53購01","61,000","8","119,220","1.74","2.01","1.74","1.96","X","0.00","2.20","450","--","0","26.10",
="033018","盟立元大53購02","80,000","4","147,010","1.82","1.94","1.82","1.94","+","0.13","1.83","400","1.85","10","70.00",
="033019","志聖元大53購02","115,000","16","244,030","2.15","2.33","2.03","2.03","-","0.07","1.94","400","2.04","10","201.50",
="03301U","長榮永豐4C售03","0","0","0","--","--","--","--"," ","0.00","2.26","499","2.27","10","0.00",
="033020","鉅祥元大53購02","152,000","9","421,440","2.54","2.95","2.54","2.95","+","0.34","2.82","300","2.86","10","98.10",
="033021","強茂元大53購01","320,000","24","688,060","2.01","2.21","1.91","2.20","+","0.17","2.19","350","2.23","10","65.40",
="033022","長榮太元大53購01","404,000","21","372,780","0.95","0.98","0.81","0.81","-","0.10","0.81","20","0.82","10","180.00",
="033023","長榮太元大53購02","195,000","14","266,760","1.41","1.43","1.22","1.22","-","0.11","1.22","25","1.24","10","180.00",
="033024","亞光元大54購07","331,000","5","352,510","1.06","1.07","1.06","1.06","-","0.02","1.00","499","1.03","10","164.00",
="033025","德律元大54購03","1,106,000","10","1,271,300","1.15","1.16","1.11","1.13","-","0.06","1.08","499","1.10","10","206.00",
="033026","華晶科元大54購02","0","0","0","--","--","--","--"," ","0.00","0.96","499","--","0","50.30",
="033027","緯創元大54購10","383,000","5","467,040","1.20","1.22","1.20","1.22","-","0.04","1.22","499","--","0","115.00",
="033028","昇貿元大54購02","670,000","30","2,581,800","3.90","4.14","3.66","3.98","+","0.61","3.90","3","--","0","129.00",
="033029","創意元大54購05","1,622,000","29","1,693,410","0.98","1.06","0.98","1.02","+","0.05","1.00","100","1.03","10","1,350.00",
="03302U","萬海永豐4C售02","3,000","1","4,230","1.41","1.41","1.41","1.41","X","0.00","1.40","499","1.41","7","0.00",
="033030","臻鼎元大53購04","252,000","25","418,480","1.62","1.69","1.59","1.65","+","0.03","1.63","450","1.65","10","194.00",
="033031","臻鼎元大54購03","216,000","18","373,590","1.68","1.75","1.62","1.62","-","0.04","1.69","450","1.71","10","194.00",
="033032","立積元大53購01","474,000","9","406,500","0.81","0.88","0.78","0.87","+","0.08","1.13","499","--","0","158.00",
="033033","jpp元大53購01","91,000","7","263,800","2.97","2.98","2.84","2.89","+","0.14","3.02","14","3.05","10","276.00",
="033034","迅得元大54購01","27,000","7","29,910","1.05","1.16","1.05","1.09","+","0.06","1.11","499","1.13","10","193.50",
="033035","緯穎元大54購15","11,000","3","15,650","1.45","1.45","1.40","1.40","-","0.09","1.39","1","1.40","9","2,975.00",
="033036","AES元大54購07","66,000","1","66,000","1.00","1.00","1.00","1.00","X","0.00","1.02","499","1.05","10","1,350.00",
="033037","富世達元大54購11","360,000","11","249,300","0.71","0.72","0.68","0.71","-","0.05","0.69","30","--","0","1,145.00",
="033038","南電元大54購04","40,000","4","139,340","3.31","3.52","3.31","3.48","+","0.88","3.90","5","--","0","226.00",
="033039","泰金寶元大54購01","0","0","0","--","--","--","--"," ","0.00","0.54","499","0.55","10","6.01",
="03303U","萬海永豐52售01","0","0","0","--","--","--","--"," ","0.00","2.24","499","2.25","10","0.00",
="033040","台塑台新52購01","0","0","0","--","--","--","--"," ","0.00","1.80","20","1.81","10","0.00",
="033041","T50反1中信62購02","1,000","1","1,290","1.29","1.29","1.29","1.29","+","0.03","1.28","499","1.29","99","0.00",
="033042","景碩中信53購01","96,000","4","104,140","1.06","1.13","1.06","1.13","+","0.05","1.00","499","1.03","10","0.00",
="033043","台灣50永豐54購03","0","0","0","--","--","--","--"," ","0.00","0.76","499","0.77","10","52.50",
="033044","A50正2永豐54購01","0","0","0","--","--","--","--"," ","0.00","1.16","499","1.17","10","31.56",
="033045","聯發科永豐53購03","0","0","0","--","--","--","--"," ","0.00","0.70","10","0.71","10","1,385.00",
="033046","聯發科永豐54購04","0","0","0","--","--","--","--"," ","0.00","1.31","499","1.41","10","1,385.00",
="033047","聯詠永豐53購01","11,000","1","14,850","1.35","1.35","1.35","1.35","+","0.01","1.33","499","1.43","10","435.00",
="033048","辛耘永豐53購02","0","0","0","--","--","--","--"," ","0.00","1.07","499","1.08","10","393.50",
="033049","神達永豐53購06","14,000","2","22,820","1.63","1.63","1.63","1.63","X","0.00","1.60","499","1.61","10","95.90",
="03304U","T50正2元富54售03","160,000","3","44,300","0.28","0.28","0.27","0.28","+","0.01","0.28","25","0.29","25","0.00",
="033050","采鈺永豐53購01","0","0","0","--","--","--","--"," ","0.00","1.32","499","1.33","10","264.00",
="033051","台虹永豐53購02","0","0","0","--","--","--","--"," ","0.00","0.96","499","0.97","10","51.80",
="033052","所羅門國泰53購01","10,000","2","21,180","2.13","2.13","2.11","2.11","-","0.25","2.01","499","2.03","380","162.00",
="033053","京元電國泰53購03","14,000","3","17,160","1.20","1.31","1.20","1.31","X","0.00","1.20","499","1.22","499","142.00",
="033054","晟銘電國泰53購02","38,000","5","58,840","1.62","1.62","1.38","1.38","-","0.05","1.36","499","1.38","370","133.00",
="033055","瀚宇博國泰53購01","477,000","10","1,193,820","2.72","2.72","2.35","2.35","-","0.13","2.35","499","2.37","100","81.70",
="033056","迅得國泰53購02","34,000","4","68,620","2.01","2.11","1.95","1.99","+","0.08","2.05","499","2.07","330","193.50",
="033057","健策第一56購01","0","0","0","--","--","--","--"," ","0.00","13.10","10","13.20","10","0.00",
="033058","道瓊銅凱基58購01","5,000","2","4,800","0.96","0.96","0.96","0.96","X","0.00","0.95","100","0.96","50","24.91",
="033059","中高息凱基53購01","43,000","7","38,120","0.88","0.90","0.86","0.86","-","0.14","0.84","110","0.85","50","13.96",
="03305U","T50正2群益4C售02","0","0","0","--","--","--","--"," ","0.00","0.30","25","0.31","10","0.00",
="033060","台泥凱基53購02","0","0","0","--","--","--","--"," ","0.00","1.13","100","1.15","10","22.80",
="033061","台化凱基54購01","0","0","0","--","--","--","--"," ","0.00","2.43","100","2.44","10","29.90",
="033062","允強凱基53購01","0","0","0","--","--","--","--"," ","0.00","0.58","10","0.59","10","20.90",
="033063","台達電凱基53購04","62,000","8","135,750","2.21","2.25","2.16","2.24","-","0.07","2.17","100","2.27","10","709.00",
="033064","華通凱基56購01","215,000","10","437,300","2.14","2.18","1.94","1.94","+","0.10","1.93","100","1.94","10","79.30",
="033065","鴻海凱基53購17","0","0","0","--","--","--","--"," ","0.00","1.33","100","1.34","10","206.00",
="033066","鴻海凱基53購18","0","0","0","--","--","--","--"," ","0.00","0.88","100","0.89","10","206.00",
="033067","鴻海凱基53購19","0","0","0","--","--","--","--"," ","0.00","0.97","100","0.98","10","206.00",
="033068","台積電凱基54購16","0","0","0","--","--","--","--"," ","0.00","0.95","100","0.96","10","1,160.00",
="033069","所羅門凱基53購03","35,000","5","67,360","1.81","2.01","1.76","1.76","-","0.14","1.64","100","1.74","10","162.00",
="03306U","亞力群益4C售01","61,000","1","61,610","1.01","1.01","1.01","1.01","-","0.07","0.47","21","--","0","0.00",
="033070","盟立凱基53購01","103,000","12","223,870","2.10","2.36","2.09","2.29","+","0.19","2.18","10","2.19","10","70.00",
="033071","志聖凱基53購01","149,000","13","439,910","2.92","3.24","2.72","2.72","-","0.18","2.66","100","2.68","10","201.50",
="033072","鉅祥凱基53購02","117,000","16","307,280","2.38","2.79","2.37","2.69","+","0.30","2.65","10","2.66","10","98.10",
="033073","宏達電凱基53購04","49,000","8","158,540","3.21","3.47","3.06","3.17","+","0.48","3.13","10","3.23","10","66.50",
="033074","亞光凱基53購06","66,000","3","114,880","1.69","1.83","1.69","1.81","+","0.15","1.60","100","1.62","10","164.00",
="033075","景碩凱基53購02","86,000","9","112,700","1.27","1.35","1.27","1.30","X","0.00","1.19","100","1.21","10","113.50",
="033076","創意凱基54購02","151,000","9","233,470","1.53","1.58","1.53","1.54","+","0.04","1.50","100","1.52","10","1,350.00",
="033077","健策凱基54購01","20,000","2","34,100","1.66","1.75","1.66","1.75","-","0.02","1.74","100","--","0","1,905.00",
="033078","神達凱基53購04","257,000","21","409,750","1.61","1.75","1.54","1.61","+","0.23","1.63","100","1.64","10","95.90",
="033079","臻鼎凱基54購02","285,000","33","482,850","1.64","1.73","1.62","1.69","+","0.07","1.68","60","1.69","10","194.00",
="03307U","所羅門群益4C售03","67,000","4","27,830","0.43","0.45","0.37","0.45","+","0.04","0.31","2","--","0","0.00",
="033080","臻鼎凱基54購03","177,000","17","340,160","1.87","1.98","1.87","1.93","+","0.05","1.92","100","1.94","10","194.00",
="033081","立積凱基54購02","145,000","19","208,900","1.29","1.71","1.29","1.71","+","0.42","1.79","100","--","0","158.00",
="033082","迅得凱基54購02","275,000","7","392,740","1.34","1.45","1.34","1.43","+","0.09","1.42","100","1.43","10","193.50",
="033083","采鈺凱基53購01","53,000","6","109,860","2.04","2.19","1.95","2.19","+","0.29","2.12","10","2.14","10","264.00",
="033084","富世達凱基54購06","0","0","0","--","--","--","--"," ","0.00","1.48","100","1.53","10","1,145.00",
="033085","昇陽半凱基54購02","85,000","6","178,030","2.06","2.12","2.04","2.10","+","0.13","2.05","100","2.07","10","152.50",
="033086","至上凱基53購01","28,000","2","42,280","1.51","1.51","1.51","1.51","X","0.00","1.47","10","1.48","10","44.35",
="033087","台灣50兆豐58購01","0","0","0","--","--","--","--"," ","0.00","0.70","10","0.71","10","52.50",
="033088","川湖兆豐53購03","4,000","2","3,360","0.83","0.85","0.83","0.85","+","0.01","0.83","10","0.84","10","2,925.00",
="033089","台達電兆豐53購02","15,000","1","16,350","1.09","1.09","1.09","1.09","-","0.02","1.04","10","1.05","10","709.00",
="03308U","長榮群益4C售03","62,000","2","87,440","1.43","1.43","1.41","1.41","-","0.11","1.48","10","1.58","10","0.00",
="033090","大同兆豐54購01","10,000","1","7,500","0.75","0.75","0.75","0.75","X","0.00","0.74","10","0.75","10","40.75",
="033091","聯發科兆豐55購01","0","0","0","--","--","--","--"," ","0.00","0.71","10","0.72","10","1,385.00",
="033092","景碩兆豐55購01","62,000","1","44,640","0.72","0.72","0.72","0.72","-","0.06","0.71","10","0.72","10","113.50",
="033093","采鈺兆豐54購01","201,000","9","150,320","0.75","0.77","0.70","0.74","X","0.00","0.73","10","0.74","10","264.00",
="033094","富世達兆豐54購02","10,000","1","12,300","1.23","1.23","1.23","1.23","X","0.00","1.22","10","1.23","10","1,145.00",
="033095","卜蜂群益52購01","7,000","2","5,860","0.84","0.84","0.82","0.82","+","0.01","0.78","25","0.84","10","133.50",
="033096","南亞群益52購04","41,000","3","69,580","1.70","1.72","1.61","1.61","-","0.29","1.56","10","1.66","10","43.00",
="033097","南亞群益53購03","0","0","0","--","--","--","--"," ","0.00","1.50","10","1.60","10","43.00",
="033098","劍麟群益54購01","118,000","13","157,030","1.51","1.51","1.20","1.34","X","0.00","0.59","20","--","0","113.50",
="033099","鴻海群益52購15","40,000","5","43,600","1.09","1.09","1.09","1.09","-","0.07","1.08","100","1.10","100","206.00",
="03309U","長榮群益4C售04","61,000","1","85,400","1.40","1.40","1.40","1.40","-","0.11","1.49","10","1.59","10","0.00",
="033100","廣宇群益53購02","41,000","5","124,920","3.00","3.11","2.86","2.86","-","0.02","2.89","10","2.99","10","60.90",
="033101","台積電群益54購23","0","0","0","--","--","--","--"," ","0.00","--","0","--","0","1,160.00",
="033102","智邦群益58購02","150,000","6","103,200","0.67","0.70","0.67","0.68","X","0.00","0.67","10","0.77","10","984.00",
="033103","所羅門群益52購02","0","0","0","--","--","--","--"," ","0.00","--","0","--","0","162.00",
="033104","金像電群益54購01","70,000","5","57,700","0.78","0.86","0.78","0.86","+","0.01","0.85","100","0.86","100","486.00",
="033105","京元電群益54購01","175,000","11","228,910","1.26","1.35","1.26","1.32","+","0.13","0.46","21","--","0","142.00",
="033106","京元電群益54購02","30,000","3","44,400","1.48","1.48","1.48","1.48","+","0.12","0.03","333","--","0","142.00",
="033107","宏達電群益53購02","339,000","44","1,094,020","3.29","3.47","2.98","3.16","-","0.24","1.57","12","5.10","10","66.50",
="033108","宏達電群益54購02","206,000","44","1,032,950","5.35","5.55","4.63","4.99","+","0.57","4.63","10","--","0","66.50",
="033109","長榮太群益53購04","164,000","4","206,880","1.38","1.40","1.18","1.18","-","0.18","0.55","18","--","0","180.00",
="03310U","陽明群益51售02","0","0","0","--","--","--","--"," ","0.00","2.03","10","2.13","10","0.00",
="033110","亞光群益52購05","0","0","0","--","--","--","--"," ","0.00","--","0","--","0","164.00",
="033111","德律群益52購05","1,420,000","4","1,077,400","0.79","0.79","0.75","0.77","-","0.06","0.74","10","0.84","10","206.00",
="033112","新日興群益56購01","337,000","7","340,760","0.87","1.11","0.87","1.04","+","0.18","0.42","23","1.34","1","259.00",
="033113","聯鈞群益52購05","49,000","5","119,590","2.51","2.53","2.33","2.33","-","0.45","0.96","10","--","0","202.00",
="033114","神達群益55購01","257,000","9","321,900","1.30","1.38","1.24","1.29","+","0.23","1.29","10","1.39","10","95.90",
="033115","鈞興群益53購01","21,000","3","30,270","1.37","1.47","1.37","1.37","+","0.06","1.35","25","1.36","10","200.00",
="033116","立積群益52購04","62,000","8","74,240","1.12","1.47","1.12","1.47","X","0.00","--","0","--","0","158.00",
="033117","亞翔群益52購02","0","0","0","--","--","--","--"," ","0.00","3.14","10","3.24","10","349.50",
="033118","矽力群益54購03","36,000","3","34,230","0.95","0.96","0.95","0.96"," ","0.00","0.91","10","1.01","10","317.00",
="033119","穎崴群益52購10","60,000","4","89,490","1.49","1.55","1.46","1.52","-","0.18","0.65","15","--","0","1,250.00",
="03311U","萬海群益52售02","0","0","0","--","--","--","--"," ","0.00","1.74","10","1.84","10","0.00",
="033120","緯穎群益52購12","0","0","0","--","--","--","--"," ","0.00","0.96","10","1.06","10","2,975.00",
="033121","AES群益52購05","148,000","14","217,800","1.35","1.54","1.35","1.53","+","0.23","0.54","18","--","0","1,350.00",
="033122","富世達群益58購01","1,000","1","810","0.81","0.81","0.81","0.81","X","0.00","0.81","100","0.86","100","1,145.00",
="033123","昇陽半群益52購04","200,000","27","557,730","2.70","2.86","2.60","2.79","+","0.11","1.14","17","--","0","152.50",
="033124","T50正2元大54購01","61,000","11","90,110","1.49","1.50","1.39","1.42","-","0.09","1.42","100","1.43","10","259.40",
="033125","T50正2元大55購02","6,000","1","13,560","2.26","2.26","2.26","2.26","-","0.03","2.14","499","2.15","10","259.40",
="033126","元黃金元大54購02","0","0","0","--","--","--","--"," ","0.00","0.71","499","0.72","100","37.00",
="033127","滬深2X元大53購08","0","0","0","--","--","--","--"," ","0.00","2.35","499","2.36","100","18.32",
="033128","滬深2X元大54購05","0","0","0","--","--","--","--"," ","0.00","2.07","499","2.08","100","18.32",
="033129","滬深2X元大57購04","42,000","7","91,750","2.19","2.19","2.17","2.17","-","0.44","2.16","256","2.17","89","18.32",
="03312U","雄獅群益51售02","0","0","0","--","--","--","--"," ","0.00","0.34","30","--","0","0.00",
="033130","道瓊銀元大53購02","0","0","0","--","--","--","--"," ","0.00","1.18","499","1.19","100","32.63",
="033131","南亞元大53購08","50,000","6","116,780","2.33","2.37","2.27","2.27","-","0.41","2.20","300","2.22","10","43.00",
="033132","南亞元大54購06","4,000","3","8,410","2.15","2.15","2.00","2.00","-","0.38","2.02","350","2.04","10","43.00",
="033133","華城元大54購14","0","0","0","--","--","--","--"," ","0.00","0.68","499","0.70","10","618.00",
="033134","和大元大53購02","49,000","3","99,150","1.59","2.34","1.59","2.34","X","0.00","2.35","6","--","0","72.90",
="033135","大亞元大53購02","87,000","14","214,770","2.31","2.67","2.31","2.47","+","0.08","2.37","350","2.40","10","43.00",
="033136","大成鋼元大54購06","10,000","1","17,800","1.78","1.78","1.78","1.78","X","0.00","1.65","400","1.67","10","38.60",
="033137","川湖元大54購01","171,000","5","246,480","1.40","1.47","1.38","1.47","+","0.06","1.41","499","1.43","10","2,925.00",
="033138","光寶科元大54購07","413,000","9","312,290","0.78","0.78","0.74","0.75","-","0.03","0.74","25","0.76","10","130.00",
="033139","美時統一51購01","0","0","0","--","--","--","--"," ","0.00","0.15","10","0.16","10","193.50",
="03313U","國泰金群益4C售01","1,000","1","960","0.96","0.96","0.96","0.96","+","0.02","0.96","9","1.06","10","0.00",
="033140","台達電元大54購06","126,000","12","408,650","3.21","3.33","3.15","3.33","-","0.26","3.19","25","3.22","10","709.00",
="033142","鴻海統一55購01","22,000","3","7,380","0.33","0.34","0.33","0.34"," ","0.00","0.33","101","0.34","28","206.00",
="033143","華通元大54購01","383,000","24","996,520","2.33","2.87","2.33","2.55","+","0.22","2.47","300","2.51","10","79.30",
="033144","鴻海元大53購09","524,000","3","450,640","0.86","0.86","0.86","0.86","-","0.07","0.88","499","0.89","10","206.00",
="033145","鴻海元大54購19","0","0","0","--","--","--","--"," ","0.00","0.87","499","0.88","10","206.00",
="033146","鴻準統一4B購01","15,000","2","1,250","0.09","0.09","0.08","0.08"," ","0.00","0.07","10","0.08","6","71.70",
="033148","台積電元大54購27","0","0","0","--","--","--","--"," ","0.00","0.06","68","--","0","1,160.00",
="03314U","精銳群益4C售01","0","0","0","--","--","--","--"," ","0.00","0.33","10","0.43","10","0.00",
="033150","燿華元大53購03","23,000","4","31,290","1.35","1.37","1.32","1.32","+","0.01","1.33","499","1.36","10","31.45",
="033151","聯發科統一55購01","176,000","5","100,380","0.58","0.58","0.57","0.57","-","0.01","0.56","10","0.57","10","1,385.00",
="033152","漢唐元大53購11","10,000","1","9,900","0.99","0.99","0.99","0.99","X","0.00","0.99","499","1.01","10","1,190.00",
="033153","全新元大53購02","10,000","1","10,400","1.04","1.04","1.04","1.04","-","0.06","0.97","499","0.99","10","153.50",
="033154","盟立元大53購03","68,000","7","130,530","1.88","2.00","1.88","1.95","+","0.10","1.90","400","1.92","10","70.00",
="033155","宏達電元大53購02","2,193,000","95","4,844,330","2.30","2.35","2.03","2.14","-","0.06","2.18","17","2.21","13","66.50",
="033156","宏達電元大54購04","227,000","22","1,104,870","5.05","5.05","4.72","4.72","+","0.24","4.78","10","4.83","10","66.50",
="033157","慧洋元大53購02","0","0","0","--","--","--","--"," ","0.00","1.36","499","1.39","10","61.80",
="033158","晶豪科統一49購02","0","0","0","--","--","--","--"," ","0.00","--","0","--","0","57.40",
="033159","威健統一49購02","0","0","0","--","--","--","--"," ","0.00","--","0","--","0","28.40",
="03315U","精銳群益4C售02","0","0","0","--","--","--","--"," ","0.00","0.51","10","0.61","10","0.00",
="033160","威健統一49購03","0","0","0","--","--","--","--"," ","0.00","--","0","--","0","28.40",
="033161","威健統一4B購01","0","0","0","--","--","--","--"," ","0.00","0.01","300","0.10","10","28.40",
="033163","慧洋元大53購03","129,000","5","201,860","1.57","1.59","1.56","1.56","+","0.01","1.47","499","1.50","10","61.80",
="033164","長榮太元大53購03","216,000","15","323,320","1.56","1.58","1.37","1.37","-","0.11","1.37","27","1.39","10","180.00",
="033165","大立光元大54購06","19,000","2","21,100","1.12","1.12","1.10","1.10","-","0.03","1.07","499","1.08","10","2,395.00",
="033167","至上統一49購01","0","0","0","--","--","--","--"," ","0.00","--","0","--","0","44.35",
="033168","華立元大53購01","22,000","3","14,980","0.68","0.69","0.68","0.69"," ","0.00","0.68","499","0.69","10","99.40",
="033169","亞光元大54購08","26,000","3","33,480","1.27","1.31","1.27","1.31","-","0.03","1.21","499","1.24","10","164.00",
="03316U","世紀鋼群益4C售05","0","0","0","--","--","--","--"," ","0.00","0.55","10","0.65","10","0.00",
="033170","健鼎元大53購03","0","0","0","--","--","--","--"," ","0.00","1.29","499","1.31","10","318.00",
="033171","華晶科元大53購03","0","0","0","--","--","--","--"," ","0.00","0.83","499","--","0","50.30",
="033172","景碩元大54購06","76,000","4","58,380","0.75","0.83","0.75","0.81","+","0.05","0.72","499","0.75","10","113.50",
="033173","新日興元大54購03","137,000","1","121,930","0.89","0.89","0.89","0.89","+","0.08","0.01","499","--","0","259.00",
="033174","京鼎元大53購03","151,000","4","291,550","1.92","1.96","1.91","1.96","-","0.06","1.95","400","1.99","10","290.00",
="033175","聯鈞元大54購01","91,000","6","119,680","1.38","1.39","1.28","1.28","-","0.22","1.25","499","1.27","10","202.00",
="033176","世芯元大54購17","0","0","0","--","--","--","--"," ","0.00","0.67","499","0.68","10","4,000.00",
="033177","南寶元大53購01","154,000","15","357,180","2.18","2.39","2.06","2.24","+","0.04","2.22","25","2.27","10","376.00",
="033178","臻鼎元大54購04","283,000","13","508,630","1.78","1.83","1.75","1.79","-","0.19","1.79","450","1.81","10","194.00",
="033179","立積元大53購02","342,000","4","316,280","0.80","0.97","0.80","0.97","+","0.18","1.10","499","--","0","158.00",
="03317U","群臺2X國票4C售01","0","0","0","--","--","--","--"," ","0.00","0.32","25","0.33","10","0.00",
="033180","立積元大53購03","566,000","11","587,930","0.96","1.17","0.96","1.17","+","0.20","1.25","499","--","0","158.00",
="033181","jpp元大54購01","0","0","0","--","--","--","--"," ","0.00","2.97","25","3.07","10","276.00",
="033182","佳必琪元大53購04","211,000","4","215,230","1.02","1.03","1.00","1.00","X","0.00","0.93","499","0.96","10","178.50",
="033183","迅得元大54購02","260,000","2","289,400","1.09","1.12","1.09","1.12","+","0.07","1.10","499","1.12","10","193.50",
="033184","緯穎元大54購16","13,000","1","23,140","1.78","1.78","1.78","1.78","+","0.02","1.72","25","1.74","10","2,975.00",
="033185","洋基元大53購05","310,000","11","324,140","1.16","1.16","1.03","1.04","-","0.18","0.97","499","0.98","10","476.00",
="033186","龍德船元大53購02","0","0","0","--","--","--","--"," ","0.00","1.61","450","1.64","10","146.00",
="033187","AES元大54購08","103,000","8","162,820","1.48","1.64","1.48","1.64","+","0.04","1.66","499","1.70","10","1,350.00",
="033188","泓德元大53購01","12,000","3","28,910","2.67","2.67","2.38","2.38","-","0.37","2.34","25","2.44","10","160.00",
="033189","菱光元大53購02","0","0","0","--","--","--","--"," ","0.00","2.18","350","2.20","10","61.50",
="03318U","聚陽國票51售01","0","0","0","--","--","--","--"," ","0.00","0.79","25","0.80","10","0.00",
="033190","南亞富邦54購03","133,000","7","83,560","0.66","0.66","0.62","0.62","-","0.12","0.58","10","0.59","10","0.00",
="033191","南亞富邦54購04","103,000","11","61,840","0.62","0.62","0.57","0.57","-","0.19","0.56","15","0.57","10","0.00",
="033192","南亞富邦55購02","156,000","11","93,660","0.63","0.63","0.56","0.56","-","0.17","0.55","35","0.56","4","0.00",
="033193","台化富邦55購01","0","0","0","--","--","--","--"," ","0.00","0.56","10","0.57","10","0.00",
="033194","中砂富邦53購02","0","0","0","--","--","--","--"," ","0.00","1.52","10","1.62","10","0.00",
="033195","台積電富邦53購07","0","0","0","--","--","--","--"," ","0.00","0.54","30","0.55","10","0.00",
="033196","精英富邦52購01","138,000","5","111,760","0.78","0.84","0.78","0.84","+","0.13","0.79","30","0.80","10","0.00",
="033197","鴻準富邦55購01","40,000","1","30,400","0.76","0.76","0.76","0.76","X","0.00","0.73","10","0.74","10","0.00",
="033198","燿華富邦54購02","722,000","40","539,520","0.73","0.78","0.69","0.73","+","0.02","0.73","10","0.74","10","0.00",
="033199","燿華富邦55購01","957,000","22","653,240","0.66","0.71","0.65","0.67","+","0.01","0.66","10","0.67","10","0.00",
="03319U","台達電國票4C售02","65,000","1","650","0.01","0.01","0.01","0.01"," ","0.00","0.01","100","0.02","40","0.00",
="033200","友達富邦52購01","243,000","11","207,330","0.81","0.87","0.81","0.87","+","0.04","0.88","30","0.89","10","0.00",
="033201","鉅祥富邦52購01","1,076,000","71","970,870","0.82","1.00","0.82","0.95","+","0.12","0.95","30","0.96","10","0.00",
="033202","新興富邦52購01","14,000","3","8,820","0.63","0.63","0.63","0.63","X","0.00","0.57","30","0.58","10","0.00",
="033203","慧洋富邦52購01","540,000","10","403,260","0.74","0.77","0.73","0.73","+","0.01","0.72","10","0.73","10","0.00",
="033204","長榮太富邦52購01","1,008,000","25","929,050","0.90","0.97","0.78","0.80","-","0.13","0.80","10","0.82","10","0.00",
="033205","嘉澤富邦54購01","912,000","21","819,990","0.86","0.95","0.85","0.95","+","0.04","0.92","10","0.93","10","0.00",
="033206","世芯富邦55購01","81,000","9","47,580","0.59","0.61","0.56","0.58","-","0.01","0.54","10","0.55","10","0.00",
="033207","神達富邦53購03","1,512,000","60","1,882,540","1.16","1.34","1.12","1.31","+","0.35","1.21","10","1.31","9","0.00",
="033208","臻鼎富邦54購03","2,168,000","95","2,238,750","1.02","1.08","0.99","1.04"," ","0.00","1.04","28","1.06","10","0.00",
="033209","臻鼎富邦54購04","903,000","49","1,063,540","1.17","1.21","1.13","1.18","+","0.02","1.17","10","1.18","10","0.00",
="03320U","萬海國票51售01","0","0","0","--","--","--","--"," ","0.00","1.52","25","1.63","10","0.00",
="033210","臻鼎富邦55購02","954,000","51","1,102,530","1.11","1.18","1.11","1.15","+","0.05","1.15","10","1.16","10","0.00",
="033211","瀚宇博富邦52購01","697,000","67","814,420","1.17","1.28","1.02","1.06","-","0.07","1.06","15","1.07","10","0.00",
="033212","迅得富邦55購01","438,000","22","342,480","0.77","0.80","0.76","0.78","+","0.05","0.77","10","0.78","10","0.00",
="033213","穎崴富邦55購01","233,000","5","136,600","0.55","0.60","0.52","0.60","+","0.12","0.59","10","0.60","10","0.00",
="033214","AES富邦54購01","752,000","37","547,720","0.68","0.78","0.66","0.77","+","0.11","0.75","10","0.76","10","0.00",
="033215","采鈺富邦52購01","979,000","22","1,344,770","1.28","1.48","1.28","1.48","+","0.30","1.40","10","1.41","10","0.00",
="033216","台灣50永豐53購08","0","0","0","--","--","--","--"," ","0.00","1.47","499","1.48","10","52.50",
="033217","台灣50永豐55購03","10,000","1","13,300","1.33","1.33","1.33","1.33","X","0.00","1.30","499","1.31","10","52.50",
="033218","宏達電永豐54購01","294,000","48","519,280","2.26","2.26","1.62","1.73","-","0.53","1.82","8","--","0","66.50",
="033219","世紀鋼永豐55購01","3,000","1","45,000","15.00","15.00","15.00","15.00","-","0.40","14.40","499","14.50","10","188.00",
="03321U","精成科國票53售02","20,000","2","4,300","0.22","0.22","0.21","0.21","X","0.00","0.12","100","0.21","10","0.00",
="033220","jpp兆豐54購01","214,000","5","442,920","2.13","2.13","2.05","2.07","X","0.00","2.09","10","2.10","10","276.00",
="033221","統一富邦52購01","419,000","12","338,770","0.75","0.82","0.75","0.82","+","0.03","0.83","10","0.84","10","0.00",
="033222","中鋼富邦54購01","371,000","7","357,010","0.94","0.97","0.94","0.96","-","0.07","0.98","10","0.99","10","0.00",
="033223","聯電富邦52購01","38,000","4","29,260","0.77","0.77","0.77","0.77","-","0.03","0.76","30","0.77","10","0.00",
="033224","國泰金富邦52購01","9,000","6","6,170","0.68","0.70","0.67","0.67","-","0.03","0.66","32","0.67","9","0.00",
="033225","元大金富邦52購01","146,000","4","118,640","0.80","0.83","0.80","0.83","X","0.00","0.84","30","0.85","10","0.00",
="033226","德律富邦52購02","380,000","23","334,400","0.90","0.90","0.86","0.86","-","0.07","0.84","10","0.85","10","0.00",
="033227","日月光富邦52購02","253,000","5","202,400","0.80","0.80","0.80","0.80","-","0.09","0.78","30","0.79","10","0.00",
="033228","台虹富邦52購01","55,000","5","34,950","0.62","0.65","0.62","0.65","+","0.01","0.61","10","0.63","10","0.00",
="033229","聯電國泰53購02","0","0","0","--","--","--","--"," ","0.00","1.12","499","1.13","499","40.60",
="03322U","台光電元大4C售04","0","0","0","--","--","--","--"," ","0.00","--","0","--","0","0.00",
="033230","南寶國泰53購01","213,000","11","348,520","1.56","1.74","1.50","1.64","+","0.03","1.62","499","1.64","99","376.00",
="033231","jpp國泰53購02","0","0","0","--","--","--","--"," ","0.00","3.18","10","3.24","10","276.00",
="033232","采鈺國泰53購01","0","0","0","--","--","--","--"," ","0.00","2.67","499","2.73","10","264.00",
="033233","采鈺國泰53購02","40,000","4","116,340","2.97","3.11","2.81","3.11","+","0.37","3.08","499","3.09","100","264.00",
="033234","台虹國泰53購01","10,000","2","13,800","1.38","1.38","1.38","1.38","+","0.01","1.34","499","1.35","380","51.80",
="033235","中興電元富52購01","2,000","1","2,660","1.33","1.33","1.33","1.33","+","0.07","1.39","25","1.41","25","167.00",
="033236","台達電元富52購05","24,000","2","75,920","3.14","3.18","3.14","3.18","+","0.12","3.11","25","3.21","10","709.00",
="033237","台達電元富52購06","252,000","27","545,160","2.27","2.27","2.09","2.20","-","0.19","2.12","25","2.22","10","709.00",
="033238","華通元富52購01","0","0","0","--","--","--","--"," ","0.00","2.24","25","2.25","25","79.30",
="033239","建準元富52購03","2,000","1","3,480","1.74","1.74","1.74","1.74","X","0.00","1.74","25","1.77","25","137.00",
="03323U","萬海元大4C售08","90,000","9","93,000","1.07","1.07","1.00","1.00","-","0.07","1.06","499","1.07","200","0.00",
="033240","欣興元富52購06","51,000","13","135,630","2.63","2.72","2.60","2.69","-","0.01","2.63","25","2.66","25","150.00",
="033241","緯創元富52購03","0","0","0","--","--","--","--"," ","0.00","0.93","25","0.94","25","115.00",
="033242","緯創元富52購04","0","0","0","--","--","--","--"," ","0.00","0.92","25","0.93","25","115.00",
="033243","神達元富52購07","417,000","26","736,000","1.71","1.91","1.71","1.76","+","0.20","1.78","25","1.79","25","95.90",
="033244","神達元富52購08","33,000","8","64,820","1.84","2.04","1.84","1.84","+","0.42","1.89","25","1.90","25","95.90",
="033245","佳必琪元富52購04","18,000","1","34,740","1.93","1.93","1.93","1.93","X","0.00","1.78","25","1.80","25","178.50",
="033246","鈺邦元富52購01","49,000","11","226,310","5.25","5.30","4.19","4.23","-","0.97","4.23","25","4.27","25","178.00",
="033247","穎崴元富52購03","10,000","1","19,600","1.96","1.96","1.96","1.96","X","0.00","1.01","10","--","0","1,250.00",
="033248","緯穎元富52購06","0","0","0","--","--","--","--"," ","0.00","1.46","25","1.47","25","2,975.00",
="033249","昇陽半元富52購05","0","0","0","--","--","--","--"," ","0.00","1.93","25","1.96","25","152.50",
="03324U","萬海元大4C售09","0","0","0","--","--","--","--"," ","0.00","1.16","499","1.17","200","0.00",
="033250","上証2X國票58購01","0","0","0","--","--","--","--"," ","0.00","2.16","25","2.17","10","45.30",
="033251","永光國票53購01","168,000","18","174,970","0.94","1.14","0.94","1.03","+","0.04","1.02","25","1.03","10","18.60",
="033252","為升國票53購02","48,000","5","118,520","2.10","2.52","1.96","2.52","+","0.52","2.46","25","2.51","10","102.00",
="033253","宇隆國票53購01","1,000","1","2,700","2.70","2.70","2.70","2.70","-","0.15","2.65","25","2.66","10","262.00",
="033254","金寶國票53購01","0","0","0","--","--","--","--"," ","0.00","1.15","25","1.16","10","19.05",
="033255","鴻海國票56購01","14,000","1","17,920","1.28","1.28","1.28","1.28","-","0.10","1.31","25","1.34","10","206.00",
="033256","金像電國票53購06","1,000","1","2,960","2.96","2.96","2.96","2.96","-","0.15","3.19","25","3.20","10","486.00",
="033257","宏達電國票54購02","209,000","13","738,070","3.70","3.70","3.30","3.45","+","0.55","3.44","25","3.46","10","66.50",
="033258","裕民國票53購01","0","0","0","--","--","--","--"," ","0.00","1.55","25","1.56","10","57.30",
="033259","大立光國票56購01","7,000","2","10,510","1.49","1.53","1.49","1.53","-","0.12","1.59","25","1.63","10","2,395.00",
="03325U","萬海元大4C售10","0","0","0","--","--","--","--"," ","0.00","1.57","450","1.67","10","0.00",
="033260","德律國票53購03","0","0","0","--","--","--","--"," ","0.00","1.95","25","1.96","10","206.00",
="033261","嘉澤國票57購01","3,000","1","5,220","1.74","1.74","1.74","1.74","X","0.00","1.78","25","1.79","10","1,465.00",
="033262","大銀國票53購01","0","0","0","--","--","--","--"," ","0.00","1.19","25","1.20","10","126.00",
="033263","富世達國票56購01","0","0","0","--","--","--","--"," ","0.00","1.41","25","1.43","10","1,145.00",
="033264","台虹國票53購01","90,000","1","199,800","2.22","2.22","2.22","2.22","+","0.09","2.16","25","2.18","10","51.80",
="033265","上証2X元大54購02","0","0","0","--","--","--","--"," ","0.00","6.15","499","6.20","100","45.30",
="033266","上証2X元大55購01","0","0","0","--","--","--","--"," ","0.00","4.62","499","4.64","100","45.30",
="033267","元金2X元大54購01","0","0","0","--","--","--","--"," ","0.00","1.66","499","1.67","100","58.65",
="033268","南亞元大53購09","5,000","3","13,210","2.70","2.70","2.55","2.63","-","0.36","2.54","250","2.56","10","43.00",
="033269","南亞元大54購07","8,000","1","19,200","2.40","2.40","2.40","2.40","-","0.23","2.24","300","2.26","10","43.00",
="03326U","萬海元大4C售11","0","0","0","--","--","--","--"," ","0.00","1.57","450","1.67","10","0.00",
="033270","華城元大54購15","41,000","6","120,440","2.97","2.97","2.88","2.95","+","0.09","2.81","250","2.83","10","618.00",
="033271","中砂元大53購01","21,000","3","81,960","3.88","4.07","3.84","4.07","+","0.22","4.04","25","4.11","10","347.00",
="033272","中砂元大54購04","226,000","13","291,920","1.23","1.42","1.23","1.42","+","0.15","1.34","25","1.37","10","347.00",
="033273","大成鋼元大54購07","31,000","3","76,070","2.38","2.51","2.38","2.51","-","0.63","2.31","300","2.34","10","38.60",
="033274","鴻海元大54購20","0","0","0","--","--","--","--"," ","0.00","1.10","499","1.11","10","206.00",
="033275","台積電元大54購28","20,000","1","17,200","0.86","0.86","0.86","0.86","X","0.00","--","0","--","0","1,160.00",
="033276","智邦元大54購10","0","0","0","--","--","--","--"," ","0.00","0.85","499","0.86","10","984.00",
="033277","所羅門元大53購04","49,000","8","69,260","1.39","1.50","1.38","1.40","-","0.07","1.29","499","1.32","10","162.00",
="033278","燿華元大53購04","59,000","9","140,950","2.39","2.48","2.26","2.35"," ","0.00","2.37","300","2.41","10","31.45",
="033279","金像電元大54購08","140,000","10","108,500","0.78","0.79","0.76","0.79"," ","0.00","0.83","499","0.84","10","486.00",
="03327U","萬海元大4C售12","0","0","0","--","--","--","--"," ","0.00","1.44","499","1.54","10","0.00",
="033280","大同元大53購02","5,000","1","9,750","1.95","1.95","1.95","1.95","X","0.00","1.95","400","1.97","10","40.75",
="033281","技嘉元大54購02","366,000","7","557,870","1.53","1.55","1.51","1.51","-","0.07","1.47","450","1.49","10","281.00",
="033282","強茂元大53購02","102,000","5","238,760","2.32","2.41","2.32","2.41","+","0.10","2.47","350","2.50","10","65.40",
="033283","宏達電元大54購05","224,000","18","936,070","4.31","4.32","3.87","3.99","+","0.47","4.07","10","4.12","10","66.50",
="033284","新興元大53購01","0","0","0","--","--","--","--"," ","0.00","1.90","400","1.92","10","23.65",
="033285","裕民元大53購01","0","0","0","--","--","--","--"," ","0.00","1.40","499","1.42","10","57.30",
="033286","裕民元大53購02","81,000","1","132,030","1.63","1.63","1.63","1.63","X","0.00","1.54","499","1.57","10","57.30",
="033287","慧洋元大53購04","151,000","10","291,030","1.91","1.97","1.91","1.91","-","0.01","1.83","400","1.86","10","61.80",
="033288","長榮太元大53購04","117,000","4","143,470","1.28","1.29","1.21","1.21","+","0.03","1.09","25","1.11","10","180.00",
="033289","大立光元大54購07","1,000","1","970","0.97","0.97","0.97","0.97","-","0.06","0.97","25","0.98","10","2,395.00",
="03328U","富邦金元大4C售01","0","0","0","--","--","--","--"," ","0.00","0.29","499","0.30","200","0.00",
="033290","德律元大54購04","0","0","0","--","--","--","--"," ","0.00","1.44","499","1.45","10","206.00",
="033291","智原元大53購01","31,000","2","22,740","0.72","0.74","0.72","0.74","+","0.01","0.73","499","0.75","10","158.00",
="033292","緯創元大54購11","2,000","1","2,820","1.41","1.41","1.41","1.41","-","0.04","0.53","18","--","0","115.00",
="033293","聯鈞元大54購02","88,000","6","148,500","1.73","1.73","1.67","1.69","-","0.17","1.59","400","1.61","10","202.00",
="033294","群創元大54購02","0","0","0","--","--","--","--"," ","0.00","1.35","499","1.38","10","14.15",
="033295","世芯元大54購18","137,000","8","466,350","3.44","3.49","3.36","3.37","-","0.11","3.30","200","3.33","10","4,000.00",
="033296","貿聯元大54購11","405,000","20","1,139,610","2.51","2.89","2.51","2.88","+","0.27","2.71","300","2.75","10","981.00",
="033297","南寶元大53購02","101,000","8","201,290","2.10","2.28","1.95","2.28","+","0.12","2.15","25","2.20","10","376.00",
="033298","南寶元大53購03","978,000","39","2,308,900","2.28","2.53","2.16","2.40","+","0.06","2.36","3","2.38","10","376.00",
="033299","臻鼎元大54購05","201,000","9","410,120","2.00","2.10","1.97","1.97","-","0.26","2.04","400","2.07","10","194.00",
="03329U","國泰金元大4C售02","35,000","2","37,350","1.05","1.07","1.05","1.07","+","0.04","1.07","469","1.08","200","0.00",
="033300","立積元大53購04","16,000","2","15,690","0.98","0.99","0.98","0.99","+","0.06","1.26","499","--","0","158.00",
="033301","祥碩元大54購04","22,000","10","24,940","1.14","1.17","1.12","1.12","-","0.05","1.12","25","1.13","10","1,665.00",
="033302","佳必琪元大53購05","158,000","2","212,700","1.35","1.35","1.34","1.34","X","0.00","1.26","499","1.29","10","178.50",
="033303","樺漢元大53購01","1,044,000","47","2,067,460","1.96","2.06","1.92","2.00","+","0.13","1.94","400","1.98","10","326.00",
="033304","矽力元大53購04","71,000","3","139,150","2.01","2.01","1.95","1.96","-","0.08","1.88","350","1.91","10","317.00",
="033305","迅得元大54購03","271,000","7","398,040","1.39","1.48","1.39","1.47","+","0.09","1.46","2","1.47","10","193.50",
="033306","台塑化元大54購01","1,000","1","2,380","2.38","2.38","2.38","2.38","-","0.48","2.37","300","2.38","10","40.75",
="033307","緯穎元大54購17","16,000","2","51,280","3.20","3.24","3.20","3.24","-","0.07","3.11","250","3.14","10","2,975.00",
="033308","龍德船元大53購03","275,000","18","435,170","1.61","1.76","1.51","1.55","-","0.04","1.55","5","1.58","10","146.00",
="033309","AES元大54購09","123,000","5","287,320","2.32","2.42","2.28","2.40","+","0.25","2.39","350","2.43","10","1,350.00",
="03330U","奇鋐元大4C售04","100,000","5","17,100","0.17","0.18","0.17","0.17","X","0.00","0.17","499","0.18","200","0.00",
="033310","采鈺元大53購01","93,000","8","200,980","2.06","2.27","2.03","2.27","+","0.40","2.17","400","2.20","10","264.00",
="033311","采鈺元大53購02","183,000","13","376,760","1.98","2.13","1.98","2.07","+","0.25","2.07","400","2.09","10","264.00",
="033312","富世達元大54購12","100,000","2","201,000","2.01","2.01","2.01","2.01","-","0.09","1.30","7","--","0","1,145.00",
="033313","台虹元大53購01","10,000","1","11,700","1.17","1.17","1.17","1.17","-","0.02","1.16","499","1.17","10","51.80",
="033314","台虹元大53購02","5,000","1","7,650","1.53","1.53","1.53","1.53","X","0.00","1.50","499","1.52","10","51.80",
="033315","臺股指元大53購17","0","0","0","--","--","--","--"," ","0.00","1.27","499","1.28","10","0.00",
="033316","臺股指元大55購10","10,000","1","19,200","1.92","1.92","1.92","1.92","-","0.09","1.92","1","--","0","0.00",
="033317","T50正2凱基55購03","0","0","0","--","--","--","--"," ","0.00","2.21","100","2.22","10","259.40",
="033318","滬深2X凱基56購03","0","0","0","--","--","--","--"," ","0.00","1.84","10","1.85","50","18.32",
="033319","南亞凱基54購02","374,000","8","475,130","1.30","1.31","1.23","1.23","-","0.25","1.21","100","1.22","30","43.00",
="03331U","精銳元大51售01","6,000","3","3,040","0.51","0.51","0.50","0.50","-","0.04","0.49","499","0.50","200","0.00",
="033320","大成鋼凱基54購02","0","0","0","--","--","--","--"," ","0.00","1.51","100","1.61","10","38.60",
="033321","光寶科凱基53購02","102,000","5","149,600","1.46","1.50","1.46","1.46","-","0.07","0.61","81","1.46","10","130.00",
="033322","鴻海凱基53購20","0","0","0","--","--","--","--"," ","0.00","1.37","100","1.38","10","206.00",
="033323","鴻海凱基53購21","0","0","0","--","--","--","--"," ","0.00","0.88","100","0.89","10","206.00",
="033324","台積電凱基53購37","10,000","1","9,200","0.92","0.92","0.92","0.92","X","0.00","0.80","100","0.81","10","1,160.00",
="033325","金像電凱基54購02","8,000","1","15,440","1.93","1.93","1.93","1.93","-","0.03","2.07","100","2.08","10","486.00",
="033326","建準凱基53購04","15,000","3","18,000","1.20","1.20","1.20","1.20","X","0.00","1.13","10","1.15","10","137.00",
="033327","京元電凱基53購06","0","0","0","--","--","--","--"," ","0.00","1.00","100","1.01","10","142.00",
="033328","全新凱基53購04","55,000","3","97,640","1.81","1.84","1.77","1.84","-","0.11","1.73","100","1.75","10","153.50",
="033329","慧洋凱基53購02","23,000","3","31,640","1.38","1.38","1.37","1.38","+","0.06","1.30","10","1.40","10","61.80",
="03332U","精成科元大4C售06","0","0","0","--","--","--","--"," ","0.00","0.03","498","0.13","50","0.00",
="033330","長榮太凱基53購02","3,000","2","6,850","2.25","2.30","2.25","2.30","+","0.12","1.94","100","2.04","10","180.00",
="033331","大立光凱基54購04","0","0","0","--","--","--","--"," ","0.00","1.41","100","1.43","10","2,395.00",
="033332","德律凱基53購02","5,000","3","8,640","1.74","1.74","1.71","1.71","-","0.14","1.64","100","--","0","206.00",
="033333","健鼎凱基53購02","49,000","6","71,160","1.45","1.48","1.44","1.44","-","0.11","1.36","100","1.37","10","318.00",
="033334","緯創凱基54購05","41,000","2","50,430","1.23","1.23","1.23","1.23","+","0.01","1.22","100","1.24","10","115.00",
="033335","新日興凱基56購01","723,000","18","837,880","1.02","1.30","1.02","1.22","+","0.23","1.17","100","1.27","10","259.00",
="033336","群創凱基56購01","145,000","7","219,900","1.51","1.58","1.51","1.58","+","0.50","1.57","100","1.59","10","14.15",
="033337","世芯凱基53購10","1,000","1","2,380","2.38","2.38","2.38","2.38","X","0.00","2.34","100","2.36","10","4,000.00",
="033338","臻鼎凱基54購04","186,000","18","426,980","2.26","2.34","2.25","2.30","+","0.05","2.29","44","2.31","10","194.00",
="033339","立積凱基53購01","226,000","20","371,030","1.44","1.91","1.44","1.91","+","0.51","1.94","100","--","0","158.00",
="03333U","精成科元大4C售07","4,000","2","480","0.12","0.12","0.12","0.12","X","0.00","0.01","498","0.12","10","0.00",
="033340","祥碩凱基53購02","64,000","2","76,480","1.20","1.20","1.19","1.19","-","0.06","1.20","100","1.30","10","1,665.00",
="033341","jpp凱基53購03","246,000","23","1,295,130","5.70","5.70","4.91","5.25","+","0.37","5.35","10","5.85","10","276.00",
="033342","亞翔凱基53購03","0","0","0","--","--","--","--"," ","0.00","2.59","100","2.61","10","349.50",
="033343","精成科凱基53購03","83,000","4","153,160","1.78","1.92","1.78","1.92","+","0.54","1.96","100","--","0","131.00",
="033344","佳必琪凱基53購02","0","0","0","--","--","--","--"," ","0.00","1.61","100","1.62","10","178.50",
="033345","鈺邦凱基53購02","110,000","17","219,670","2.16","2.16","1.84","1.85","-","0.39","1.84","10","1.85","9","178.00",
="033346","龍德船凱基53購02","1,000","1","2,170","2.17","2.17","2.17","2.17","+","0.14","2.06","100","2.16","10","146.00",
="033347","AES凱基53購03","46,000","2","72,360","1.56","1.58","1.56","1.58","+","0.11","1.55","100","1.57","10","1,350.00",
="033348","富世達凱基53購02","0","0","0","--","--","--","--"," ","0.00","1.35","100","1.40","10","1,145.00",
="033349","昇陽半凱基53購03","87,000","8","207,140","2.34","2.42","2.31","2.34","+","0.11","2.33","100","2.36","10","152.50",
="03334U","T50正2中信56售02","0","0","0","--","--","--","--"," ","0.00","0.54","100","0.55","100","0.00",
="033350","世紀鋼凱基53購03","0","0","0","--","--","--","--"," ","0.00","0.90","100","0.91","10","188.00",
="033351","上証2X群益54購01","0","0","0","--","--","--","--"," ","0.00","3.69","10","3.79","10","45.30",
="033352","台化群益52購03","0","0","0","--","--","--","--"," ","0.00","1.95","10","2.05","10","29.90",
="033353","台達電群益58購01","0","0","0","--","--","--","--"," ","0.00","1.31","15","--","0","709.00",
="033354","鴻海群益52購16","5,000","1","8,050","1.61","1.61","1.61","1.61","X","0.00","1.61","100","1.63","100","206.00",
="033355","所羅門群益52購03","11,000","1","20,350","1.85","1.85","1.85","1.85","-","0.34","1.04","49","2.90","10","162.00",
="033356","宏達電群益56購01","213,000","19","566,720","2.72","2.75","2.49","2.65","+","0.28","1.33","7","--","0","66.50",
="033357","晟銘電群益54購01","40,000","3","58,270","1.49","1.49","1.37","1.38","+","0.02","1.29","100","1.31","100","133.00",
="033358","亞光群益52購06","0","0","0","--","--","--","--"," ","0.00","0.08","125","--","0","164.00",
="033359","智原群益52購03","112,000","4","177,810","1.53","1.60","1.53","1.60","+","0.04","1.58","100","1.60","100","158.00",
="03335U","智邦永豐51售02","0","0","0","--","--","--","--"," ","0.00","0.38","499","0.39","10","0.00",
="033360","創意群益52購04","19,000","2","74,910","3.99","3.99","3.94","3.94","+","0.14","1.46","6","4.05","2","1,350.00",
="033361","神達群益54購04","472,000","23","645,840","1.32","1.47","1.27","1.36","+","0.25","1.36","10","1.46","10","95.90",
="033362","臻鼎群益52購06","45,000","8","172,480","3.82","3.93","3.71","3.82","-","0.06","3.86","10","3.96","10","194.00",
="033363","迅得群益52購01","92,000","6","191,710","1.95","2.14","1.95","2.07","+","0.17","2.06","10","2.16","10","193.50",
="033364","富世達群益52購09","1,000","1","2,820","2.82","2.82","2.82","2.82","X","0.00","2.99","100","3.09","100","1,145.00",
="033365","台虹群益52購01","0","0","0","--","--","--","--"," ","0.00","1.64","10","1.74","10","51.80",
="033366","緯穎兆豐52購01","47,000","1","60,160","1.28","1.28","1.28","1.28","-","0.02","1.27","10","1.28","10","2,975.00",
="033367","台塑富邦54購02","0","0","0","--","--","--","--"," ","0.00","0.91","10","0.92","10","0.00",
="033368","華通富邦53購01","200,000","12","260,370","1.21","1.48","1.21","1.27","X","0.00","1.26","10","1.27","10","0.00",
="033369","和碩富邦52購01","110,000","3","109,900","1.00","1.00","0.99","0.99","+","0.02","0.96","10","0.97","10","0.00",
="03336U","聯電元富4C售02","0","0","0","--","--","--","--"," ","0.00","1.62","25","1.63","25","0.00",
="033370","亞翔富邦53購01","34,000","4","41,460","1.29","1.29","1.17","1.17","-","0.15","1.16","10","1.17","10","0.00",
="033372","南電富邦54購01","114,000","10","231,090","1.95","2.15","1.83","2.15","+","0.61","2.20","30","--","0","0.00",
="033373","世紀鋼富邦52購03","129,000","14","109,780","0.86","0.86","0.84","0.86","-","0.02","0.83","10","0.84","10","0.00",
="033374","元金2X國泰53購01","0","0","0","--","--","--","--"," ","0.00","1.71","499","1.73","100","58.65",
="033375","中砂國泰53購02","201,000","3","357,780","1.78","1.78","1.78","1.78","X","0.00","1.71","10","1.72","10","347.00",
="033377","鴻海統一4A購01","221,000","6","93,050","0.42","0.45","0.42","0.45","-","0.02","0.43","10","0.44","10","206.00",
="033378","鴻海統一55購02","327,000","10","78,080","0.24","0.24","0.23","0.23","-","0.02","0.23","70","0.24","100","206.00",
="033379","晟銘電國泰53購03","0","0","0","--","--","--","--"," ","0.00","1.82","499","1.85","250","133.00",
="03337U","台光電元富4C售02","0","0","0","--","--","--","--"," ","0.00","0.07","25","0.10","10","0.00",
="033380","光罩統一49購01","0","0","0","--","--","--","--"," ","0.00","--","0","--","0","41.45",
="033381","亞光國泰53購06","18,000","1","29,880","1.66","1.66","1.66","1.66","-","0.05","1.61","499","1.63","100","164.00",
="033382","群創國泰53購01","218,000","7","372,890","1.75","1.84","1.69","1.69","X","0.00","1.75","499","1.78","499","14.15",
="033383","滬深2X國票62購01","410,000","5","524,950","1.28","1.33","1.28","1.30","-","0.21","1.27","25","1.28","10","18.32",
="033384","美律統一49購01","0","0","0","--","--","--","--"," ","0.00","--","0","--","0","107.50",
="033385","統一國票52購01","18,000","2","33,870","1.79","1.90","1.79","1.90","X","0.00","1.88","25","1.89","10","77.70",
="033386","廣宇國票53購01","0","0","0","--","--","--","--"," ","0.00","2.99","25","3.00","10","60.90",
="033388","華邦電國票56購01","6,000","1","10,260","1.71","1.71","1.71","1.71","-","0.12","1.74","25","1.75","10","19.60",
="033389","威盛國票53購01","28,000","4","48,280","1.83","1.83","1.70","1.70","-","0.19","1.72","25","1.74","10","62.00",
="03338U","台光電國票51售01","0","0","0","--","--","--","--"," ","0.00","0.11","25","0.12","10","0.00",
="033390","南亞科國票53購02","10,000","4","22,720","2.38","2.38","2.18","2.19","X","0.00","2.14","25","2.15","10","46.65",
="033391","宏達電國票54購03","146,000","17","353,100","2.52","2.57","2.19","2.33","+","0.13","2.32","25","2.34","10","66.50",
="033392","宏達電國票56購01","26,000","2","72,300","2.80","2.80","2.75","2.75","X","0.00","2.70","25","2.71","10","66.50",
="033393","宏達電國票58購01","22,000","6","61,780","2.86","2.86","2.76","2.81","+","0.45","2.72","25","2.73","10","66.50",
="033394","長榮國票53購03","59,000","1","56,640","0.96","0.96","0.96","0.96","+","0.05","0.90","25","0.91","10","188.00",
="033395","材料統一49購02","5,000","1","2,250","0.45","0.45","0.45","0.45","+","0.03","0.42","10","0.45","10","67.70",
="033396","達發統一51購01","0","0","0","--","--","--","--"," ","0.00","0.07","10","0.10","10","556.00",
="033398","永豐金國票54購01","18,000","1","14,220","0.79","0.79","0.79","0.79","-","0.05","0.80","25","0.81","10","23.60",
="033399","神基國票54購02","512,000","13","827,720","1.51","1.74","1.47","1.56","+","0.25","1.55","25","1.56","10","157.00",
="03339U","南亞科國票51售01","0","0","0","--","--","--","--"," ","0.00","0.52","25","0.53","10","0.00",
="033400","聯鈞國票53購01","0","0","0","--","--","--","--"," ","0.00","1.92","25","1.93","10","202.00",
="033401","群創國票52購02","20,000","1","19,400","0.97","0.97","0.97","0.97","X","0.00","1.05","25","1.06","10","14.15",
="033402","群創國票54購01","0","0","0","--","--","--","--"," ","0.00","0.88","25","0.89","10","14.15",
="033403","貿聯國票53購04","42,000","5","51,630","1.21","1.26","1.19","1.19","+","0.12","1.13","25","1.14","10","981.00",
="033404","鈞興國票52購01","50,000","4","80,530","1.59","1.64","1.59","1.60","X","0.00","1.51","25","1.52","10","200.00",
="033405","鈞興國票53購01","50,000","6","77,250","1.46","1.58","1.46","1.46","+","0.03","1.45","25","1.46","10","200.00",
="033406","材料國票53購02","5,000","5","10,970","2.22","2.22","2.17","2.18","X","0.00","2.17","25","2.18","10","67.70",
="033407","啟碁國票5A購01","90,000","3","131,900","1.47","1.47","1.46","1.46","-","0.07","1.45","25","1.46","10","127.00",
="033408","矽力中信58購01","15,000","2","14,350","0.96","0.96","0.95","0.95","-","0.02","0.92","499","0.93","10","0.00",
="033409","滬深2X永豐52購05","0","0","0","--","--","--","--"," ","0.00","1.86","499","1.96","10","18.32",
="03340U","志聖國票51售01","50,000","4","10,250","0.19","0.23","0.16","0.23","-","0.01","0.23","25","0.24","10","0.00",
="033410","滬深2X永豐52購06","0","0","0","--","--","--","--"," ","0.00","1.50","499","1.51","10","18.32",
="033411","滬深2X永豐52購07","0","0","0","--","--","--","--"," ","0.00","1.19","499","1.29","10","18.32",
="033412","台化永豐54購02","0","0","0","--","--","--","--"," ","0.00","1.88","499","1.89","10","29.90",
="033413","台積電永豐58購02","0","0","0","--","--","--","--"," ","0.00","1.07","499","1.17","10","1,160.00",
="033414","台積電永豐58購03","0","0","0","--","--","--","--"," ","0.00","1.44","499","1.54","10","1,160.00",
="033415","神基永豐53購01","58,000","3","70,020","1.21","1.23","1.19","1.23","+","0.19","1.22","10","1.23","10","157.00",
="033416","緯創永豐55購02","5,000","2","37,500","7.40","7.65","7.40","7.65","X","0.00","7.40","499","7.65","10","115.00",
="033417","群創永豐54購01","11,000","1","18,260","1.66","1.66","1.66","1.66","X","0.00","1.69","499","1.71","10","14.15",
="033418","神達永豐55購02","0","0","0","--","--","--","--"," ","0.00","1.43","499","1.44","10","95.90",
="033419","神達永豐55購03","0","0","0","--","--","--","--"," ","0.00","1.28","499","1.29","10","95.90",
="03341U","日電貿國票4C售02","0","0","0","--","--","--","--"," ","0.00","1.12","25","1.13","10","0.00",
="033420","瑞儀永豐53購01","254,000","13","299,140","1.17","1.21","1.16","1.17","+","0.01","1.12","10","1.16","10","143.00",
="033421","鈺邦永豐53購02","272,000","3","362,600","1.32","1.37","1.32","1.37","-","0.23","1.34","10","1.35","10","178.00",
="033422","滬深2X凱基53購02","0","0","0","--","--","--","--"," ","0.00","2.54","10","2.55","50","18.32",
="033423","台塑凱基54購05","0","0","0","--","--","--","--"," ","0.00","1.47","100","1.48","10","39.10",
="033424","台化凱基53購03","0","0","0","--","--","--","--"," ","0.00","1.39","100","1.40","10","29.90",
="033425","中砂凱基53購02","35,000","2","48,800","1.37","1.54","1.37","1.54","+","0.16","1.46","100","1.47","10","347.00",
="033426","川湖凱基53購02","0","0","0","--","--","--","--"," ","0.00","2.47","100","2.49","10","2,925.00",
="033427","宇隆凱基53購03","10,000","2","25,000","2.50","2.50","2.50","2.50","X","0.00","2.20","10","2.30","10","262.00",
="033428","台達電凱基54購02","10,000","2","31,250","3.16","3.16","3.09","3.09","X","0.00","3.11","100","3.21","10","709.00",
="033429","鴻海凱基53購22","0","0","0","--","--","--","--"," ","0.00","1.36","100","1.37","10","206.00",
="03342U","迎廣國票51售01","0","0","0","--","--","--","--"," ","0.00","0.80","25","0.81","10","0.00",
="033430","鴻海凱基53購23","0","0","0","--","--","--","--"," ","0.00","1.09","100","1.10","10","206.00",
="033431","鴻海凱基54購15","0","0","0","--","--","--","--"," ","0.00","1.95","100","1.96","10","206.00",
="033432","燿華凱基53購03","28,000","6","73,650","2.64","2.82","2.51","2.82","+","0.09","2.67","100","2.69","10","31.45",
="033433","大同凱基53購01","9,000","1","14,850","1.65","1.65","1.65","1.65","X","0.00","1.62","10","1.63","10","40.75",
="033434","志聖凱基53購02","50,000","11","109,460","1.99","2.33","1.99","2.07","+","0.39","1.78","103","1.80","10","201.50",
="033435","強茂凱基53購03","12,000","3","24,520","2.00","2.19","2.00","2.19","-","0.04","2.18","100","2.19","10","65.40",
="033436","強茂凱基54購01","55,000","6","133,250","2.36","2.53","2.36","2.53","+","0.03","2.52","100","2.53","10","65.40",
="033437","裕民凱基53購02","22,000","2","35,620","1.57","1.63","1.57","1.63","X","0.00","1.54","10","1.56","10","57.30",
="033438","神基凱基58購01","237,000","12","537,870","2.07","2.36","2.07","2.32","+","0.28","2.22","100","2.25","10","157.00",
="033439","聯鈞凱基54購01","11,000","2","22,610","2.07","2.07","2.05","2.05","-","0.18","1.91","100","1.92","10","202.00",
="03343U","昇陽半國票51售02","30,000","1","12,000","0.40","0.40","0.40","0.40","-","0.01","0.39","25","0.40","10","0.00",
="033440","嘉澤凱基57購01","2,000","1","2,940","1.47","1.47","1.47","1.47","X","0.00","1.44","100","1.45","10","1,465.00",
="033441","貿聯凱基54購04","196,000","6","121,240","0.62","0.65","0.60","0.60","+","0.03","0.59","100","0.69","10","981.00",
="033442","神達凱基54購05","204,000","15","349,940","1.73","1.80","1.63","1.70","+","0.24","1.73","100","1.74","10","95.90",
="033443","南寶凱基53購01","157,000","9","289,530","1.86","1.92","1.78","1.78","+","0.04","1.77","10","1.79","10","376.00",
="033444","臻鼎凱基54購05","121,000","14","319,260","2.64","2.68","2.56","2.60","-","0.29","2.61","100","2.63","10","194.00",
="033445","祥碩凱基53購03","216,000","4","312,110","1.47","1.53","1.44","1.46","-","0.05","1.45","100","1.49","10","1,665.00",
="033446","穎崴凱基54購03","0","0","0","--","--","--","--"," ","0.00","2.00","100","2.10","10","1,250.00",
="033447","緯穎凱基53購08","0","0","0","--","--","--","--"," ","0.00","1.79","100","1.80","10","2,975.00",
="033448","AES凱基54購03","33,000","1","35,970","1.09","1.09","1.09","1.09","X","0.00","1.07","100","1.08","10","1,350.00",
="033449","采鈺凱基53購02","252,000","7","623,180","2.38","2.51","2.38","2.47","X","0.00","2.41","10","2.43","10","264.00",
="03344U","臺股指富邦51售11","469,000","11","157,280","0.33","0.36","0.33","0.34","+","0.02","0.34","499","0.35","98","0.00",
="033450","富世達凱基58購02","0","0","0","--","--","--","--"," ","0.00","1.76","100","1.80","10","1,145.00",
="033451","台虹凱基53購01","0","0","0","--","--","--","--"," ","0.00","1.39","10","1.40","10","51.80",
="033452","世紀鋼凱基53購04","0","0","0","--","--","--","--"," ","0.00","0.95","100","0.96","10","188.00",
="033453","滬深2X元富52購01","0","0","0","--","--","--","--"," ","0.00","1.89","25","1.99","10","18.32",
="033454","滬深2X元富52購02","0","0","0","--","--","--","--"," ","0.00","1.42","25","1.52","10","18.32",
="033455","SP黃豆元富52購01","0","0","0","--","--","--","--"," ","0.00","0.70","25","0.71","25","20.50",
="033456","華泰元富52購01","5,000","1","15,600","3.12","3.12","3.12","3.12","+","0.04","3.07","25","3.08","25","44.70",
="033457","飛宏元富52購01","0","0","0","--","--","--","--"," ","0.00","2.77","26","--","0","26.10",
="033458","亞光元富52購04","0","0","0","--","--","--","--"," ","0.00","2.25","25","2.35","10","164.00",
="033459","玉晶光元富52購03","1,000","1","2,040","2.04","2.04","2.04","2.04","+","0.17","2.05","25","2.06","25","461.50",
="03345U","臺股指富邦52售08","0","0","0","--","--","--","--"," ","0.00","0.43","499","0.44","100","0.00",
="033460","臻鼎元富52購01","57,000","6","185,510","3.20","3.31","3.17","3.25","-","0.15","3.23","25","3.25","25","194.00",
="033461","臻鼎元富52購02","125,000","19","400,290","3.13","3.31","3.12","3.26","+","0.14","3.26","6","3.36","10","194.00",
="033462","達興元富52購02","518,000","29","1,743,550","3.09","3.57","3.00","3.34","+","0.54","3.27","25","3.28","25","387.00",
="033463","緯穎元富55購05","0","0","0","--","--","--","--"," ","0.00","1.20","25","1.21","25","2,975.00",
="033464","台虹元富52購01","20,000","2","42,700","2.14","2.14","2.13","2.13","X","0.00","2.10","25","2.11","25","51.80",
="033465","元黃金元大54購03","0","0","0","--","--","--","--"," ","0.00","1.34","499","1.35","100","37.00",
="033466","美指反元大58購01","10,000","1","6,100","0.61","0.61","0.61","0.61","+","0.01","0.60","250","0.61","100","15.76",
="033467","南亞元大53購10","56,000","7","137,150","2.48","2.50","2.35","2.35","-","0.57","2.33","300","2.35","10","43.00",
="033468","南亞元大54購08","4,000","1","7,600","1.90","1.90","1.90","1.90","-","0.40","1.89","350","1.91","10","43.00",
="033469","中興電元大54購01","5,000","2","5,470","1.07","1.10","1.07","1.10","X","0.00","1.09","499","1.10","10","167.00",
="03346U","群臺2X凱基4C售01","0","0","0","--","--","--","--"," ","0.00","0.33","100","0.34","10","0.00",
="033470","永光元大53購01","55,000","16","77,030","1.31","1.53","1.28","1.41","+","0.07","1.35","499","1.37","10","18.60",
="033471","川湖元大54購02","0","0","0","--","--","--","--"," ","0.00","0.61","499","0.63","10","2,925.00",
="033472","台達電元大54購07","92,000","11","248,100","2.72","2.76","2.62","2.72","-","0.25","2.68","25","2.70","10","709.00",
="033473","華通元大54購02","7,000","1","5,530","0.79","0.79","0.79","0.79","X","0.00","0.78","499","0.79","10","79.30",
="033474","鴻海元大54購21","0","0","0","--","--","--","--"," ","0.00","0.96","499","0.97","10","206.00",
="033475","廣宇元大54購03","337,000","20","373,480","1.17","1.20","1.05","1.11","+","0.03","1.09","499","1.11","10","60.90",
="033476","台積電元大54購29","30,000","1","43,200","1.44","1.44","1.44","1.44","-","0.04","0.56","17","--","0","1,160.00",
="033477","智邦元大54購11","0","0","0","--","--","--","--"," ","0.00","0.90","499","0.92","10","984.00",
="033478","所羅門元大53購05","37,000","3","46,710","1.39","1.39","1.22","1.22","-","0.12","1.18","499","1.20","10","162.00",
="033479","威盛元大53購01","4,000","2","3,820","0.97","0.97","0.95","0.95","-","0.08","0.93","499","0.94","10","62.00",
="03347U","東陽凱基4C售01","23,000","1","48,300","2.10","2.10","2.10","2.10","X","0.00","2.10","10","2.13","10","0.00",
="033480","威盛元大53購02","24,000","6","27,040","1.11","1.14","1.10","1.10","-","0.04","1.07","499","1.08","10","62.00",
="033481","南亞科元大54購03","0","0","0","--","--","--","--"," ","0.00","0.62","499","0.63","10","46.65",
="033482","立隆電元大53購01","688,000","13","1,118,740","1.64","1.66","1.58","1.60"," ","0.00","1.60","450","1.61","10","86.60",
="033483","強茂元大53購03","4,000","1","7,400","1.85","1.85","1.85","1.85","X","0.00","1.96","400","2.00","10","65.40",
="033484","強茂元大53購04","486,000","10","951,820","1.95","2.09","1.80","2.08","+","0.13","2.09","400","2.12","10","65.40",
="033485","宏達電元大53購03","1,428,000","79","1,764,520","1.34","1.34","1.13","1.24","+","0.09","1.22","25","1.24","9","66.50",
="033486","宏達電元大54購06","779,000","34","892,160","1.17","1.18","1.06","1.13","+","0.08","1.13","25","1.15","10","66.50",
="033487","長榮太元大53購05","99,000","7","135,470","1.35","1.37","1.32","1.32"," ","0.00","1.19","499","1.21","10","180.00",
="033488","亞光元大54購09","4,000","3","4,220","1.08","1.08","1.03","1.03","-","0.01","1.01","1","1.02","10","164.00",
="033489","德律元大54購05","18,000","1","28,800","1.60","1.60","1.60","1.60","-","0.08","1.56","450","1.58","10","206.00",
="03348U","亞德客凱基4C售01","0","0","0","--","--","--","--"," ","0.00","2.29","100","2.32","10","0.00",
="033490","創意元大53購05","0","0","0","--","--","--","--"," ","0.00","--","0","--","0","1,350.00",
="033491","創意元大54購06","0","0","0","--","--","--","--"," ","0.00","0.31","32","1.28","5","1,350.00",
="033492","群創元大53購03","93,000","17","90,030","0.89","1.06","0.89","1.03","X","0.00","1.03","499","1.05","10","14.15",
="033493","群創元大54購03","169,000","18","165,290","0.88","1.03","0.88","1.03","X","0.00","1.02","499","1.03","3","14.15",
="033494","世芯元大54購19","2,000","2","5,920","2.95","2.97","2.95","2.97","-","0.03","2.87","250","2.90","10","4,000.00",
="033495","神達元大54購08","0","0","0","--","--","--","--"," ","0.00","1.40","499","1.42","10","95.90",
="033496","鈞興元大53購01","99,000","7","129,140","1.26","1.34","1.26","1.27","+","0.06","1.23","499","1.24","10","200.00",
="033497","臻鼎元大53購05","121,000","8","233,080","1.90","1.94","1.88","1.88","+","0.04","1.92","400","1.94","10","194.00",
="033498","臻鼎元大54購06","186,000","10","354,080","1.89","1.96","1.86","1.86","-","0.03","1.90","400","1.92","10","194.00",
="033499","立積元大54購02","150,000","14","98,070","0.62","0.77","0.62","0.77","+","0.14","0.79","499","--","0","158.00",
="03349U","台達電凱基4C售01","0","0","0","--","--","--","--"," ","0.00","0.01","200","0.02","300","0.00",
="033500","祥碩元大54購05","53,000","7","53,310","1.02","1.02","0.99","0.99","-","0.04","0.99","12","1.18","1","1,665.00",
="033501","亞翔元大54購08","19,000","2","56,930","3.02","3.02","2.97","2.97","-","0.06","2.68","250","2.70","10","349.50",
="033502","精成科元大54購07","0","0","0","--","--","--","--"," ","0.00","1.60","499","--","0","131.00",
="033503","佳必琪元大53購06","0","0","0","--","--","--","--"," ","0.00","0.88","499","0.91","10","178.50",
="033504","迅得元大54購04","104,000","10","147,370","1.37","1.49","1.37","1.49","+","0.11","1.43","499","1.45","10","193.50",
="033505","台塑化元大53購01","0","0","0","--","--","--","--"," ","0.00","1.34","499","1.35","10","40.75",
="033506","緯穎元大54購18","2,000","1","5,340","2.67","2.67","2.67","2.67","X","0.00","2.55","300","2.58","10","2,975.00",
="033507","AES元大54購10","0","0","0","--","--","--","--"," ","0.00","1.64","499","1.68","10","1,350.00",
="033508","富世達元大53購06","0","0","0","--","--","--","--"," ","0.00","--","0","--","0","1,145.00",
="033509","富世達元大54購13","0","0","0","--","--","--","--"," ","0.00","--","0","--","0","1,145.00",
="03350U","鴻海凱基4C售07","0","0","0","--","--","--","--"," ","0.00","0.10","100","0.11","10","0.00",
="033510","臺股指元大52購19","0","0","0","--","--","--","--"," ","0.00","1.26","499","1.27","10","0.00",
="033511","臺股指元大52購20","0","0","0","--","--","--","--"," ","0.00","1.10","499","1.11","10","0.00",
="033512","滬深2X群益56購01","0","0","0","--","--","--","--"," ","0.00","0.10","10","--","0","18.32",
="033513","中砂群益52購05","0","0","0","--","--","--","--"," ","0.00","--","0","--","0","347.00",
="033514","為升群益52購01","20,000","3","30,000","1.56","1.56","1.46","1.46","+","0.39","1.33","10","--","0","102.00",
="033515","光寶科群益53購03","36,000","3","39,240","1.09","1.09","1.09","1.09","-","0.06","0.43","23","--","0","130.00",
="033516","廣宇群益53購03","20,000","1","28,200","1.41","1.41","1.41","1.41","+","0.04","1.35","10","1.45","10","60.90",
="033517","台積電群益53購05","0","0","0","--","--","--","--"," ","0.00","0.07","58","--","0","1,160.00",
="033518","金像電群益52購05","54,000","5","123,080","2.26","2.46","2.26","2.46","+","0.07","2.46","100","2.48","100","486.00",
="033519","建準群益52購02","0","0","0","--","--","--","--"," ","0.00","--","0","--","0","137.00",
="03351U","台光電凱基4C售02","0","0","0","--","--","--","--"," ","0.00","0.09","100","0.10","50","0.00",
="033520","京元電群益54購03","16,000","4","15,780","0.99","1.00","0.97","0.98","+","0.07","--","0","--","0","142.00",
="033521","全新群益52購04","119,000","6","461,370","3.86","4.02","3.86","3.86","-","0.30","2.00","40","--","0","153.50",
="033522","宏達電群益56購02","134,000","14","249,780","1.92","1.93","1.75","1.86","+","0.22","1.70","1","--","0","66.50",
="033523","宏達電群益56購03","128,000","9","278,330","2.22","2.22","2.05","2.13","+","0.27","1.07","9","--","0","66.50",
="033524","大立光群益55購01","0","0","0","--","--","--","--"," ","0.00","0.88","10","0.98","10","2,395.00",
="033525","威強電群益52購01","0","0","0","--","--","--","--"," ","0.00","1.78","10","1.88","10","70.90",
="033526","智原群益53購01","129,000","8","195,070","1.48","1.53","1.48","1.51","+","0.01","1.50","100","1.52","100","158.00",
="033527","健鼎群益52購03","33,000","3","67,630","2.01","2.09","1.98","1.98","-","0.14","1.89","100","1.94","100","318.00",
="033528","緯創群益52購04","0","0","0","--","--","--","--"," ","0.00","--","0","--","0","115.00",
="033529","新日興群益52購03","256,000","29","898,240","3.00","4.06","2.98","3.65","+","0.62","1.20","8","--","0","259.00",
="03352U","啟碁凱基51售01","0","0","0","--","--","--","--"," ","0.00","0.50","100","0.51","10","0.00",
="033530","群創群益54購01","320,000","3","302,000","0.94","1.01","0.94","1.01","+","0.17","1.10","100","1.13","100","14.15",
="033531","群創群益56購01","210,000","4","196,260","0.93","1.09","0.93","1.09","+","0.23","1.08","100","1.10","100","14.15",
="033532","臻鼎群益52購07","13,000","2","20,170","1.59","1.59","1.54","1.54","+","0.02","0.76","43","1.67","10","194.00",
="033533","祥碩群益52購03","0","0","0","--","--","--","--"," ","0.00","0.07","6","--","0","1,665.00",
="033534","亞翔群益52購03","2,000","2","5,450","2.77","2.77","2.68","2.68","-","0.18","2.57","10","2.67","10","349.50",
="033535","精成科群益58購01","35,000","3","52,500","1.52","1.52","1.45","1.45","+","0.30","1.26","3","--","0","131.00",
="033536","佳必琪群益52購04","3,000","1","5,460","1.82","1.82","1.82","1.82","X","0.00","1.66","10","1.76","10","178.50",
="033537","樺漢群益52購01","111,000","16","153,420","1.37","1.44","1.33","1.39","+","0.12","1.18","20","--","0","326.00",
="033538","樺漢群益53購01","1,000","1","1,450","1.45","1.45","1.45","1.45","X","0.00","--","0","--","0","326.00",
="033539","台塑化群益52購02","0","0","0","--","--","--","--"," ","0.00","1.30","10","1.40","10","40.75",
="03353U","聯電元大4C售01","0","0","0","--","--","--","--"," ","0.00","0.96","499","0.97","200","0.00",
="033540","菱光群益52購01","0","0","0","--","--","--","--"," ","0.00","1.97","25","1.98","10","61.50",
="033541","世紀鋼群益52購03","2,000","1","3,420","1.71","1.71","1.71","1.71","X","0.00","1.68","10","1.78","10","188.00",
="033542","南亞統一58購02","46,000","2","32,200","0.70","0.70","0.70","0.70","-","0.10","0.65","10","0.66","10","43.00",
="033543","華新統一58購03","46,000","4","29,620","0.63","0.66","0.63","0.64","-","0.01","0.64","10","0.65","10","23.35",
="033544","華新統一58購04","25,000","1","17,250","0.69","0.69","0.69","0.69","X","0.00","0.67","10","0.68","10","23.35",
="033545","允強統一58購01","0","0","0","--","--","--","--"," ","0.00","0.53","10","0.54","10","20.90",
="033546","台達電統一58購02","356,000","11","303,640","0.85","0.87","0.84","0.85","-","0.05","0.84","15","0.85","10","709.00",
="033547","金寶統一58購01","56,000","3","36,270","0.64","0.66","0.64","0.66"," ","0.00","0.65","10","0.66","10","19.05",
="033548","華通統一62購01","160,000","4","108,700","0.67","0.70","0.67","0.70","X","0.00","0.68","10","0.69","10","79.30",
="033549","鴻海統一58購03","0","0","0","--","--","--","--"," ","0.00","0.72","10","0.73","10","206.00",
="03354U","聯電元大52售01","0","0","0","--","--","--","--"," ","0.00","0.56","499","0.57","200","0.00",
="033550","鴻海統一5A購02","0","0","0","--","--","--","--"," ","0.00","0.73","10","0.74","10","206.00",
="033551","台積電統一5C購05","0","0","0","--","--","--","--"," ","0.00","0.74","10","0.75","10","1,160.00",
="033552","台積電統一68購02","0","0","0","--","--","--","--"," ","0.00","0.65","10","0.66","10","1,160.00",
="033553","鴻準統一58購03","120,000","2","81,000","0.66","0.69","0.66","0.69","-","0.01","0.68","10","0.69","10","71.70",
="033554","致茂統一56購04","412,000","4","321,600","0.78","0.80","0.78","0.80"," ","0.00","0.80","10","0.81","10","556.00",
="033555","燿華統一64購01","0","0","0","--","--","--","--"," ","0.00","0.54","10","0.55","10","31.45",
="033556","金像電統一64購01","45,000","3","30,400","0.65","0.68","0.65","0.68","+","0.01","0.68","10","0.69","10","486.00",
="033557","威盛統一58購03","0","0","0","--","--","--","--"," ","0.00","0.58","10","0.59","10","62.00",
="033558","漢唐統一58購01","792,000","21","831,350","1.05","1.06","1.03","1.06","-","0.04","1.06","10","1.07","10","1,190.00",
="033559","聯發科統一58購01","0","0","0","--","--","--","--"," ","0.00","0.74","10","0.75","10","1,385.00",
="03355U","智邦元大4C售03","0","0","0","--","--","--","--"," ","0.00","0.30","499","0.31","200","0.00",
="033560","強茂統一58購01","55,000","1","39,600","0.72","0.72","0.72","0.72","-","0.06","0.75","10","0.76","10","65.40",
="033561","長榮統一58購02","87,000","3","56,240","0.64","0.65","0.63","0.63","X","0.00","0.61","10","0.62","10","188.00",
="033562","陽明統一58購01","0","0","0","--","--","--","--"," ","0.00","0.58","20","0.59","10","58.80",
="033563","萬海統一58購02","108,000","2","63,720","0.59","0.59","0.59","0.59","X","0.00","0.56","10","0.57","10","84.10",
="033564","長榮太統一56購03","261,000","9","197,530","0.75","0.77","0.75","0.77","+","0.02","0.66","10","0.67","10","180.00",
="033565","長榮太統一58購02","24,000","1","14,880","0.62","0.62","0.62","0.62","+","0.01","0.57","10","0.58","10","180.00",
="033566","長榮太統一59購02","203,000","7","207,120","1.02","1.04","1.01","1.01","-","0.01","0.93","10","0.94","10","180.00",
="033567","長榮太統一64購01","161,000","2","111,310","0.71","0.71","0.69","0.69"," ","0.00","0.66","10","0.67","10","180.00",
="033568","神基統一5B購01","185,000","12","171,590","0.89","0.95","0.89","0.90","+","0.05","0.91","10","0.92","10","157.00",
="033569","神基統一64購01","100,000","7","81,970","0.81","0.85","0.80","0.85","+","0.06","0.81","10","0.82","10","157.00",
="03356U","台光電元大4C售05","0","0","0","--","--","--","--"," ","0.00","0.04","499","0.14","10","0.00",
="033570","大立光統一58購01","71,000","3","46,690","0.66","0.66","0.65","0.65","-","0.02","0.65","10","0.66","10","2,395.00",
="033571","零壹統一5B購01","104,000","6","89,530","0.84","0.87","0.84","0.84","+","0.02","0.83","10","0.84","10","126.50",
="033572","德律統一56購04","487,000","6","385,600","0.80","0.80","0.79","0.79","-","0.09","0.76","10","0.77","10","206.00",
="033573","德律統一58購01","0","0","0","--","--","--","--"," ","0.00","0.64","10","0.65","10","206.00",
="033574","德律統一5C購01","0","0","0","--","--","--","--"," ","0.00","0.77","10","0.78","10","206.00",
="033575","欣興統一58購02","150,000","3","139,710","0.93","0.94","0.93","0.94","+","0.02","0.89","10","0.90","10","150.00",
="033576","玉晶光統一59購02","22,000","1","14,740","0.67","0.67","0.67","0.67","-","0.03","0.68","10","0.69","10","461.50",
="033577","創意統一58購02","258,000","5","247,380","0.95","0.97","0.95","0.97","+","0.03","0.94","10","0.95","10","1,350.00",
="033578","群創統一58購01","1,208,000","47","1,063,980","0.81","0.95","0.81","0.94","+","0.19","0.91","10","0.92","10","14.15",
="033579","嘉澤統一64購01","0","0","0","--","--","--","--"," ","0.00","0.63","10","0.64","10","1,465.00",
="03357U","南亞科元大4C售05","0","0","0","--","--","--","--"," ","0.00","0.58","499","0.59","200","0.00",
="033580","神達統一58購05","154,000","10","148,580","0.93","0.98","0.87","0.97","+","0.08","0.97","10","0.98","10","95.90",
="033581","日月光統一58購02","152,000","3","97,280","0.64","0.64","0.64","0.64","-","0.05","0.63","10","0.64","10","147.50",
="033582","臻鼎統一57購03","406,000","17","449,820","1.09","1.13","1.08","1.10","+","0.01","1.10","10","1.11","10","194.00",
="033583","臻鼎統一58購03","202,000","6","199,880","0.98","1.01","0.98","1.00","+","0.02","1.00","10","1.01","10","194.00",
="033584","臻鼎統一58購04","100,000","5","89,550","0.90","0.90","0.89","0.90","+","0.02","0.90","10","0.91","10","194.00",
="033585","達興統一56購03","103,000","6","116,710","1.07","1.15","1.01","1.11","+","0.21","1.07","10","1.08","10","387.00",
="033586","達興統一59購02","35,000","3","45,500","1.30","1.30","1.30","1.30","X","0.00","1.22","10","1.23","10","387.00",
="033587","佳必琪統一58購01","105,000","3","77,720","0.75","0.75","0.72","0.72","X","0.00","0.69","10","0.70","10","178.50",
="033588","矽力統一5B購01","1,000","1","620","0.62","0.62","0.62","0.62","X","0.00","0.59","10","0.60","10","317.00",
="033589","迅得統一59購01","330,000","7","264,460","0.79","0.81","0.79","0.80","X","0.00","0.79","10","0.80","10","193.50",
="03358U","長榮元大4C售06","13,000","1","12,220","0.94","0.94","0.94","0.94","X","0.00","1.00","499","1.01","200","0.00",
="033590","鈺邦統一5A購01","0","0","0","--","--","--","--"," ","0.00","0.80","10","0.81","10","178.00",
="033591","鈺邦統一5C購01","0","0","0","--","--","--","--"," ","0.00","0.76","10","0.77","10","178.00",
="033592","緯穎統一64購01","0","0","0","--","--","--","--"," ","0.00","1.03","10","1.04","10","2,975.00",
="033593","洋基統一64購01","35,000","2","24,950","0.73","0.73","0.71","0.71","-","0.04","0.70","10","0.71","10","476.00",
="033594","AES統一64購01","0","0","0","--","--","--","--"," ","0.00","0.54","10","0.55","10","1,350.00",
="033595","采鈺統一58購02","100,000","2","86,000","0.86","0.86","0.86","0.86","X","0.00","0.84","10","0.85","10","264.00",
="033596","富世達統一58購03","0","0","0","--","--","--","--"," ","0.00","0.93","10","0.94","10","1,145.00",
="033597","富世達統一64購01","0","0","0","--","--","--","--"," ","0.00","0.49","10","0.50","10","1,145.00",
="033598","台虹統一59購01","0","0","0","--","--","--","--"," ","0.00","0.62","10","0.63","10","51.80",
="033599","中砂中信52購01","25,000","1","42,250","1.69","1.69","1.69","1.69","X","0.00","1.63","499","1.65","10","0.00",
="03359U","萬海元大4C售13","0","0","0","--","--","--","--"," ","0.00","8.90","100","8.95","25","0.00",
="033600","台達電中信58購03","0","0","0","--","--","--","--"," ","0.00","3.18","499","3.28","10","0.00",
="033601","京元電中信58購02","0","0","0","--","--","--","--"," ","0.00","3.10","499","3.20","10","0.00",
="033602","世紀鋼中信58購01","0","0","0","--","--","--","--"," ","0.00","2.51","499","2.61","10","0.00",
="033603","美時統一55購01","0","0","0","--","--","--","--"," ","0.00","0.19","10","0.20","10","193.50",
="033604","滬深2X永豐52購08","0","0","0","--","--","--","--"," ","0.00","0.95","499","0.96","10","18.32",
="033605","滬深2X永豐53購05","0","0","0","--","--","--","--"," ","0.00","0.99","499","1.00","10","18.32",
="033606","鴻海統一49購05","0","0","0","--","--","--","--"," ","0.00","0.28","168","0.29","168","206.00",
="033607","鴻海統一53購08","25,000","2","9,100","0.36","0.38","0.36","0.38","X","0.00","0.37","10","0.38","10","206.00",
="033608","立隆電永豐52購01","1,000","1","890","0.89","0.89","0.89","0.89","+","0.04","0.86","10","0.87","10","86.60",
="033609","立隆電永豐53購01","0","0","0","--","--","--","--"," ","0.00","2.92","499","2.93","10","86.60",
="03360U","亞光元大4C售02","0","0","0","--","--","--","--"," ","0.00","0.28","499","0.29","200","0.00",
="033610","奇鋐永豐55購02","0","0","0","--","--","--","--"," ","0.00","1.19","499","1.20","10","1,015.00",
="033611","奇鋐永豐62購01","10,000","2","10,800","1.07","1.09","1.07","1.09","X","0.00","1.09","499","1.10","10","1,015.00",
="033612","嘉澤永豐54購01","0","0","0","--","--","--","--"," ","0.00","7.40","499","7.45","10","1,465.00",
="033613","世芯永豐52購11","0","0","0","--","--","--","--"," ","0.00","2.32","499","2.34","10","4,000.00",
="033615","臻鼎永豐54購03","39,000","8","59,490","1.56","1.58","1.48","1.52","+","0.03","1.51","10","1.52","8","194.00",
="033618","緯穎永豐52購07","0","0","0","--","--","--","--"," ","0.00","1.30","499","1.31","10","2,975.00",
="033619","智原兆豐54購02","7,000","1","7,630","1.09","1.09","1.09","1.09","X","0.00","1.06","10","1.07","10","158.00",
="03361U","日電貿元大4C售01","0","0","0","--","--","--","--"," ","0.00","0.67","499","0.68","200","0.00",
="033620","連加兆豐58購01","0","0","0","--","--","--","--"," ","0.00","1.12","10","1.13","10","615.00",
="033621","鴻海富邦53購05","0","0","0","--","--","--","--"," ","0.00","0.75","30","0.76","10","0.00",
="033623","健鼎統一49購01","5,000","2","2,310","0.48","0.48","0.45","0.45","-","0.07","0.45","10","0.47","10","318.00",
="033624","旺宏富邦53購01","3,000","2","2,410","0.79","0.81","0.79","0.81","X","0.00","0.78","30","0.79","10","0.00",
="033625","長榮航富邦52購02","15,000","1","11,250","0.75","0.75","0.75","0.75","X","0.00","0.69","30","0.70","10","0.00",
="033626","永豐金富邦52購01","0","0","0","--","--","--","--"," ","0.00","0.69","30","0.70","10","0.00",
="033627","中信金富邦52購01","0","0","0","--","--","--","--"," ","0.00","0.64","30","0.65","10","0.00",
="033628","欣興富邦5B購01","43,000","4","40,850","0.94","0.99","0.94","0.96","-","0.02","0.94","10","0.95","10","0.00",
="033629","樺漢富邦52購01","531,000","30","492,680","0.90","0.94","0.89","0.90","X","0.00","0.89","10","0.90","10","0.00",
="03362U","緯穎元大4C售12","0","0","0","--","--","--","--"," ","0.00","0.49","25","0.50","10","0.00",
="033630","緯穎富邦52購05","7,000","2","30,940","4.42","4.42","4.42","4.42","X","0.00","4.22","10","4.28","10","0.00",
="033631","龍德船富邦52購01","26,000","3","48,540","1.86","1.88","1.72","1.72","X","0.00","1.72","10","1.74","10","0.00",
="033632","台灣50台新52購02","0","0","0","--","--","--","--"," ","0.00","1.72","20","1.73","10","0.00",
="033633","世紀鋼統一55購01","60,000","2","17,400","0.29","0.29","0.29","0.29","-","0.01","0.28","10","0.29","10","188.00",
="033634","台化統一58購03","0","0","0","--","--","--","--"," ","0.00","0.54","20","0.55","10","29.90",
="033635","大亞統一5A購01","332,000","14","232,130","0.69","0.72","0.69","0.70","X","0.00","0.69","10","0.70","10","43.00",
="033636","聯電統一58購01","0","0","0","--","--","--","--"," ","0.00","0.58","10","0.59","10","40.60",
="033637","燿華統一58購01","0","0","0","--","--","--","--"," ","0.00","0.68","10","0.69","10","31.45",
="033638","燿華統一58購02","32,000","2","22,820","0.70","0.72","0.70","0.72","X","0.00","0.69","10","0.70","10","31.45",
="033639","技嘉統一58購01","0","0","0","--","--","--","--"," ","0.00","0.67","10","0.68","10","281.00",
="03363U","勤誠元大4C售01","0","0","0","--","--","--","--"," ","0.00","0.03","499","0.06","125","0.00",
="033640","威盛統一58購04","0","0","0","--","--","--","--"," ","0.00","0.57","10","0.58","10","62.00",
="033641","正崴統一58購01","24,000","1","14,880","0.62","0.62","0.62","0.62","X","0.00","0.60","10","0.61","10","48.40",
="033642","正崴統一5C購01","34,000","2","30,600","0.90","0.90","0.90","0.90","X","0.00","0.89","10","0.90","10","48.40",
="033643","漢唐統一58購02","0","0","0","--","--","--","--"," ","0.00","0.53","10","0.54","10","1,190.00",
="033644","友達統一58購01","12,000","1","7,080","0.59","0.59","0.59","0.59","X","0.00","0.60","10","0.61","10","13.05",
="033645","建準統一58購01","96,000","1","63,360","0.66","0.66","0.66","0.66","X","0.00","0.64","10","0.65","10","137.00",
="033646","建準統一58購02","0","0","0","--","--","--","--"," ","0.00","0.66","10","0.67","10","137.00",
="033647","京元電統一58購01","260,000","10","185,380","0.70","0.73","0.70","0.70","X","0.00","0.69","15","0.70","10","142.00",
="033648","京元電統一64購01","26,000","4","17,160","0.66","0.66","0.66","0.66","X","0.00","0.65","20","0.66","7","142.00",
="033649","強茂統一58購02","32,000","3","22,160","0.68","0.72","0.68","0.72","X","0.00","0.71","10","0.73","10","65.40",
="03364U","台積電中信51售05","33,000","1","14,520","0.44","0.44","0.44","0.44","X","0.00","0.47","499","0.48","10","0.00",
="033650","強茂統一58購03","0","0","0","--","--","--","--"," ","0.00","0.66","10","0.67","10","65.40",
="033651","長榮航統一58購01","0","0","0","--","--","--","--"," ","0.00","0.56","10","0.57","10","39.05",
="033652","漢翔統一58購02","0","0","0","--","--","--","--"," ","0.00","1.07","10","--","0","60.00",
="033653","神基統一55購02","635,000","28","533,840","0.82","0.89","0.82","0.85","X","0.00","0.82","10","0.83","10","157.00",
="033654","神基統一58購01","54,000","6","44,460","0.79","0.84","0.79","0.84","X","0.00","0.80","10","0.81","10","157.00",
="033655","德律統一5B購01","0","0","0","--","--","--","--"," ","0.00","0.67","10","0.68","10","206.00",
="033656","健策統一62購01","20,000","3","13,900","0.68","0.70","0.68","0.70","-","0.03","0.70","10","0.71","10","1,905.00",
="033657","神達統一58購06","0","0","0","--","--","--","--"," ","0.00","0.89","10","0.90","10","95.90",
="033658","臻鼎統一58購05","89,000","5","77,640","0.88","0.88","0.85","0.85","X","0.00","0.86","10","0.87","10","194.00",
="033659","達興統一58購01","98,000","4","93,000","0.94","0.96","0.94","0.94","X","0.00","0.90","10","0.91","10","387.00",
="03365U","聯電凱基4C售02","0","0","0","--","--","--","--"," ","0.00","2.43","10","2.44","10","0.00",
="033660","帆宣統一58購01","100,000","2","74,000","0.74","0.74","0.74","0.74","X","0.00","0.74","10","0.75","10","264.00",
="033661","鈺邦統一58購02","0","0","0","--","--","--","--"," ","0.00","0.81","10","0.82","10","178.00",
="033662","鈺邦統一5B購01","0","0","0","--","--","--","--"," ","0.00","0.92","10","0.93","10","178.00",
="033663","洋基統一58購01","0","0","0","--","--","--","--"," ","0.00","0.65","10","0.66","10","476.00",
="033664","AES統一58購03","0","0","0","--","--","--","--"," ","0.00","0.76","10","0.77","10","1,350.00",
="033665","富世達統一58購04","0","0","0","--","--","--","--"," ","0.00","0.73","10","0.74","10","1,145.00",
="033666","泓德統一5B購01","0","0","0","--","--","--","--"," ","0.00","0.42","10","0.43","10","160.00",
="033667","世紀鋼統一5B購01","0","0","0","--","--","--","--"," ","0.00","0.57","10","0.58","10","188.00",
="033668","滬深2X凱基5B購01","0","0","0","--","--","--","--"," ","0.00","1.13","10","1.14","50","18.32",
="033669","台塑凱基54購06","0","0","0","--","--","--","--"," ","0.00","1.32","100","1.33","10","39.10",
="03366U","南亞科凱基52售01","0","0","0","--","--","--","--"," ","0.00","0.45","10","0.46","50","0.00",
="033670","南亞凱基54購03","0","0","0","--","--","--","--"," ","0.00","1.45","100","1.46","30","43.00",
="033671","中砂凱基56購03","44,000","4","91,170","2.06","2.28","2.05","2.28","X","0.00","2.15","100","2.16","10","347.00",
="033672","大亞凱基53購01","37,000","6","97,460","2.61","2.75","2.58","2.70","X","0.00","2.51","10","2.52","10","43.00",
="033673","光寶科凱基53購03","0","0","0","--","--","--","--"," ","0.00","1.46","100","1.48","10","130.00",
="033674","華通凱基53購02","70,000","5","113,300","1.66","1.66","1.46","1.46","+","0.13","1.44","100","1.45","10","79.30",
="033675","智邦凱基54購03","0","0","0","--","--","--","--"," ","0.00","0.73","100","0.74","30","984.00",
="033676","金像電凱基54購03","0","0","0","--","--","--","--"," ","0.00","1.36","100","1.37","10","486.00",
="033677","威盛凱基53購02","1,000","1","1,230","1.23","1.23","1.23","1.23","-","0.05","1.17","10","1.18","10","62.00",
="033678","京元電凱基53購07","44,000","12","89,020","1.97","2.06","1.94","1.94","+","0.10","1.93","100","1.96","10","142.00",
="033679","立隆電凱基53購01","0","0","0","--","--","--","--"," ","0.00","1.59","10","1.60","10","86.60",
="03367U","聯發科凱基51售05","0","0","0","--","--","--","--"," ","0.00","0.10","10","0.11","50","0.00",
="033680","漢翔凱基54購02","37,000","4","118,410","3.23","3.23","3.18","3.18","X","0.00","3.27","100","--","0","60.00",
="033681","奇鋐凱基56購03","0","0","0","--","--","--","--"," ","0.00","1.32","102","1.34","10","1,015.00",
="033682","奇鋐凱基58購01","0","0","0","--","--","--","--"," ","0.00","1.49","100","1.51","10","1,015.00",
="033683","智原凱基53購01","0","0","0","--","--","--","--"," ","0.00","1.12","499","1.13","30","158.00",
="033684","緯創凱基53購03","0","0","0","--","--","--","--"," ","0.00","0.98","100","1.00","10","115.00",
="033685","創意凱基54購03","11,000","2","13,750","1.25","1.25","1.25","1.25","X","0.00","1.27","110","1.28","10","1,350.00",
="033686","群創凱基54購01","17,000","2","25,640","1.42","1.52","1.42","1.52","X","0.00","1.66","100","1.68","10","14.15",
="033687","嘉澤凱基53購01","0","0","0","--","--","--","--"," ","0.00","1.74","100","1.76","10","1,465.00",
="033688","世芯凱基54購09","0","0","0","--","--","--","--"," ","0.00","2.35","100","2.37","10","4,000.00",
="033689","亞翔凱基53購04","0","0","0","--","--","--","--"," ","0.00","2.01","100","2.02","10","349.50",
="03368U","智原凱基51售05","50,000","1","37,500","0.75","0.75","0.75","0.75","X","0.00","0.76","10","0.77","10","0.00",
="033690","佳必琪凱基53購03","0","0","0","--","--","--","--"," ","0.00","1.07","100","1.08","10","178.50",
="033691","樺漢凱基53購02","1,781,000","32","3,384,550","1.87","1.95","1.83","1.87","+","0.09","1.84","100","1.86","10","326.00",
="033692","台塑化凱基54購01","0","0","0","--","--","--","--"," ","0.00","1.79","10","1.80","10","40.75",
="033693","穎崴凱基53購04","30,000","3","52,500","1.75","1.75","1.75","1.75","X","0.00","1.87","100","1.97","10","1,250.00",
="033694","富世達凱基58購03","0","0","0","--","--","--","--"," ","0.00","1.70","100","1.74","10","1,145.00",
="033695","泓德凱基53購01","0","0","0","--","--","--","--"," ","0.00","0.42","10","0.43","10","160.00",
="033696","臺股指凱基53購21","0","0","0","--","--","--","--"," ","0.00","1.87","10","1.88","10","0.00",
="033697","臺股指凱基54購14","0","0","0","--","--","--","--"," ","0.00","2.24","10","2.25","10","0.00",
="033698","臺股指凱基54購15","0","0","0","--","--","--","--"," ","0.00","1.14","100","1.15","10","0.00",
="033699","國企2X元富52購02","0","0","0","--","--","--","--"," ","0.00","0.60","25","0.61","25","10.70",
="03369U","華擎凱基4C售01","0","0","0","--","--","--","--"," ","0.00","0.29","10","0.30","40","0.00",
="033700","中502X元富52購04","0","0","0","--","--","--","--"," ","0.00","0.74","25","0.84","10","11.76",
="033701","台化元富52購02","0","0","0","--","--","--","--"," ","0.00","1.36","25","1.37","25","29.90",
="033702","台化元富52購03","0","0","0","--","--","--","--"," ","0.00","1.33","25","1.34","25","29.90",
="033703","大亞元富52購01","1,000","1","1,860","1.86","1.86","1.86","1.86","X","0.00","1.74","25","1.75","25","43.00",
="033704","合機元富52購01","40,000","1","90,000","2.25","2.25","2.25","2.25","X","0.00","2.17","25","2.18","25","48.45",
="033705","劍麟元富52購01","500,000","27","772,150","1.43","1.64","1.41","1.41","X","0.00","1.33","25","1.43","10","113.50",
="033706","廣宇元富52購01","0","0","0","--","--","--","--"," ","0.00","1.42","25","1.43","25","60.90",
="033707","全新元富54購01","10,000","1","23,900","2.39","2.39","2.39","2.39","X","0.00","2.26","25","2.28","25","153.50",
="033708","立隆電元富52購02","63,000","2","77,410","1.23","1.23","1.22","1.22","X","0.00","1.19","25","1.20","25","86.60",
="033709","漢翔元富52購03","0","0","0","--","--","--","--"," ","0.00","3.85","25","--","0","60.00",
="03370U","力積電凱基4C售01","70,000","1","45,500","0.65","0.65","0.65","0.65","X","0.00","0.65","10","0.66","10","0.00",
="033710","奇鋐元富53購02","0","0","0","--","--","--","--"," ","0.00","1.35","25","1.37","25","1,015.00",
="033711","奇鋐元富55購01","0","0","0","--","--","--","--"," ","0.00","1.33","25","1.36","25","1,015.00",
="033712","群創元富52購02","0","0","0","--","--","--","--"," ","0.00","1.61","25","1.64","25","14.15",
="033713","群創元富52購03","0","0","0","--","--","--","--"," ","0.00","1.27","25","1.30","25","14.15",
="033714","宏致元富52購04","0","0","0","--","--","--","--"," ","0.00","1.74","25","1.75","25","73.90",
="033715","鈞興元富52購01","39,000","3","45,400","1.20","1.20","1.13","1.13","+","0.09","1.09","25","1.10","25","200.00",
="033716","富世達元富52購03","0","0","0","--","--","--","--"," ","0.00","1.90","25","1.95","25","1,145.00",
="033717","泓德元富52購01","0","0","0","--","--","--","--"," ","0.00","1.26","25","1.27","25","160.00",
="033718","大亞國票53購02","33,000","8","62,450","1.86","2.03","1.82","1.95","+","0.11","1.83","25","1.84","10","43.00",
="033719","宏泰國票53購01","0","0","0","--","--","--","--"," ","0.00","1.22","25","1.24","10","38.25",
="03371U","臺股指凱基56售05","0","0","0","--","--","--","--"," ","0.00","0.37","100","0.38","10","0.00",
="033720","華通國票53購03","0","0","0","--","--","--","--"," ","0.00","3.04","25","3.05","10","79.30",
="033721","廣宇國票55購01","3,000","3","9,290","3.12","3.14","3.03","3.14","+","0.18","3.01","25","3.02","10","60.90",
="033722","順德國票53購01","0","0","0","--","--","--","--"," ","0.00","2.53","25","2.54","10","88.20",
="033723","燿華國票52購01","16,000","6","36,250","2.23","2.34","2.23","2.29","+","0.12","2.25","25","2.26","10","31.45",
="033724","燿華國票53購01","301,000","2","740,390","2.46","2.46","2.39","2.39","X","0.00","2.41","25","2.42","10","31.45",
="033725","志聖國票53購01","205,000","2","510,000","2.80","2.80","2.48","2.48","X","0.00","2.45","25","2.46","10","201.50",
="033726","立隆電國票53購01","66,000","4","113,430","1.73","1.73","1.66","1.67","X","0.00","1.66","25","1.68","10","86.60",
="033727","新興國票53購02","20,000","1","26,800","1.34","1.34","1.34","1.34","X","0.00","1.27","25","1.30","10","23.65",
="033728","萬海國票53購02","0","0","0","--","--","--","--"," ","0.00","1.72","25","1.73","10","84.10",
="033729","漢翔國票53購03","0","0","0","--","--","--","--"," ","0.00","5.50","25","--","0","60.00",
="03372U","金像電統一54售03","1,438,000","9","70,700","0.05","0.05","0.04","0.05"," ","0.00","0.04","290","0.05","10","0.00",
="033730","國泰金國票53購02","0","0","0","--","--","--","--"," ","0.00","1.44","25","1.46","10","62.30",
="033731","奇鋐國票57購01","64,000","8","65,280","1.00","1.03","1.00","1.03","X","0.00","1.02","25","1.05","10","1,015.00",
="033732","創意國票53購02","47,000","2","60,610","1.31","1.31","1.28","1.28","+","0.05","1.27","25","1.29","10","1,350.00",
="033733","牧德國票53購02","8,000","5","39,300","4.76","5.30","4.76","5.30","+","0.72","5.25","25","5.30","10","594.00",
="033734","碩天國票53購01","0","0","0","--","--","--","--"," ","0.00","1.69","25","1.71","10","225.50",
="033735","健策國票5A購01","0","0","0","--","--","--","--"," ","0.00","2.89","25","2.94","10","1,905.00",
="033736","樺漢國票53購02","5,000","1","11,000","2.20","2.20","2.20","2.20","+","0.17","2.18","25","2.19","10","326.00",
="033737","緯穎國票54購01","0","0","0","--","--","--","--"," ","0.00","2.10","25","2.12","10","2,975.00",
="033738","可寧衛國票53購01","0","0","0","--","--","--","--"," ","0.00","0.98","25","1.00","10","199.00",
="033739","台化國泰53購02","0","0","0","--","--","--","--"," ","0.00","1.20","499","1.21","100","29.90",
="03373U","國泰金統一54售01","102,000","3","42,860","0.42","0.43","0.42","0.43","X","0.00","0.42","10","0.43","10","0.00",
="033740","台化國泰53購03","0","0","0","--","--","--","--"," ","0.00","1.04","499","1.05","100","29.90",
="033741","順德國泰53購01","0","0","0","--","--","--","--"," ","0.00","2.79","499","2.81","100","88.20",
="033742","技嘉國泰53購01","0","0","0","--","--","--","--"," ","0.00","1.44","499","1.45","470","281.00",
="033743","裕民國泰53購01","0","0","0","--","--","--","--"," ","0.00","2.22","499","2.25","100","57.30",
="033744","漢翔國泰53購01","0","0","0","--","--","--","--"," ","0.00","4.45","499","--","0","60.00",
="033745","神基國泰53購01","72,000","11","137,330","1.85","2.03","1.85","1.98","+","0.38","1.95","499","1.98","498","157.00",
="033746","晶豪科國泰53購01","3,000","1","6,060","2.02","2.02","2.02","2.02","X","0.00","1.94","499","1.96","100","57.40",
="033747","創意國泰53購01","0","0","0","--","--","--","--"," ","0.00","2.22","10","--","0","1,350.00",
="033748","創意國泰53購02","0","0","0","--","--","--","--"," ","0.00","--","0","--","0","1,350.00",
="033749","群創國泰53購02","1,000","1","1,580","1.58","1.58","1.58","1.58","X","0.00","1.53","499","1.56","499","14.15",
="03374U","鴻海群益51售06","0","0","0","--","--","--","--"," ","0.00","0.06","10","0.16","10","0.00",
="033750","貿聯國泰53購02","0","0","0","--","--","--","--"," ","0.00","1.57","499","1.58","100","981.00",
="033751","神達國泰53購05","50,000","1","100,000","2.00","2.00","2.00","2.00","+","0.60","1.86","499","1.94","100","95.90",
="033752","樺漢國泰53購01","8,000","2","19,350","2.37","2.50","2.37","2.50","+","0.27","2.38","499","2.40","100","326.00",
="033753","鈺邦國泰53購03","343,000","4","385,050","1.12","1.15","1.12","1.12","-","0.22","1.10","10","1.11","10","178.00",
="033754","台塑化國泰53購02","0","0","0","--","--","--","--"," ","0.00","0.99","499","1.00","100","40.75",
="033755","連加國泰53購02","0","0","0","--","--","--","--"," ","0.00","1.20","499","1.22","100","615.00",
="033756","T50反1元大52購04","0","0","0","--","--","--","--"," ","0.00","0.37","499","0.38","10","19.79",
="033757","T50反1元大53購06","5,000","1","3,250","0.65","0.65","0.65","0.65"," ","0.00","0.67","499","0.68","10","19.79",
="033758","滬深2X元大55購04","0","0","0","--","--","--","--"," ","0.00","1.57","499","1.58","100","18.32",
="033759","滬深2X元大56購03","0","0","0","--","--","--","--"," ","0.00","1.58","499","1.59","100","18.32",
="03375U","智邦群益4C售02","0","0","0","--","--","--","--"," ","0.00","0.08","10","0.18","10","0.00",
="033760","滬深2X元大57購05","3,000","2","5,130","1.71","1.71","1.71","1.71","-","0.25","1.58","250","1.59","100","18.32",
="033761","台泥元大53購02","0","0","0","--","--","--","--"," ","0.00","0.70","499","0.71","10","22.80",
="033762","南亞元大53購11","0","0","0","--","--","--","--"," ","0.00","1.03","499","1.05","10","43.00",
="033763","南亞元大53購12","430,000","5","441,500","1.08","1.08","0.97","0.97","X","0.00","0.96","499","0.97","10","43.00",
="033764","南亞元大54購09","0","0","0","--","--","--","--"," ","0.00","1.01","499","1.03","10","43.00",
="033765","華新元大54購03","46,000","2","53,620","1.16","1.17","1.16","1.17","X","0.00","1.15","499","1.16","10","23.35",
="033766","億泰元大54購03","0","0","0","--","--","--","--"," ","0.00","0.96","499","0.97","10","38.70",
="033767","劍麟元大53購02","65,000","9","83,310","1.33","1.33","1.10","1.10","X","0.00","1.03","499","1.05","10","113.50",
="033768","光寶科元大54購08","0","0","0","--","--","--","--"," ","0.00","1.14","499","1.16","10","130.00",
="033769","台達電元大53購04","20,000","2","27,800","1.39","1.39","1.39","1.39","X","0.00","1.38","499","1.39","10","709.00",
="03376U","台光電群益4C售02","0","0","0","--","--","--","--"," ","0.00","--","0","--","0","0.00",
="033770","台達電元大53購05","0","0","0","--","--","--","--"," ","0.00","1.38","499","1.39","10","709.00",
="033771","台達電元大54購08","32,000","6","35,710","1.12","1.12","1.08","1.11","-","0.13","1.10","50","1.11","10","709.00",
="033772","華通元大53購05","31,000","2","58,880","1.88","1.90","1.88","1.90","X","0.00","1.84","450","1.87","10","79.30",
="033773","華通元大53購06","607,000","16","702,540","1.25","1.25","1.13","1.13","X","0.00","1.11","519","1.13","10","79.30",
="033774","華通元大54購03","60,000","2","99,900","1.69","1.69","1.64","1.64","X","0.00","1.50","499","1.52","10","79.30",
="033775","鴻海元大54購22","0","0","0","--","--","--","--"," ","0.00","0.69","499","0.70","10","206.00",
="033776","廣宇元大54購04","124,000","6","231,660","1.88","1.88","1.70","1.70","-","0.07","1.78","450","1.80","10","60.90",
="033777","智邦元大54購12","0","0","0","--","--","--","--"," ","0.00","0.84","499","0.85","10","984.00",
="033778","鴻準元大54購05","143,000","10","183,040","1.29","1.32","1.26","1.28","-","0.02","1.26","499","1.28","4","71.70",
="033779","金像電元大54購09","122,000","9","150,030","1.20","1.24","1.20","1.24","+","0.07","1.23","500","1.24","10","486.00",
="03377U","南亞科群益4C售05","0","0","0","--","--","--","--"," ","0.00","0.34","100","0.35","100","0.00",
="033780","京元電元大53購05","23,000","3","22,460","0.96","1.02","0.96","1.02","+","0.04","0.99","499","1.02","7","142.00",
="033781","京元電元大53購06","430,000","5","395,550","0.91","0.98","0.91","0.98","+","0.05","0.96","499","0.99","10","142.00",
="033782","京元電元大54購09","1,000","1","1,050","1.05","1.05","1.05","1.05","X","0.00","1.04","499","1.07","10","142.00",
="033783","鉅祥元大53購03","0","0","0","--","--","--","--"," ","0.00","0.90","499","0.92","10","98.10",
="033784","中航元大53購02","30,000","2","38,400","1.28","1.28","1.28","1.28","X","0.00","1.24","499","1.25","10","55.50",
="033785","奇鋐元大53購06","0","0","0","--","--","--","--"," ","0.00","1.05","499","1.09","10","1,015.00",
="033786","奇鋐元大53購07","58,000","5","47,720","0.85","0.85","0.81","0.82","X","0.00","0.82","499","0.85","10","1,015.00",
="033787","奇鋐元大54購16","0","0","0","--","--","--","--"," ","0.00","1.13","499","1.17","10","1,015.00",
="033788","亞光元大54購10","10,000","1","15,700","1.57","1.57","1.57","1.57","X","0.00","1.46","499","1.49","10","164.00",
="033789","聯詠元大53購01","8,000","1","14,160","1.77","1.77","1.77","1.77","X","0.00","1.74","450","1.75","10","435.00",
="03378U","奇鋐群益4C售01","0","0","0","--","--","--","--"," ","0.00","0.09","100","0.10","100","0.00",
="033790","緯創元大54購12","0","0","0","--","--","--","--"," ","0.00","1.14","499","--","0","115.00",
="033791","宏致元大53購03","0","0","0","--","--","--","--"," ","0.00","0.99","499","1.00","10","73.90",
="033792","貿聯元大53購01","23,000","3","31,890","1.35","1.42","1.35","1.42","X","0.00","1.33","499","1.36","10","981.00",
="033793","貿聯元大54購12","11,000","1","14,300","1.30","1.30","1.30","1.30","X","0.00","1.28","499","1.31","10","981.00",
="033794","神達元大53購05","5,000","1","8,300","1.66","1.66","1.66","1.66","+","0.14","1.76","350","1.78","10","95.90",
="033795","神達元大53購06","2,000","1","2,860","1.43","1.43","1.43","1.43","X","0.00","1.42","450","1.43","10","95.90",
="033796","神達元大54購09","10,000","1","16,500","1.65","1.65","1.65","1.65","X","0.00","1.65","400","1.67","10","95.90",
="033797","鈞興元大53購02","51,000","6","70,230","1.36","1.41","1.35","1.35","X","0.00","1.30","499","1.31","10","200.00",
="033798","南寶元大53購04","10,000","1","14,400","1.44","1.44","1.44","1.44","X","0.00","1.38","499","1.41","10","376.00",
="033799","臻鼎元大53購06","5,000","2","8,500","1.70","1.70","1.70","1.70","+","0.06","1.66","450","1.68","10","194.00",
="03379U","聯鈞國票51售01","17,000","11","12,570","0.72","0.75","0.71","0.75","+","0.07","0.74","25","0.75","10","0.00",
="033800","臻鼎元大53購07","57,000","6","90,700","1.55","1.60","1.55","1.60","-","0.08","1.59","499","1.61","10","194.00",
="033801","臻鼎元大54購07","20,000","2","33,200","1.66","1.66","1.66","1.66","X","0.00","1.63","450","1.65","10","194.00",
="033802","佳必琪元大53購07","0","0","0","--","--","--","--"," ","0.00","0.88","499","0.90","10","178.50",
="033803","樺漢元大53購02","91,000","12","149,120","1.57","1.66","1.57","1.61","+","0.17","1.55","499","1.59","10","326.00",
="033804","富世達元大54購14","160,000","7","166,600","1.03","1.07","1.01","1.07","-","0.04","1.04","10","--","0","1,145.00",
="033805","滬深2X群益52購05","0","0","0","--","--","--","--"," ","0.00","0.13","8","--","0","18.32",
="033806","台塑群益52購05","0","0","0","--","--","--","--"," ","0.00","1.35","10","1.45","10","39.10",
="033807","台化群益54購01","0","0","0","--","--","--","--"," ","0.00","0.86","10","0.96","10","29.90",
="033808","中興電群益52購01","110,000","2","166,700","1.51","1.57","1.51","1.57","+","0.16","1.56","100","1.59","100","167.00",
="033809","大亞群益52購02","15,000","3","23,390","1.48","1.60","1.48","1.59","X","0.00","1.47","25","1.48","10","43.00",
="03380U","長榮富邦52售03","22,000","3","17,620","0.80","0.81","0.80","0.81","-","0.02","0.81","10","0.82","10","0.00",
="033810","川湖群益52購06","15,000","4","51,690","3.43","3.46","3.43","3.46","X","0.00","3.31","100","3.38","100","2,925.00",
="033811","聯電群益52購02","0","0","0","--","--","--","--"," ","0.00","1.71","100","1.74","100","40.60",
="033812","台達電群益52購06","0","0","0","--","--","--","--"," ","0.00","--","0","--","0","709.00",
="033813","鴻海群益52購17","0","0","0","--","--","--","--"," ","0.00","1.56","100","1.58","100","206.00",
="033814","華邦電群益52購01","8,000","2","10,040","1.26","1.26","1.24","1.24","-","0.07","1.24","100","1.30","100","19.60",
="033815","鴻準群益52購03","353,000","6","665,790","1.87","1.93","1.86","1.86","-","0.04","1.85","10","1.95","10","71.70",
="033816","大同群益52購01","0","0","0","--","--","--","--"," ","0.00","0.27","5","--","0","40.75",
="033817","南亞科群益52購01","0","0","0","--","--","--","--"," ","0.00","1.68","100","1.70","100","46.65",
="033818","萬海群益52購03","8,000","1","12,960","1.62","1.62","1.62","1.62","X","0.00","1.47","10","1.57","10","84.10",
="03381U","滬深2X元大54售03","0","0","0","--","--","--","--"," ","0.00","0.20","250","0.21","100","0.00",
="033821","神基群益54購01","24,000","5","38,580","1.47","1.77","1.47","1.71","+","0.32","0.07","142","--","0","157.00",
="033822","奇鋐群益52購09","0","0","0","--","--","--","--"," ","0.00","0.07","109","--","0","1,015.00",
="033823","亞光群益52購07","13,000","2","20,090","1.53","1.55","1.53","1.55","X","0.00","--","0","--","0","164.00",
="033824","嘉澤群益52購02","3,000","1","5,370","1.79","1.79","1.79","1.79","X","0.00","--","0","--","0","1,465.00",
="033825","貿聯群益52購05","44,000","6","50,790","1.18","1.19","1.12","1.12","X","0.00","--","0","--","0","981.00",
="033826","祥碩群益52購04","0","0","0","--","--","--","--"," ","0.00","--","0","--","0","1,665.00",
="033827","jpp群益54購01","425,000","10","889,260","2.02","2.16","2.02","2.05","+","0.12","0.77","25","--","0","276.00",
="033828","亞翔群益52購04","0","0","0","--","--","--","--"," ","0.00","1.37","10","1.47","10","349.50",
="033829","台塑化群益52購03","0","0","0","--","--","--","--"," ","0.00","1.03","10","1.13","10","40.75",
="03382U","滬深2X元大55售02","465,000","14","294,500","0.66","0.66","0.60","0.64","+","0.10","0.65","250","0.66","130","0.00",
="033830","緯穎群益52購13","0","0","0","--","--","--","--"," ","0.00","1.44","10","1.54","10","2,975.00",
="033831","富世達群益52購10","0","0","0","--","--","--","--"," ","0.00","1.08","100","1.15","100","1,145.00",
="033832","世紀鋼群益52購04","0","0","0","--","--","--","--"," ","0.00","1.25","10","1.35","10","188.00",
="033833","滬深2X永豐53購07","0","0","0","--","--","--","--"," ","0.00","0.81","499","0.82","10","18.32",
="033834","國企2X永豐53購01","0","0","0","--","--","--","--"," ","0.00","0.58","499","0.59","10","10.70",
="033835","大亞永豐54購01","0","0","0","--","--","--","--"," ","0.00","1.14","499","1.15","10","43.00",
="033836","川湖永豐54購01","0","0","0","--","--","--","--"," ","0.00","0.99","499","1.00","10","2,925.00",
="033837","鴻海永豐53購04","0","0","0","--","--","--","--"," ","0.00","0.82","499","0.83","10","206.00",
="033838","台積電永豐55購05","5,000","3","6,560","1.34","1.34","1.30","1.30","-","0.01","1.25","7","1.33","10","1,160.00",
="033839","台積電永豐55購06","0","0","0","--","--","--","--"," ","0.00","0.78","499","0.88","10","1,160.00",
="03383U","亞德客元大4C售01","0","0","0","--","--","--","--"," ","0.00","1.53","499","1.55","200","0.00",
="033840","神達永豐55購04","0","0","0","--","--","--","--"," ","0.00","0.94","499","0.95","10","95.90",
="033841","滬深2X中信58購01","0","0","0","--","--","--","--"," ","0.00","1.03","499","1.04","100","0.00",
="033842","香港2X中信58購01","0","0","0","--","--","--","--"," ","0.00","0.78","499","0.79","100","0.00",
="033843","國巨中信57購01","50,000","3","40,200","0.84","0.84","0.79","0.80","-","0.78","0.78","503","0.80","10","0.00",
="033844","智原中信57購01","0","0","0","--","--","--","--"," ","0.00","1.00","499","1.02","10","0.00",
="033845","臻鼎中信58購01","0","0","0","--","--","--","--"," ","0.00","1.80","499","1.81","10","0.00",
="033846","所羅門兆豐54購01","10,000","1","11,700","1.17","1.17","1.17","1.17","+","0.26","1.05","10","1.06","10","162.00",
="033847","佳能兆豐54購01","5,000","1","5,250","1.05","1.05","1.05","1.05","+","0.06","1.04","10","1.05","10","80.80",
="033848","神達兆豐54購02","346,000","4","406,720","1.27","1.27","1.16","1.16","+","0.25","1.17","10","1.18","10","95.90",
="033849","國巨富邦58購01","223,000","5","165,300","0.79","0.79","0.74","0.75","-","0.88","0.73","10","0.74","10","0.00",
="03384U","智邦元大4C售04","40,000","2","5,300","0.13","0.14","0.13","0.14"," ","0.00","0.13","499","0.14","200","0.00",
="033850","台積電富邦54購03","0","0","0","--","--","--","--"," ","0.00","6.10","30","6.15","10","0.00",
="033851","佳能富邦53購01","465,000","14","557,180","1.18","1.24","1.18","1.18","-","0.72","1.17","40","1.18","9","0.00",
="033852","長榮太富邦53購01","0","0","0","--","--","--","--"," ","0.00","0.87","10","0.90","10","0.00",
="033853","緯創富邦5B購01","0","0","0","--","--","--","--"," ","0.00","0.87","10","0.88","10","0.00",
="033854","聯鈞富邦53購02","0","0","0","--","--","--","--"," ","0.00","1.04","30","1.05","10","0.00",
="033855","鈺邦富邦53購01","21,000","2","22,470","1.07","1.07","1.07","1.07","+","0.08","1.06","30","1.07","10","0.00",
="033856","佳能第一58購01","0","0","0","--","--","--","--"," ","0.00","9.90","10","9.95","10","0.00",
="033857","T50反1凱基53購03","0","0","0","--","--","--","--"," ","0.00","0.42","100","0.43","10","19.79",
="033858","T50反1凱基53購04","0","0","0","--","--","--","--"," ","0.00","0.61","100","0.62","10","19.79",
="033859","滬深2X凱基57購02","0","0","0","--","--","--","--"," ","0.00","1.63","10","1.64","10","18.32",
="03385U","金像電元大4C售06","0","0","0","--","--","--","--"," ","0.00","0.05","499","0.06","200","0.00",
="033860","國企2X凱基53購02","0","0","0","--","--","--","--"," ","0.00","0.71","100","0.72","10","10.70",
="033861","統一凱基53購01","0","0","0","--","--","--","--"," ","0.00","2.09","100","2.11","10","77.70",
="033862","南亞凱基53購09","20,000","2","18,600","0.94","0.94","0.92","0.92","-","0.17","0.87","100","0.88","10","43.00",
="033863","中砂凱基53購03","0","0","0","--","--","--","--"," ","0.00","2.78","100","2.80","10","347.00",
="033864","大亞凱基53購02","0","0","0","--","--","--","--"," ","0.00","1.91","10","1.92","10","43.00",
="033865","光寶科凱基53購04","0","0","0","--","--","--","--"," ","0.00","1.14","100","1.16","10","130.00",
="033866","台達電凱基54購03","5,000","1","8,250","1.65","1.65","1.65","1.65","+","0.04","1.62","100","1.72","10","709.00",
="033867","金寶凱基53購01","0","0","0","--","--","--","--"," ","0.00","1.15","100","1.25","10","19.05",
="033868","所羅門凱基53購04","0","0","0","--","--","--","--"," ","0.00","2.30","100","2.33","10","162.00",
="033869","佳能凱基53購02","2,000","1","4,880","2.44","2.44","2.44","2.44","+","0.71","2.37","10","2.38","10","80.80",
="03386U","台光電元大4C售08","10,000","1","1,500","0.15","0.15","0.15","0.15","-","0.01","0.15","499","0.16","200","0.00",
="033870","台光電凱基53購12","0","0","0","--","--","--","--"," ","0.00","0.94","100","0.96","10","1,250.00",
="033871","台光電凱基53購13","4,000","1","3,560","0.89","0.89","0.89","0.89","-","0.05","0.90","100","0.91","10","1,250.00",
="033872","聯發科凱基54購07","0","0","0","--","--","--","--"," ","0.00","1.29","100","1.31","10","1,385.00",
="033873","國泰金凱基53購01","0","0","0","--","--","--","--"," ","0.00","1.54","100","1.55","10","62.30",
="033874","聯詠凱基53購02","60,000","3","107,200","1.79","1.79","1.78","1.78","+","0.01","1.75","10","1.85","10","435.00",
="033875","創意凱基53購02","0","0","0","--","--","--","--"," ","0.00","1.03","100","1.05","10","1,350.00",
="033876","聯鈞凱基54購02","0","0","0","--","--","--","--"," ","0.00","1.40","100","1.41","10","202.00",
="033877","碩天凱基53購01","0","0","0","--","--","--","--"," ","0.00","1.24","10","1.25","10","225.50",
="033878","健策凱基53購02","0","0","0","--","--","--","--"," ","0.00","2.32","100","2.34","10","1,905.00",
="033879","貿聯凱基53購03","0","0","0","--","--","--","--"," ","0.00","1.30","10","1.40","10","981.00",
="03387U","聯發科元大4C售11","0","0","0","--","--","--","--"," ","0.00","0.03","499","0.13","10","0.00",
="033880","神達凱基54購06","5,000","1","6,750","1.35","1.35","1.35","1.35","+","0.49","1.24","100","1.25","10","95.90",
="033881","臻鼎凱基54購06","0","0","0","--","--","--","--"," ","0.00","1.45","100","1.46","10","194.00",
="033882","啟碁凱基53購02","0","0","0","--","--","--","--"," ","0.00","0.96","100","0.98","10","127.00",
="033883","迅得凱基53購03","40,000","1","62,800","1.57","1.57","1.57","1.57","+","0.08","1.59","100","1.61","10","193.50",
="033884","穎崴凱基55購01","20,000","1","34,600","1.73","1.73","1.73","1.73","+","0.48","1.68","100","1.78","10","1,250.00",
="033885","緯穎凱基53購09","0","0","0","--","--","--","--"," ","0.00","1.68","100","1.69","10","2,975.00",
="033886","龍德船凱基53購03","14,000","3","21,750","1.55","1.60","1.55","1.55","+","0.50","1.54","100","1.55","10","146.00",
="033887","台虹凱基53購02","0","0","0","--","--","--","--"," ","0.00","1.41","10","1.42","10","51.80",
="033888","台灣50元富58購02","0","0","0","--","--","--","--"," ","0.00","1.81","25","1.82","25","52.50",
="033889","T50反1元富53購02","0","0","0","--","--","--","--"," ","0.00","0.68","25","0.69","25","19.79",
="03388U","萬海元大4C售15","4,000","2","4,200","1.07","1.07","1.03","1.03","X","0.00","1.08","499","1.09","200","0.00",
="033890","滬深2X元富53購03","0","0","0","--","--","--","--"," ","0.00","1.23","25","1.33","10","18.32",
="033891","香港2X元富53購02","0","0","0","--","--","--","--"," ","0.00","1.62","25","1.72","10","16.40",
="033892","香港2X元富53購03","0","0","0","--","--","--","--"," ","0.00","1.27","25","1.37","10","16.40",
="033893","中砂元富53購01","0","0","0","--","--","--","--"," ","0.00","2.69","25","2.79","10","347.00",
="033894","為升元富53購01","0","0","0","--","--","--","--"," ","0.00","2.23","25","2.33","10","102.00",
="033895","為升元富55購01","25,000","3","49,950","1.89","2.09","1.89","2.03","+","0.63","1.97","25","2.07","10","102.00",
="033897","華通元富53購04","0","0","0","--","--","--","--"," ","0.00","1.69","25","1.70","25","79.30",
="033898","鴻海元富53購06","0","0","0","--","--","--","--"," ","0.00","1.57","25","1.58","25","206.00",
="033899","鴻海元富53購07","0","0","0","--","--","--","--"," ","0.00","1.70","25","1.72","25","206.00",
="03389U","亞光元大4C售03","0","0","0","--","--","--","--"," ","0.00","0.38","499","0.39","200","0.00",
="033900","廣宇元富58購01","0","0","0","--","--","--","--"," ","0.00","1.98","25","1.99","25","60.90",
="033901","華泰元富53購01","0","0","0","--","--","--","--"," ","0.00","1.97","25","1.98","25","44.70",
="033902","所羅門元富53購01","0","0","0","--","--","--","--"," ","0.00","2.11","25","2.13","25","162.00",
="033903","鴻海統一49購06","110,000","3","4,400","0.04","0.04","0.04","0.04","X","0.00","0.04","90","0.05","100","206.00",
="033904","鴻海統一4B購02","0","0","0","--","--","--","--"," ","0.00","0.52","10","0.53","30","206.00",
="033905","金像電元富53購02","0","0","0","--","--","--","--"," ","0.00","1.96","25","1.97","25","486.00",
="033906","佳能元富53購02","0","0","0","--","--","--","--"," ","0.00","1.80","25","1.81","25","80.80",
="033907","奇鋐元富53購03","0","0","0","--","--","--","--"," ","0.00","0.91","25","0.93","25","1,015.00",
="033908","緯創元富58購01","1,000","1","2,850","2.85","2.85","2.85","2.85","+","0.01","2.81","25","2.85","25","115.00",
="033909","燿華統一49購01","0","0","0","--","--","--","--"," ","0.00","--","0","--","0","31.45",
="03390U","聯鈞元大4C售02","0","0","0","--","--","--","--"," ","0.00","0.48","499","0.49","200","0.00",
="033910","昇貿元富53購03","144,000","32","525,340","3.89","3.89","3.40","3.68","+","1.49","3.64","26","3.68","25","129.00",
="033911","創意元富53購02","0","0","0","--","--","--","--"," ","0.00","--","0","--","0","1,350.00",
="033912","創意元富58購02","0","0","0","--","--","--","--"," ","0.00","--","0","--","0","1,350.00",
="033913","群創元富55購01","30,000","1","48,000","1.60","1.60","1.60","1.60","+","0.24","1.62","25","1.65","25","14.15",
="033914","聯發科統一4C購01","0","0","0","--","--","--","--"," ","0.00","0.45","10","0.46","10","1,385.00",
="033915","jpp元富53購01","0","0","0","--","--","--","--"," ","0.00","1.41","5","--","0","276.00",
="033916","鈺邦元富53購03","0","0","0","--","--","--","--"," ","0.00","2.58","25","2.60","25","178.00",
="033917","慧洋統一4B購01","0","0","0","--","--","--","--"," ","0.00","0.07","10","0.10","10","61.80",
="033918","健鼎統一4B購01","146,000","4","71,380","0.49","0.49","0.47","0.47","-","0.05","0.46","10","0.47","10","318.00",
="033919","鈺邦元富53購04","4,000","4","6,830","1.82","1.82","1.64","1.66","+","0.11","1.63","25","1.64","25","178.00",
="03391U","電子類元大4C售02","243,000","3","51,800","0.21","0.22","0.21","0.22","+","0.02","0.22","100","0.23","10","0.00",
="033920","緯穎元富53購06","0","0","0","--","--","--","--"," ","0.00","1.77","25","1.78","25","2,975.00",
="033921","龍德船元富53購01","0","0","0","--","--","--","--"," ","0.00","2.60","25","2.63","25","146.00",
="033922","愛普統一49購01","0","0","0","--","--","--","--"," ","0.00","0.02","10","0.11","13","305.50",
="033923","羅昇元富53購01","0","0","0","--","--","--","--"," ","0.00","1.66","25","1.68","25","114.50",
="033924","直得國票53購01","32,000","6","57,540","1.84","1.84","1.72","1.72","+","1.11","1.70","25","1.71","10","89.20",
="033925","宇隆國票53購02","0","0","0","--","--","--","--"," ","0.00","2.01","25","2.02","10","262.00",
="033926","廣宇國票58購01","0","0","0","--","--","--","--"," ","0.00","1.81","25","1.82","10","60.90",
="033927","華泰國票53購01","0","0","0","--","--","--","--"," ","0.00","2.83","25","2.84","10","44.70",
="033928","旺宏國票53購01","0","0","0","--","--","--","--"," ","0.00","1.42","25","1.45","10","20.10",
="033929","旺宏國票53購02","0","0","0","--","--","--","--"," ","0.00","1.40","25","1.43","10","20.10",
="03392U","華通中信4C售01","10,000","1","800","0.08","0.08","0.08","0.08","X","0.00","0.08","10","0.09","10","0.00",
="033930","漢唐國票53購05","0","0","0","--","--","--","--"," ","0.00","1.01","25","1.02","10","1,190.00",
="033932","盟立國票53購02","0","0","0","--","--","--","--"," ","0.00","1.64","25","1.66","10","70.00",
="033933","盟立國票54購01","50,000","1","94,000","1.88","1.88","1.88","1.88","+","0.72","1.83","25","1.85","10","70.00",
="033934","零壹國票57購01","0","0","0","--","--","--","--"," ","0.00","1.55","25","1.56","10","126.50",
="033935","德律國票53購04","0","0","0","--","--","--","--"," ","0.00","1.87","25","1.88","10","206.00",
="033936","鈞興國票54購01","20,000","1","37,200","1.86","1.86","1.86","1.86","+","0.88","1.73","25","1.74","10","200.00",
="033937","大銀國票56購01","0","0","0","--","--","--","--"," ","0.00","1.18","25","1.19","10","126.00",
="033938","達興國票54購01","0","0","0","--","--","--","--"," ","0.00","3.38","25","--","0","387.00",
="033939","台虹國票53購02","0","0","0","--","--","--","--"," ","0.00","2.07","25","2.09","10","51.80",
="03393U","FBNQ2X國票51售02","0","0","0","--","--","--","--"," ","0.00","0.51","25","0.52","10","0.00",
="033940","菱光國票54購01","0","0","0","--","--","--","--"," ","0.00","1.60","25","1.61","10","61.50",
="033941","大亞統一63購01","140,000","4","95,200","0.68","0.68","0.68","0.68","-","0.07","0.67","60","--","0","43.00",
="033942","聯電統一5A購01","0","0","0","--","--","--","--"," ","0.00","0.53","10","0.54","10","40.60",
="033943","鴻海統一5B購01","0","0","0","--","--","--","--"," ","0.00","0.74","10","0.75","10","206.00",
="033944","鴻海統一68購04","0","0","0","--","--","--","--"," ","0.00","0.74","10","0.75","10","206.00",
="033945","國巨統一58購02","35,000","4","20,450","0.61","0.61","0.57","0.57","-","0.06","0.57","10","0.58","10","137.00",
="033946","國巨統一5B購01","0","0","0","--","--","--","--"," ","0.00","0.50","10","0.51","10","137.00",
="033947","華泰統一56購02","0","0","0","--","--","--","--"," ","0.00","0.71","10","0.72","10","44.70",
="033948","華泰統一5A購01","0","0","0","--","--","--","--"," ","0.00","0.57","10","0.58","10","44.70",
="033949","智邦統一64購01","0","0","0","--","--","--","--"," ","0.00","0.71","10","0.72","10","984.00",
="03394U","和大國票51售01","25,000","3","10,600","0.49","0.49","0.38","0.38","-","0.17","0.32","459","0.38","10","0.00",
="033950","鴻準統一5B購01","0","0","0","--","--","--","--"," ","0.00","0.48","10","0.49","10","71.70",
="033951","佳能統一5B購01","36,000","1","20,880","0.58","0.58","0.58","0.58","-","0.09","0.57","10","0.58","10","80.80",
="033952","威盛統一64購01","0","0","0","--","--","--","--"," ","0.00","0.55","10","0.56","10","62.00",
="033953","建準統一64購01","0","0","0","--","--","--","--"," ","0.00","0.61","10","0.62","10","137.00",
="033954","盟立統一5A購01","0","0","0","--","--","--","--"," ","0.00","0.54","10","0.55","10","70.00",
="033955","盟立統一5C購01","0","0","0","--","--","--","--"," ","0.00","0.59","10","0.60","10","70.00",
="033956","志聖統一56購02","11,000","4","9,820","1.00","1.00","0.84","0.84","+","0.08","0.80","10","0.81","10","201.50",
="033957","鉅祥統一64購01","0","0","0","--","--","--","--"," ","0.00","0.82","10","0.83","10","98.10",
="033958","長榮航統一5A購01","0","0","0","--","--","--","--"," ","0.00","0.59","10","0.60","10","39.05",
="033959","漢翔統一56購01","1,000","1","1,080","1.08","1.08","1.08","1.08","+","0.32","1.08","10","--","0","60.00",
="03395U","亞德客國票4C售01","0","0","0","--","--","--","--"," ","0.00","2.12","25","2.13","10","0.00",
="033960","長榮太統一58購03","0","0","0","--","--","--","--"," ","0.00","0.62","10","0.63","10","180.00",
="033961","大立光統一56購02","0","0","0","--","--","--","--"," ","0.00","0.76","10","0.77","10","2,395.00",
="033962","奇鋐統一5B購02","0","0","0","--","--","--","--"," ","0.00","0.60","10","0.61","10","1,015.00",
="033963","威強電統一64購01","0","0","0","--","--","--","--"," ","0.00","0.65","10","0.66","10","70.90",
="033964","零壹統一5B購02","0","0","0","--","--","--","--"," ","0.00","0.65","10","0.66","10","126.50",
="033965","零壹統一5C購02","0","0","0","--","--","--","--"," ","0.00","0.63","10","0.64","10","126.50",
="033966","新日興統一59購01","0","0","0","--","--","--","--"," ","0.00","0.91","10","0.92","10","259.00",
="033967","神達統一59購01","0","0","0","--","--","--","--"," ","0.00","0.69","10","0.70","10","95.90",
="033968","神達統一64購01","130,000","4","71,500","0.55","0.55","0.55","0.55","-","0.06","0.54","10","0.55","10","95.90",
="033969","臻鼎統一5C購01","0","0","0","--","--","--","--"," ","0.00","0.70","10","0.71","10","194.00",
="03396U","亞德客國票52售01","0","0","0","--","--","--","--"," ","0.00","1.70","25","1.71","10","0.00",
="033970","佳必琪統一5A購01","0","0","0","--","--","--","--"," ","0.00","0.63","10","0.64","10","178.50",
="033971","迅得統一5C購01","0","0","0","--","--","--","--"," ","0.00","0.67","10","0.68","10","193.50",
="033972","龍德船統一56購01","0","0","0","--","--","--","--"," ","0.00","0.76","10","0.77","10","146.00",
="033973","龍德船統一5A購01","0","0","0","--","--","--","--"," ","0.00","0.69","10","0.70","10","146.00",
="033974","泓德統一58購02","0","0","0","--","--","--","--"," ","0.00","0.46","10","0.47","10","160.00",
="033975","泓德統一5A購01","0","0","0","--","--","--","--"," ","0.00","0.56","10","0.57","10","160.00",
="033976","台虹統一5C購01","0","0","0","--","--","--","--"," ","0.00","0.69","10","0.70","10","51.80",
="033977","南電統一5B購01","0","0","0","--","--","--","--"," ","0.00","1.02","10","--","0","226.00",
="033978","世紀鋼統一58購01","0","0","0","--","--","--","--"," ","0.00","0.54","30","0.55","10","188.00",
="033979","台灣50元大53購09","0","0","0","--","--","--","--"," ","0.00","0.42","499","0.43","10","52.50",
="03397U","聯電國票51售01","30,000","1","57,300","1.91","1.91","1.91","1.91","+","0.03","1.95","25","1.96","10","0.00",
="033980","台灣50元大57購01","2,000","2","3,410","1.73","1.73","1.68","1.68","-","0.07","1.64","499","1.65","10","52.50",
="033981","台泥元大53購03","0","0","0","--","--","--","--"," ","0.00","0.98","499","1.00","10","22.80",
="033982","南亞元大53購13","0","0","0","--","--","--","--"," ","0.00","1.78","400","1.79","10","43.00",
="033983","南亞元大54購10","0","0","0","--","--","--","--"," ","0.00","0.63","499","0.64","10","43.00",
="033984","華城元大54購16","0","0","0","--","--","--","--"," ","0.00","0.71","499","0.73","10","618.00",
="033985","大亞元大53購03","0","0","0","--","--","--","--"," ","0.00","2.03","400","2.05","10","43.00",
="033986","大亞元大53購04","0","0","0","--","--","--","--"," ","0.00","2.27","350","2.29","10","43.00",
="033987","大成鋼元大54購08","0","0","0","--","--","--","--"," ","0.00","1.32","499","1.34","10","38.60",
="033988","光寶科元大54購09","4,000","1","3,640","0.91","0.91","0.91","0.91","+","0.13","0.89","499","0.90","10","130.00",
="033989","聯電元大53購01","0","0","0","--","--","--","--"," ","0.00","1.65","450","1.68","10","40.60",
="03398U","聯電國票52售01","6,000","1","11,100","1.85","1.85","1.85","1.85","+","0.05","1.84","25","1.85","10","0.00",
="033990","台達電元大54購09","0","0","0","--","--","--","--"," ","0.00","0.94","499","0.96","10","709.00",
="033991","華通元大54購04","0","0","0","--","--","--","--"," ","0.00","2.14","350","2.18","10","79.30",
="033992","鴻海元大53購10","0","0","0","--","--","--","--"," ","0.00","0.74","499","0.75","10","206.00",
="033993","台積電元大53購06","0","0","0","--","--","--","--"," ","0.00","--","0","--","0","1,160.00",
="033994","智邦元大54購13","0","0","0","--","--","--","--"," ","0.00","0.69","499","0.70","10","984.00",
="033995","鴻準元大54購06","0","0","0","--","--","--","--"," ","0.00","1.60","450","1.63","10","71.70",
="033996","金像電元大53購07","0","0","0","--","--","--","--"," ","0.00","1.38","499","1.39","10","486.00",
="033997","金像電元大53購08","0","0","0","--","--","--","--"," ","0.00","2.31","350","2.32","10","486.00",
="033998","佳能元大53購03","10,000","1","23,400","2.34","2.34","2.34","2.34","+","0.16","2.35","300","2.37","10","80.80",
="033999","漢唐元大53購12","0","0","0","--","--","--","--"," ","0.00","0.87","499","0.89","10","1,190.00",
="03399U","華通國票51售01","0","0","0","--","--","--","--"," ","0.00","0.27","25","0.28","10","0.00",
="034000","京元電元大54購10","0","0","0","--","--","--","--"," ","0.00","1.69","450","1.73","10","142.00",
="034001","盟立元大53購04","0","0","0","--","--","--","--"," ","0.00","0.98","499","1.00","10","70.00",
="034002","志聖元大53購03","34,000","1","71,740","2.11","2.11","2.11","2.11","+","1.00","1.87","400","1.90","10","201.50",
="034003","立隆電元大53購02","0","0","0","--","--","--","--"," ","0.00","1.44","499","1.45","10","86.60",
="034004","鉅祥元大53購04","0","0","0","--","--","--","--"," ","0.00","2.54","350","2.57","10","98.10",
="034005","強茂元大53購05","0","0","0","--","--","--","--"," ","0.00","2.31","350","2.34","10","65.40",
="034006","長榮太元大53購06","0","0","0","--","--","--","--"," ","0.00","1.05","499","1.06","10","180.00",
="034007","長榮太元大53購07","0","0","0","--","--","--","--"," ","0.00","1.16","499","1.18","10","180.00",
="034008","神基元大53購01","10,000","2","12,950","1.30","1.30","1.29","1.29","+","0.57","1.18","499","1.20","10","157.00",
="034009","神基元大53購02","25,000","4","32,320","1.35","1.35","1.26","1.28","+","0.41","1.26","499","1.29","10","157.00",
="03400U","萬海國票51售02","118,000","16","199,050","1.64","1.74","1.64","1.74","-","0.01","1.70","25","1.74","8","0.00",
="034010","大立光元大53購03","0","0","0","--","--","--","--"," ","0.00","1.08","499","1.09","10","2,395.00",
="034011","奇鋐元大54購17","0","0","0","--","--","--","--"," ","0.00","1.13","499","1.17","10","1,015.00",
="034012","德律元大54購06","56,000","2","69,820","1.25","1.25","1.22","1.22","-","0.09","1.17","499","1.18","10","206.00",
="034013","健鼎元大53購04","0","0","0","--","--","--","--"," ","0.00","1.68","400","1.70","10","318.00",
="034014","緯創元大53購01","0","0","0","--","--","--","--"," ","0.00","--","0","--","0","115.00",
="034015","緯創元大53購02","0","0","0","--","--","--","--"," ","0.00","--","0","--","0","115.00",
="034016","昇貿元大54購03","0","0","0","--","--","--","--"," ","0.00","1.65","499","--","0","129.00",
="034017","群創元大54購04","5,000","2","4,870","0.97","0.98","0.97","0.98","+","0.21","1.11","499","1.13","10","14.15",
="034018","辛耘元大53購01","0","0","0","--","--","--","--"," ","0.00","2.26","350","2.28","10","393.50",
="034019","貿聯元大54購13","0","0","0","--","--","--","--"," ","0.00","2.55","300","2.58","10","981.00",
="03401U","富邦金國票4C售03","3,000","2","2,070","0.71","0.71","0.68","0.68","X","0.00","0.68","25","0.69","10","0.00",
="034020","神達元大53購07","175,000","7","139,670","0.94","0.94","0.75","0.76","+","0.14","0.76","499","0.77","10","95.90",
="034021","神達元大53購08","30,000","1","24,600","0.82","0.82","0.82","0.82","+","0.21","0.76","499","0.78","10","95.90",
="034022","大銀元大53購01","0","0","0","--","--","--","--"," ","0.00","1.65","450","1.68","10","126.00",
="034023","鴻海群益4B購02","0","0","0","--","--","--","--"," ","0.00","0.44","100","0.45","100","206.00",
="034024","鴻海群益51購01","0","0","0","--","--","--","--"," ","0.00","0.89","102","0.90","100","206.00",
="034025","臻鼎元大53購08","0","0","0","--","--","--","--"," ","0.00","1.40","499","1.42","10","194.00",
="034026","祥碩元大53購01","350,000","1","262,500","0.75","0.75","0.75","0.75","-","0.06","0.74","499","0.75","10","1,665.00",
="034027","鈺邦元大53購02","2,000","1","1,900","0.95","0.95","0.95","0.95","+","0.04","0.94","499","0.95","10","178.00",
="034028","緯穎元大53購04","0","0","0","--","--","--","--"," ","0.00","1.96","350","1.99","10","2,975.00",
="034029","龍德船元大53購04","100,000","2","131,500","1.31","1.32","1.31","1.32","+","0.33","1.29","499","1.32","10","146.00",
="03402U","台積電群益4C售15","0","0","0","--","--","--","--"," ","0.00","0.06","200","--","0","0.00",
="034030","AES元大54購11","0","0","0","--","--","--","--"," ","0.00","1.06","499","1.09","10","1,350.00",
="034031","泓德元大53購02","0","0","0","--","--","--","--"," ","0.00","0.80","499","0.90","10","160.00",
="034032","滬深2X群益55購01","10,000","1","8,300","0.83","0.83","0.83","0.83","-","0.06","--","0","--","0","18.32",
="034033","華新群益53購03","0","0","0","--","--","--","--"," ","0.00","1.80","10","1.90","10","23.35",
="034034","上銀群益53購02","130,000","5","179,450","1.29","1.39","1.29","1.39","+","0.07","1.34","10","1.44","10","215.50",
="034035","宇隆群益53購02","0","0","0","--","--","--","--"," ","0.00","--","0","--","0","262.00",
="034036","廣宇群益53購04","28,000","4","22,230","0.83","0.83","0.77","0.78","+","0.07","0.77","10","0.87","10","60.90",
="034037","華泰群益53購01","0","0","0","--","--","--","--"," ","0.00","--","0","--","0","44.70",
="034038","華邦電群益54購01","0","0","0","--","--","--","--"," ","0.00","1.05","100","1.07","100","19.60",
="034039","智邦群益53購06","10,000","1","30,400","3.04","3.04","3.04","3.04","-","0.35","2.96","10","3.06","10","984.00",
="03403U","京元電群益4C售04","100,000","1","7,000","0.07","0.07","0.07","0.07","-","0.01","0.01","30","--","0","0.00",
="034040","鴻準群益53購02","0","0","0","--","--","--","--"," ","0.00","0.88","10","0.98","10","71.70",
="034041","金像電群益53購06","0","0","0","--","--","--","--"," ","0.00","2.79","100","2.82","100","486.00",
="034042","佳能群益53購01","0","0","0","--","--","--","--"," ","0.00","1.24","10","1.34","10","80.80",
="034043","台光電群益54購05","0","0","0","--","--","--","--"," ","0.00","--","0","--","0","1,250.00",
="034044","京元電群益56購01","81,000","7","129,420","1.55","1.76","1.55","1.65","+","0.13","1.46","30","--","0","142.00",
="034045","立隆電群益53購01","300,000","3","476,000","1.60","1.60","1.58","1.58","+","0.02","1.56","10","1.66","10","86.60",
="034046","中工群益53購01","0","0","0","--","--","--","--"," ","0.00","0.99","25","1.02","10","11.25",
="034047","萬海群益53購01","0","0","0","--","--","--","--"," ","0.00","2.39","10","2.49","10","84.10",
="034048","漢翔群益53購01","20,000","2","85,800","4.34","4.34","4.24","4.24","+","2.04","4.33","5","--","0","60.00",
="034049","慧洋群益53購01","0","0","0","--","--","--","--"," ","0.00","--","0","--","0","61.80",
="03404U","材料群益52售11","0","0","0","--","--","--","--"," ","0.00","1.81","10","1.91","10","0.00",
="034050","大立光群益54購02","0","0","0","--","--","--","--"," ","0.00","1.05","10","1.15","10","2,395.00",
="034051","奇鋐群益53購04","0","0","0","--","--","--","--"," ","0.00","--","0","--","0","1,015.00",
="034052","奇鋐群益53購05","0","0","0","--","--","--","--"," ","0.00","--","0","--","0","1,015.00",
="034053","零壹群益53購01","0","0","0","--","--","--","--"," ","0.00","0.89","100","0.91","100","126.50",
="034054","昇貿群益53購02","0","0","0","--","--","--","--"," ","0.00","--","0","--","0","129.00",
="034055","昇貿群益54購03","0","0","0","--","--","--","--"," ","0.00","--","0","--","0","129.00",
="034056","創意群益53購02","0","0","0","--","--","--","--"," ","0.00","--","0","--","0","1,350.00",
="034057","辛耘群益53購01","0","0","0","--","--","--","--"," ","0.00","2.23","10","2.33","10","393.50",
="034058","健策群益53購01","0","0","0","--","--","--","--"," ","0.00","1.43","10","1.53","10","1,905.00",
="034059","世芯群益58購03","0","0","0","--","--","--","--"," ","0.00","0.83","10","0.93","10","4,000.00",
="03405U","滬深2X凱基54售03","33,000","7","17,190","0.53","0.53","0.49","0.49","+","0.07","0.53","10","0.54","50","0.00",
="034060","神達群益54購05","0","0","0","--","--","--","--"," ","0.00","1.41","10","1.51","10","95.90",
="034061","日月光群益53購01","0","0","0","--","--","--","--"," ","0.00","0.83","100","0.84","100","147.50",
="034062","臻鼎群益53購06","131,000","23","245,030","1.87","1.89","1.87","1.87","+","0.36","1.88","10","1.98","10","194.00",
="034063","達興群益53購02","0","0","0","--","--","--","--"," ","0.00","2.69","10","2.79","10","387.00",
="034064","佳必琪群益53購01","0","0","0","--","--","--","--"," ","0.00","1.49","10","1.59","10","178.50",
="034066","台郡群益53購01","0","0","0","--","--","--","--"," ","0.00","1.29","10","1.39","10","68.00",
="034067","啟碁群益53購02","0","0","0","--","--","--","--"," ","0.00","--","0","--","0","127.00",
="034068","鈺邦群益53購01","0","0","0","--","--","--","--"," ","0.00","1.97","25","1.99","10","178.00",
="034069","龍德船群益53購01","20,000","1","31,000","1.55","1.55","1.55","1.55","+","0.47","1.46","25","1.48","10","146.00",
="03406U","智邦凱基4C售03","10,000","1","3,400","0.34","0.34","0.34","0.34","-","0.01","0.34","100","0.35","50","0.00",
="034070","億豐群益53購01","0","0","0","--","--","--","--"," ","0.00","1.00","25","1.01","10","450.00",
="034071","強茂國泰53購02","18,000","3","35,800","1.91","2.00","1.89","2.00","+","0.36","2.01","499","2.03","100","65.40",
="034072","亞翔國泰53購04","0","0","0","--","--","--","--"," ","0.00","1.63","499","1.64","100","349.50",
="03407U","金像電凱基4C售05","0","0","0","--","--","--","--"," ","0.00","0.03","100","0.06","100","0.00",
="034087","華通統一49購02","1,000","1","180","0.18","0.18","0.18","0.18","X","0.00","0.13","10","0.23","10","79.30",
="034089","華碩統一49購01","0","0","0","--","--","--","--"," ","0.00","0.28","10","0.38","10","634.00",
="03408U","台光電凱基52售01","1,000","1","100","0.10","0.10","0.10","0.10","+","0.01","0.09","100","0.10","50","0.00",
="034091","冠德統一51購02","0","0","0","--","--","--","--"," ","0.00","0.06","10","0.10","10","36.30",
="034098","陽明統一4B購01","65,000","4","9,920","0.16","0.16","0.12","0.12","X","0.00","0.11","100","0.12","18","58.80",
="034099","陽明統一4B購02","10,000","1","1,400","0.14","0.14","0.14","0.14"," ","0.00","0.13","10","0.14","10","58.80",
="03409U","亞光凱基4C售01","0","0","0","--","--","--","--"," ","0.00","0.20","10","0.21","30","0.00",
="034101","華航統一49購01","0","0","0","--","--","--","--"," ","0.00","0.05","10","0.10","10","21.25",
="034107","萬海統一49購01","0","0","0","--","--","--","--"," ","0.00","0.23","10","0.33","10","84.10",
="034108","萬海統一4B購01","66,000","8","23,060","0.33","0.37","0.33","0.35","+","0.04","0.31","10","0.32","10","84.10",
="034109","長榮航統一49購01","0","0","0","--","--","--","--"," ","0.00","0.03","10","0.06","2","39.05",
="03410U","聯鈞凱基4C售01","0","0","0","--","--","--","--"," ","0.00","0.46","100","0.47","30","0.00",
="034110","台驊控統一49購01","0","0","0","--","--","--","--"," ","0.00","--","0","--","0","72.00",
="034111","台驊控統一49購02","0","0","0","--","--","--","--"," ","0.00","--","0","--","0","72.00",
="03411U","電子類凱基51售01","0","0","0","--","--","--","--"," ","0.00","0.34","10","0.35","10","0.00",
="03412U","上証2X元大51售02","2,000","2","250","0.13","0.13","0.12","0.12","+","0.03","0.12","250","0.13","100","0.00",
="03413U","SGBR2X元大52售01","0","0","0","--","--","--","--"," ","0.00","1.25","250","1.26","100","0.00",
="03414U","聯電元大4C售02","0","0","0","--","--","--","--"," ","0.00","0.60","499","0.61","200","0.00",
="03415U","華通元大4C售01","215,000","3","45,700","0.25","0.25","0.21","0.24","X","0.00","0.23","499","0.24","200","0.00",
="03416U","華通元大4C售02","0","0","0","--","--","--","--"," ","0.00","0.17","499","0.18","200","0.00",
="03417U","台光電元大4C售10","70,000","4","11,900","0.17","0.17","0.17","0.17","-","0.01","0.12","8","--","0","0.00",
="03418U","南亞科元大4C售06","0","0","0","--","--","--","--"," ","0.00","0.32","499","0.33","200","0.00",
="03419U","富邦金元大4C售02","0","0","0","--","--","--","--"," ","0.00","0.48","499","0.49","200","0.00",
="03420U","聯鈞元大4C售04","160,000","3","131,400","0.81","0.84","0.81","0.84","+","0.08","0.84","489","0.85","200","0.00",
="03421U","台玻國票51售02","309,000","7","15,470","0.05","0.06","0.05","0.06"," ","0.00","0.05","799","0.06","539","0.00",
="03422U","智邦國票51售02","16,000","2","4,060","0.25","0.26","0.25","0.26","X","0.00","0.25","25","0.26","10","0.00",
="03423U","國泰金國票51售02","0","0","0","--","--","--","--"," ","0.00","0.56","25","0.57","10","0.00",
="03424U","晟銘電國票4C售03","0","0","0","--","--","--","--"," ","0.00","0.37","25","0.38","10","0.00",
="03425U","智原國票51售02","0","0","0","--","--","--","--"," ","0.00","1.35","25","1.36","10","0.00",
="03426U","創意國票51售01","0","0","0","--","--","--","--"," ","0.00","0.48","25","0.49","10","0.00",
="03427U","勤誠國票52售01","0","0","0","--","--","--","--"," ","0.00","0.13","25","0.14","10","0.00",
="03428U","上証2X凱基4C售01","1,199,000","7","71,950","0.06","0.07","0.06","0.06","+","0.02","0.06","10","0.07","50","0.00",
="03429U","FBNQ2X凱基52售01","30,000","6","31,750","1.06","1.06","1.05","1.05","X","0.00","1.05","10","1.06","50","0.00",
="03430U","美費半凱基51售02","0","0","0","--","--","--","--"," ","0.00","0.31","10","0.32","50","0.00",
="03431U","台光電凱基4C售04","15,000","1","1,650","0.11","0.11","0.11","0.11","-","0.02","0.11","100","0.12","30","0.00",
="03432U","慧洋凱基4C售01","0","0","0","--","--","--","--"," ","0.00","0.92","10","1.02","10","0.00",
="03433U","信邦凱基4C售01","0","0","0","--","--","--","--"," ","0.00","0.66","10","0.67","10","0.00",
="03434U","牧德凱基51售01","3,000","1","2,190","0.73","0.73","0.73","0.73","X","0.00","0.65","100","0.66","10","0.00",
="03435U","世芯凱基4C售06","0","0","0","--","--","--","--"," ","0.00","0.15","10","0.16","50","0.00",
="03436U","勤誠凱基4C售02","10,000","1","1,600","0.16","0.16","0.16","0.16","+","0.12","0.03","10","0.08","200","0.00",
="03437U","南亞科元富4C售04","0","0","0","--","--","--","--"," ","0.00","0.87","25","0.88","25","0.00",
="03438U","奇鋐元富4C售02","0","0","0","--","--","--","--"," ","0.00","0.18","25","0.19","25","0.00",
="03439U","世芯元富4C售10","0","0","0","--","--","--","--"," ","0.00","0.23","25","0.24","25","0.00",
="03440U","材料元富4C售03","39,000","2","71,520","1.81","1.84","1.81","1.84","-","0.06","1.84","25","1.86","25","0.00",
="03441U","南亞科永豐4C售02","0","0","0","--","--","--","--"," ","0.00","1.00","499","1.01","10","0.00",
="03442U","T50正2群益4C售03","0","0","0","--","--","--","--"," ","0.00","0.37","25","0.38","10","0.00",
="03443U","和大群益4C售01","0","0","0","--","--","--","--"," ","0.00","0.27","469","--","0","0.00",
="034449","長榮統一49購01","0","0","0","--","--","--","--"," ","0.00","0.07","10","0.10","50","188.00",
="03444U","聯電群益56售01","18,000","1","10,260","0.57","0.57","0.57","0.57","X","0.00","0.57","100","0.58","100","0.00",
="034450","長榮統一4C購01","0","0","0","--","--","--","--"," ","0.00","0.29","10","0.30","10","188.00",
="034451","長榮統一55購01","315,000","13","61,050","0.21","0.21","0.19","0.19"," ","0.00","0.18","321","0.19","10","188.00",
="034454","陽明統一49購01","0","0","0","--","--","--","--"," ","0.00","0.03","10","0.04","5","58.80",
="034455","陽明統一55購01","273,000","9","70,780","0.26","0.26","0.25","0.25"," ","0.00","0.24","10","0.25","10","58.80",
="034457","萬海統一55購01","869,000","56","326,380","0.36","0.39","0.36","0.36","+","0.01","0.35","15","0.36","10","84.10",
="03445U","台積電群益4C售17","6,000","1","1,860","0.31","0.31","0.31","0.31","-","0.01","0.08","125","0.46","3","0.00",
="034466","永道統一4B購01","50,000","1","5,000","0.10","0.10","0.10","0.10","+","0.01","0.09","10","0.10","10","154.50",
="034467","永道統一55購01","523,000","4","99,370","0.19","0.19","0.19","0.19"," ","0.00","0.18","10","0.19","10","154.50",
="03446U","聯發科群益52售02","20,000","1","7,800","0.39","0.39","0.39","0.39","X","0.00","0.09","10","--","0","0.00",
="03447U","萬海群益4C售05","0","0","0","--","--","--","--"," ","0.00","2.34","10","2.44","10","0.00",
="03448U","富邦金群益4C售03","0","0","0","--","--","--","--"," ","0.00","--","0","--","0","0.00",
="03449U","亞德客元大4C售02","0","0","0","--","--","--","--"," ","0.00","1.49","499","1.51","200","0.00",
="03450U","台光電元大4C售11","0","0","0","--","--","--","--"," ","0.00","--","0","--","0","0.00",
="03451U","奇鋐元大4C售06","0","0","0","--","--","--","--"," ","0.00","0.20","499","0.21","200","0.00",
="03452U","聯鈞元大4C售05","0","0","0","--","--","--","--"," ","0.00","0.29","499","0.30","200","0.00",
="03453U","台光電台新4C售02","0","0","0","--","--","--","--"," ","0.00","0.07","20","0.08","10","0.00",
="03454U","智邦凱基4C售04","0","0","0","--","--","--","--"," ","0.00","0.11","100","0.12","50","0.00",
="03455U","富邦金凱基4C售02","1,000","1","1,170","1.17","1.17","1.17","1.17","X","0.00","1.17","9","1.27","10","0.00",
="03456U","國泰金凱基4C售04","5,000","1","5,700","1.14","1.14","1.14","1.14","X","0.00","1.15","100","1.16","10","0.00",
="03457U","創意凱基51售01","35,000","2","28,150","0.81","0.81","0.80","0.80","-","0.07","0.84","100","0.85","10","0.00",
="03458U","健策凱基4C售02","0","0","0","--","--","--","--"," ","0.00","0.12","100","--","0","0.00",
="03459U","南亞科中信4C售03","0","0","0","--","--","--","--"," ","0.00","1.04","499","1.05","10","0.00",
="03460U","牧德永豐52售01","50,000","1","38,500","0.77","0.77","0.77","0.77","-","0.10","0.76","10","0.77","10","0.00",
="03461U","南亞科台新4C售01","0","0","0","--","--","--","--"," ","0.00","1.34","20","1.35","10","0.00",
="03462U","南亞科統一4C售02","0","0","0","--","--","--","--"," ","0.00","0.47","10","0.48","10","0.00",
="03463U","南亞科統一54售02","0","0","0","--","--","--","--"," ","0.00","0.60","10","0.61","10","0.00",
="03464U","南亞科群益4C售06","0","0","0","--","--","--","--"," ","0.00","0.77","100","0.78","100","0.00",
="03465U","創意群益4C售03","61,000","1","37,820","0.62","0.62","0.62","0.62","-","0.06","0.30","33","--","0","0.00",
="03466U","臺股指群益4C售11","0","0","0","--","--","--","--"," ","0.00","0.17","499","0.22","3","0.00",
="03467U","臺股指群益4C售12","0","0","0","--","--","--","--"," ","0.00","0.32","499","0.33","499","0.00",
="03468U","臺股指群益4C售13","0","0","0","--","--","--","--"," ","0.00","0.25","499","0.26","499","0.00",
="034694","T50正2統一49購01","50,000","1","19,500","0.39","0.39","0.39","0.39","X","0.00","0.37","10","0.38","10","259.40",
="034695","堤維西統一49購01","0","0","0","--","--","--","--"," ","0.00","--","0","--","0","42.05",
="034697","敬鵬統一49購01","2,000","2","200","0.10","0.10","0.10","0.10","X","0.00","0.10","20","0.15","3","40.70",
="03469U","南亞科元富4C售05","0","0","0","--","--","--","--"," ","0.00","0.98","25","0.99","25","0.00",
="034703","長榮統一49購02","199,000","3","19,900","0.10","0.10","0.10","0.10"," ","0.00","0.04","10","0.05","10","188.00",
="034704","長榮統一55購02","0","0","0","--","--","--","--"," ","0.00","0.41","10","0.42","10","188.00",
="03470U","南亞科元富53售03","0","0","0","--","--","--","--"," ","0.00","0.99","25","1.00","25","0.00",
="034711","陽明統一49購02","0","0","0","--","--","--","--"," ","0.00","0.02","10","0.03","20","58.80",
="034713","陽明統一49購03","0","0","0","--","--","--","--"," ","0.00","--","0","0.01","10","58.80",
="034714","陽明統一4B購03","290,000","6","14,300","0.05","0.05","0.03","0.03","X","0.00","0.03","100","0.05","51","58.80",
="034715","陽明統一55購02","64,000","4","7,440","0.11","0.13","0.11","0.12"," ","0.00","0.12","12","0.13","11","58.80",
="034718","華航統一55購01","0","0","0","--","--","--","--"," ","0.00","0.26","10","0.27","10","21.25",
="03471U","京元電元富4C售01","0","0","0","--","--","--","--"," ","0.00","0.04","25","0.14","10","0.00",
="034722","定穎控統一49購02","0","0","0","--","--","--","--"," ","0.00","1.31","10","1.41","10","106.00",
="034723","訊芯統一55購01","0","0","0","--","--","--","--"," ","0.00","--","0","0.20","10","165.00",
="03472U","國泰金元富4C售02","0","0","0","--","--","--","--"," ","0.00","1.83","25","1.84","25","0.00",
="03473U","台積電國票4C售10","0","0","0","--","--","--","--"," ","0.00","0.41","25","0.45","10","0.00",
="03474U","台積電國票51售08","0","0","0","--","--","--","--"," ","0.00","0.50","25","0.54","10","0.00",
="03475U","金像電國票51售02","387,000","20","21,500","0.06","0.06","0.05","0.05","-","0.01","0.04","432","0.05","10","0.00",
="03476U","富邦金國票51售01","0","0","0","--","--","--","--"," ","0.00","0.92","25","0.93","10","0.00",
="03477U","南亞科國泰52售01","0","0","0","--","--","--","--"," ","0.00","1.26","499","1.27","100","0.00",
="03478U","台積電富邦54售01","60,000","4","31,450","0.52","0.53","0.52","0.53","X","0.00","0.53","30","0.54","10","0.00",
="03479U","台積電富邦56售02","15,000","2","950","0.06","0.07","0.06","0.07","+","0.01","0.07","30","0.08","136","0.00",
="03480U","國泰金富邦4C售02","0","0","0","--","--","--","--"," ","0.00","0.35","30","0.36","10","0.00",
="03481U","臺股指富邦51售12","0","0","0","--","--","--","--"," ","0.00","0.68","499","0.69","98","0.00",
="03482U","亞德客元大4C售03","0","0","0","--","--","--","--"," ","0.00","1.44","499","1.46","200","0.00",
="03483U","台光電元大4C售13","0","0","0","--","--","--","--"," ","0.00","0.03","499","0.12","1","0.00",
="03484U","南亞科元大4C售07","0","0","0","--","--","--","--"," ","0.00","1.51","499","1.52","200","0.00",
="03485U","國泰金元大4C售03","0","0","0","--","--","--","--"," ","0.00","0.58","499","0.59","200","0.00",
="03486U","國泰金元大4C售04","0","0","0","--","--","--","--"," ","0.00","0.77","499","0.78","200","0.00",
="03487U","奇鋐元大4C售08","0","0","0","--","--","--","--"," ","0.00","0.19","499","0.20","200","0.00",
="03488U","亞光元大4C售04","0","0","0","--","--","--","--"," ","0.00","0.08","499","0.09","200","0.00",
="03489U","健策元大4C售02","0","0","0","--","--","--","--"," ","0.00","0.17","499","0.18","200","0.00",
="03490U","緯穎元大4C售16","0","0","0","--","--","--","--"," ","0.00","0.41","499","0.42","200","0.00",
="03491U","臺股指中信53售11","0","0","0","--","--","--","--"," ","0.00","0.49","499","0.50","100","0.00",
="03492U","南亞科永豐51售03","0","0","0","--","--","--","--"," ","0.00","1.10","499","1.11","10","0.00",
="034934","長榮元富55購01","0","0","0","--","--","--","--"," ","0.00","0.59","25","0.60","25","188.00",
="03493U","富邦金永豐4C售01","0","0","0","--","--","--","--"," ","0.00","0.46","499","0.47","10","0.00",
="03494U","國泰金群益4C售03","0","0","0","--","--","--","--"," ","0.00","1.29","10","1.39","10","0.00",
="03495U","富世達群益4C售03","0","0","0","--","--","--","--"," ","0.00","--","0","--","0","0.00",
="03496U","台積電台新4C售03","0","0","0","--","--","--","--"," ","0.00","0.24","20","0.25","10","0.00",
="03497U","台積電台新4C售04","25,000","1","45,750","1.83","1.83","1.83","1.83","X","0.00","1.94","10","2.01","10","0.00",
="03498U","金像電凱基4C售07","0","0","0","--","--","--","--"," ","0.00","--","0","0.10","15","0.00",
="03499U","南亞科凱基4C售06","0","0","0","--","--","--","--"," ","0.00","1.70","10","1.71","10","0.00",
="03500U","裕民凱基4C售04","1,000","1","740","0.74","0.74","0.74","0.74","X","0.00","0.73","10","0.74","10","0.00",
="03501U","臺股指凱基4C售19","115,000","3","41,550","0.36","0.37","0.36","0.37","+","0.03","0.37","100","0.38","10","0.00",
="03502U","臺股指凱基51售16","0","0","0","--","--","--","--"," ","0.00","0.48","100","0.49","10","0.00",
="03503U","美時元富4C售02","89,000","3","201,320","2.23","2.35","2.23","2.35","+","0.14","2.30","25","2.33","25","0.00",
="03504U","仁寶元富4C售01","0","0","0","--","--","--","--"," ","0.00","0.92","20","--","0","0.00",
="03505U","鴻準元富4C售02","0","0","0","--","--","--","--"," ","0.00","0.58","25","0.59","25","0.00",
="03506U","富世達元富4C售02","0","0","0","--","--","--","--"," ","0.00","0.11","35","0.12","25","0.00",
="03507U","中信金元大4C售01","40,000","1","31,200","0.78","0.78","0.78","0.78","X","0.00","0.80","25","0.81","10","0.00",
="03508U","晟銘電元大4C售03","0","0","0","--","--","--","--"," ","0.00","0.23","499","0.24","200","0.00",
="03509U","A50正2國票51售03","0","0","0","--","--","--","--"," ","0.00","0.18","25","0.19","10","0.00",
="03510U","國巨國票4C售02","100,000","1","52,000","0.52","0.52","0.52","0.52","X","0.00","0.51","25","0.52","10","0.00",
="03511U","海悅國票4C售01","0","0","0","--","--","--","--"," ","0.00","1.94","25","1.97","10","0.00",
="03512U","南亞科國票51售03","0","0","0","--","--","--","--"," ","0.00","1.34","25","1.35","10","0.00",
="03513U","陽明國票4C售04","1,000","1","1,550","1.55","1.55","1.55","1.55","X","0.00","1.55","25","1.56","10","0.00",
="03514U","陽明國票51售02","0","0","0","--","--","--","--"," ","0.00","1.97","25","1.98","10","0.00",
="03515U","奇鋐國票51售03","0","0","0","--","--","--","--"," ","0.00","0.16","25","0.17","10","0.00",
="03516U","精成科國票51售04","80,000","3","14,300","0.19","0.19","0.17","0.18","-","0.09","0.05","200","0.17","10","0.00",
="03517U","S&P正2國票52售02","40,000","2","18,400","0.46","0.46","0.46","0.46","X","0.00","0.44","25","0.45","10","0.00",
="03518U","虎航國票51售02","0","0","0","--","--","--","--"," ","0.00","1.17","25","1.18","10","0.00",
="03519U","雲豹國票51售01","0","0","0","--","--","--","--"," ","0.00","1.63","25","1.65","10","0.00",
="03520U","昇陽半國票52售01","0","0","0","--","--","--","--"," ","0.00","0.90","25","0.91","10","0.00",
="03521U","世紀鋼國票4C售03","0","0","0","--","--","--","--"," ","0.00","1.99","25","2.00","10","0.00",
="03522U","台光電國泰52售03","645,000","8","196,680","0.29","0.33","0.29","0.30","+","0.01","0.29","115","0.30","10","0.00",
="03523U","長榮國泰52售01","0","0","0","--","--","--","--"," ","0.00","1.97","499","1.99","100","0.00",
="03524U","中興電富邦4C售04","0","0","0","--","--","--","--"," ","0.00","0.30","30","0.31","10","0.00",
="03525U","聯發科群益4C售09","123,000","1","107,010","0.87","0.87","0.87","0.87","+","0.02","0.29","34","--","0","0.00",
="03526U","牧德群益4C售03","0","0","0","--","--","--","--"," ","0.00","0.55","25","0.56","10","0.00",
="03527U","國巨元富4C售02","0","0","0","--","--","--","--"," ","0.00","1.23","25","1.26","25","0.00",
="03528U","國巨凱基4C售02","81,000","2","37,660","0.46","0.50","0.46","0.50","-","0.04","0.50","10","0.51","10","0.00",
="03529U","國泰金凱基4C售06","0","0","0","--","--","--","--"," ","0.00","0.76","10","0.77","10","0.00",
="03530U","德律凱基51售02","30,000","1","7,200","0.24","0.24","0.24","0.24","X","0.00","0.24","100","0.25","50","0.00",
="03531U","台光電元大4C售15","20,000","1","8,000","0.40","0.40","0.40","0.40","-","0.03","0.01","499","--","0","0.00",
="03532U","富邦金元大4C售03","0","0","0","--","--","--","--"," ","0.00","1.48","499","1.49","200","0.00",
="03533U","臺股指元大4C售27","0","0","0","--","--","--","--"," ","0.00","0.37","499","0.38","10","0.00",
="03534U","台光電台新4C售04","0","0","0","--","--","--","--"," ","0.00","0.24","10","0.25","10","0.00",
="035358","元債2X元富4B購01","0","0","0","--","--","--","--"," ","0.00","0.06","25","0.10","10","7.05",
="03535U","創意國泰51售01","0","0","0","--","--","--","--"," ","0.00","0.59","10","0.60","10","0.00",
="03536U","金像電統一53售03","0","0","0","--","--","--","--"," ","0.00","0.12","10","0.13","10","0.00",
="03537U","台光電統一53售05","20,000","1","5,200","0.26","0.26","0.26","0.26","+","0.01","0.25","68","0.26","68","0.00",
="03538U","奇鋐統一53售03","0","0","0","--","--","--","--"," ","0.00","0.38","68","0.39","68","0.00",
="03539U","T50正2中信52售02","103,000","2","62,830","0.61","0.61","0.61","0.61","+","0.03","0.61","100","0.62","100","0.00",
="03540U","SGBR2X中信4C售01","0","0","0","--","--","--","--"," ","0.00","0.62","499","0.63","100","0.00",
="03541U","台光電中信4C售02","230,000","3","39,200","0.18","0.18","0.17","0.17"," ","0.00","0.16","10","0.17","10","0.00",
="03542U","T50正2群益4C售05","0","0","0","--","--","--","--"," ","0.00","0.45","25","0.46","10","0.00",
="03543U","川湖群益54售03","1,550,000","7","262,000","0.17","0.17","0.16","0.17","-","0.01","0.16","100","0.17","10","0.00",
="03544U","台積電群益4C售19","30,000","4","15,900","0.52","0.54","0.52","0.54","+","0.04","0.16","62","--","0","0.00",
="03545U","台積電群益51售07","59,000","2","29,500","0.50","0.50","0.50","0.50","+","0.02","0.12","83","--","0","0.00",
="03546U","台積電群益51售08","10,000","1","5,600","0.56","0.56","0.56","0.56","+","0.03","0.17","58","--","0","0.00",
="03547U","台光電群益4C售05","0","0","0","--","--","--","--"," ","0.00","0.02","30","--","0","0.00",
="03548U","聯發科群益51售04","57,000","1","47,880","0.84","0.84","0.84","0.84","+","0.01","0.30","33","--","0","0.00",
="03549U","聯發科群益51售05","133,000","2","120,930","0.91","0.91","0.90","0.90","+","0.02","0.35","28","--","0","0.00",
="03550U","奇鋐群益52售04","122,000","3","69,570","0.56","0.61","0.56","0.58","X","0.00","0.55","100","0.56","100","0.00",
="03551U","緯創群益4C售02","61,000","1","81,130","1.33","1.33","1.33","1.33","X","0.00","0.58","20","--","0","0.00",
="03552U","迎廣群益4C售02","0","0","0","--","--","--","--"," ","0.00","0.82","10","0.92","10","0.00",
="03553U","穎崴群益52售04","0","0","0","--","--","--","--"," ","0.00","--","0","--","0","0.00",
="03554U","虎航群益4C售01","0","0","0","--","--","--","--"," ","0.00","1.33","10","1.43","10","0.00",
="03555U","昇陽半群益4C售01","0","0","0","--","--","--","--"," ","0.00","0.45","30","--","0","0.00",
="03556U","台光電永豐51售04","0","0","0","--","--","--","--"," ","0.00","0.32","499","0.33","10","0.00",
="03557U","台光電富邦51售02","0","0","0","--","--","--","--"," ","0.00","0.10","100","0.11","98","0.00",
="03558U","國企2X元富4C售02","100,000","2","61,800","0.61","0.65","0.61","0.65","+","0.09","0.66","25","0.67","25","0.00",
="03559U","FBNQ2X元富4C售04","0","0","0","--","--","--","--"," ","0.00","0.48","25","0.49","25","0.00",
="03560U","台積電元富4C售11","0","0","0","--","--","--","--"," ","0.00","0.21","25","0.22","25","0.00",
="03561U","台光電元富4C售03","0","0","0","--","--","--","--"," ","0.00","0.05","25","0.10","10","0.00",
="03562U","台光電元富4C售04","5,000","1","800","0.16","0.16","0.16","0.16","+","0.02","0.15","25","0.16","25","0.00",
="03563U","台光電元富4C售05","5,000","1","1,850","0.37","0.37","0.37","0.37","+","0.01","0.36","25","0.37","25","0.00",
="03564U","達興元富4C售03","0","0","0","--","--","--","--"," ","0.00","0.21","25","0.22","25","0.00",
="03565U","穎崴元富4C售01","4,000","2","2,600","0.70","0.70","0.60","0.60","-","0.07","0.54","2","0.66","2","0.00",
="03566U","世紀鋼元富4C售02","0","0","0","--","--","--","--"," ","0.00","1.58","25","1.59","25","0.00",
="03567U","漢唐國票51售02","0","0","0","--","--","--","--"," ","0.00","0.02","499","0.05","210","0.00",
="03568U","一詮國票51售01","0","0","0","--","--","--","--"," ","0.00","1.05","25","1.06","10","0.00",
="03569U","雄獅國票4C售02","0","0","0","--","--","--","--"," ","0.00","0.90","25","0.91","10","0.00",
="03570U","聯茂國票51售02","0","0","0","--","--","--","--"," ","0.00","0.18","25","0.35","30","0.00",
="03571U","臺股指國票4C售08","0","0","0","--","--","--","--"," ","0.00","0.68","499","0.77","499","0.00",
="03572U","台光電凱基4C售06","150,000","1","34,500","0.23","0.23","0.23","0.23","+","0.02","0.21","100","0.22","30","0.00",
="03573U","富邦金凱基4C售04","0","0","0","--","--","--","--"," ","0.00","0.40","10","0.50","10","0.00",
="03574U","富世達凱基4C售04","50,000","1","4,000","0.08","0.08","0.08","0.08","X","0.00","0.07","10","0.08","50","0.00",
="03575U","臺股指凱基4C售21","0","0","0","--","--","--","--"," ","0.00","0.28","100","0.29","10","0.00",
="03576P","台積電凱基4A售07","0","0","0","--","--","--","--"," ","0.00","0.08","100","0.09","10","0.00",
="03576U","奇鋐元大4C售11","0","0","0","--","--","--","--"," ","0.00","0.39","499","0.40","200","0.00",
="03577U","技嘉群益4C售04","0","0","0","--","--","--","--"," ","0.00","--","0","--","0","0.00",
="03578U","一詮群益4C售02","0","0","0","--","--","--","--"," ","0.00","0.94","10","1.04","10","0.00",
="035791","元債2X元大4B購01","0","0","0","--","--","--","--"," ","0.00","0.08","100","0.09","50","7.05",
="03579U","臺股指群益54售14","0","0","0","--","--","--","--"," ","0.00","0.56","499","0.57","499","0.00",
="03580U","臺股指群益54售15","0","0","0","--","--","--","--"," ","0.00","0.69","499","0.70","499","0.00",
="03581U","臺股指群益54售16","102,000","2","55,060","0.53","0.54","0.53","0.54","+","0.02","0.54","499","0.55","505","0.00",
="03582U","台光電台新4C售05","0","0","0","--","--","--","--"," ","0.00","0.11","20","0.12","10","0.00",
="03583U","台光電凱基4C售08","0","0","0","--","--","--","--"," ","0.00","0.09","100","0.10","50","0.00",
="03584U","漢唐凱基51售03","0","0","0","--","--","--","--"," ","0.00","0.01","599","0.11","10","0.00",
="03585U","昇陽半凱基4C售05","10,000","1","5,300","0.53","0.53","0.53","0.53","X","0.00","0.52","100","0.53","10","0.00",
="03586U","群臺2X國票51售01","0","0","0","--","--","--","--"," ","0.00","1.12","25","1.13","10","0.00",
="03587U","群臺2X國票53售01","5,000","1","6,350","1.27","1.27","1.27","1.27","+","0.02","1.31","25","1.32","10","0.00",
="03588U","萬海國票51售04","0","0","0","--","--","--","--"," ","0.00","1.74","25","1.84","10","0.00",
="03589U","世芯國票4C售03","2,000","2","770","0.39","0.39","0.38","0.38","X","0.00","0.42","25","0.43","10","0.00",
="03590U","jpp國票51售02","22,000","3","3,420","0.15","0.16","0.15","0.16","-","0.02","0.15","45","0.16","8","0.00",
="03591U","臺股指國票4C售09","0","0","0","--","--","--","--"," ","0.00","0.38","499","0.48","10","0.00",
="03592U","臺股指國票51售07","0","0","0","--","--","--","--"," ","0.00","0.83","499","0.92","499","0.00",
="03593U","臺股指國票51售08","0","0","0","--","--","--","--"," ","0.00","0.70","499","0.71","499","0.00",
="03594U","臺股指元大4C售29","11,000","2","5,750","0.52","0.55","0.52","0.55","X","0.00","0.51","100","0.56","3","0.00",
="03595U","臺股指元大4C售30","0","0","0","--","--","--","--"," ","0.00","0.80","100","0.81","10","0.00",
="03596U","臺股指元大4C售31","16,000","6","10,390","0.64","0.67","0.63","0.67","+","0.05","0.66","100","0.67","10","0.00",
="03597U","臺指2X中信52售01","64,000","6","53,470","0.83","0.86","0.83","0.86","+","0.05","0.86","90","0.87","100","0.00",
="03598U","臺指2X中信54售01","56,000","4","38,140","0.67","0.69","0.67","0.69","+","0.02","0.69","100","0.70","100","0.00",
="03599U","穎崴永豐51售01","0","0","0","--","--","--","--"," ","0.00","0.34","29","--","0","0.00",
="03600U","緯創台新51售01","10,000","1","10,400","1.04","1.04","1.04","1.04","X","0.00","1.05","10","1.06","10","0.00",
="03601U","台積電統一52售09","0","0","0","--","--","--","--"," ","0.00","0.32","10","0.33","10","0.00",
="03602U","台積電統一56售07","430,000","6","129,050","0.30","0.31","0.30","0.31","+","0.02","0.30","10","0.31","10","0.00",
="03603U","鴻準群益4C售06","500,000","2","130,000","0.26","0.26","0.26","0.26","X","0.00","0.26","10","0.36","10","0.00",
="03604U","聯發科群益51售07","116,000","1","56,840","0.49","0.49","0.49","0.49","+","0.02","0.16","62","--","0","0.00",
="03605U","萬海群益51售05","0","0","0","--","--","--","--"," ","0.00","1.09","10","1.19","10","0.00",
="03606U","中信金群益52售01","0","0","0","--","--","--","--"," ","0.00","--","0","--","0","0.00",
="03607U","大立光群益52售03","0","0","0","--","--","--","--"," ","0.00","--","0","--","0","0.00",
="03608U","晟銘電群益4C售02","0","0","0","--","--","--","--"," ","0.00","0.35","25","0.36","10","0.00",
="03609U","世芯群益4C售13","0","0","0","--","--","--","--"," ","0.00","0.27","10","0.37","10","0.00",
="03610U","臺股指群益59售04","0","0","0","--","--","--","--"," ","0.00","0.64","499","0.65","499","0.00",
="03611U","臺股指群益59售05","88,000","9","56,790","0.64","0.66","0.64","0.65","+","0.02","0.65","499","0.66","499","0.00",
="03612U","T50正2元富51售06","1,000","1","290","0.29","0.29","0.29","0.29","X","0.00","0.30","25","0.31","25","0.00",
="03613U","台化元富4C售03","1,000","1","1,590","1.59","1.59","1.59","1.59","+","0.16","1.57","25","1.58","25","0.00",
="03614U","富邦金元富4C售02","0","0","0","--","--","--","--"," ","0.00","0.72","25","0.73","25","0.00",
="03615U","國泰金元富4C售03","0","0","0","--","--","--","--"," ","0.00","1.57","25","1.58","25","0.00",
="03616U","健策元富4C售03","0","0","0","--","--","--","--"," ","0.00","0.19","25","0.20","25","0.00",
="03617U","台積電國票4C售11","0","0","0","--","--","--","--"," ","0.00","0.50","25","0.55","10","0.00",
="03618U","台積電國票51售09","3,000","1","1,620","0.54","0.54","0.54","0.54","-","0.01","0.56","25","0.60","10","0.00",
="03619U","國泰金國票53售01","0","0","0","--","--","--","--"," ","0.00","0.24","25","0.25","10","0.00",
="03620U","達興國票4C售02","0","0","0","--","--","--","--"," ","0.00","0.24","25","0.25","10","0.00",
="03621U","台積電富邦4C售11","52,000","2","12,260","0.23","0.24","0.23","0.24","+","0.02","0.24","30","0.25","10","0.00",
="03622U","台積電富邦4C售12","0","0","0","--","--","--","--"," ","0.00","0.26","30","0.27","10","0.00",
="03623U","台積電富邦52售03","3,000","1","1,170","0.39","0.39","0.39","0.39","X","0.00","0.40","30","0.41","10","0.00",
="03624U","國泰金富邦4C售03","0","0","0","--","--","--","--"," ","0.00","0.84","30","0.85","10","0.00",
="03625U","元日2X元大56售02","0","0","0","--","--","--","--"," ","0.00","0.42","499","0.43","100","0.00",
="03626U","富邦金元大4C售04","0","0","0","--","--","--","--"," ","0.00","1.06","499","1.07","200","0.00",
="03627U","穎崴元大4C售07","163,000","6","145,240","0.89","0.92","0.83","0.83","-","0.02","0.26","38","--","0","0.00",
="03628U","臺股指元大4C售32","0","0","0","--","--","--","--"," ","0.00","0.27","499","0.37","10","0.00",
="03629U","臺股指元大54售08","773,000","30","1,079,400","1.38","1.43","1.37","1.41","+","0.05","1.42","100","1.43","10","0.00",
="03630U","臺股指元大56售05","1,000","1","930","0.93","0.93","0.93","0.93","+","0.03","0.94","100","0.95","10","0.00",
="03631U","技嘉凱基4C售03","0","0","0","--","--","--","--"," ","0.00","0.55","10","0.56","30","0.00",
="03632U","國泰金凱基4C售07","4,000","2","5,400","1.34","1.38","1.34","1.38","X","0.00","1.37","100","1.38","9","0.00",
="03633U","大立光凱基4C售06","0","0","0","--","--","--","--"," ","0.00","0.46","10","0.47","10","0.00",
="03634U","奇鋐凱基4C售05","0","0","0","--","--","--","--"," ","0.00","0.19","100","0.20","30","0.00",
="03635U","世芯凱基51售09","0","0","0","--","--","--","--"," ","0.00","0.19","10","0.20","50","0.00",
="03636U","臺股指凱基54售09","47,000","3","26,620","0.56","0.57","0.56","0.57","+","0.02","0.58","100","0.59","10","0.00",
="03637U","臺股指凱基54售10","0","0","0","--","--","--","--"," ","0.00","0.51","100","0.52","10","0.00",
="03638U","臺股指凱基56售07","0","0","0","--","--","--","--"," ","0.00","0.95","100","0.96","10","0.00",
="03639U","T50正2元富4C售03","10,000","1","3,900","0.39","0.39","0.39","0.39","X","0.00","0.39","25","0.40","25","0.00",
="03640U","奇鋐元富4C售04","110,000","5","44,900","0.41","0.41","0.40","0.40","X","0.00","0.40","25","0.41","25","0.00",
="03641U","技嘉國票4C售02","0","0","0","--","--","--","--"," ","0.00","1.26","25","1.27","10","0.00",
="03642U","台光電國票51售04","0","0","0","--","--","--","--"," ","0.00","0.23","25","0.24","10","0.00",
="03643U","國泰金國票51售05","0","0","0","--","--","--","--"," ","0.00","0.83","25","0.84","10","0.00",
="03644U","大立光國票51售03","0","0","0","--","--","--","--"," ","0.00","0.65","25","0.67","10","0.00",
="03645U","亞光國票4C售04","0","0","0","--","--","--","--"," ","0.00","0.56","25","0.57","10","0.00",
="03646U","緯創國票51售05","20,000","2","15,800","0.80","0.80","0.78","0.78","X","0.00","0.79","25","0.80","10","0.00",
="03647U","佳必琪國票4C售01","0","0","0","--","--","--","--"," ","0.00","0.37","25","0.38","10","0.00",
="03648U","緯穎國票51售03","0","0","0","--","--","--","--"," ","0.00","0.40","25","0.41","10","0.00",
="03649U","洋基國票51售02","0","0","0","--","--","--","--"," ","0.00","0.32","25","0.33","10","0.00",
="03650U","臺股指國票52售03","0","0","0","--","--","--","--"," ","0.00","1.10","499","1.11","499","0.00",
="03651U","臺股指國票52售04","0","0","0","--","--","--","--"," ","0.00","0.82","499","0.83","499","0.00",
="03652U","元石油中信4C售02","0","0","0","--","--","--","--"," ","0.00","0.77","499","0.78","100","0.00",
="03653U","臺股指永豐4C售06","0","0","0","--","--","--","--"," ","0.00","0.60","499","0.61","10","0.00",
="03654U","SGBR2X凱基4C售03","0","0","0","--","--","--","--"," ","0.00","1.25","100","1.26","10","0.00",
="03655U","台積電凱基4C售45","16,000","2","4,760","0.29","0.31","0.29","0.31","+","0.03","0.32","100","0.33","10","0.00",
="03656U","聯發科凱基4C售13","0","0","0","--","--","--","--"," ","0.00","0.36","10","0.37","10","0.00",
="03657U","臺股指凱基55售05","25,000","10","34,400","1.36","1.40","1.34","1.37","+","0.02","1.37","100","1.38","10","0.00",
="03658U","臺股指凱基59售01","1,000","1","1,080","1.08","1.08","1.08","1.08","+","0.04","1.07","100","1.08","10","0.00",
="03659U","T50正2元大4C售07","83,000","4","26,870","0.32","0.33","0.32","0.32","X","0.00","0.31","100","0.32","10","0.00",
="03660U","元油反元大51售02","0","0","0","--","--","--","--"," ","0.00","0.70","250","0.71","100","0.00",
="03661U","台光電元大4C售19","0","0","0","--","--","--","--"," ","0.00","0.31","60","--","0","0.00",
="03662U","健策元大4C售03","6,000","3","2,180","0.36","0.37","0.36","0.37","+","0.06","0.33","499","0.34","200","0.00",
="03663U","世芯元大4C售06","0","0","0","--","--","--","--"," ","0.00","0.34","499","0.35","50","0.00",
="03664U","元石油群益52售02","0","0","0","--","--","--","--"," ","0.00","1.69","25","1.70","10","0.00",
="03665B","臺股指元大4A熊02","2,810,000","60","2,575,880","0.91","0.95","0.90","0.95","+","0.07","0.94","100","0.95","5","24,236.45",
="03665U","SGBR2X群益52售02","0","0","0","--","--","--","--"," ","0.00","1.92","25","1.95","10","0.00",
="03666B","臺股指凱基4B熊01","2,158,000","191","3,585,850","1.61","1.72","1.58","1.69","+","0.14","1.69","35","1.70","2","24,236.45",
="03666U","台玻群益51售01","0","0","0","--","--","--","--"," ","0.00","0.02","86","0.08","1","0.00",
="03667U","海悅群益51售02","0","0","0","--","--","--","--"," ","0.00","1.51","25","1.56","10","0.00",
="03668B","臺股指凱基53熊01","97,000","9","200,050","2.09","2.12","2.04","2.12","+","0.12","2.14","100","2.15","10","24,236.45",
="03668U","國泰金群益53售01","0","0","0","--","--","--","--"," ","0.00","0.46","10","0.56","10","0.00",
="03669U","中信金群益51售01","0","0","0","--","--","--","--"," ","0.00","--","0","--","0","0.00",
="03670U","臺股指群益4C售21","0","0","0","--","--","--","--"," ","0.00","0.20","499","0.21","499","0.00",
="03671U","臺股指群益4C售22","0","0","0","--","--","--","--"," ","0.00","0.24","499","0.25","499","0.00",
="03672U","臺股指群益4C售23","5,000","1","1,400","0.28","0.28","0.28","0.28","X","0.00","0.30","499","0.40","10","0.00",
="03673U","臺股指群益4C售24","15,000","1","4,050","0.27","0.27","0.27","0.27","X","0.00","0.27","499","0.28","499","0.00",
="03674U","臺股指群益4C售25","0","0","0","--","--","--","--"," ","0.00","0.31","499","0.41","10","0.00",
="03675U","臺股指群益4C售26","0","0","0","--","--","--","--"," ","0.00","0.41","499","0.42","499","0.00",
="03676U","臺股指群益4C售27","27,000","1","10,260","0.38","0.38","0.38","0.38","X","0.00","0.41","499","0.42","499","0.00",
="03677U","電子類群益4C售02","0","0","0","--","--","--","--"," ","0.00","0.24","499","0.25","499","0.00",
="03678U","電子類群益4C售03","46,000","9","19,360","0.41","0.43","0.40","0.43","+","0.03","0.42","499","0.43","499","0.00",
="03679B","臺股指凱基55熊07","517,000","27","671,630","1.28","1.36","1.24","1.33","+","0.12","1.33","100","1.34","10","24,236.45",
="03679U","T50正2富邦52售02","100,000","1","57,000","0.57","0.57","0.57","0.57","X","0.00","0.56","100","0.57","98","0.00",
="03680B","臺股指元大52熊05","243,000","6","187,240","0.74","0.79","0.74","0.79","+","0.06","0.79","100","0.80","10","24,236.45",
="03680U","華碩富邦4C售02","52,000","1","32,240","0.62","0.62","0.62","0.62","X","0.00","0.60","30","0.61","10","0.00",
="03681B","臺股指元大53熊08","95,000","24","66,560","0.69","0.72","0.68","0.71","+","0.04","0.71","100","0.72","20","24,236.45",
="03681U","金像電富邦51售03","0","0","0","--","--","--","--"," ","0.00","0.03","100","0.04","28","0.00",
="03682B","臺股指元大54熊14","331,000","12","486,190","1.46","1.50","1.46","1.49","+","0.06","1.49","100","1.50","10","24,236.45",
="03682U","技嘉富邦52售02","0","0","0","--","--","--","--"," ","0.00","0.63","30","0.64","10","0.00",
="03683B","臺股指凱基5A熊01","5,000","1","17,200","3.44","3.44","3.44","3.44","+","0.06","3.51","100","3.52","10","24,236.45",
="03683U","奇鋐富邦52售02","50,000","5","8,900","0.17","0.18","0.17","0.18","-","0.04","0.18","10","0.19","10","0.00",
="03684B","臺股指元大55熊09","0","0","0","--","--","--","--"," ","0.00","1.46","100","1.47","10","24,236.45",
="03684U","緯穎富邦52售03","20,000","1","6,600","0.33","0.33","0.33","0.33","X","0.00","0.34","100","0.35","28","0.00",
="03685B","臺股指富邦58熊02","0","0","0","--","--","--","--"," ","0.00","1.52","50","1.53","30","24,236.45",
="03685U","台積電中信4C售09","0","0","0","--","--","--","--"," ","0.00","0.31","10","0.32","10","0.00",
="036862","健策國票4C購01","0","0","0","--","--","--","--"," ","0.00","2.51","25","2.61","10","1,905.00",
="03686B","臺股指凱基55熊11","1,000","1","1,750","1.75","1.75","1.75","1.75","+","0.06","1.74","100","1.75","10","24,236.45",
="03686U","SGBR2X永豐51售01","0","0","0","--","--","--","--"," ","0.00","1.24","499","1.25","10","0.00",
="03687U","南亞科永豐4C售03","0","0","0","--","--","--","--"," ","0.00","0.98","499","0.99","10","0.00",
="03688U","奇鋐永豐53售01","110,000","3","46,350","0.42","0.44","0.42","0.43","+","0.03","0.42","10","0.43","10","0.00",
="03689U","神達永豐53售01","230,000","9","49,350","0.23","0.23","0.21","0.21","-","0.08","0.22","10","0.23","10","0.00",
="03690U","T50正2凱基4C售05","0","0","0","--","--","--","--"," ","0.00","0.36","10","0.37","10","0.00",
="03691U","台玻凱基51售01","126,000","3","5,040","0.04","0.04","0.04","0.04","-","0.01","0.04","64","0.05","504","0.00",
="03692U","台積電凱基53售12","1,000","1","410","0.41","0.41","0.41","0.41","X","0.00","0.42","100","0.43","10","0.00",
="03693U","南亞科凱基4C售07","0","0","0","--","--","--","--"," ","0.00","1.30","10","1.31","30","0.00",
="03694U","穎崴凱基4C售04","100,000","5","77,000","0.76","0.78","0.76","0.76","X","0.00","0.68","10","0.78","10","0.00",
="03695U","聯茂元富4C售02","0","0","0","--","--","--","--"," ","0.00","0.06","106","--","0","0.00",
="03696U","南亞科富邦52售01","0","0","0","--","--","--","--"," ","0.00","0.65","10","0.66","10","0.00",
="03697U","世芯富邦52售04","347,000","6","126,070","0.36","0.38","0.36","0.38"," ","0.00","0.37","10","0.38","10","0.00",
="03698U","元黃金元大4C售02","0","0","0","--","--","--","--"," ","0.00","0.77","250","0.78","100","0.00",
="03699U","SGBR2X元大4C售04","0","0","0","--","--","--","--"," ","0.00","1.55","250","1.56","100","0.00",
="03700U","SGBR2X元大51售04","0","0","0","--","--","--","--"," ","0.00","1.34","499","1.35","100","0.00",
="03701U","SGBR2X元大53售02","20,000","1","24,200","1.21","1.21","1.21","1.21","X","0.00","1.22","250","1.23","100","0.00",
="03702U","聚陽元大4C售01","20,000","1","12,200","0.61","0.61","0.61","0.61","X","0.00","0.59","499","0.60","200","0.00",
="03703U","奇鋐元大4C售18","200,000","1","28,000","0.14","0.14","0.14","0.14","X","0.00","0.12","499","0.13","200","0.00",
="03704U","緯創元大4C售10","0","0","0","--","--","--","--"," ","0.00","1.05","499","--","0","0.00",
="03705U","元石油國票4C售01","0","0","0","--","--","--","--"," ","0.00","2.01","25","2.02","10","0.00",
="03706U","元石油國票52售01","0","0","0","--","--","--","--"," ","0.00","1.01","25","1.02","10","0.00",
="03707U","SGBR2X國票4C售03","0","0","0","--","--","--","--"," ","0.00","2.20","25","2.21","10","0.00",
="03708U","SGBR2X國票51售01","0","0","0","--","--","--","--"," ","0.00","1.97","25","1.98","10","0.00",
="03709U","SGBR2X國票52售02","0","0","0","--","--","--","--"," ","0.00","1.36","25","1.37","10","0.00",
="03710U","中興電國票51售02","5,000","1","3,900","0.78","0.78","0.78","0.78","-","0.04","0.75","25","0.76","10","0.00",
="03711U","南亞科國票51售04","0","0","0","--","--","--","--"," ","0.00","1.40","25","1.41","10","0.00",
="03712U","長榮航國票4C售02","0","0","0","--","--","--","--"," ","0.00","0.96","25","0.97","10","0.00",
="03713U","奇鋐國票51售05","45,000","2","10,800","0.24","0.24","0.24","0.24","X","0.00","0.23","25","0.24","10","0.00",
="03714U","創意國票51售02","0","0","0","--","--","--","--"," ","0.00","0.22","25","0.24","10","0.00",
="03715U","達興國票51售02","337,000","10","161,330","0.51","0.51","0.45","0.49","-","0.06","0.48","25","0.54","4","0.00",
="03716U","台光電群益4C售06","0","0","0","--","--","--","--"," ","0.00","0.02","11","--","0","0.00",
="03717U","亞光群益4C售08","0","0","0","--","--","--","--"," ","0.00","--","0","--","0","0.00",
="03718U","富世達群益4C售04","0","0","0","--","--","--","--"," ","0.00","--","0","--","0","0.00",
="03719U","臺股指群益53售10","0","0","0","--","--","--","--"," ","0.00","0.72","499","0.73","499","0.00",
="03720U","臺股指群益53售11","20,000","1","9,800","0.49","0.49","0.49","0.49","+","0.01","0.50","499","0.51","499","0.00",
="03721U","臺股指群益5B售02","2,000","2","3,340","1.66","1.68","1.66","1.68","+","0.02","1.67","499","1.68","498","0.00",
="03722U","臺股指中信54售02","0","0","0","--","--","--","--"," ","0.00","0.51","499","0.52","100","0.00",
="03723U","華城永豐4C售02","0","0","0","--","--","--","--"," ","0.00","0.31","499","0.32","10","0.00",
="03724U","達興永豐4C售03","0","0","0","--","--","--","--"," ","0.00","0.10","499","0.11","10","0.00",
="03725U","臺股指富邦4C售14","0","0","0","--","--","--","--"," ","0.00","0.40","499","0.41","100","0.00",
="03726U","臺股指富邦53售07","0","0","0","--","--","--","--"," ","0.00","0.64","499","0.65","100","0.00",
="03727U","臺股指富邦56售06","0","0","0","--","--","--","--"," ","0.00","0.68","499","0.69","100","0.00",
="03728U","世芯元富4C售12","0","0","0","--","--","--","--"," ","0.00","0.12","25","0.13","25","0.00",
="03729U","臺股指元富4C售05","0","0","0","--","--","--","--"," ","0.00","0.39","25","0.40","25","0.00",
="03730U","臺股指元富4C售06","0","0","0","--","--","--","--"," ","0.00","0.42","25","0.43","25","0.00",
="03731U","臺股指元富4C售07","0","0","0","--","--","--","--"," ","0.00","0.58","25","0.59","25","0.00",
="037329","川湖統一49購02","20,000","2","101,000","5.05","5.05","5.05","5.05","X","0.00","4.96","10","4.97","10","2,925.00",
="03732U","FBNQ2X國票4C售01","0","0","0","--","--","--","--"," ","0.00","0.93","25","0.94","10","0.00",
="037331","鴻海統一4A購02","10,000","1","5,600","0.56","0.56","0.56","0.56","-","0.10","0.59","10","0.60","10","206.00",
="037332","智邦統一49購01","10,000","1","20,200","2.02","2.02","2.02","2.02","X","0.00","1.97","10","1.99","10","984.00",
="037335","鴻準統一4C購01","5,000","1","350","0.07","0.07","0.07","0.07","+","0.01","0.06","10","0.07","15","71.70",
="037338","聯發科統一4C購02","21,000","3","3,150","0.15","0.15","0.15","0.15","-","0.01","0.13","72","0.14","10","1,385.00",
="03733U","佳能國票51售02","335,000","3","60,300","0.18","0.18","0.18","0.18","X","0.00","0.18","25","0.19","10","0.00",
="037343","智原統一4C購01","0","0","0","--","--","--","--"," ","0.00","--","0","--","0","158.00",
="037346","玉晶光統一49購01","0","0","0","--","--","--","--"," ","0.00","--","0","0.01","144","461.50",
="037347","聯鈞統一4C購01","5,000","1","8,800","1.76","1.76","1.76","1.76","-","0.11","1.64","13","1.74","10","202.00",
="037348","凌華統一4C購01","0","0","0","--","--","--","--"," ","0.00","0.05","10","0.10","10","65.40",
="03734U","健策國票51售02","0","0","0","--","--","--","--"," ","0.00","0.28","29","--","0","0.00",
="03735U","穎崴國票51售01","0","0","0","--","--","--","--"," ","0.00","0.80","25","0.81","10","0.00",
="03736U","SGBR2X凱基51售03","0","0","0","--","--","--","--"," ","0.00","2.67","100","2.68","10","0.00",
="03737U","英業達凱基4C售02","0","0","0","--","--","--","--"," ","0.00","0.84","10","0.85","30","0.00",
="03738U","南亞科凱基4C售08","0","0","0","--","--","--","--"," ","0.00","0.88","10","0.89","30","0.00",
="03739U","雄獅凱基51售02","0","0","0","--","--","--","--"," ","0.00","0.77","100","0.78","10","0.00",
="03740U","健策凱基4C售03","10,000","1","900","0.09","0.09","0.09","0.09","X","0.00","0.09","100","0.19","10","0.00",
="03741U","訊芯凱基4C售02","767,000","4","462,370","0.60","0.61","0.60","0.61","X","0.00","0.63","10","0.64","10","0.00",
="03742U","臺股指凱基59售03","0","0","0","--","--","--","--"," ","0.00","1.59","100","1.60","10","0.00",
="03743U","台積電群益51售10","10,000","1","4,000","0.40","0.40","0.40","0.40","+","0.02","0.09","111","--","0","0.00",
="037444","勤美統一49購01","0","0","0","--","--","--","--"," ","0.00","--","0","--","0","24.90",
="037446","中砂統一49購01","0","0","0","--","--","--","--"," ","0.00","0.02","10","0.03","10","347.00",
="037447","第一銅統一4A購01","0","0","0","--","--","--","--"," ","0.00","--","0","0.03","5","34.50",
="03744U","南亞科群益51售08","0","0","0","--","--","--","--"," ","0.00","1.44","100","1.45","100","0.00",
="037450","鴻海統一56購01","240,000","1","84,000","0.35","0.35","0.35","0.35","X","0.00","0.34","10","0.35","10","206.00",
="037452","台積電統一56購01","540,000","24","326,610","0.62","0.62","0.59","0.59","-","0.05","0.59","75","0.62","25","1,160.00",
="037456","台光電統一49購02","0","0","0","--","--","--","--"," ","0.00","4.37","10","4.47","10","1,250.00",
="037457","聯發科統一56購01","56,000","6","12,380","0.22","0.23","0.22","0.22","X","0.00","0.22","13","0.24","30","1,385.00",
="03745U","巨大群益52售01","8,000","4","6,280","0.78","0.79","0.78","0.79","+","0.01","0.46","21","--","0","0.00",
="037462","一詮統一49購02","0","0","0","--","--","--","--"," ","0.00","--","0","0.01","10","80.20",
="037463","一詮統一4A購01","0","0","0","--","--","--","--"," ","0.00","--","0","0.03","136","80.20",
="037464","一詮統一4A購02","0","0","0","--","--","--","--"," ","0.00","--","0","0.02","8","80.20",
="037466","長榮統一56購01","0","0","0","--","--","--","--"," ","0.00","0.33","10","0.34","10","188.00",
="037469","立積統一4A購01","0","0","0","--","--","--","--"," ","0.00","--","0","0.17","10","158.00",
="03746U","臺股指群益58售03","10,000","2","15,600","1.55","1.57","1.55","1.57","X","0.00","1.56","499","1.57","494","0.00",
="037471","凌華統一4A購01","40,000","1","1,200","0.03","0.03","0.03","0.03","X","0.00","0.02","15","0.10","10","65.40",
="037473","勤誠統一4A購01","0","0","0","--","--","--","--"," ","0.00","0.98","10","1.01","10","613.00",
="03747U","香港2X元大51售01","0","0","0","--","--","--","--"," ","0.00","0.39","499","0.40","100","0.00",
="03748U","世芯元大4C售08","0","0","0","--","--","--","--"," ","0.00","0.61","499","0.62","50","0.00",
="03749U","世紀鋼元大4C售07","3,000","1","1,980","0.66","0.66","0.66","0.66","X","0.00","0.65","499","0.66","200","0.00",
="03750U","台灣50中信56售01","15,000","3","29,550","1.97","1.97","1.97","1.97","X","0.00","1.96","499","1.97","100","0.00",
="03751U","華邦電中信4C售01","15,000","1","8,850","0.59","0.59","0.59","0.59","+","0.01","0.59","499","0.60","10","0.00",
="03752U","南亞科中信4C售05","0","0","0","--","--","--","--"," ","0.00","2.49","499","2.52","10","0.00",
="03753U","南亞科中信4C售06","5,000","1","7,200","1.44","1.44","1.44","1.44","+","0.10","1.49","10","1.50","10","0.00",
="03754U","台灣50永豐51售03","0","0","0","--","--","--","--"," ","0.00","0.54","10","0.55","10","0.00",
="03755U","南亞科永豐4C售04","0","0","0","--","--","--","--"," ","0.00","1.62","499","1.64","10","0.00",
="03756U","勤誠永豐53售02","0","0","0","--","--","--","--"," ","0.00","0.56","10","0.57","10","0.00",
="03757U","健鼎群益4C售03","0","0","0","--","--","--","--"," ","0.00","0.12","100","0.13","100","0.00",
="03758U","牧德群益4C售06","0","0","0","--","--","--","--"," ","0.00","0.34","25","0.35","10","0.00",
="03759U","達興群益51售03","110,000","2","15,400","0.14","0.14","0.14","0.14","-","0.09","0.14","100","0.15","100","0.00",
="037602","元債2X元富4C購01","0","0","0","--","--","--","--"," ","0.00","0.06","25","0.10","10","7.05",
="03760U","洋基群益4C售03","0","0","0","--","--","--","--"," ","0.00","--","0","--","0","0.00",
="03761U","台灣50元富4C售08","55,000","5","39,500","0.70","0.73","0.70","0.72","+","0.05","0.73","25","0.74","25","0.00",
="03762U","台灣50元富4C售09","40,000","7","35,830","0.89","0.94","0.88","0.94","+","0.06","0.94","22","0.95","25","0.00",
="03763U","台灣50元富4C售10","474,000","10","546,320","1.13","1.20","1.13","1.17","+","0.07","1.20","25","1.21","25","0.00",
="03764U","台積電元富4C售12","0","0","0","--","--","--","--"," ","0.00","0.20","25","0.21","25","0.00",
="03765U","台積電元富4C售13","38,000","1","87,020","2.29","2.29","2.29","2.29","+","0.10","2.53","25","2.61","25","0.00",
="03766U","南亞科元富4C售06","0","0","0","--","--","--","--"," ","0.00","1.42","25","1.43","25","0.00",
="03767U","南亞科元富51售04","0","0","0","--","--","--","--"," ","0.00","1.46","25","1.47","25","0.00",
="03768U","勤誠元富4C售03","0","0","0","--","--","--","--"," ","0.00","0.28","25","0.29","25","0.00",
="03769U","新日興國票4C售02","0","0","0","--","--","--","--"," ","0.00","0.46","25","0.47","10","0.00",
="03770U","貿聯國票51售05","122,000","12","39,850","0.33","0.35","0.31","0.35","-","0.02","0.34","25","0.36","10","0.00",
="03771U","台灣50國泰51售02","1,000","1","320","0.32","0.32","0.32","0.32"," ","0.00","0.33","499","0.34","100","0.00",
="03772U","南亞科國泰52售02","0","0","0","--","--","--","--"," ","0.00","1.94","499","1.96","100","0.00",
="03773U","台灣50凱基4C售09","6,000","6","5,550","0.90","0.95","0.90","0.95","+","0.07","0.94","100","0.95","51","0.00",
="03774U","台灣50凱基4C售10","18,000","2","10,000","0.55","0.56","0.55","0.56","+","0.03","0.57","100","0.58","50","0.00",
="03775U","台灣50凱基54售04","0","0","0","--","--","--","--"," ","0.00","1.02","100","1.03","50","0.00",
="03776U","台灣50凱基54售05","0","0","0","--","--","--","--"," ","0.00","0.73","100","0.74","50","0.00",
="03777U","佳能凱基4C售03","373,000","6","37,110","0.10","0.11","0.09","0.10"," ","0.00","0.09","10","0.10","49","0.00",
="03778U","南亞科凱基4C售10","0","0","0","--","--","--","--"," ","0.00","1.86","10","1.88","10","0.00",
="03779U","臺股指凱基59售05","0","0","0","--","--","--","--"," ","0.00","1.30","100","1.31","10","0.00",
="03780U","台灣50富邦56售02","0","0","0","--","--","--","--"," ","0.00","0.73","100","0.74","98","0.00",
="03781U","台灣50台新4C售01","0","0","0","--","--","--","--"," ","0.00","0.29","20","0.30","10","0.00",
="03782U","台灣50元大4C售06","102,000","2","38,760","0.38","0.38","0.38","0.38","+","0.01","0.39","150","0.40","12","0.00",
="03783U","台灣50元大4C售07","115,000","2","43,700","0.38","0.38","0.38","0.38","X","0.00","0.37","100","0.38","10","0.00",
="03784U","台灣50元大4C售08","19,000","1","6,270","0.33","0.33","0.33","0.33","+","0.02","0.33","110","0.34","10","0.00",
="03785U","奇鋐元大4C售22","3,000","1","1,170","0.39","0.39","0.39","0.39","+","0.06","0.37","499","0.38","200","0.00",
="03786U","臺股指元大51售10","612,000","3","244,800","0.40","0.40","0.40","0.40","+","0.01","0.41","100","0.42","10","0.00",
="03787U","臺股指元大53售02","0","0","0","--","--","--","--"," ","0.00","0.39","100","0.40","10","0.00",
="03788U","台灣50凱基51售03","0","0","0","--","--","--","--"," ","0.00","0.57","100","0.58","50","0.00",
="03789U","台灣50凱基55售03","8,000","1","6,560","0.82","0.82","0.82","0.82","+","0.04","0.82","100","0.83","50","0.00",
="03790U","貿聯凱基51售03","1,073,000","10","390,870","0.38","0.38","0.35","0.37","-","0.05","0.37","100","0.47","10","0.00",
="037917","美債2X元富49購01","0","0","0","--","--","--","--"," ","0.00","--","0","0.10","11","7.03",
="03791U","達興凱基4C售04","0","0","0","--","--","--","--"," ","0.00","0.35","10","0.36","10","0.00",
="037924","玉晶光元富49購01","0","0","0","--","--","--","--"," ","0.00","--","0","0.10","19","461.50",
="03792U","勤誠凱基4C售06","80,000","2","33,500","0.41","0.42","0.41","0.42"," ","0.00","0.40","10","0.50","10","0.00",
="03793U","臺股指凱基53售08","0","0","0","--","--","--","--"," ","0.00","0.38","100","0.39","10","0.00",
="03794U","台灣50元富4C售11","10,000","1","1,600","0.16","0.16","0.16","0.16"," ","0.00","0.16","25","0.17","25","0.00",
="03795P","台積電統一4C售07","10,000","1","500","0.05","0.05","0.05","0.05"," ","0.00","0.05","10","0.06","10","0.00",
="03795U","台灣50元富4C售12","0","0","0","--","--","--","--"," ","0.00","0.50","25","0.51","25","0.00",
="03796P","台積電統一4C售08","120,000","3","6,000","0.05","0.05","0.05","0.05","X","0.00","0.05","40","0.07","10","0.00",
="03796U","穎崴元富4C售03","0","0","0","--","--","--","--"," ","0.00","0.59","1","--","0","0.00",
="03797U","世紀鋼元富4C售05","0","0","0","--","--","--","--"," ","0.00","7.40","25","7.45","25","0.00",
="03798U","群臺2X國票52售01","0","0","0","--","--","--","--"," ","0.00","0.81","25","0.82","10","0.00",
="03799U","中砂國票51售04","0","0","0","--","--","--","--"," ","0.00","0.49","25","0.50","10","0.00",
="03800U","玉晶光國票4C售04","0","0","0","--","--","--","--"," ","0.00","0.60","25","0.62","10","0.00",
="03801U","來億國票4C售02","0","0","0","--","--","--","--"," ","0.00","2.44","25","2.45","10","0.00",
="03802U","世紀鋼國票52售04","5,000","1","10,500","2.10","2.10","2.10","2.10","X","0.00","2.16","25","2.17","10","0.00",
="03803U","SGBR2X國泰51售02","0","0","0","--","--","--","--"," ","0.00","1.46","499","1.47","250","0.00",
="03804U","台積電國泰51售10","0","0","0","--","--","--","--"," ","0.00","0.88","499","0.93","499","0.00",
="03805U","台灣50富邦52售02","0","0","0","--","--","--","--"," ","0.00","0.33","100","0.34","98","0.00",
="03806U","台灣50富邦54售03","0","0","0","--","--","--","--"," ","0.00","0.41","100","0.42","98","0.00",
="03807U","日本2X永豐4C售01","0","0","0","--","--","--","--"," ","0.00","0.27","10","0.28","10","0.00",
="03808U","元石油永豐4C售01","0","0","0","--","--","--","--"," ","0.00","0.99","499","1.00","10","0.00",
="03809U","達興永豐51售02","0","0","0","--","--","--","--"," ","0.00","0.30","10","0.31","10","0.00",
="03810U","欣興群益51售02","10,000","1","1,300","0.13","0.13","0.13","0.13","+","0.01","0.11","100","0.12","100","0.00",
="03811U","新日興群益4C售05","0","0","0","--","--","--","--"," ","0.00","--","0","--","0","0.00",
="03812U","群創群益53售01","0","0","0","--","--","--","--"," ","0.00","0.25","100","0.35","100","0.00",
="03813U","達興群益51售05","0","0","0","--","--","--","--"," ","0.00","0.17","100","0.18","100","0.00",
="03814U","祥碩群益4C售03","205,000","8","265,970","1.26","1.33","1.26","1.33","+","0.06","1.31","10","1.41","10","0.00",
="03815U","上銀元大4C售02","68,000","8","102,210","1.54","1.54","1.46","1.49","-","0.07","1.52","499","1.53","202","0.00",
="03816U","牧德元大4C售06","0","0","0","--","--","--","--"," ","0.00","0.82","499","0.83","200","0.00",
="03817U","東陽國票4C售03","1,000","1","1,240","1.24","1.24","1.24","1.24","X","0.00","1.10","25","1.14","10","0.00",
="03818U","華城國票51售03","4,000","1","1,560","0.39","0.39","0.39","0.39","X","0.00","0.40","25","0.41","10","0.00",
="03819U","順德國票51售03","0","0","0","--","--","--","--"," ","0.00","0.30","25","0.32","10","0.00",
="03820U","致茂國票51售02","100,000","1","22,000","0.22","0.22","0.22","0.22","X","0.00","0.21","25","0.22","10","0.00",
="03821U","健策國票51售03","784,000","6","211,510","0.26","0.27","0.26","0.27","+","0.01","0.26","10","0.32","10","0.00",
="03822U","世芯國票51售04","0","0","0","--","--","--","--"," ","0.00","0.57","25","0.58","10","0.00",
="03823U","祥碩國票51售01","0","0","0","--","--","--","--"," ","0.00","1.62","25","1.63","10","0.00",
="03824U","保瑞國票4C售03","0","0","0","--","--","--","--"," ","0.00","1.07","25","1.09","10","0.00",
="03825U","FBNQ2X永豐52售01","0","0","0","--","--","--","--"," ","0.00","1.51","10","1.52","10","0.00",
="03826U","奇鋐永豐4C售04","0","0","0","--","--","--","--"," ","0.00","0.29","499","0.30","10","0.00",
="03827U","SGBR2X元富4C售06","0","0","0","--","--","--","--"," ","0.00","2.55","25","2.56","25","0.00",
="03828U","SGBR2X元富56售02","0","0","0","--","--","--","--"," ","0.00","3.22","25","3.23","25","0.00",
="03829U","鴻海元富4C售10","0","0","0","--","--","--","--"," ","0.00","0.15","25","0.16","25","0.00",
="03830U","鴻海元富4C售11","100,000","1","19,000","0.19","0.19","0.19","0.19","X","0.00","0.18","25","0.19","25","0.00",
="03831U","大立光元富4C售02","0","0","0","--","--","--","--"," ","0.00","--","0","--","0","0.00",
="03832U","新日興元富4C售04","0","0","0","--","--","--","--"," ","0.00","--","0","--","0","0.00",
="03833U","華城群益52售01","0","0","0","--","--","--","--"," ","0.00","0.23","10","0.33","10","0.00",
="03834U","川湖群益4C售04","0","0","0","--","--","--","--"," ","0.00","0.41","100","0.44","100","0.00",
="03835U","國巨群益52售03","0","0","0","--","--","--","--"," ","0.00","0.50","100","0.51","100","0.00",
="03836U","台光電群益52售03","0","0","0","--","--","--","--"," ","0.00","0.04","30","0.20","102","0.00",
="03837U","奇鋐群益4C售08","0","0","0","--","--","--","--"," ","0.00","0.12","100","0.13","100","0.00",
="03838U","緯創群益4C售05","0","0","0","--","--","--","--"," ","0.00","0.28","35","--","0","0.00",
="03839U","華擎群益4C售02","0","0","0","--","--","--","--"," ","0.00","0.08","13","--","0","0.00",
="03840U","健策群益4C售02","117,000","18","39,810","0.34","0.36","0.31","0.32","+","0.02","0.31","33","0.33","33","0.00",
="03841U","穎崴群益4C售04","0","0","0","--","--","--","--"," ","0.00","--","0","--","0","0.00",
="03842U","緯穎群益4C售07","0","0","0","--","--","--","--"," ","0.00","0.96","10","1.06","10","0.00",
="03843U","南電群益4C售02","600,000","16","27,000","0.05","0.05","0.04","0.04","-","0.01","0.03","1,400","0.04","600","0.00",
="03844U","台塑凱基51售02","2,000","2","2,660","1.33","1.33","1.33","1.33","X","0.00","1.36","10","1.37","10","0.00",
="03845U","南亞科凱基54售02","0","0","0","--","--","--","--"," ","0.00","1.73","10","1.74","30","0.00",
="03846U","欣興凱基4C售06","0","0","0","--","--","--","--"," ","0.00","0.05","250","0.14","250","0.00",
="03847U","勤誠富邦52售02","0","0","0","--","--","--","--"," ","0.00","0.33","30","0.34","10","0.00",
="03848U","勤誠富邦54售03","0","0","0","--","--","--","--"," ","0.00","0.34","30","0.35","10","0.00",
="03849U","群臺2X元大4C售02","0","0","0","--","--","--","--"," ","0.00","0.38","499","0.39","10","0.00",
="03850U","玉晶光元大4C售04","0","0","0","--","--","--","--"," ","0.00","0.51","499","0.52","200","0.00",
="03851U","達興元大4C售10","0","0","0","--","--","--","--"," ","0.00","0.19","499","0.20","200","0.00",
="03852U","迅得元大4C售05","0","0","0","--","--","--","--"," ","0.00","0.35","499","0.36","200","0.00",
="03853U","洋基元大4C售02","0","0","0","--","--","--","--"," ","0.00","0.16","499","0.17","200","0.00",
="03854U","元黃金永豐56售01","0","0","0","--","--","--","--"," ","0.00","0.74","10","0.75","10","0.00",
="03855U","佳能永豐53售02","230,000","6","60,650","0.26","0.28","0.26","0.26"," ","0.00","0.26","10","0.27","35","0.00",
="03856U","技嘉國票51售02","0","0","0","--","--","--","--"," ","0.00","1.01","25","1.02","10","0.00",
="03857U","台光電國票51售06","0","0","0","--","--","--","--"," ","0.00","0.13","25","0.14","10","0.00",
="03858U","大立光國票51售04","0","0","0","--","--","--","--"," ","0.00","0.56","25","0.57","10","0.00",
="03859U","華晶科國票51售01","20,000","1","7,800","0.39","0.39","0.39","0.39"," ","0.00","0.42","25","0.43","10","0.00",
="03860U","新日興國票51售03","15,000","8","12,870","0.84","0.88","0.84","0.88","-","0.24","0.87","25","0.89","10","0.00",
="038619","信錦統一49購01","0","0","0","--","--","--","--"," ","0.00","--","0","--","0","72.00",
="03861U","玉晶光國票51售02","0","0","0","--","--","--","--"," ","0.00","0.54","25","0.56","10","0.00",
="038621","聯發科統一4C購03","4,000","1","920","0.23","0.23","0.23","0.23","-","0.02","0.23","35","0.24","10","1,385.00",
="038623","長榮統一56購02","1,359,000","13","468,860","0.35","0.35","0.33","0.33"," ","0.00","0.32","70","0.33","10","188.00",
="038629","世芯統一56購01","10,000","1","12,100","1.21","1.21","1.21","1.21","+","0.01","1.16","20","1.22","10","4,000.00",
="03862U","牧德國票51售04","4,000","1","2,160","0.54","0.54","0.54","0.54","-","0.05","0.50","25","0.51","10","0.00",
="038630","世芯統一56購02","720,000","28","716,520","1.00","1.03","0.97","1.03","+","0.02","0.97","15","1.03","12","4,000.00",
="038633","世紀鋼統一49購03","0","0","0","--","--","--","--"," ","0.00","--","0","--","0","188.00",
="03863U","貿聯國票51售06","0","0","0","--","--","--","--"," ","0.00","0.40","25","0.41","10","0.00",
="03864U","jpp國票51售05","0","0","0","--","--","--","--"," ","0.00","0.29","25","0.31","10","0.00",
="03865U","亞翔國票4C售02","0","0","0","--","--","--","--"," ","0.00","1.23","25","1.24","10","0.00",
="03866U","亞翔國票51售01","0","0","0","--","--","--","--"," ","0.00","1.16","25","1.17","10","0.00",
="03867U","勤誠國票4C售04","2,000","1","1,200","0.60","0.60","0.60","0.60","+","0.01","0.58","25","0.59","10","0.00",
="03868U","勤誠國票52售03","0","0","0","--","--","--","--"," ","0.00","0.76","25","0.77","10","0.00",
="03869U","勤誠國票53售02","0","0","0","--","--","--","--"," ","0.00","0.85","25","0.86","10","0.00",
="03870U","勤誠國票56售02","0","0","0","--","--","--","--"," ","0.00","0.82","25","0.83","10","0.00",
="03871U","FBNQ2X元富4C售05","0","0","0","--","--","--","--"," ","0.00","0.92","25","0.93","25","0.00",
="03872U","群臺2X凱基51售02","0","0","0","--","--","--","--"," ","0.00","0.49","100","0.50","10","0.00",
="03873U","台光電凱基4C售12","10,000","1","900","0.09","0.09","0.09","0.09","X","0.00","0.09","100","0.10","50","0.00",
="03874U","南亞科凱基53售02","0","0","0","--","--","--","--"," ","0.00","2.06","10","2.07","10","0.00",
="03875U","聯茂凱基4C售05","3,000","2","750","0.25","0.25","0.25","0.25"," ","0.00","0.25","10","0.35","10","0.00",
="03876U","SGBR2X元大4C售07","0","0","0","--","--","--","--"," ","0.00","1.64","499","1.65","100","0.00",
="03877U","台光電元大4C售20","0","0","0","--","--","--","--"," ","0.00","--","0","--","0","0.00",
="03878U","南亞科元大4C售11","0","0","0","--","--","--","--"," ","0.00","1.25","499","1.26","200","0.00",
="03879U","南亞科元大4C售12","0","0","0","--","--","--","--"," ","0.00","2.54","300","2.55","200","0.00",
="03880U","奇鋐元大4C售24","0","0","0","--","--","--","--"," ","0.00","0.21","499","0.22","200","0.00",
="03881U","富世達元大4C售04","0","0","0","--","--","--","--"," ","0.00","--","0","--","0","0.00",
="03882U","臺股指元大4C售34","0","0","0","--","--","--","--"," ","0.00","0.45","499","0.46","10","0.00",
="03883U","臺股指元大4C售35","90,000","2","56,000","0.60","0.64","0.60","0.64","+","0.03","0.64","100","0.65","10","0.00",
="03884U","臺股指元大51售14","0","0","0","--","--","--","--"," ","0.00","0.51","499","0.52","10","0.00",
="03885U","臺股指元大53售04","0","0","0","--","--","--","--"," ","0.00","0.57","100","0.58","10","0.00",
="03886U","臺指2X群益4C售02","3,000","1","840","0.28","0.28","0.28","0.28"," ","0.00","0.29","25","0.30","10","0.00",
="03887U","漢唐群益51售02","0","0","0","--","--","--","--"," ","0.00","0.01","1,103","--","0","0.00",
="03888U","陽明群益4C售08","0","0","0","--","--","--","--"," ","0.00","1.87","10","1.97","10","0.00",
="03889U","訊芯群益51售01","640,000","3","249,600","0.39","0.39","0.39","0.39","+","0.01","0.40","25","0.41","10","0.00",
="03890U","台灣50國票4C售03","0","0","0","--","--","--","--"," ","0.00","0.77","25","0.78","10","0.00",
="03891U","香港2X國票51售03","1,000","1","1,110","1.11","1.11","1.11","1.11","X","0.00","1.13","25","1.14","10","0.00",
="03892U","牧德國票52售01","160,000","22","96,050","0.62","0.63","0.58","0.59","-","0.09","0.58","28","0.60","10","0.00",
="03893U","漢唐元富4C售06","0","0","0","--","--","--","--"," ","0.00","0.01","25","0.10","10","0.00",
="03894U","jpp元富4C售03","469,000","14","310,650","0.66","0.71","0.65","0.68","-","0.05","0.66","45","0.76","10","0.00",
="038957","世芯元富56購01","899,000","18","1,011,820","1.14","1.14","1.10","1.12","-","0.03","1.10","65","1.11","25","4,000.00",
="03895U","亞翔元富4C售03","0","0","0","--","--","--","--"," ","0.00","1.08","25","1.09","25","0.00",
="03896U","滬深2X凱基4C售03","0","0","0","--","--","--","--"," ","0.00","0.10","10","0.11","50","0.00",
="03897U","漢唐凱基4C售06","0","0","0","--","--","--","--"," ","0.00","--","0","0.10","10","0.00",
="03898U","長榮航凱基4C售01","0","0","0","--","--","--","--"," ","0.00","0.80","10","0.81","10","0.00",
="03899U","緯創凱基4C售09","20,000","1","19,000","0.95","0.95","0.95","0.95","X","0.00","0.93","100","0.94","10","0.00",
="03900U","世芯凱基51售13","153,000","4","58,440","0.40","0.40","0.38","0.39"," ","0.00","0.40","10","0.41","50","0.00",
="03901U","亞翔凱基4C售03","5,000","1","4,450","0.89","0.89","0.89","0.89","+","0.08","0.90","100","0.91","30","0.00",
="03902U","台灣50元大4C售10","0","0","0","--","--","--","--"," ","0.00","0.30","499","0.31","10","0.00",
="03903U","台灣50元大4C售11","22,000","3","10,340","0.47","0.47","0.47","0.47","X","0.00","0.49","100","0.50","10","0.00",
="03904U","元石油元大4C售03","0","0","0","--","--","--","--"," ","0.00","0.83","250","0.84","100","0.00",
="03905U","台積電元大4C售31","100,000","1","63,000","0.63","0.63","0.63","0.63","X","0.00","--","0","--","0","0.00",
="03906U","金像電元大4C售14","70,000","5","16,100","0.24","0.24","0.22","0.22","-","0.03","0.22","504","0.23","200","0.00",
="03907U","台灣50群益4C售07","0","0","0","--","--","--","--"," ","0.00","0.26","100","0.27","100","0.00",
="03908U","台灣50群益4C售08","2,000","2","990","0.49","0.50","0.49","0.50","+","0.04","0.51","100","0.53","100","0.00",
="03909U","台灣50群益51售02","0","0","0","--","--","--","--"," ","0.00","0.52","100","0.54","100","0.00",
="03910U","台灣50群益52售01","260,000","3","84,200","0.33","0.33","0.32","0.33","X","0.00","0.33","100","0.34","100","0.00",
="03911U","台灣50群益52售02","0","0","0","--","--","--","--"," ","0.00","0.44","100","0.45","100","0.00",
="03912U","國泰金群益4C售04","0","0","0","--","--","--","--"," ","0.00","0.98","10","1.08","10","0.00",
="03913U","大立光群益52售04","0","0","0","--","--","--","--"," ","0.00","--","0","--","0","0.00",
="03914U","信邦群益4C售01","0","0","0","--","--","--","--"," ","0.00","0.66","10","0.76","10","0.00",
="03915U","華晶科群益4C售02","8,000","1","2,640","0.33","0.33","0.33","0.33","+","0.03","0.32","10","0.42","10","0.00",
="03916U","辛耘群益51售02","0","0","0","--","--","--","--"," ","0.00","0.47","10","0.57","10","0.00",
="03917U","貿聯群益52售02","360,000","18","216,700","0.63","0.63","0.57","0.59","-","0.04","0.32","31","--","0","0.00",
="03918U","亞翔群益51售03","0","0","0","--","--","--","--"," ","0.00","0.53","10","0.63","10","0.00",
="039190","臺股指富邦49購01","0","0","0","--","--","--","--"," ","0.00","--","0","0.01","30","0.00",
="03919U","富邦金中信4C售02","10,000","1","1,800","0.18","0.18","0.18","0.18","X","0.00","0.17","499","0.18","10","0.00",
="03920U","台積電永豐53售03","35,000","2","26,980","0.76","0.78","0.76","0.78","+","0.05","0.24","41","--","0","0.00",
="03921U","緯穎永豐4C售08","0","0","0","--","--","--","--"," ","0.00","0.87","499","0.88","10","0.00",
="03922U","大立光富邦53售02","0","0","0","--","--","--","--"," ","0.00","0.64","10","0.65","10","0.00",
="03923U","台灣50元富4C售13","2,317,000","12","525,930","0.22","0.25","0.22","0.24","+","0.03","0.24","25","0.25","25","0.00",
="03924U","台灣50元富4C售14","400,000","1","132,000","0.33","0.33","0.33","0.33","X","0.00","0.34","25","0.35","25","0.00",
="03925U","士電元富4C售02","0","0","0","--","--","--","--"," ","0.00","1.48","25","1.49","25","0.00",
="03926U","台積電元富56售06","0","0","0","--","--","--","--"," ","0.00","1.07","25","1.09","25","0.00",
="03927U","台積電元富56售07","0","0","0","--","--","--","--"," ","0.00","7.40","25","7.50","25","0.00",
="03928U","金像電元富4C售05","0","0","0","--","--","--","--"," ","0.00","0.02","25","0.10","10","0.00",
="03929U","元黃金國票54售03","0","0","0","--","--","--","--"," ","0.00","1.04","25","1.05","10","0.00",
="03930U","川湖國票51售02","0","0","0","--","--","--","--"," ","0.00","0.31","25","0.32","10","0.00",
="03931U","楠梓電國票51售03","113,000","5","10,420","0.11","0.12","0.09","0.09","-","0.01","0.09","2","0.12","439","0.00",
="03932U","南亞科國票51售06","0","0","0","--","--","--","--"," ","0.00","1.38","25","1.39","10","0.00",
="03933U","萬海國票51售05","1,000","1","1,330","1.33","1.33","1.33","1.33","X","0.00","1.35","25","1.46","10","0.00",
="03934U","健策國票51售04","10,000","1","2,800","0.28","0.28","0.28","0.28","+","0.03","0.26","25","0.28","10","0.00",
="03935U","亞翔國票51售03","31,000","1","50,840","1.64","1.64","1.64","1.64","X","0.00","1.63","25","1.64","10","0.00",
="03936U","亞翔國票53售02","1,000","1","1,540","1.54","1.54","1.54","1.54","+","0.08","1.53","25","1.54","10","0.00",
="03937U","台灣50凱基53售03","1,000","1","440","0.44","0.44","0.44","0.44"," ","0.00","0.46","100","0.47","50","0.00",
="03938U","元石油凱基4C售03","0","0","0","--","--","--","--"," ","0.00","1.25","100","1.26","50","0.00",
="03939P","台積電凱基54售02","20,000","1","4,600","0.23","0.23","0.23","0.23","X","0.00","0.25","100","0.26","30","0.00",
="03939U","冠德凱基4C售01","1,000","1","1,230","1.23","1.23","1.23","1.23","X","0.00","1.23","10","1.24","10","0.00",
="03940P","台積電凱基54售03","0","0","0","--","--","--","--"," ","0.00","0.06","100","0.10","10","0.00",
="03940U","華航凱基4C售02","0","0","0","--","--","--","--"," ","0.00","1.07","10","1.09","10","0.00",
="03941P","台積電凱基54售04","0","0","0","--","--","--","--"," ","0.00","0.11","100","0.12","50","0.00",
="03941U","玉晶光凱基51售03","0","0","0","--","--","--","--"," ","0.00","0.72","10","0.73","10","0.00",
="03942U","世紀鋼凱基4C售03","5,000","1","7,250","1.45","1.45","1.45","1.45"," ","0.00","1.53","10","1.54","10","0.00",
="03943U","滬深2X元大53售05","1,564,000","14","969,650","0.63","0.63","0.60","0.60","+","0.07","0.63","250","0.64","100","0.00",
="03944U","世芯元大4C售14","0","0","0","--","--","--","--"," ","0.00","0.36","499","0.37","50","0.00",
="03945U","祥碩元大4C售05","30,000","2","50,700","1.69","1.69","1.69","1.69","X","0.00","1.68","25","1.69","10","0.00",
="03946U","T50正2群益4C售07","0","0","0","--","--","--","--"," ","0.00","0.83","25","0.84","10","0.00",
="03947U","T50正2群益51售04","0","0","0","--","--","--","--"," ","0.00","0.73","25","0.74","10","0.00",
="03948U","T50正2群益51售05","10,000","1","5,700","0.57","0.57","0.57","0.57","+","0.05","0.55","25","0.56","10","0.00",
="03949U","聚陽群益53售01","0","0","0","--","--","--","--"," ","0.00","0.33","10","0.43","10","0.00",
="03950U","華通群益53售01","0","0","0","--","--","--","--"," ","0.00","0.26","10","0.36","10","0.00",
="03951U","智邦群益4C售05","0","0","0","--","--","--","--"," ","0.00","0.47","10","0.57","10","0.00",
="03952U","玉晶光群益54售01","0","0","0","--","--","--","--"," ","0.00","0.18","2","--","0","0.00",
="03953U","緯穎群益4C售08","1,000","1","1,350","1.35","1.35","1.35","1.35","X","0.00","1.40","10","1.50","10","0.00",
="03954U","台積電富邦53售01","0","0","0","--","--","--","--"," ","0.00","0.25","30","0.26","10","0.00",
="03955U","台積電中信53售03","59,000","3","53,040","0.89","0.91","0.89","0.91","+","0.02","0.95","499","0.97","10","0.00",
="03956U","聯發科中信4C售06","156,000","2","75,660","0.49","0.49","0.48","0.48","+","0.01","0.49","499","0.50","10","0.00",
="03957U","臺股指中信54售03","21,000","2","13,650","0.65","0.65","0.65","0.65","+","0.01","0.65","498","0.66","100","0.00",
="03958C","元債2X元大51牛02","221,000","9","320,500","1.45","1.46","1.43","1.46","+","0.04","1.45","100","1.46","50","7.05",
="03958U","緯穎永豐4C售10","0","0","0","--","--","--","--"," ","0.00","0.50","499","0.51","10","0.00",
="03959U","富邦金元富53售02","0","0","0","--","--","--","--"," ","0.00","0.91","25","0.92","25","0.00",
="03960U","緯創元富4C售06","82,000","1","113,980","1.39","1.39","1.39","1.39","X","0.00","1.36","25","1.38","25","0.00",
="03961U","創意元富4C售10","0","0","0","--","--","--","--"," ","0.00","0.13","8","--","0","0.00",
="039621","川湖國票4A購01","0","0","0","--","--","--","--"," ","0.00","8.15","25","8.65","10","2,925.00",
="03962U","臺股指國泰53售01","0","0","0","--","--","--","--"," ","0.00","0.43","499","0.44","100","0.00",
="03963C","臺股指富邦52牛02","2,000","1","7,760","3.88","3.88","3.88","3.88","-","0.11","3.87","499","3.88","100","24,236.45",
="03963U","臺股指國泰53售02","0","0","0","--","--","--","--"," ","0.00","0.26","499","0.27","100","0.00",
="03964C","臺股指元大54牛03","0","0","0","--","--","--","--"," ","0.00","2.43","100","2.53","10","24,236.45",
="03964U","偉訓國票4C售02","610,000","7","284,600","0.47","0.47","0.46","0.46","-","0.02","0.51","25","0.52","10","0.00",
="03965C","臺股指元大54牛04","0","0","0","--","--","--","--"," ","0.00","4.95","100","5.25","10","24,236.45",
="03965U","欣興國票52售04","285,000","8","91,950","0.33","0.33","0.31","0.31"," ","0.00","0.31","25","0.32","10","0.00",
="03966C","臺股指凱基4C牛14","0","0","0","--","--","--","--"," ","0.00","7.75","100","7.80","10","24,236.45",
="03966U","玉晶光國票52售01","0","0","0","--","--","--","--"," ","0.00","1.03","25","1.05","10","0.00",
="03967C","臺股指富邦54牛01","4,000","1","13,880","3.47","3.47","3.47","3.47","-","0.07","3.43","499","3.44","100","24,236.45",
="03967U","精銳國票52售01","0","0","0","--","--","--","--"," ","0.00","1.02","25","1.03","10","0.00",
="03968C","臺股指元大4C牛15","0","0","0","--","--","--","--"," ","0.00","2.57","499","2.67","10","24,236.45",
="03968U","訊連國票52售02","0","0","0","--","--","--","--"," ","0.00","0.85","25","0.86","10","0.00",
="03969C","臺股指元大51牛06","13,000","1","27,950","2.15","2.15","2.15","2.15","-","0.07","2.15","100","2.16","10","24,236.45",
="03969U","ITH國票52售01","12,000","3","19,240","1.60","1.62","1.60","1.62","-","0.13","1.61","25","1.62","10","0.00",
="03970C","臺股指凱基4B牛27","1,324,000","7","5,388,290","4.06","4.08","3.96","3.96","-","0.16","3.98","100","3.99","10","24,236.45",
="03970U","華城群益4C售08","0","0","0","--","--","--","--"," ","0.00","0.72","10","0.79","2","0.00",
="03971C","臺股指富邦52牛06","0","0","0","--","--","--","--"," ","0.00","2.46","499","2.47","100","24,236.45",
="03971U","川湖群益4C售07","5,000","1","2,200","0.44","0.44","0.44","0.44","X","0.00","0.44","100","0.47","100","0.00",
="03972C","元債2X凱基58牛01","4,000","4","5,410","1.34","1.36","1.34","1.36","+","0.04","1.35","100","1.36","10","7.05",
="03972U","國巨群益4C售01","0","0","0","--","--","--","--"," ","0.00","0.70","100","0.72","100","0.00",
="03973C","臺股指富邦54牛05","4,000","4","9,450","2.38","2.38","2.34","2.34","-","0.08","2.33","499","2.34","100","24,236.45",
="03973U","宏碁群益53售01","0","0","0","--","--","--","--"," ","0.00","1.10","10","1.20","10","0.00",
="03974C","臺股指凱基55牛06","10,000","1","34,400","3.44","3.44","3.44","3.44","-","0.06","3.37","100","3.38","10","24,236.45",
="03974U","英業達群益53售01","0","0","0","--","--","--","--"," ","0.00","0.66","100","0.67","100","0.00",
="03975C","元債2X富邦53牛01","2,000","2","2,680","1.33","1.35","1.33","1.35","+","0.03","1.34","100","1.35","100","7.05",
="03975U","台光電群益4C售12","0","0","0","--","--","--","--"," ","0.00","0.01","30","--","0","0.00",
="03976C","臺股指元大52牛04","1,000","1","1,870","1.87","1.87","1.87","1.87","-","0.07","1.86","100","1.87","10","24,236.45",
="03976U","華航群益4C售01","0","0","0","--","--","--","--"," ","0.00","0.97","10","1.07","10","0.00",
="03977C","臺股指凱基52牛08","120,000","5","391,900","3.25","3.29","3.25","3.28","-","0.02","3.20","100","3.21","10","24,236.45",
="03977U","奇鋐群益53售01","20,000","2","3,800","0.19","0.19","0.19","0.19","X","0.00","0.18","100","0.19","100","0.00",
="03978C","臺股指富邦55牛02","485,000","5","951,200","1.96","1.98","1.92","1.93","-","0.06","1.91","499","1.92","100","24,236.45",
="03978U","世芯群益4C售20","0","0","0","--","--","--","--"," ","0.00","0.44","10","0.54","10","0.00",
="03979C","臺股指凱基55牛08","70,000","2","337,700","4.79","4.87","4.79","4.87","-","0.13","4.83","100","4.84","10","24,236.45",
="03979U","T50正2凱基52售03","0","0","0","--","--","--","--"," ","0.00","0.74","100","0.75","10","0.00",
="03980C","臺股指富邦56牛07","286,000","20","495,770","1.74","1.77","1.69","1.71","-","0.08","1.70","50","1.71","30","24,236.45",
="03980U","T50正2凱基53售02","0","0","0","--","--","--","--"," ","0.00","0.53","10","0.54","10","0.00",
="03981C","臺股指凱基55牛09","67,000","16","166,390","2.52","2.52","2.42","2.48","-","0.11","2.45","100","2.46","10","24,236.45",
="03981U","金像電凱基52售01","5,000","1","1,100","0.22","0.22","0.22","0.22","-","0.01","0.20","100","0.21","50","0.00",
="03982C","臺股指元大55牛06","4,000","3","5,830","1.48","1.48","1.43","1.43","-","0.08","1.43","100","1.44","10","24,236.45",
="03982U","南亞科凱基4C售11","0","0","0","--","--","--","--"," ","0.00","0.69","10","0.70","30","0.00",
="03983U","大立光凱基52售02","0","0","0","--","--","--","--"," ","0.00","1.15","10","1.16","10","0.00",
="039844","台積電凱基56購01","0","0","0","--","--","--","--"," ","0.00","1.15","100","1.16","10","1,160.00",
="03984U","緯穎凱基4C售11","0","0","0","--","--","--","--"," ","0.00","0.69","100","0.70","30","0.00",
="03985U","FBNQ2X元大4C售07","1,000","1","950","0.95","0.95","0.95","0.95","X","0.00","0.95","250","0.96","100","0.00",
="03986U","金像電元大4C售15","0","0","0","--","--","--","--"," ","0.00","0.17","504","0.18","200","0.00",
="03987U","奇鋐元大4C售26","0","0","0","--","--","--","--"," ","0.00","0.41","499","0.42","200","0.00",
="03988U","達興元大4C售11","17,000","1","8,670","0.51","0.51","0.51","0.51","X","0.00","0.50","499","0.52","200","0.00",
="03989U","緯穎元大4C售23","624,000","7","405,600","0.65","0.65","0.65","0.65","-","0.01","0.66","25","0.67","10","0.00",
="03990U","富世達元大4C售05","0","0","0","--","--","--","--"," ","0.00","--","0","--","0","0.00",
="03991U","台積電統一53售10","100,000","1","41,000","0.41","0.41","0.41","0.41","X","0.00","0.42","10","0.43","10","0.00",
="03992U","台灣50中信57售01","1,000","1","1,250","1.25","1.25","1.25","1.25","+","0.01","1.27","499","1.28","100","0.00",
="03993U","T50正2中信53售02","3,000","1","1,680","0.56","0.56","0.56","0.56","X","0.00","0.56","499","0.57","100","0.00",
="03994U","T50正2中信54售03","0","0","0","--","--","--","--"," ","0.00","0.57","499","0.58","100","0.00",
="03995U","T50正2中信55售01","2,000","2","1,560","0.78","0.78","0.78","0.78","+","0.03","0.77","100","0.78","100","0.00",
="03996U","台積電中信55售01","0","0","0","--","--","--","--"," ","0.00","1.02","10","1.03","10","0.00",
="03997U","台積電中信57售01","238,000","2","392,700","1.65","1.65","1.65","1.65","-","0.01","1.69","10","1.70","10","0.00",
="03998U","臺股指中信54售04","0","0","0","--","--","--","--"," ","0.00","0.90","499","0.91","100","0.00",
="03999U","華邦電永豐51售03","34,000","2","29,460","0.87","0.87","0.86","0.86","-","0.01","0.87","10","0.88","10","0.00",
="04000U","大同永豐54售01","0","0","0","--","--","--","--"," ","0.00","0.94","499","0.95","10","0.00",
="04001U","世芯永豐52售04","53,000","2","15,340","0.28","0.29","0.28","0.29","+","0.02","0.28","10","0.29","10","0.00",
="04002U","廣宇元富51售01","361,000","13","51,370","0.15","0.15","0.13","0.13","-","0.02","0.14","25","0.15","25","0.00",
="04003U","元黃金國票57售01","0","0","0","--","--","--","--"," ","0.00","0.91","25","0.92","10","0.00",
="04004U","道瓊銅國票53售02","0","0","0","--","--","--","--"," ","0.00","2.64","25","2.65","10","0.00",
="04005U","達興國票53售02","0","0","0","--","--","--","--"," ","0.00","0.35","25","0.36","10","0.00",
="04006U","富世達國票52售02","60,000","1","18,600","0.31","0.31","0.31","0.31"," ","0.00","0.30","25","0.31","10","0.00",
="04007U","宇隆群益51售03","15,000","1","3,750","0.25","0.25","0.25","0.25","X","0.00","--","0","--","0","0.00",
="040087","台積電凱基56購02","33,000","3","42,670","1.29","1.30","1.29","1.29","-","0.05","1.24","100","1.25","10","1,160.00",
="04008U","訊連群益53售01","0","0","0","--","--","--","--"," ","0.00","1.14","10","1.24","10","0.00",
="04009U","台積電元大51售49","148,000","2","94,420","0.61","0.64","0.61","0.64","+","0.03","0.02","499","--","0","0.00",
="04010U","台積電元大51售50","1,000","1","560","0.56","0.56","0.56","0.56","+","0.03","0.09","111","--","0","0.00",
="04011U","長榮元大51售22","35,000","3","21,750","0.62","0.64","0.61","0.64","-","0.06","0.67","499","0.68","200","0.00",
="04012U","緯創元大51售06","6,000","2","5,850","0.99","0.99","0.96","0.96","-","0.02","0.96","499","--","0","0.00",
="04013U","世芯元大51售25","11,000","2","9,020","0.82","0.82","0.82","0.82"," ","0.00","0.84","499","0.85","50","0.00",
="04014U","神達元大51售09","757,000","20","141,230","0.29","0.29","0.17","0.19","-","0.10","0.18","499","0.19","200","0.00",
="04015U","聚陽凱基52售01","0","0","0","--","--","--","--"," ","0.00","0.49","100","0.50","30","0.00",
="04016U","台光電凱基52售02","0","0","0","--","--","--","--"," ","0.00","0.08","100","0.10","10","0.00",
="04017U","聯發科凱基51售10","21,000","1","11,340","0.54","0.54","0.54","0.54","X","0.00","0.55","10","0.56","10","0.00",
="04018U","長榮凱基51售09","32,000","2","36,210","1.14","1.14","1.13","1.13","-","0.09","1.21","10","1.22","10","0.00",
="04019U","奇鋐凱基51售06","26,000","1","9,360","0.36","0.36","0.36","0.36","+","0.02","0.38","100","0.39","10","0.00",
="04020U","世芯凱基51售14","0","0","0","--","--","--","--"," ","0.00","0.70","100","0.71","30","0.00",
="04021U","創意富邦51售01","43,000","2","28,810","0.67","0.67","0.67","0.67","-","0.01","0.66","30","0.67","10","0.00",
="04022U","創意富邦53售02","20,000","1","10,000","0.50","0.50","0.50","0.50","-","0.02","0.49","30","0.50","10","0.00",
="04023U","威盛凱基51售01","10,000","1","13,200","1.32","1.32","1.32","1.32","X","0.00","1.36","10","1.37","10","0.00",
="040246","台積電凱基56購03","8,000","1","10,720","1.34","1.34","1.34","1.34","-","0.04","1.29","100","1.30","10","1,160.00",
="04024U","國泰金凱基52售01","0","0","0","--","--","--","--"," ","0.00","0.89","10","0.90","10","0.00",
="04025U","晟銘電凱基51售01","0","0","0","--","--","--","--"," ","0.00","0.58","100","0.68","10","0.00",
="04026U","上品凱基51售01","40,000","2","21,200","0.53","0.53","0.53","0.53","+","0.01","0.53","10","0.54","30","0.00",
="04027U","台灣50台新51售01","0","0","0","--","--","--","--"," ","0.00","2.84","10","2.87","10","0.00",
="04028U","達興群益51售06","0","0","0","--","--","--","--"," ","0.00","0.49","100","0.50","100","0.00",
="04029U","樺漢中信51售01","80,000","3","20,000","0.25","0.25","0.25","0.25","X","0.00","0.25","499","0.26","10","0.00",
="04030U","晟銘電永豐51售01","24,000","4","15,960","0.66","0.68","0.66","0.68","+","0.02","0.67","10","0.68","10","0.00",
="04031U","金像電元富51售01","0","0","0","--","--","--","--"," ","0.00","0.14","25","0.15","25","0.00",
="04032U","晟銘電元富51售03","0","0","0","--","--","--","--"," ","0.00","1.34","25","1.36","25","0.00",
="04033U","辛耘元富51售01","0","0","0","--","--","--","--"," ","0.00","0.60","25","0.61","25","0.00",
="04034U","晟銘電國票51售03","13,000","1","20,540","1.58","1.58","1.58","1.58","X","0.00","1.58","25","1.59","10","0.00",
="04035U","晟銘電國票52售02","0","0","0","--","--","--","--"," ","0.00","0.93","25","0.94","10","0.00",
="040365","鴻海統一49購07","100,000","1","3,000","0.03","0.03","0.03","0.03","-","0.01","0.03","10","0.04","10","206.00",
="040366","台積電統一4A購03","17,000","4","11,920","0.72","0.72","0.69","0.69","-","0.07","0.67","12","0.68","10","1,160.00",
="040367","台積電統一4C購01","0","0","0","--","--","--","--"," ","0.00","0.24","10","0.25","10","1,160.00",
="040368","台積電統一4C購02","18,000","5","9,500","0.54","0.54","0.52","0.52","-","0.03","0.51","25","0.52","10","1,160.00",
="040369","台積電統一56購02","70,000","3","25,200","0.36","0.36","0.36","0.36","-","0.01","0.35","103","0.36","100","1,160.00",
="04036U","時碩國票51售01","0","0","0","--","--","--","--"," ","0.00","0.98","25","0.99","10","0.00",
="040370","台積電統一56購03","0","0","0","--","--","--","--"," ","0.00","0.70","10","0.71","10","1,160.00",
="04037U","富世達國票52售03","0","0","0","--","--","--","--"," ","0.00","0.29","25","0.31","10","0.00",
="04038U","世紀鋼國票52售05","6,000","2","14,400","2.40","2.40","2.40","2.40","+","0.06","2.44","25","2.46","10","0.00",
="04039U","世芯國泰53售02","0","0","0","--","--","--","--"," ","0.00","0.50","499","0.51","100","0.00",
="04040U","台積電元大51售53","0","0","0","--","--","--","--"," ","0.00","0.01","499","0.10","1","0.00",
="04041U","台積電元大51售54","4,000","4","2,960","0.74","0.74","0.74","0.74","+","0.05","0.12","83","--","0","0.00",
="04042U","台光電元大51售06","3,000","3","1,250","0.41","0.42","0.41","0.42","+","0.04","0.01","499","--","0","0.00",
="040432","台積電凱基54購01","40,000","3","53,600","1.34","1.34","1.34","1.34","-","0.05","1.27","100","1.28","10","1,160.00",
="040433","台積電凱基56購04","8,000","3","8,720","1.09","1.09","1.09","1.09","-","0.09","1.08","100","1.09","2","1,160.00",
="040434","台積電凱基56購05","246,000","15","325,200","1.32","1.34","1.28","1.28","-","0.07","1.28","3","1.35","2","1,160.00",
="04043U","萬海元大51售06","0","0","0","--","--","--","--"," ","0.00","0.79","499","0.80","200","0.00",
="04044U","緯穎元大51售16","0","0","0","--","--","--","--"," ","0.00","0.71","499","0.72","10","0.00",
="04045U","臺股指元大51售15","60,000","9","54,510","0.90","0.94","0.90","0.93","+","0.05","0.95","100","0.96","10","0.00",
="04046U","臺股指元大51售16","0","0","0","--","--","--","--"," ","0.00","0.58","499","0.59","10","0.00",
="04047U","臺股指元大51售17","0","0","0","--","--","--","--"," ","0.00","0.64","100","0.65","10","0.00",
="04048U","臺股指元大51售18","200,000","2","102,000","0.51","0.51","0.51","0.51","X","0.00","0.52","100","0.53","10","0.00",
="04049U","宏達電凱基51售02","30,000","3","5,100","0.17","0.17","0.17","0.17","X","0.00","0.09","32","0.18","10","0.00",
="04050U","新日興凱基51售01","0","0","0","--","--","--","--"," ","0.00","0.68","10","0.78","10","0.00",
="040516","元債2X元大4C購01","0","0","0","--","--","--","--"," ","0.00","0.03","150","0.08","90","7.05",
="04051U","緯穎凱基51售08","0","0","0","--","--","--","--"," ","0.00","0.31","100","0.32","40","0.00",
="04052U","臺股指凱基51售17","285,000","6","152,950","0.53","0.57","0.53","0.57","+","0.05","0.56","100","0.57","5","0.00",
="04053U","臺股指凱基51售18","510,000","4","333,600","0.65","0.66","0.65","0.66","+","0.02","0.67","100","0.68","10","0.00",
="04054U","臺股指凱基52售07","5,000","3","5,230","1.03","1.06","1.03","1.05","+","0.07","1.05","100","1.06","10","0.00",
="04055U","T50正2元富51售07","0","0","0","--","--","--","--"," ","0.00","0.64","25","0.65","25","0.00",
="04056U","宏達電元富51售06","14,000","4","3,120","0.23","0.24","0.20","0.20","+","0.01","0.19","70","0.20","13","0.00",
="040571","中砂統一4A購01","0","0","0","--","--","--","--"," ","0.00","0.09","10","0.10","10","347.00",
="040572","台達電統一49購01","0","0","0","--","--","--","--"," ","0.00","2.48","10","2.58","10","709.00",
="040573","台達電統一49購02","142,000","5","247,900","1.79","1.79","1.74","1.79","-","0.03","1.72","10","1.73","10","709.00",
="040574","鴻海統一4C購04","0","0","0","--","--","--","--"," ","0.00","0.12","168","0.13","168","206.00",
="040575","鴻海統一4C購05","0","0","0","--","--","--","--"," ","0.00","0.12","10","0.13","10","206.00",
="040576","鴻海統一56購02","447,000","15","146,550","0.32","0.33","0.32","0.33","-","0.01","0.32","135","0.33","320","206.00",
="040577","台積電統一4C購03","0","0","0","--","--","--","--"," ","0.00","0.37","10","0.38","10","1,160.00",
="040578","台積電統一56購04","0","0","0","--","--","--","--"," ","0.00","0.57","10","0.58","10","1,160.00",
="040579","燿華統一49購02","0","0","0","--","--","--","--"," ","0.00","0.01","10","0.02","10","31.45",
="04057U","T50正2國票51售02","0","0","0","--","--","--","--"," ","0.00","0.96","25","0.97","10","0.00",
="040585","大立光統一4A購01","0","0","0","--","--","--","--"," ","0.00","0.01","10","0.02","25","2,395.00",
="040587","晟銘電統一49購01","0","0","0","--","--","--","--"," ","0.00","0.75","10","0.76","10","133.00",
="040588","晟銘電統一4A購01","0","0","0","--","--","--","--"," ","0.00","0.58","10","0.65","3","133.00",
="040589","德律統一4C購01","1,000","1","470","0.47","0.47","0.47","0.47","-","0.05","0.46","10","0.49","10","206.00",
="04058U","華城國票52售02","10,000","1","6,600","0.66","0.66","0.66","0.66","X","0.00","0.67","25","0.68","10","0.00",
="040590","德律統一4C購02","90,000","2","32,100","0.36","0.36","0.34","0.34","-","0.05","0.34","10","0.35","10","206.00",
="040591","華晶科統一4A購01","2,000","1","720","0.36","0.36","0.36","0.36","-","0.04","0.36","10","0.37","10","50.30",
="040592","新日興統一49購02","981,000","10","153,160","0.14","0.19","0.13","0.15","+","0.05","0.15","10","0.16","10","259.00",
="040593","貿聯統一49購01","0","0","0","--","--","--","--"," ","0.00","4.71","10","4.72","10","981.00",
="040595","世紀鋼統一49購04","0","0","0","--","--","--","--"," ","0.00","--","0","0.01","10","188.00",
="040596","世紀鋼統一4A購01","0","0","0","--","--","--","--"," ","0.00","--","0","--","0","188.00",
="04059U","天鈺國票51售02","0","0","0","--","--","--","--"," ","0.00","1.68","25","1.70","10","0.00",
="04060U","富世達國票52售04","0","0","0","--","--","--","--"," ","0.00","0.26","25","0.27","10","0.00",
="04061U","元金2X中信53售01","106,000","3","61,440","0.57","0.59","0.57","0.59","-","0.03","0.57","499","0.58","100","0.00",
="04062U","國泰金永豐52售01","0","0","0","--","--","--","--"," ","0.00","0.70","10","0.71","10","0.00",
="04063U","華擎永豐52售02","0","0","0","--","--","--","--"," ","0.00","0.99","10","1.00","10","0.00",
="04064U","世芯永豐51售06","0","0","0","--","--","--","--"," ","0.00","0.44","499","0.45","10","0.00",
="04065U","穎崴永豐52售02","12,000","3","8,160","0.71","0.71","0.63","0.63","X","0.00","0.32","5","--","0","0.00",
="040661","台積電凱基56購06","3,000","1","2,640","0.88","0.88","0.88","0.88","X","0.00","0.83","100","0.84","10","1,160.00",
="04066U","緯穎永豐51售04","352,000","4","330,640","0.92","0.94","0.92","0.93","-","0.01","0.95","10","0.96","10","0.00",
="04067U","台灣50元大51售07","202,000","14","168,480","0.82","0.86","0.81","0.85","+","0.06","0.86","100","0.87","10","0.00",
="04068U","台灣50元大51售08","37,000","3","26,530","0.71","0.74","0.71","0.74","+","0.04","0.74","100","0.75","10","0.00",
="04069U","富邦金元大55售01","1,000","1","310","0.31","0.31","0.31","0.31","+","0.02","0.31","499","0.32","200","0.00",
="04070U","國泰金元大51售01","1,000","1","1,650","1.65","1.65","1.65","1.65","X","0.00","1.68","450","1.69","200","0.00",
="04071U","創意元大51售08","60,000","7","113,400","1.90","1.92","1.85","1.85","-","0.10","1.85","10","--","0","0.00",
="04072U","緯穎元大51售17","0","0","0","--","--","--","--"," ","0.00","0.30","499","0.31","200","0.00",
="04073U","勤誠元大51售01","0","0","0","--","--","--","--"," ","0.00","0.80","25","0.81","10","0.00",
="04074U","台積電群益51售13","10,000","1","16,100","1.61","1.61","1.61","1.61","+","0.09","0.44","22","--","0","0.00",
="04075U","台積電群益51售14","30,000","2","23,700","0.78","0.81","0.78","0.81","+","0.03","0.29","34","--","0","0.00",
="04076U","迎廣群益51售02","1,000","1","1,160","1.16","1.16","1.16","1.16","-","0.03","1.20","10","1.30","10","0.00",
="04077U","勤誠群益51售02","0","0","0","--","--","--","--"," ","0.00","--","0","--","0","0.00",
="04078U","奇鋐中信51售03","0","0","0","--","--","--","--"," ","0.00","0.18","10","0.19","10","0.00",
="04079U","日月光中信51售01","0","0","0","--","--","--","--"," ","0.00","0.49","499","0.51","10","0.00",
="04080U","元債2X永豐57售01","0","0","0","--","--","--","--"," ","0.00","1.13","499","1.14","10","0.00",
="04081U","智邦永豐52售01","0","0","0","--","--","--","--"," ","0.00","0.23","499","0.24","10","0.00",
="04082U","日月光群益51售01","0","0","0","--","--","--","--"," ","0.00","0.73","100","0.74","100","0.00",
="04083U","鴻海富邦51售07","0","0","0","--","--","--","--"," ","0.00","0.11","30","0.12","10","0.00",
="04084U","鴻海富邦53售03","2,000","1","400","0.20","0.20","0.20","0.20","+","0.02","0.18","30","0.19","10","0.00",
="04085U","華城凱基52售01","0","0","0","--","--","--","--"," ","0.00","0.74","100","0.75","30","0.00",
="04086U","台積電凱基51售20","27,000","1","12,420","0.46","0.46","0.46","0.46","-","0.02","0.52","100","0.53","10","0.00",
="04087U","台積電凱基52售02","23,000","1","19,780","0.86","0.86","0.86","0.86","X","0.00","0.91","100","0.92","10","0.00",
="04088U","台光電凱基51售05","0","0","0","--","--","--","--"," ","0.00","0.39","100","0.40","10","0.00",
="040897","健策國票4C購02","1,000","1","1,910","1.91","1.91","1.91","1.91","-","0.25","1.93","25","2.50","10","1,905.00",
="04089U","創意凱基51售04","0","0","0","--","--","--","--"," ","0.00","1.28","100","1.30","10","0.00",
="04090U","聯鈞元富51售03","50,000","1","54,000","1.08","1.08","1.08","1.08","+","0.04","1.12","25","1.13","25","0.00",
="04091U","精成科元富51售03","0","0","0","--","--","--","--"," ","0.00","0.10","200","0.19","25","0.00",
="04092U","和椿國票51售03","0","0","0","--","--","--","--"," ","0.00","0.37","51","0.38","10","0.00",
="04093U","和椿國票52售01","100,000","5","23,900","0.26","0.26","0.23","0.23","X","0.00","0.22","25","0.23","10","0.00",
="04094U","連加國票52售01","0","0","0","--","--","--","--"," ","0.00","0.72","25","0.73","10","0.00",
="04095U","東哥國票51售02","0","0","0","--","--","--","--"," ","0.00","1.78","25","1.80","10","0.00",
="04096U","東哥國票53售02","0","0","0","--","--","--","--"," ","0.00","2.08","25","2.10","10","0.00",
="04097U","東哥國票55售02","0","0","0","--","--","--","--"," ","0.00","2.64","25","2.66","10","0.00",
="04098U","台灣50國泰53售01","0","0","0","--","--","--","--"," ","0.00","0.53","499","0.54","100","0.00",
="04099U","T50正2元大51售06","10,000","1","7,800","0.78","0.78","0.78","0.78","+","0.03","0.77","100","0.78","10","0.00",
="04100U","T50正2元大53售01","0","0","0","--","--","--","--"," ","0.00","0.41","100","0.42","10","0.00",
="04101U","道瓊銅元大51售02","0","0","0","--","--","--","--"," ","0.00","1.03","250","1.07","50","0.00",
="04102U","台積電元大51售57","0","0","0","--","--","--","--"," ","0.00","0.10","100","--","0","0.00",
="04103U","世芯元大51售30","0","0","0","--","--","--","--"," ","0.00","0.35","499","0.36","50","0.00",
="04104U","勤誠元大51售03","30,000","1","33,300","1.11","1.11","1.11","1.11","+","0.05","1.07","25","1.08","10","0.00",
="04105U","T50正2凱基54售01","0","0","0","--","--","--","--"," ","0.00","0.31","10","0.32","10","0.00",
="041068","聯發科元富57購01","63,000","2","32,790","0.52","0.55","0.52","0.55"," ","0.00","0.52","25","0.53","25","1,385.00",
="04106U","川湖凱基52售01","0","0","0","--","--","--","--"," ","0.00","0.25","100","0.26","50","0.00",
="04107U","台達電凱基51售01","21,000","3","1,630","0.07","0.08","0.07","0.08","+","0.01","0.07","50","0.08","6","0.00",
="04108U","台積電凱基52售03","40,000","3","29,500","0.73","0.74","0.73","0.74","+","0.03","0.27","37","0.78","10","0.00",
="04109U","台積電凱基52售04","0","0","0","--","--","--","--"," ","0.00","0.51","100","0.52","10","0.00",
="04110U","日電貿凱基51售01","0","0","0","--","--","--","--"," ","0.00","1.33","10","1.34","10","0.00",
="04111U","世芯凱基51售15","0","0","0","--","--","--","--"," ","0.00","0.67","100","0.68","30","0.00",
="041124","台達電統一49購03","0","0","0","--","--","--","--"," ","0.00","2.30","10","2.31","10","709.00",
="041125","國巨統一51購01","0","0","0","--","--","--","--"," ","0.00","0.11","21","0.12","10","137.00",
="041126","台積電統一57購01","7,000","1","2,380","0.34","0.34","0.34","0.34","-","0.01","0.32","60","0.33","10","1,160.00",
="041129","聯發科統一4B購02","70,000","3","10,500","0.15","0.15","0.15","0.15","X","0.00","0.14","40","0.15","10","1,385.00",
="04112U","楠梓電元富51售03","1,908,000","4","174,360","0.06","0.12","0.06","0.12","+","0.03","0.06","88","0.12","93","0.00",
="041130","志聖統一49購01","0","0","0","--","--","--","--"," ","0.00","0.11","10","0.12","10","201.50",
="041132","長榮統一4B購01","199,000","2","41,790","0.21","0.21","0.21","0.21"," ","0.00","0.20","20","0.21","10","188.00",
="041134","玉晶光統一4C購01","0","0","0","--","--","--","--"," ","0.00","0.03","10","0.04","30","461.50",
="041135","群創統一49購01","0","0","0","--","--","--","--"," ","0.00","--","0","0.01","569","14.15",
="041137","大眾控統一4B購01","240,000","2","36,000","0.15","0.15","0.15","0.15","+","0.01","0.06","30","0.15","10","45.80",
="04113U","富邦金元富51售02","0","0","0","--","--","--","--"," ","0.00","0.86","25","0.87","25","0.00",
="04114U","力積電元富51售02","0","0","0","--","--","--","--"," ","0.00","2.39","25","2.42","25","0.00",
="04115U","臺股指元富51售15","0","0","0","--","--","--","--"," ","0.00","0.66","25","0.67","25","0.00",
="04116U","台積電國票51售10","100,000","1","102,000","1.02","1.02","1.02","1.02","X","0.00","1.01","25","1.08","10","0.00",
="04117U","台積電國票52售02","0","0","0","--","--","--","--"," ","0.00","1.07","25","1.13","10","0.00",
="04118U","富世達國票52售05","0","0","0","--","--","--","--"," ","0.00","0.35","25","0.36","10","0.00",
="04119U","台達電國泰53售01","123,000","7","13,530","0.11","0.11","0.11","0.11","+","0.01","0.10","60","0.12","20","0.00",
="04120U","臺指2X群益51售01","55,000","3","37,500","0.68","0.70","0.68","0.70","+","0.03","0.71","25","0.72","10","0.00",
="04121U","華城群益51售03","0","0","0","--","--","--","--"," ","0.00","0.71","10","0.81","10","0.00",
="04122U","台達電群益52售01","0","0","0","--","--","--","--"," ","0.00","0.02","2","0.08","10","0.00",
="04123U","台積電群益51售15","20,000","2","13,200","0.65","0.67","0.65","0.67","+","0.03","0.19","52","--","0","0.00",
="04124U","台積電群益51售16","10,000","1","7,800","0.78","0.78","0.78","0.78","+","0.04","0.25","40","--","0","0.00",
="04125U","台光電群益51售07","0","0","0","--","--","--","--"," ","0.00","--","0","--","0","0.00",
="04126U","創意群益51售05","0","0","0","--","--","--","--"," ","0.00","0.44","8","--","0","0.00",
="04127U","精成科群益51售03","0","0","0","--","--","--","--"," ","0.00","0.02","200","--","0","0.00",
="04128U","台達電台新51售02","15,000","1","8,550","0.57","0.57","0.57","0.57","+","0.07","0.55","10","0.56","10","0.00",
="04129U","元黃金中信51售01","0","0","0","--","--","--","--"," ","0.00","0.53","499","0.54","100","0.00",
="04130U","台光電中信51售01","180,000","4","85,400","0.45","0.49","0.45","0.48","+","0.04","0.45","10","0.46","10","0.00",
="04131U","世芯中信52售02","0","0","0","--","--","--","--"," ","0.00","0.24","30","0.25","30","0.00",
="041321","聯發科元富57購02","0","0","0","--","--","--","--"," ","0.00","0.44","25","0.45","25","1,385.00",
="041322","聯發科元富57購03","102,000","13","46,200","0.46","0.46","0.44","0.44","-","0.02","0.44","90","0.45","25","1,385.00",
="04132U","力積電中信51售02","0","0","0","--","--","--","--"," ","0.00","0.74","499","0.76","10","0.00",
="04133U","臺股指中信51售10","0","0","0","--","--","--","--"," ","0.00","0.33","499","0.34","100","0.00",
="04134U","南亞科元大51售08","0","0","0","--","--","--","--"," ","0.00","1.78","450","1.79","200","0.00",
="04135U","亞翔元大51售05","56,000","2","40,260","0.72","0.72","0.71","0.71","X","0.00","0.71","499","0.72","50","0.00",
="04136U","富世達元大51售03","0","0","0","--","--","--","--"," ","0.00","0.01","499","0.35","1","0.00",
="04137U","台達電富邦51售02","100,000","1","5,000","0.05","0.05","0.05","0.05","X","0.00","0.04","30","0.05","10","0.00",
="04138U","台積電富邦53售02","0","0","0","--","--","--","--"," ","0.00","0.56","30","0.57","10","0.00",
="04139U","台積電富邦53售03","51,000","2","22,030","0.43","0.44","0.43","0.44","+","0.02","0.44","30","0.45","10","0.00",
="04140U","T50正2永豐52售03","10,000","1","5,100","0.51","0.51","0.51","0.51","+","0.02","0.51","10","0.52","10","0.00",
="04141U","世芯永豐51售08","1,000","1","210","0.21","0.21","0.21","0.21","+","0.01","0.20","10","0.21","10","0.00",
="04142U","緯穎永豐51售05","0","0","0","--","--","--","--"," ","0.00","0.41","499","0.42","10","0.00",
="04143U","台積電台新51售01","0","0","0","--","--","--","--"," ","0.00","3.83","10","3.93","10","0.00",
="04144U","川湖群益57售01","2,000","2","430","0.22","0.22","0.21","0.21","-","0.03","0.21","100","0.22","100","0.00",
="04145U","台達電群益52售02","0","0","0","--","--","--","--"," ","0.00","--","0","--","0","0.00",
="04146U","台積電群益55售01","0","0","0","--","--","--","--"," ","0.00","0.10","5","--","0","0.00",
="04147U","富邦金群益51售02","0","0","0","--","--","--","--"," ","0.00","--","0","--","0","0.00",
="04148U","創意群益52售02","0","0","0","--","--","--","--"," ","0.00","0.08","57","--","0","0.00",
="04149U","世芯群益51售08","0","0","0","--","--","--","--"," ","0.00","0.18","10","0.28","10","0.00",
="04150U","亞翔群益52售01","9,000","1","2,790","0.31","0.31","0.31","0.31","+","0.02","0.32","10","0.42","10","0.00",
="04151U","勤誠群益51售04","0","0","0","--","--","--","--"," ","0.00","--","0","--","0","0.00",
="04152U","鴻準元富51售02","1,000","1","1,190","1.19","1.19","1.19","1.19","+","0.08","1.14","25","1.15","25","0.00",
="04153U","景碩元富51售01","142,000","4","60,680","0.44","0.44","0.38","0.38","X","0.00","0.42","25","0.43","25","0.00",
="04154U","富邦金國泰52售01","0","0","0","--","--","--","--"," ","0.00","1.21","10","1.22","10","0.00",
="04155U","中砂國票52售02","0","0","0","--","--","--","--"," ","0.00","1.07","25","1.08","10","0.00",
="04156U","川湖國票52售03","0","0","0","--","--","--","--"," ","0.00","0.30","25","0.31","10","0.00",
="04157U","華邦電國票52售03","2,000","1","2,140","1.07","1.07","1.07","1.07"," ","0.00","1.08","25","1.09","10","0.00",
="04158U","台光電國票52售01","0","0","0","--","--","--","--"," ","0.00","0.29","25","0.30","10","0.00",
="04159U","文曄國票51售01","1,000","1","1,290","1.29","1.29","1.29","1.29","X","0.00","1.30","25","1.31","10","0.00",
="04160U","台積電元大51售60","0","0","0","--","--","--","--"," ","0.00","--","0","--","0","0.00",
="04161U","台積電元大51售61","0","0","0","--","--","--","--"," ","0.00","--","0","--","0","0.00",
="04162U","金像電元大51售05","66,000","8","20,960","0.33","0.33","0.31","0.31","-","0.03","0.30","509","0.31","200","0.00",
="04163U","技嘉元大51售03","0","0","0","--","--","--","--"," ","0.00","0.95","25","0.96","10","0.00",
="04164U","南亞科元大51售09","0","0","0","--","--","--","--"," ","0.00","0.94","499","0.95","200","0.00",
="04165U","南亞科元大51售10","0","0","0","--","--","--","--"," ","0.00","1.65","450","1.66","200","0.00",
="04166U","可成元大51售01","0","0","0","--","--","--","--"," ","0.00","1.15","499","1.16","200","0.00",
="04167U","萬海元大51售08","0","0","0","--","--","--","--"," ","0.00","1.27","499","1.28","200","0.00",
="04168U","奇鋐元大51售18","52,000","6","38,110","0.76","0.76","0.72","0.75","+","0.09","0.71","499","0.72","200","0.00",
="04169U","文曄元大51售02","72,000","1","56,160","0.78","0.78","0.78","0.78","X","0.00","0.77","499","0.78","200","0.00",
="04170U","世芯元大51售31","105,000","9","66,830","0.64","0.66","0.63","0.66","+","0.02","0.66","499","0.67","50","0.00",
="04171U","緯穎元大51售19","10,000","2","3,150","0.31","0.32","0.31","0.32","-","0.01","0.33","499","0.34","200","0.00",
="04172U","臺股指元大51售20","0","0","0","--","--","--","--"," ","0.00","0.53","499","0.54","10","0.00",
="04173U","臺股指元大51售21","0","0","0","--","--","--","--"," ","0.00","0.55","100","0.56","10","0.00",
="04174U","臺股指元大51售22","20,000","2","8,600","0.43","0.43","0.43","0.43","+","0.02","0.44","499","0.45","10","0.00",
="04175U","臺股指元大52售07","303,000","13","321,450","1.06","1.10","1.05","1.10","+","0.07","1.10","100","1.11","10","0.00",
="04176U","臺股指元大52售08","5,000","3","3,830","0.77","0.79","0.75","0.79","+","0.04","0.78","100","0.79","10","0.00",
="04177U","臺股指元大52售09","221,000","6","138,960","0.61","0.64","0.61","0.63","+","0.03","0.63","100","0.64","60","0.00",
="04178U","臺股指元大54售10","2,000","2","1,290","0.64","0.65","0.64","0.65","+","0.01","0.66","100","0.67","10","0.00",
="04179U","台積電凱基52售05","0","0","0","--","--","--","--"," ","0.00","0.59","100","0.60","10","0.00",
="04180U","欣興凱基51售03","150,000","3","35,500","0.26","0.26","0.22","0.23","-","0.01","0.23","100","0.24","30","0.00",
="04181U","精成科凱基51售05","70,000","7","11,250","0.16","0.17","0.16","0.16","-","0.10","0.12","13","0.16","40","0.00",
="041823","豐藝國票49購01","0","0","0","--","--","--","--"," ","0.00","--","0","--","0","52.80",
="04182U","矽格凱基51售02","0","0","0","--","--","--","--"," ","0.00","0.56","10","0.57","30","0.00",
="04183U","台灣50元富51售04","845,000","9","1,225,180","1.38","1.48","1.38","1.46","+","0.08","1.47","25","1.48","25","0.00",
="04184U","台積電元富51售09","53,000","2","144,340","2.72","2.90","2.72","2.90","+","0.19","3.00","25","3.10","25","0.00",
="04185U","臺股指元富51售16","0","0","0","--","--","--","--"," ","0.00","0.75","25","0.76","25","0.00",
="04186U","美指2X國票57售01","10,000","2","4,500","0.45","0.45","0.45","0.45","X","0.00","0.44","35","0.45","10","0.00",
="04187U","華城國票52售03","0","0","0","--","--","--","--"," ","0.00","0.47","25","0.48","10","0.00",
="04188U","金像電國票52售02","10,000","1","1,500","0.15","0.15","0.15","0.15","-","0.01","0.14","25","0.15","10","0.00",
="04189U","亞光國票52售01","7,000","1","2,940","0.42","0.42","0.42","0.42","-","0.02","0.44","25","0.45","10","0.00",
="04190U","亞光國票53售01","0","0","0","--","--","--","--"," ","0.00","0.35","25","0.36","10","0.00",
="04191U","創意國票52售01","0","0","0","--","--","--","--"," ","0.00","0.71","25","0.73","10","0.00",
="04192U","世芯國票51售05","0","0","0","--","--","--","--"," ","0.00","1.10","25","1.11","10","0.00",
="04193U","臺股指國泰51售01","0","0","0","--","--","--","--"," ","0.00","0.45","499","0.46","100","0.00",
="04194U","華邦電凱基51售02","27,000","1","25,110","0.93","0.93","0.93","0.93","X","0.00","0.98","10","0.99","10","0.00",
="04195U","華碩凱基51售01","0","0","0","--","--","--","--"," ","0.00","1.17","10","1.27","10","0.00",
="04196U","技嘉凱基51售02","4,000","1","6,040","1.51","1.51","1.51","1.51"," ","0.00","1.52","10","1.53","10","0.00",
="04197U","富邦金凱基51售01","5,000","1","4,550","0.91","0.91","0.91","0.91","X","0.00","0.91","10","1.01","10","0.00",
="04198U","文曄凱基51售02","24,000","1","29,280","1.22","1.22","1.22","1.22","-","0.02","1.22","10","1.23","10","0.00",
="04199U","達興凱基52售02","0","0","0","--","--","--","--"," ","0.00","0.34","10","0.35","10","0.00",
="04200U","南電凱基51售03","276,000","6","15,020","0.06","0.07","0.05","0.07"," ","0.00","0.06","10","0.07","44","0.00",
="04201U","臺股指凱基51售19","0","0","0","--","--","--","--"," ","0.00","0.63","100","0.64","10","0.00",
="04202U","臺股指凱基54售11","0","0","0","--","--","--","--"," ","0.00","0.81","100","0.82","10","0.00",
="04203U","中砂群益56售01","0","0","0","--","--","--","--"," ","0.00","0.52","10","0.62","10","0.00",
="04204U","川湖群益52售01","0","0","0","--","--","--","--"," ","0.00","0.09","100","0.11","100","0.00",
="04205U","台積電群益55售02","10,000","1","6,500","0.65","0.65","0.65","0.65","+","0.03","0.62","3","--","0","0.00",
="04206U","華邦電群益51售03","0","0","0","--","--","--","--"," ","0.00","0.66","100","0.67","100","0.00",
="04207U","鴻準群益57售01","0","0","0","--","--","--","--"," ","0.00","1.22","20","1.32","10","0.00",
="04208U","台光電群益51售09","23,000","1","1,150","0.05","0.05","0.05","0.05","X","0.00","0.01","23","--","0","0.00",
="04209U","精成科群益51售04","5,000","1","2,100","0.42","0.42","0.42","0.42","X","0.00","0.15","100","--","0","0.00",
="04210U","勤誠群益54售01","0","0","0","--","--","--","--"," ","0.00","0.17","19","--","0","0.00",
="04211U","台積電永豐51售09","54,000","3","185,320","3.37","3.49","3.37","3.49","+","0.13","3.67","10","3.74","10","0.00",
="04212U","大立光永豐51售02","0","0","0","--","--","--","--"," ","0.00","0.41","499","0.42","10","0.00",
="04213U","台灣50富邦52售04","250,000","2","140,500","0.55","0.57","0.55","0.57","+","0.03","0.58","100","0.59","98","0.00",
="04214U","台灣50富邦53售05","0","0","0","--","--","--","--"," ","0.00","0.42","100","0.43","98","0.00",
="04215U","台達電富邦55售01","50,000","1","5,500","0.11","0.11","0.11","0.11","+","0.01","0.10","40","0.11","10","0.00",
="04216U","臺股指富邦52售12","6,000","2","4,050","0.67","0.70","0.67","0.70","+","0.03","0.69","499","0.70","100","0.00",
="04217U","臺股指富邦52售13","0","0","0","--","--","--","--"," ","0.00","0.64","499","0.65","100","0.00",
="04218U","臺股指富邦53售08","0","0","0","--","--","--","--"," ","0.00","0.64","499","0.65","100","0.00",
="04219U","台灣50元大51售10","0","0","0","--","--","--","--"," ","0.00","0.68","499","0.69","10","0.00",
="04220U","台灣50元大51售11","0","0","0","--","--","--","--"," ","0.00","0.47","499","0.48","10","0.00",
="04221U","台灣50元大51售12","0","0","0","--","--","--","--"," ","0.00","0.37","100","0.38","10","0.00",
="04222U","台積電元大51售64","0","0","0","--","--","--","--"," ","0.00","0.01","499","--","0","0.00",
="04223U","台積電元大51售65","200,000","2","98,000","0.49","0.49","0.49","0.49","+","0.01","0.09","111","--","0","0.00",
="04224U","世芯元大51售35","0","0","0","--","--","--","--"," ","0.00","0.94","499","0.95","50","0.00",
="04225U","勤誠元大51售04","0","0","0","--","--","--","--"," ","0.00","0.60","25","0.61","10","0.00",
="04226U","勤誠元大51售05","0","0","0","--","--","--","--"," ","0.00","0.90","499","0.91","10","0.00",
="04227U","聯發科中信53售02","0","0","0","--","--","--","--"," ","0.00","0.39","499","0.40","10","0.00",
="04228U","臺股指中信53售12","0","0","0","--","--","--","--"," ","0.00","0.59","499","0.60","100","0.00",
="04229U","智邦凱基51售04","133,000","2","39,560","0.32","0.32","0.29","0.29","X","0.00","0.30","100","0.31","50","0.00",
="04230U","金像電凱基51售02","180,000","3","32,200","0.18","0.18","0.17","0.17","-","0.01","0.16","100","0.17","50","0.00",
="04231U","台光電凱基52售03","337,000","4","115,850","0.34","0.35","0.34","0.34","X","0.00","0.34","100","0.35","10","0.00",
="04232U","亞光凱基51售07","0","0","0","--","--","--","--"," ","0.00","0.25","10","0.26","30","0.00",
="04233U","祥碩凱基51售02","55,000","6","95,740","1.72","1.75","1.72","1.75","+","0.09","1.74","100","1.84","10","0.00",
="04234U","緯穎凱基51售10","0","0","0","--","--","--","--"," ","0.00","0.30","10","0.31","50","0.00",
="04235U","鴻海富邦55售01","102,000","2","18,360","0.18","0.18","0.18","0.18","+","0.01","0.17","30","0.18","10","0.00",
="04236U","台積電富邦55售06","58,000","2","29,200","0.50","0.52","0.50","0.52","+","0.03","0.52","30","0.53","10","0.00",
="04237U","聯發科富邦55售02","10,000","1","4,400","0.44","0.44","0.44","0.44","+","0.01","0.43","30","0.44","10","0.00",
="04238U","世芯富邦53售04","41,000","1","22,140","0.54","0.54","0.54","0.54","-","0.04","0.55","10","0.56","10","0.00",
="04239U","南亞科元大51售13","0","0","0","--","--","--","--"," ","0.00","1.17","499","1.18","200","0.00",
="04240U","南電元大51售03","330,000","14","45,700","0.15","0.15","0.13","0.13","-","0.09","0.12","30","0.13","10","0.00",
="04241U","川湖元富51售02","70,000","1","15,400","0.22","0.22","0.22","0.22","-","0.03","0.22","25","0.23","25","0.00",
="04242U","國巨元富51售04","0","0","0","--","--","--","--"," ","0.00","1.23","25","1.26","25","0.00",
="04243U","台光電元富51售05","0","0","0","--","--","--","--"," ","0.00","0.26","25","0.27","25","0.00",
="04244U","滬深2X國票52售02","0","0","0","--","--","--","--"," ","0.00","0.36","25","0.37","10","0.00",
="04245U","大立光國票52售01","0","0","0","--","--","--","--"," ","0.00","0.36","25","0.37","10","0.00",
="04246U","貿聯國票52售02","145,000","5","81,320","0.56","0.57","0.54","0.57","-","0.03","0.56","25","0.57","10","0.00",
="04247U","南電國票52售02","0","0","0","--","--","--","--"," ","0.00","0.10","50","--","0","0.00",
="04248U","奇鋐國泰53售01","0","0","0","--","--","--","--"," ","0.00","0.51","499","0.55","499","0.00",
="04249U","華城群益54售05","200,000","1","44,000","0.22","0.22","0.22","0.22"," ","0.00","0.22","10","0.23","300","0.00",
="04250U","台積電群益55售03","0","0","0","--","--","--","--"," ","0.00","--","0","--","0","0.00",
="04251U","華碩群益52售02","0","0","0","--","--","--","--"," ","0.00","0.06","76","--","0","0.00",
="04252U","技嘉群益52售02","0","0","0","--","--","--","--"," ","0.00","--","0","--","0","0.00",
="04253U","台光電群益54售03","61,000","15","11,830","0.20","0.20","0.18","0.18","X","0.00","0.02","30","0.18","100","0.00",
="04254U","奇鋐群益51售04","268,000","2","106,480","0.36","0.41","0.36","0.41","+","0.06","0.38","100","0.39","100","0.00",
="04255U","世芯群益51售11","0","0","0","--","--","--","--"," ","0.00","0.36","10","0.46","10","0.00",
="04256U","達興群益51售07","0","0","0","--","--","--","--"," ","0.00","0.26","100","0.27","100","0.00",
="04257U","緯穎群益53售03","0","0","0","--","--","--","--"," ","0.00","0.09","10","0.10","90","0.00",
="04258U","連加群益52售02","0","0","0","--","--","--","--"," ","0.00","1.07","10","1.17","10","0.00",
="04259U","南電群益55售01","90,000","2","35,700","0.40","0.40","0.37","0.37","-","0.04","0.30","100","--","0","0.00",
="04260U","台灣50永豐51售04","0","0","0","--","--","--","--"," ","0.00","0.87","499","0.88","10","0.00",
="04261U","滬深2X永豐51售05","5,000","1","1,000","0.20","0.20","0.20","0.20","X","0.00","0.19","499","0.20","10","0.00",
="04262U","美指2X永豐52售01","0","0","0","--","--","--","--"," ","0.00","0.49","499","0.50","10","0.00",
="04263U","金像電永豐52售04","66,000","6","13,500","0.21","0.21","0.20","0.20","-","0.01","0.19","10","0.20","10","0.00",
="04264U","漢唐永豐52售02","49,000","3","5,880","0.12","0.12","0.12","0.12","+","0.01","0.11","10","0.12","10","0.00",
="04265U","聯發科永豐52售03","37,000","2","30,930","0.84","0.84","0.83","0.83","+","0.02","0.34","29","--","0","0.00",
="04266U","牧德永豐53售02","16,000","2","17,440","1.11","1.11","1.07","1.07","-","0.10","1.05","10","1.07","10","0.00",
="04267U","貿聯永豐52售08","0","0","0","--","--","--","--"," ","0.00","0.61","10","0.62","10","0.00",
="04268U","台積電群益54售14","10,000","1","8,200","0.82","0.82","0.82","0.82","+","0.05","0.22","45","0.84","1","0.00",
="04269U","智邦群益51售05","0","0","0","--","--","--","--"," ","0.00","0.24","10","0.34","10","0.00",
="04270U","聯發科群益51售10","130,000","1","171,600","1.32","1.32","1.32","1.32","+","0.05","0.52","19","--","0","0.00",
="04271U","臻鼎群益53售02","200,000","3","16,000","0.08","0.08","0.08","0.08","-","0.01","0.07","330","0.08","200","0.00",
="04272U","勤誠群益51售06","0","0","0","--","--","--","--"," ","0.00","0.41","24","0.89","1","0.00",
="04273U","T50正2元大51售08","0","0","0","--","--","--","--"," ","0.00","0.40","499","0.41","10","0.00",
="04274U","電子類元大51售01","0","0","0","--","--","--","--"," ","0.00","0.61","100","0.62","10","0.00",
="04275U","晟銘電國票52售04","0","0","0","--","--","--","--"," ","0.00","1.53","25","1.54","10","0.00",
="04276U","滬深2X元富51售02","153,000","2","65,390","0.43","0.43","0.41","0.41","X","0.00","0.43","25","0.44","25","0.00",
="04277U","嘉澤元富51售04","0","0","0","--","--","--","--"," ","0.00","0.94","25","0.95","25","0.00",
="04278U","日月光元富51售02","0","0","0","--","--","--","--"," ","0.00","1.16","25","1.17","25","0.00",
="04279U","臻鼎元富51售02","0","0","0","--","--","--","--"," ","0.00","0.01","1,023","0.10","109","0.00",
="04280U","緯穎元富51售07","0","0","0","--","--","--","--"," ","0.00","0.67","25","0.68","25","0.00",
="04281U","勤誠元富51售06","0","0","0","--","--","--","--"," ","0.00","0.61","25","0.62","25","0.00",
="04282U","勤誠元富51售07","0","0","0","--","--","--","--"," ","0.00","0.82","25","0.83","25","0.00",
="04283U","台灣50凱基51售04","22,000","2","30,280","1.34","1.38","1.34","1.38","+","0.10","1.40","100","1.41","50","0.00",
="04284U","喬山凱基51售02","0","0","0","--","--","--","--"," ","0.00","2.01","1","2.05","10","0.00",
="042859","士電統一49購02","0","0","0","--","--","--","--"," ","0.00","--","0","--","0","187.50",
="04285U","上銀凱基51售03","0","0","0","--","--","--","--"," ","0.00","1.23","100","1.24","10","0.00",
="042860","士電統一4B購01","0","0","0","--","--","--","--"," ","0.00","0.02","100","0.10","80","187.50",
="042861","士電統一4C購01","0","0","0","--","--","--","--"," ","0.00","0.05","10","0.07","10","187.50",
="042864","信錦統一4B購01","0","0","0","--","--","--","--"," ","0.00","0.02","10","0.10","10","72.00",
="042865","鴻海統一49購08","0","0","0","--","--","--","--"," ","0.00","--","0","0.01","10","206.00",
="042866","鴻海統一49購09","0","0","0","--","--","--","--"," ","0.00","--","0","0.01","1,425","206.00",
="042867","鴻海統一51購02","0","0","0","--","--","--","--"," ","0.00","0.10","10","0.11","10","206.00",
="042868","鴻海統一53購09","0","0","0","--","--","--","--"," ","0.00","0.24","10","0.25","10","206.00",
="042869","鴻海統一57購01","252,000","8","37,800","0.15","0.15","0.15","0.15","-","0.02","0.14","398","0.17","15","206.00",
="04286U","鴻準凱基57售01","0","0","0","--","--","--","--"," ","0.00","1.43","100","1.44","30","0.00",
="042870","台積電統一49購06","0","0","0","--","--","--","--"," ","0.00","0.03","10","0.04","10","1,160.00",
="042871","台積電統一49購07","0","0","0","--","--","--","--"," ","0.00","0.13","10","0.14","10","1,160.00",
="042872","台積電統一57購02","0","0","0","--","--","--","--"," ","0.00","0.44","10","0.45","10","1,160.00",
="042873","台積電統一57購03","0","0","0","--","--","--","--"," ","0.00","0.22","120","0.23","100","1,160.00",
="042875","燿華統一4B購01","0","0","0","--","--","--","--"," ","0.00","0.06","50","0.10","10","31.45",
="042877","聯發科統一4B購03","0","0","0","--","--","--","--"," ","0.00","0.13","108","0.14","108","1,385.00",
="042878","聯發科統一57購01","0","0","0","--","--","--","--"," ","0.00","0.38","10","0.39","10","1,385.00",
="04287U","聯詠凱基51售01","0","0","0","--","--","--","--"," ","0.00","2.74","100","2.84","10","0.00",
="042880","大立光統一4B購01","0","0","0","--","--","--","--"," ","0.00","0.01","10","0.02","10","2,395.00",
="042881","大立光統一51購01","0","0","0","--","--","--","--"," ","0.00","0.07","10","0.08","10","2,395.00",
="042882","大立光統一57購01","33,000","3","1,650","0.05","0.05","0.05","0.05"," ","0.00","0.04","410","0.05","87","2,395.00",
="042883","晟銘電統一4B購01","1,079,000","14","292,830","0.30","0.31","0.24","0.25"," ","0.00","0.23","10","0.24","10","133.00",
="042885","建漢統一4B購01","0","0","0","--","--","--","--"," ","0.00","0.02","10","0.10","10","26.35",
="042887","玉晶光統一4B購01","0","0","0","--","--","--","--"," ","0.00","0.02","10","0.11","10","461.50",
="042888","玉晶光統一4C購02","0","0","0","--","--","--","--"," ","0.00","0.01","10","0.02","10","461.50",
="042889","世芯統一57購01","30,000","1","43,200","1.44","1.44","1.44","1.44","-","0.01","1.41","10","1.42","10","4,000.00",
="04288U","台光電中信51售03","0","0","0","--","--","--","--"," ","0.00","0.09","499","0.10","10","0.00",
="042891","日月光統一49購02","0","0","0","--","--","--","--"," ","0.00","--","0","0.01","230","147.50",
="042893","臻鼎統一49購01","0","0","0","--","--","--","--"," ","0.00","0.57","10","0.67","10","194.00",
="042895","十銓統一49購01","0","0","0","--","--","--","--"," ","0.00","--","0","0.01","800","74.00",
="042896","十銓統一4B購01","0","0","0","--","--","--","--"," ","0.00","--","0","--","0","74.00",
="042897","十銓統一4B購02","0","0","0","--","--","--","--"," ","0.00","--","0","--","0","74.00",
="042898","十銓統一4C購01","0","0","0","--","--","--","--"," ","0.00","0.01","10","0.02","10","74.00",
="042899","十銓統一4C購02","0","0","0","--","--","--","--"," ","0.00","0.01","10","0.02","10","74.00",
="04289U","T50正2凱基51售08","0","0","0","--","--","--","--"," ","0.00","0.64","10","0.65","10","0.00",
="042902","龍德船統一4B購01","22,000","3","4,080","0.19","0.19","0.18","0.18","-","0.03","0.08","30","0.18","20","146.00",
="04290U","元金2X凱基55售01","10,000","2","8,450","0.85","0.85","0.84","0.84","-","0.07","0.83","100","0.84","10","0.00",
="04291U","聯發科凱基51售12","24,000","1","22,320","0.93","0.93","0.93","0.93","X","0.00","0.95","10","0.96","10","0.00",
="04292U","中信金凱基55售01","2,000","2","2,780","1.39","1.39","1.39","1.39","X","0.00","1.43","10","1.44","10","0.00",
="04293U","臻鼎凱基51售02","0","0","0","--","--","--","--"," ","0.00","0.07","50","0.12","200","0.00",
="04294U","迅得凱基53售01","0","0","0","--","--","--","--"," ","0.00","0.42","100","0.43","30","0.00",
="04295U","富世達凱基51售03","0","0","0","--","--","--","--"," ","0.00","0.31","100","0.33","10","0.00",
="04296U","川湖永豐52售02","0","0","0","--","--","--","--"," ","0.00","0.42","499","0.43","10","0.00",
="04297U","台達電永豐52售01","150,000","1","28,500","0.19","0.19","0.19","0.19","+","0.01","0.19","10","0.20","10","0.00",
="04298U","矽統永豐53售01","0","0","0","--","--","--","--"," ","0.00","1.16","499","1.17","10","0.00",
="04299U","技嘉永豐52售03","0","0","0","--","--","--","--"," ","0.00","1.42","499","1.43","10","0.00",
="04300U","台光電永豐51售06","0","0","0","--","--","--","--"," ","0.00","0.63","499","0.65","10","0.00",
="04301U","亞光永豐52售04","0","0","0","--","--","--","--"," ","0.00","0.55","499","0.56","10","0.00",
="04302U","欣興永豐51售04","184,000","8","32,550","0.20","0.21","0.17","0.18","-","0.01","0.18","10","0.19","10","0.00",
="04303U","世芯永豐53售04","10,000","1","7,200","0.72","0.72","0.72","0.72","-","0.02","0.74","10","0.75","10","0.00",
="04304U","祥碩永豐52售01","20,000","3","37,650","1.88","1.89","1.88","1.89","+","0.03","1.88","10","1.89","10","0.00",
="04305U","南電永豐51售04","0","0","0","--","--","--","--"," ","0.00","0.11","499","0.24","10","0.00",
="04306U","勤誠永豐53售04","0","0","0","--","--","--","--"," ","0.00","0.75","499","0.76","10","0.00",
="04307U","聯發科富邦51售08","0","0","0","--","--","--","--"," ","0.00","0.65","30","0.66","10","0.00",
="043084","台積電凱基57購01","120,000","2","70,700","0.59","0.59","0.58","0.58","-","0.05","0.56","100","0.94","5","1,160.00",
="04308U","T50正2元富51售08","0","0","0","--","--","--","--"," ","0.00","0.35","25","0.36","25","0.00",
="04309U","鴻海元富51售04","200,000","1","60,000","0.30","0.30","0.30","0.30","X","0.00","0.28","25","0.29","25","0.00",
="04310U","智邦元富51售04","0","0","0","--","--","--","--"," ","0.00","0.49","25","0.50","25","0.00",
="04311U","世芯元富51售12","99,000","2","65,830","0.66","0.67","0.66","0.67"," ","0.00","0.69","25","0.70","25","0.00",
="04312U","南電元富51售01","575,000","41","121,970","0.28","0.28","0.17","0.17","-","0.14","0.17","50","0.23","1","0.00",
="04313U","臺股指元富51售17","0","0","0","--","--","--","--"," ","0.00","1.07","25","1.08","25","0.00",
="04314U","臺股指元富51售18","0","0","0","--","--","--","--"," ","0.00","1.45","25","1.46","25","0.00",
="04315U","川湖國票53售01","126,000","6","51,910","0.42","0.42","0.41","0.42","-","0.01","0.41","25","0.42","10","0.00",
="04316U","鴻海國票53售03","1,000","1","170","0.17","0.17","0.17","0.17","X","0.00","0.15","25","0.16","10","0.00",
="04317P","A50正2凱基4A售01","0","0","0","--","--","--","--"," ","0.00","0.01","100","0.11","10","0.00",
="04317U","智邦國票52售03","40,000","1","20,000","0.50","0.50","0.50","0.50","X","0.00","0.50","25","0.51","10","0.00",
="04318U","神基國票52售02","186,000","9","46,600","0.30","0.30","0.25","0.25","X","0.00","0.26","25","0.27","10","0.00",
="04319U","健鼎國票52售01","0","0","0","--","--","--","--"," ","0.00","0.45","25","0.46","10","0.00",
="04320U","世芯國票52售02","0","0","0","--","--","--","--"," ","0.00","1.48","25","1.49","10","0.00",
="04321U","上緯控國票51售02","16,000","3","10,130","0.63","0.64","0.63","0.64","-","0.03","0.65","25","0.66","10","0.00",
="04322U","勤誠國票52售04","25,000","3","30,350","1.20","1.23","1.20","1.23","+","0.08","1.17","25","1.18","10","0.00",
="04323U","滬深2X群益53售03","0","0","0","--","--","--","--"," ","0.00","--","0","--","0","0.00",
="043249","美債2X永豐4A購01","0","0","0","--","--","--","--"," ","0.00","--","0","0.03","10","7.03",
="04324U","群臺2X群益51售01","0","0","0","--","--","--","--"," ","0.00","1.49","25","1.50","10","0.00",
="04325U","技嘉群益51售04","0","0","0","--","--","--","--"," ","0.00","--","0","--","0","0.00",
="04326U","技嘉群益51售05","0","0","0","--","--","--","--"," ","0.00","0.12","9","--","0","0.00",
="04327U","聯發科群益51售11","0","0","0","--","--","--","--"," ","0.00","0.81","12","--","0","0.00",
="04328U","富世達群益51售03","40,000","3","12,900","0.34","0.34","0.31","0.31"," ","0.00","0.30","10","0.34","10","0.00",
="04329U","世紀鋼群益51售04","0","0","0","--","--","--","--"," ","0.00","1.18","10","1.28","10","0.00",
="04330U","世紀鋼群益54售04","0","0","0","--","--","--","--"," ","0.00","1.53","10","1.63","10","0.00",
="04331U","大立光元大51售12","0","0","0","--","--","--","--"," ","0.00","0.87","499","0.88","10","0.00",
="04332U","臺股指元大51售25","0","0","0","--","--","--","--"," ","0.00","0.40","499","0.41","10","0.00",
="04333U","臺股指元大53售07","0","0","0","--","--","--","--"," ","0.00","0.66","100","0.67","10","0.00",
="04334U","臺股指元大54售11","0","0","0","--","--","--","--"," ","0.00","1.00","100","1.01","10","0.00",
="04335U","台灣50第一57售01","15,000","1","10,050","0.67","0.67","0.67","0.67","+","0.02","0.66","10","0.67","10","0.00",
="04336U","川湖凱基51售04","1,346,000","7","377,880","0.28","0.29","0.28","0.28","-","0.03","0.28","100","0.29","40","0.00",
="04337U","矽統凱基51售03","0","0","0","--","--","--","--"," ","0.00","0.57","10","0.58","30","0.00",
="04338U","王品凱基51售02","0","0","0","--","--","--","--"," ","0.00","1.20","10","1.22","10","0.00",
="04339U","貿聯凱基51售08","0","0","0","--","--","--","--"," ","0.00","0.58","100","0.68","10","0.00",
="04340U","飛捷凱基51售03","0","0","0","--","--","--","--"," ","0.00","1.24","10","1.25","10","0.00",
="04341U","緯穎凱基51售11","0","0","0","--","--","--","--"," ","0.00","0.81","100","0.82","10","0.00",
="04342U","台灣50元富51售05","0","0","0","--","--","--","--"," ","0.00","0.40","25","0.41","25","0.00",
="04343U","台灣50元富51售06","499,000","1","399,200","0.80","0.80","0.80","0.80","+","0.01","0.85","25","0.86","25","0.00",
="04344U","台灣50元富51售07","4,000","2","4,260","1.05","1.08","1.05","1.08","X","0.00","1.09","25","1.10","25","0.00",
="04345U","FB越南元富51售04","40,000","2","13,200","0.33","0.33","0.33","0.33","-","0.01","0.33","25","0.34","25","0.00",
="04346U","聯發科元富51售13","157,000","3","132,700","0.84","0.85","0.84","0.84","+","0.02","0.28","35","--","0","0.00",
="043475","台積電凱基4A購05","0","0","0","--","--","--","--"," ","0.00","0.16","100","0.17","10","1,160.00",
="04347U","聯發科元富51售14","75,000","2","85,500","1.14","1.14","1.14","1.14","+","0.02","0.42","23","--","0","0.00",
="04348U","聯發科元富51售15","75,000","2","98,250","1.31","1.31","1.31","1.31","+","0.04","0.52","19","--","0","0.00",
="04349U","富世達元富51售02","0","0","0","--","--","--","--"," ","0.00","0.51","25","0.53","25","0.00",
="04350U","FB越南國票52售01","0","0","0","--","--","--","--"," ","0.00","0.21","25","0.22","10","0.00",
="04351U","愛普國票51售01","0","0","0","--","--","--","--"," ","0.00","2.52","25","2.53","10","0.00",
="043526","台達電統一49購04","0","0","0","--","--","--","--"," ","0.00","1.45","10","1.55","10","709.00",
="04352U","南電國票52售03","349,000","26","53,260","0.18","0.20","0.14","0.14","-","0.09","0.13","14","0.15","10","0.00",
="04353U","台積電國泰52售04","43,000","1","46,870","1.09","1.09","1.09","1.09","X","0.00","1.14","499","1.17","499","0.00",
="043541","全新統一4B購01","0","0","0","--","--","--","--"," ","0.00","0.03","10","0.05","10","153.50",
="043548","大立光統一49購01","0","0","0","--","--","--","--"," ","0.00","--","0","0.01","509","2,395.00",
="043549","大立光統一57購02","0","0","0","--","--","--","--"," ","0.00","0.14","10","0.23","10","2,395.00",
="04354U","金像電國泰52售03","5,000","1","950","0.19","0.19","0.19","0.19","-","0.01","0.18","509","0.19","100","0.00",
="043554","景碩統一51購01","0","0","0","--","--","--","--"," ","0.00","0.10","10","0.15","10","113.50",
="043556","京鼎統一49購01","0","0","0","--","--","--","--"," ","0.00","--","0","--","0","290.00",
="04355U","大立光國泰52售02","47,000","1","36,660","0.78","0.78","0.78","0.78","X","0.00","0.80","10","0.82","10","0.00",
="043562","貿聯統一4B購01","61,000","2","143,350","2.35","2.35","2.35","2.35","X","0.00","2.31","10","2.32","10","981.00",
="043569","瑞祺統一51購01","0","0","0","--","--","--","--"," ","0.00","0.03","10","0.10","10","87.50",
="04356U","亞光國泰52售01","29,000","7","14,540","0.52","0.52","0.48","0.51","-","0.03","0.54","499","0.55","100","0.00",
="043572","保瑞統一4B購01","0","0","0","--","--","--","--"," ","0.00","0.13","10","0.14","10","733.00",
="043574","龍德船統一51購01","242,000","6","96,440","0.38","0.42","0.38","0.39","-","0.02","0.39","10","0.40","10","146.00",
="043575","宏全統一49購01","0","0","0","--","--","--","--"," ","0.00","--","0","--","0","138.00",
="04357U","創意國泰52售04","41,000","1","36,900","0.90","0.90","0.90","0.90","-","0.02","0.92","10","0.93","10","0.00",
="04358U","貿聯國泰52售04","197,000","13","164,670","0.86","0.86","0.80","0.85","-","0.09","0.86","499","0.87","100","0.00",
="04359U","緯穎國泰53售01","60,000","1","54,600","0.91","0.91","0.91","0.91"," ","0.00","0.90","499","0.92","100","0.00",
="04360U","台灣50永豐52售05","0","0","0","--","--","--","--"," ","0.00","0.49","499","0.50","10","0.00",
="043615","元債2X國票4A購01","0","0","0","--","--","--","--"," ","0.00","0.01","25","0.02","10","7.05",
="04361U","大立光永豐51售04","0","0","0","--","--","--","--"," ","0.00","0.65","499","0.66","10","0.00",
="04362P","大立光統一49售04","0","0","0","--","--","--","--"," ","0.00","0.18","10","0.19","10","0.00",
="04362U","健策永豐51售01","7,000","1","2,170","0.31","0.31","0.31","0.31","+","0.02","0.30","10","0.35","10","0.00",
="04363U","世芯永豐53售05","11,000","2","11,680","1.04","1.08","1.04","1.08","+","0.03","1.09","10","1.10","10","0.00",
="04364U","臻鼎永豐51售01","0","0","0","--","--","--","--"," ","0.00","0.07","10","0.09","21","0.00",
="04365U","台灣50群益51售03","4,000","2","3,460","0.85","0.88","0.85","0.88","+","0.06","0.89","499","0.99","10","0.00",
="04366U","台灣50群益54售05","0","0","0","--","--","--","--"," ","0.00","1.02","100","1.03","100","0.00",
="04367U","台灣50群益54售06","109,000","5","179,920","1.65","1.69","1.65","1.68","+","0.09","1.70","100","1.71","100","0.00",
="04368U","迅得群益51售01","0","0","0","--","--","--","--"," ","0.00","0.34","100","0.35","10","0.00",
="04369U","富世達群益51售04","0","0","0","--","--","--","--"," ","0.00","--","0","--","0","0.00",
="04370U","臺股指群益51售06","0","0","0","--","--","--","--"," ","0.00","0.25","499","0.26","499","0.00",
="04371U","臺股指群益54售17","0","0","0","--","--","--","--"," ","0.00","0.62","499","0.63","499","0.00",
="04372U","美時元大51售03","0","0","0","--","--","--","--"," ","0.00","1.57","499","1.59","200","0.00",
="04373U","川湖元大51售06","3,000","1","1,650","0.55","0.55","0.55","0.55","-","0.02","0.53","499","0.54","200","0.00",
="04374U","台積電元大51售69","25,000","1","23,250","0.93","0.93","0.93","0.93","+","0.04","0.15","66","1.02","8","0.00",
="043750","國巨統一4B購01","0","0","0","--","--","--","--"," ","0.00","0.02","10","0.03","10","137.00",
="043751","台積電統一4C購04","0","0","0","--","--","--","--"," ","0.00","0.30","10","0.31","10","1,160.00",
="043753","海悅統一4B購01","0","0","0","--","--","--","--"," ","0.00","--","0","--","0","84.50",
="043754","致茂統一4B購01","10,000","1","7,700","0.77","0.77","0.77","0.77","X","0.00","0.81","10","0.91","10","556.00",
="04375U","台積電元大51售70","108,000","3","102,520","0.94","0.95","0.94","0.95","+","0.06","0.94","30","--","0","0.00",
="043760","瑞軒統一4B購01","0","0","0","--","--","--","--"," ","0.00","--","0","--","0","13.90",
="04376U","致茂元大51售02","200,000","1","118,000","0.59","0.59","0.59","0.59","-","0.01","0.57","25","0.58","10","0.00",
="043771","TPK統一4B購01","0","0","0","--","--","--","--"," ","0.00","0.03","10","0.10","10","41.20",
="043772","永崴控統一51購01","0","0","0","--","--","--","--"," ","0.00","0.03","10","0.10","10","36.60",
="043776","鈺邦統一49購01","0","0","0","--","--","--","--"," ","0.00","0.01","10","0.11","10","178.00",
="043777","保瑞統一51購01","15,000","1","2,700","0.18","0.18","0.18","0.18","X","0.00","0.18","10","0.19","10","733.00",
="04377U","金像電元大51售09","50,000","3","22,550","0.46","0.46","0.43","0.43","X","0.00","0.42","499","0.43","200","0.00",
="04378U","技嘉元大51售05","10,000","1","14,700","1.47","1.47","1.47","1.47","-","0.03","1.49","25","1.50","10","0.00",
="04379U","陽明元大51售05","5,000","1","10,850","2.17","2.17","2.17","2.17"," ","0.00","2.17","350","2.18","200","0.00",
="04380U","萬海元大51售09","0","0","0","--","--","--","--"," ","0.00","2.01","350","2.02","200","0.00",
="04381U","大立光元大51售13","0","0","0","--","--","--","--"," ","0.00","0.93","25","0.94","10","0.00",
="043828","台積電凱基4A購06","0","0","0","--","--","--","--"," ","0.00","0.11","100","0.12","10","1,160.00",
="04382U","亞光元大51售08","0","0","0","--","--","--","--"," ","0.00","0.59","25","0.60","10","0.00",
="04383U","欣興元大51售05","5,000","1","2,850","0.57","0.57","0.57","0.57","X","0.00","0.58","499","0.59","200","0.00",
="04384U","神達元大51售17","950,000","34","116,650","0.13","0.14","0.11","0.13","-","0.05","0.12","499","0.13","200","0.00",
="043857","台積電群益49購01","0","0","0","--","--","--","--"," ","0.00","--","0","--","0","1,160.00",
="04385U","南電元大51售06","130,000","6","44,900","0.41","0.41","0.28","0.28","-","0.18","0.28","63","0.31","10","0.00",
="04386U","中砂永豐51售03","0","0","0","--","--","--","--"," ","0.00","0.77","499","0.78","10","0.00",
="04387U","國巨永豐51售02","15,000","1","8,550","0.57","0.57","0.57","0.57","X","0.00","0.57","499","0.58","10","0.00",
="04388U","台積電永豐53售04","35,000","3","27,500","0.77","0.80","0.77","0.80","+","0.05","0.83","499","0.84","10","0.00",
="04389U","智邦永豐51售04","0","0","0","--","--","--","--"," ","0.00","0.32","10","0.33","10","0.00",
="04390U","智原永豐51售02","0","0","0","--","--","--","--"," ","0.00","1.54","499","1.58","10","0.00",
="04391U","A50正2元富51售01","15,000","6","14,510","1.03","1.03","0.93","0.93","+","0.13","1.02","25","1.03","25","0.00",
="04392U","上証2X國票52售03","0","0","0","--","--","--","--"," ","0.00","0.45","25","0.46","10","0.00",
="04393U","美費半國票51售01","3,000","1","4,170","1.39","1.39","1.39","1.39","+","0.03","1.38","25","1.39","10","0.00",
="04394U","台積電國票52售03","0","0","0","--","--","--","--"," ","0.00","0.71","25","0.75","10","0.00",
="04395U","聯發科國票51售03","0","0","0","--","--","--","--"," ","0.00","1.04","25","1.06","10","0.00",
="043966","元債2X永豐4A購02","0","0","0","--","--","--","--"," ","0.00","0.01","10","0.03","10","7.05",
="04396U","奇鋐國票52售04","131,000","3","57,640","0.44","0.44","0.44","0.44","+","0.05","0.42","25","0.43","10","0.00",
="04397U","上緯控國票53售01","152,000","6","160,740","1.07","1.07","1.01","1.06","-","0.03","1.07","25","1.08","10","0.00",
="043988","元債2X元富51購01","0","0","0","--","--","--","--"," ","0.00","0.07","25","0.10","10","7.05",
="04398U","穎崴國票52售03","0","0","0","--","--","--","--"," ","0.00","0.76","25","0.77","10","0.00",
="043993","鴻海元富51購01","0","0","0","--","--","--","--"," ","0.00","0.54","25","0.55","25","206.00",
="04399U","緯穎國票52售03","0","0","0","--","--","--","--"," ","0.00","0.42","25","0.43","10","0.00",
="04400U","滬深2X國泰52售05","0","0","0","--","--","--","--"," ","0.00","0.32","10","0.33","10","0.00",
="04401U","南電國泰53售01","51,000","2","13,740","0.27","0.27","0.24","0.24","-","0.08","0.19","599","0.32","1","0.00",
="04402U","貿聯群益57售01","3,000","1","6,360","2.12","2.12","2.12","2.12","X","0.00","1.52","2","--","0","0.00",
="04403U","緯穎群益55售01","2,000","1","860","0.43","0.43","0.43","0.43","-","0.02","0.43","260","0.53","10","0.00",
="04404U","臺股指群益59售07","47,000","3","36,650","0.77","0.78","0.77","0.78","+","0.02","0.78","499","0.79","499","0.00",
="04405U","滬深2X富邦53售02","0","0","0","--","--","--","--"," ","0.00","0.52","100","0.53","98","0.00",
="04406U","滬深2X元大57售02","88,000","13","66,310","0.77","0.77","0.72","0.77","+","0.12","0.77","238","0.78","100","0.00",
="04407U","金像電元大51售11","0","0","0","--","--","--","--"," ","0.00","0.07","499","0.08","200","0.00",
="04408U","雄獅元大51售01","0","0","0","--","--","--","--"," ","0.00","1.05","499","1.07","200","0.00",
="04409U","中信金元大51售01","2,000","2","3,680","1.84","1.84","1.84","1.84","X","0.00","1.88","25","1.89","10","0.00",
="04410U","晟銘電元大51售05","0","0","0","--","--","--","--"," ","0.00","1.03","499","1.04","200","0.00",
="044112","台積電群益49購02","0","0","0","--","--","--","--"," ","0.00","--","0","--","0","1,160.00",
="04411U","新日興元大51售07","89,000","14","62,510","0.84","0.84","0.66","0.68","-","0.22","0.68","3","--","0","0.00",
="04412U","台灣50凱基53售04","0","0","0","--","--","--","--"," ","0.00","0.90","100","0.91","50","0.00",
="04413U","台灣50凱基54售07","2,000","1","3,480","1.74","1.74","1.74","1.74","+","0.06","1.79","100","1.80","50","0.00",
="04414U","美時凱基51售02","0","0","0","--","--","--","--"," ","0.00","1.37","10","1.38","10","0.00",
="044153","台積電凱基4A購08","12,000","2","1,240","0.10","0.12","0.10","0.12"," ","0.00","0.05","100","0.10","10","1,160.00",
="04415U","世芯凱基51售17","100,000","2","32,280","0.32","0.33","0.32","0.33"," ","0.00","0.33","10","0.34","50","0.00",
="04416U","矽力凱基51售01","0","0","0","--","--","--","--"," ","0.00","1.87","10","1.97","10","0.00",
="04417U","愛普凱基51售06","0","0","0","--","--","--","--"," ","0.00","2.40","100","2.41","10","0.00",
="04418U","緯穎凱基51售13","0","0","0","--","--","--","--"," ","0.00","1.08","100","1.09","10","0.00",
="04419U","南電凱基51售05","299,000","4","49,810","0.19","0.19","0.15","0.15","-","0.02","0.14","100","0.15","40","0.00",
="04420U","台灣50元富51售10","93,000","17","172,640","1.81","1.90","1.81","1.90","+","0.14","1.90","23","1.91","25","0.00",
="04421U","滬深2X元富51售06","100,000","10","61,800","0.65","0.66","0.59","0.66","+","0.21","0.65","25","0.66","15","0.00",
="04422U","FB越南元富54售04","0","0","0","--","--","--","--"," ","0.00","0.34","25","0.35","25","0.00",
="04423U","台光電富邦51售03","0","0","0","--","--","--","--"," ","0.00","0.22","100","0.23","28","0.00",
="04424U","南電富邦51售02","30,000","2","7,000","0.25","0.25","0.20","0.20","X","0.00","0.05","25","0.19","10","0.00",
="04425U","英業達中信51售01","0","0","0","--","--","--","--"," ","0.00","0.73","10","0.74","10","0.00",
="044262","緯穎凱基4B購01","1,000","1","1,200","1.20","1.20","1.20","1.20","-","0.02","1.10","100","1.20","9","2,975.00",
="044269","美債2X元富4A購01","0","0","0","--","--","--","--"," ","0.00","--","0","0.10","25","7.03",
="04426U","技嘉永豐52售04","0","0","0","--","--","--","--"," ","0.00","1.06","499","1.07","10","0.00",
="04427U","萬海永豐51售03","0","0","0","--","--","--","--"," ","0.00","1.09","10","1.10","10","0.00",
="04428U","亞光永豐52售05","0","0","0","--","--","--","--"," ","0.00","0.30","499","0.31","10","0.00",
="04429U","飛捷永豐52售01","24,000","2","22,060","0.91","0.92","0.91","0.92","X","0.00","0.92","499","0.94","10","0.00",
="04430P","FBNQ2X群益49售01","0","0","0","--","--","--","--"," ","0.00","--","0","0.01","120","0.00",
="04430U","南電永豐53售02","0","0","0","--","--","--","--"," ","0.00","0.02","30","0.40","10","0.00",
="04431U","欣興國票52售05","7,000","3","5,120","0.74","0.74","0.72","0.74","+","0.05","0.70","25","0.71","10","0.00",
="04432U","神達國票51售02","100,000","1","30,000","0.30","0.30","0.30","0.30","-","0.11","0.27","25","0.28","10","0.00",
="04433U","上緯控國票57售01","0","0","0","--","--","--","--"," ","0.00","1.02","25","1.03","10","0.00",
="04434U","臺股指國票51售09","0","0","0","--","--","--","--"," ","0.00","1.65","499","1.66","499","0.00",
="04435U","臺股指國票53售01","0","0","0","--","--","--","--"," ","0.00","1.34","499","1.35","499","0.00",
="04436U","技嘉國泰52售01","0","0","0","--","--","--","--"," ","0.00","1.09","499","1.10","100","0.00",
="04437U","滬深2X凱基56售02","254,000","9","233,590","0.93","0.94","0.87","0.89","+","0.10","0.93","10","0.94","50","0.00",
="04438U","群臺2X凱基51售03","80,000","1","96,800","1.21","1.21","1.21","1.21","+","0.02","1.27","100","1.28","10","0.00",
="04439U","FB越南凱基53售02","0","0","0","--","--","--","--"," ","0.00","0.23","10","0.33","10","0.00",
="04440U","中砂凱基51售02","20,000","1","27,600","1.38","1.38","1.38","1.38","X","0.00","1.38","10","1.39","10","0.00",
="04441U","金像電凱基51售06","400,000","2","28,000","0.07","0.07","0.07","0.07","-","0.02","0.06","10","0.07","50","0.00",
="04442U","台光電凱基51售07","0","0","0","--","--","--","--"," ","0.00","0.50","100","0.51","10","0.00",
="04443U","臺股指凱基59售07","13,000","2","12,190","0.93","0.94","0.93","0.94","+","0.03","0.94","100","0.95","10","0.00",
="044448","鴻海元富4A購01","0","0","0","--","--","--","--"," ","0.00","0.02","25","0.04","100","206.00",
="04444U","世芯群益51售15","1,310,000","19","647,980","0.47","0.52","0.47","0.50"," ","0.00","0.51","10","0.61","10","0.00",
="044456","台積電元富4A購02","0","0","0","--","--","--","--"," ","0.00","0.36","25","0.46","10","1,160.00",
="044457","台積電元富51購02","30,000","3","23,700","0.80","0.80","0.78","0.78","X","0.00","0.73","25","0.83","10","1,160.00",
="04445U","矽力群益51售01","0","0","0","--","--","--","--"," ","0.00","1.59","100","1.60","100","0.00",
="044466","緯創元富51購01","4,000","1","2,880","0.72","0.72","0.72","0.72","-","0.04","0.74","25","0.77","25","115.00",
="04446U","穎崴群益51售03","0","0","0","--","--","--","--"," ","0.00","0.71","2","--","0","0.00",
="04447U","緯穎群益53售04","12,000","1","3,360","0.28","0.28","0.28","0.28","X","0.00","0.29","10","0.39","10","0.00",
="04448U","雷虎群益51售02","1,247,000","169","387,920","0.25","0.33","0.25","0.33","+","0.08","0.31","90","0.33","233","0.00",
="04449U","南電群益53售02","203,000","6","104,660","0.54","0.55","0.49","0.49","-","0.22","0.12","10","--","0","0.00",
="04450U","美費半元大53售02","36,000","5","39,130","1.08","1.09","1.08","1.09","+","0.04","1.07","100","1.08","50","0.00",
="04451U","國泰金富邦51售01","86,000","1","42,140","0.49","0.49","0.49","0.49"," ","0.00","0.50","30","0.51","10","0.00",
="044526","T50正2統一4C購01","0","0","0","--","--","--","--"," ","0.00","0.17","10","0.18","10","259.40",
="04452U","台灣50永豐51售06","0","0","0","--","--","--","--"," ","0.00","0.41","10","0.42","10","0.00",
="044531","鴻海統一57購02","0","0","0","--","--","--","--"," ","0.00","0.31","10","0.32","10","206.00",
="044536","台積電統一49購08","10,000","1","5,700","0.57","0.57","0.57","0.57","-","0.06","0.56","10","0.57","10","1,160.00",
="044537","台積電統一57購04","0","0","0","--","--","--","--"," ","0.00","0.59","10","0.60","10","1,160.00",
="04453U","美費半永豐51售01","0","0","0","--","--","--","--"," ","0.00","0.76","499","0.77","10","0.00",
="044543","盟立統一4A購01","0","0","0","--","--","--","--"," ","0.00","0.03","10","0.10","10","70.00",
="044544","鉅祥統一4A購01","0","0","0","--","--","--","--"," ","0.00","0.06","10","0.10","10","98.10",
="044547","昇貿統一51購01","2,980,000","143","3,419,840","1.11","1.26","1.07","1.25","+","0.23","1.12","20","1.25","35","129.00",
="04454U","金像電永豐52售05","0","0","0","--","--","--","--"," ","0.00","0.14","499","0.15","10","0.00",
="044552","佳必琪統一4A購01","0","0","0","--","--","--","--"," ","0.00","0.12","10","0.13","10","178.50",
="044553","佳必琪統一4C購01","159,000","4","30,200","0.19","0.19","0.18","0.18","X","0.00","0.17","10","0.18","10","178.50",
="044554","佳必琪統一51購01","0","0","0","--","--","--","--"," ","0.00","0.29","10","0.30","10","178.50",
="044555","佳必琪統一51購02","0","0","0","--","--","--","--"," ","0.00","0.23","10","0.24","10","178.50",
="04455U","台光電永豐51售09","0","0","0","--","--","--","--"," ","0.00","0.29","499","0.30","10","0.00",
="044560","龍德船統一4C購01","21,000","2","6,280","0.28","0.30","0.28","0.30","+","0.01","0.28","10","0.29","10","146.00",
="044563","昇陽半統一4B購01","86,000","1","27,520","0.32","0.32","0.32","0.32","-","0.02","0.32","10","0.33","10","152.50",
="044564","昇陽半統一4C購01","116,000","3","48,510","0.41","0.42","0.41","0.42","+","0.02","0.41","10","0.42","10","152.50",
="044565","昇陽半統一51購01","709,000","9","280,410","0.38","0.41","0.37","0.39"," ","0.00","0.39","10","0.40","10","152.50",
="044566","昇陽半統一51購02","430,000","9","107,700","0.25","0.26","0.25","0.25"," ","0.00","0.25","10","0.26","10","152.50",
="04456U","欣興永豐51售06","5,000","1","2,100","0.42","0.42","0.42","0.42","-","0.03","0.40","10","0.41","10","0.00",
="04457P","FBNQ2X凱基49售01","0","0","0","--","--","--","--"," ","0.00","--","0","0.10","10","0.00",
="04457U","聯鈞永豐52售01","118,000","2","144,280","1.22","1.26","1.22","1.26","+","0.09","1.26","499","1.27","10","0.00",
="04458U","亞翔永豐52售02","0","0","0","--","--","--","--"," ","0.00","0.84","499","0.85","10","0.00",
="04459U","聯茂永豐51售03","26,000","3","3,120","0.12","0.12","0.12","0.12","X","0.00","0.12","10","0.44","10","0.00",
="04460U","南電永豐51售07","0","0","0","--","--","--","--"," ","0.00","--","0","0.46","10","0.00",
="04461U","世紀鋼永豐52售07","0","0","0","--","--","--","--"," ","0.00","1.23","499","1.24","10","0.00",
="04462U","臺股指永豐55售01","1,000","1","1,050","1.05","1.05","1.05","1.05","X","0.00","1.05","499","1.06","10","0.00",
="04463U","楠梓電元富51售04","310,000","10","60,320","0.21","0.21","0.17","0.18","-","0.03","0.17","25","0.18","25","0.00",
="04464U","景碩元富51售05","82,000","1","79,540","0.97","0.97","0.97","0.97","X","0.00","0.96","25","0.97","25","0.00",
="04465U","南電元富51售04","126,000","8","70,020","0.60","0.60","0.46","0.46","-","0.26","0.38","449","0.46","25","0.00",
="04466U","穎崴國泰52售03","0","0","0","--","--","--","--"," ","0.00","0.07","142","--","0","0.00",
="04467U","台積電元大54售18","0","0","0","--","--","--","--"," ","0.00","5.30","2","--","0","0.00",
="04468U","晟銘電元大51售06","0","0","0","--","--","--","--"," ","0.00","0.67","499","0.68","200","0.00",
="04469U","台灣50群益51售04","130,000","14","181,990","1.38","1.44","1.38","1.44","+","0.08","1.45","100","1.46","100","0.00",
="04470U","中砂群益55售01","0","0","0","--","--","--","--"," ","0.00","1.57","10","1.67","10","0.00",
="04471U","金像電群益51售06","0","0","0","--","--","--","--"," ","0.00","0.13","100","0.14","100","0.00",
="04472U","欣興群益52售05","0","0","0","--","--","--","--"," ","0.00","0.87","100","0.88","100","0.00",
="04473U","景碩群益51售05","36,000","3","40,930","1.21","1.21","1.10","1.14","-","0.03","1.07","5","--","0","0.00",
="04474U","南電群益53售03","503,000","21","288,220","0.61","0.61","0.50","0.50","-","0.10","0.46","1","0.60","1","0.00",
="044752","川湖統一51購01","45,000","7","155,430","3.42","3.49","3.42","3.44","-","0.02","3.42","12","3.44","9","2,925.00",
="044756","台積電統一49購09","0","0","0","--","--","--","--"," ","0.00","0.35","10","0.36","10","1,160.00",
="044757","台積電統一49購10","17,000","1","10,370","0.61","0.61","0.61","0.61","-","0.03","0.60","10","0.61","10","1,160.00",
="044758","台積電統一4A購04","0","0","0","--","--","--","--"," ","0.00","0.21","10","0.22","10","1,160.00",
="044759","台積電統一57購05","0","0","0","--","--","--","--"," ","0.00","0.53","10","0.54","10","1,160.00",
="04475U","臺股指群益55售11","80,000","6","89,920","1.11","1.14","1.09","1.13","+","0.04","1.14","499","1.15","499","0.00",
="044760","台積電統一57購06","84,000","10","76,570","0.92","0.92","0.90","0.90","-","0.03","0.90","10","0.93","5","1,160.00",
="044762","聯發科統一57購02","0","0","0","--","--","--","--"," ","0.00","0.59","10","0.60","10","1,385.00",
="044764","盟立統一49購01","0","0","0","--","--","--","--"," ","0.00","--","0","--","0","70.00",
="044765","盟立統一4B購01","0","0","0","--","--","--","--"," ","0.00","0.04","10","0.10","10","70.00",
="04476U","美費半凱基53售01","10,000","1","11,100","1.11","1.11","1.11","1.11","X","0.00","1.10","10","1.11","50","0.00",
="044775","欣興統一57購01","2,237,000","58","195,280","0.10","0.10","0.08","0.09","-","0.01","0.08","772","0.09","450","150.00",
="044776","昇貿統一53購01","3,989,000","208","4,197,250","1.02","1.17","0.99","1.05","+","0.12","1.05","11","1.17","5","129.00",
="044778","群創統一57購01","341,000","4","85,600","0.25","0.26","0.25","0.26","+","0.05","0.25","10","0.26","10","14.15",
="04477U","台積電凱基55售02","0","0","0","--","--","--","--"," ","0.00","0.79","100","0.80","10","0.00",
="044781","TPK統一4B購02","23,000","3","2,760","0.12","0.12","0.12","0.12"," ","0.00","0.12","10","0.13","10","41.20",
="044782","臻鼎統一4B購01","1,390,000","25","969,960","0.69","0.72","0.68","0.70","+","0.01","0.70","10","0.71","20","194.00",
="044787","佳必琪統一49購01","0","0","0","--","--","--","--"," ","0.00","0.04","10","0.06","10","178.50",
="04478U","台光電凱基51售09","10,000","4","6,790","0.65","0.70","0.65","0.67"," ","0.00","0.67","100","0.69","10","0.00",
="044792","昇陽半統一49購01","61,000","2","24,620","0.42","0.42","0.40","0.40","+","0.03","0.40","10","0.41","200","152.50",
="044794","振樺電統一4A購01","150,000","17","91,350","0.58","0.63","0.58","0.58"," ","0.00","0.57","10","0.58","10","270.00",
="04479U","欣興凱基51售06","185,000","9","158,620","0.90","0.95","0.81","0.87","-","0.01","0.87","99","0.88","10","0.00",
="04480U","景碩凱基51售06","0","0","0","--","--","--","--"," ","0.00","0.39","100","0.40","10","0.00",
="04481U","聯鈞凱基51售03","0","0","0","--","--","--","--"," ","0.00","0.85","100","0.86","10","0.00",
="04482U","世芯凱基51售19","3,000","1","2,850","0.95","0.95","0.95","0.95","-","0.07","1.00","100","1.01","30","0.00",
="04483U","神達凱基51售09","0","0","0","--","--","--","--"," ","0.00","0.22","100","0.23","10","0.00",
="04484U","同欣電凱基51售02","127,000","2","66,040","0.52","0.52","0.52","0.52","+","0.01","0.51","100","0.52","10","0.00",
="04485U","連加凱基51售04","16,000","1","20,480","1.28","1.28","1.28","1.28","X","0.00","1.27","100","1.28","20","0.00",
="04486U","南電凱基51售07","10,000","3","8,650","0.85","0.88","0.85","0.88","X","0.00","0.04","199","0.76","50","0.00",
="04487U","台塑元富51售04","104,000","4","129,030","1.24","1.27","1.24","1.27","+","0.12","1.27","25","1.28","25","0.00",
="04488U","楠梓電元富51售05","177,000","6","54,310","0.33","0.33","0.27","0.29","-","0.06","0.28","25","0.29","25","0.00",
="044895","聯發科元富53購01","2,000","1","2,360","1.18","1.18","1.18","1.18","X","0.00","1.14","25","1.17","25","1,385.00",
="04489U","美律元富51售01","659,000","13","738,100","1.10","1.14","1.10","1.14","+","0.09","1.12","25","1.14","25","0.00",
="044901","生達統一4C購01","0","0","0","--","--","--","--"," ","0.00","0.14","10","0.15","10","56.60",
="044902","川湖統一49購03","0","0","0","--","--","--","--"," ","0.00","3.41","10","3.42","10","2,925.00",
="044905","鴻海統一57購03","20,000","2","8,300","0.42","0.42","0.41","0.41","-","0.03","0.42","10","0.43","10","206.00",
="044908","台積電統一57購07","28,000","4","15,050","0.55","0.55","0.53","0.53","-","0.03","0.53","50","0.56","1","1,160.00",
="04490U","京元電元富51售03","10,000","1","2,600","0.26","0.26","0.26","0.26","-","0.06","0.27","25","0.28","25","0.00",
="044912","毅嘉統一4B購01","10,000","2","8,230","0.82","0.85","0.82","0.85","+","0.01","0.83","10","0.84","10","60.80",
="044915","聯發科統一57購03","0","0","0","--","--","--","--"," ","0.00","0.58","10","0.59","10","1,385.00",
="044919","大立光統一51購02","1,000","1","200","0.20","0.20","0.20","0.20","X","0.00","0.11","10","0.20","10","2,395.00",
="04491U","欣興元富51售04","0","0","0","--","--","--","--"," ","0.00","0.84","25","0.85","25","0.00",
="044920","大立光統一57購03","10,000","1","1,700","0.17","0.17","0.17","0.17","-","0.01","0.16","10","0.17","10","2,395.00",
="044921","亞光統一57購01","194,000","24","190,530","0.99","1.01","0.98","0.98"," ","0.00","0.96","10","0.98","10","164.00",
="044923","欣興統一49購01","0","0","0","--","--","--","--"," ","0.00","0.01","10","0.03","35","150.00",
="044927","創意統一51購01","10,000","1","1,600","0.16","0.16","0.16","0.16"," ","0.00","0.16","10","0.17","10","1,350.00",
="044929","辛耘統一51購01","511,000","8","128,240","0.24","0.26","0.24","0.25","+","0.01","0.25","10","0.26","10","393.50",
="04492U","世芯元富51售15","0","0","0","--","--","--","--"," ","0.00","0.94","25","0.95","25","0.00",
="044930","辛耘統一57購01","13,000","4","4,330","0.33","0.35","0.33","0.35","+","0.01","0.34","10","0.35","10","393.50",
="044932","正文統一4C購01","0","0","0","--","--","--","--"," ","0.00","0.02","10","0.03","10","26.00",
="044933","崇越統一49購01","0","0","0","--","--","--","--"," ","0.00","0.23","10","0.24","10","294.50",
="04493U","臺股指元富51售19","0","0","0","--","--","--","--"," ","0.00","1.61","25","1.62","25","0.00",
="04494U","宏達電中信51售03","0","0","0","--","--","--","--"," ","0.00","0.22","100","0.33","11","0.00",
="04495U","中砂永豐53售03","0","0","0","--","--","--","--"," ","0.00","0.83","499","0.84","10","0.00",
="04496U","漢唐永豐53售03","0","0","0","--","--","--","--"," ","0.00","0.18","10","0.19","10","0.00",
="04497P","臺股指群益49售05","0","0","0","--","--","--","--"," ","0.00","--","0","--","0","0.00",
="04497U","景碩永豐51售03","0","0","0","--","--","--","--"," ","0.00","0.42","499","0.43","10","0.00",
="04498P","臺股指群益49售06","0","0","0","--","--","--","--"," ","0.00","--","0","0.98","5","0.00",
="04498U","T50正2富邦53售03","0","0","0","--","--","--","--"," ","0.00","0.69","100","0.70","98","0.00",
="04499P","臺股指群益49售07","0","0","0","--","--","--","--"," ","0.00","0.01","499","--","0","0.00",
="04499U","漢唐國票52售04","0","0","0","--","--","--","--"," ","0.00","0.11","25","0.12","10","0.00",
="04500U","景碩國票52售03","0","0","0","--","--","--","--"," ","0.00","0.61","25","0.62","10","0.00",
="04501U","電子類國票51售04","80,000","5","127,700","1.58","1.65","1.58","1.65","+","0.12","1.65","499","1.66","499","0.00",
="04502U","電子類國票51售05","0","0","0","--","--","--","--"," ","0.00","1.33","499","1.34","499","0.00",
="04503U","電子類國票51售06","78,000","3","112,370","1.44","1.49","1.44","1.49","+","0.10","1.51","499","1.52","499","0.00",
="04504U","金融類國票51售01","57,000","3","156,460","2.72","2.75","2.72","2.74"," ","0.00","2.82","499","2.83","499","0.00",
="04505U","台灣50凱基51售06","12,000","2","13,780","1.14","1.15","1.14","1.15","+","0.06","1.18","100","1.19","50","0.00",
="04506U","華城凱基51售09","1,000","1","440","0.44","0.44","0.44","0.44","X","0.00","0.47","10","0.48","30","0.00",
="04507U","台達電凱基51售07","10,000","1","2,700","0.27","0.27","0.27","0.27","X","0.00","0.25","10","0.35","10","0.00",
="04508P","臺股指凱基49售03","0","0","0","--","--","--","--"," ","0.00","--","0","0.01","331","0.00",
="04508U","台積電凱基53售20","27,000","1","25,110","0.93","0.93","0.93","0.93","+","0.06","0.97","100","0.98","10","0.00",
="04509U","聯發科凱基51售14","6,000","3","7,740","1.31","1.31","1.28","1.28","+","0.01","1.31","10","1.32","10","0.00",
="04510U","長榮凱基51售15","0","0","0","--","--","--","--"," ","0.00","0.99","10","1.00","10","0.00",
="04511U","世芯凱基53售05","0","0","0","--","--","--","--"," ","0.00","2.08","100","2.09","10","0.00",
="04512U","貿聯凱基51售09","0","0","0","--","--","--","--"," ","0.00","0.48","100","0.58","10","0.00",
="04513U","東哥凱基51售03","1,000","1","1,440","1.44","1.44","1.44","1.44","+","0.04","1.42","10","1.45","10","0.00",
="04514U","FB越南元大51售03","0","0","0","--","--","--","--"," ","0.00","0.22","100","0.23","50","0.00",
="04515U","台積電元大51售72","0","0","0","--","--","--","--"," ","0.00","--","0","--","0","0.00",
="04516U","台積電元大51售73","0","0","0","--","--","--","--"," ","0.00","0.12","83","--","0","0.00",
="04517U","台積電元大51售74","24,000","1","22,320","0.93","0.93","0.93","0.93","+","0.05","0.15","66","--","0","0.00",
="04518U","欣興元大51售12","0","0","0","--","--","--","--"," ","0.00","0.81","499","0.82","200","0.00",
="04519U","臺股指元大51售28","0","0","0","--","--","--","--"," ","0.00","0.55","499","0.56","10","0.00",
="04520U","臺股指元大51售29","0","0","0","--","--","--","--"," ","0.00","0.49","100","0.50","10","0.00",
="04521U","臺股指元大53售10","56,000","4","43,740","0.76","0.80","0.76","0.79","+","0.04","0.79","99","0.80","10","0.00",
="04522U","臺股指元大54售13","0","0","0","--","--","--","--"," ","0.00","0.91","100","0.92","10","0.00",
="04523U","台積電統一59售02","60,000","1","51,600","0.86","0.86","0.86","0.86","+","0.02","0.87","10","0.88","10","0.00",
="04524U","台光電永豐52售07","100,000","1","52,000","0.52","0.52","0.52","0.52","X","0.00","0.52","10","0.53","10","0.00",
="04525U","台光電永豐53售02","0","0","0","--","--","--","--"," ","0.00","0.31","499","0.32","10","0.00",
="04526U","奇鋐永豐53售02","107,000","6","89,910","0.76","0.87","0.76","0.84","+","0.11","0.81","10","0.83","10","0.00",
="045277","台達電統一49購05","0","0","0","--","--","--","--"," ","0.00","2.59","10","2.69","10","709.00",
="045279","鴻海統一4C購06","0","0","0","--","--","--","--"," ","0.00","0.43","10","0.44","10","206.00",
="04527U","健策永豐52售04","0","0","0","--","--","--","--"," ","0.00","0.28","10","0.33","10","0.00",
="045280","鴻海統一56購03","0","0","0","--","--","--","--"," ","0.00","0.39","10","0.40","10","206.00",
="045282","台積電統一49購11","0","0","0","--","--","--","--"," ","0.00","0.69","10","0.70","10","1,160.00",
="045283","台積電統一4C購05","0","0","0","--","--","--","--"," ","0.00","0.50","10","0.51","10","1,160.00",
="045284","台積電統一4C購06","0","0","0","--","--","--","--"," ","0.00","0.61","10","0.62","10","1,160.00",
="045285","台積電統一57購08","15,000","1","13,500","0.90","0.90","0.90","0.90","-","0.02","0.88","10","0.89","10","1,160.00",
="045289","聯發科統一49購04","0","0","0","--","--","--","--"," ","0.00","0.62","10","0.65","10","1,385.00",
="04528U","貿聯永豐53售01","0","0","0","--","--","--","--"," ","0.00","0.47","499","0.48","10","0.00",
="045290","聯發科統一49購05","0","0","0","--","--","--","--"," ","0.00","0.48","10","0.51","10","1,385.00",
="045291","聯發科統一4C購04","107,000","3","70,750","0.66","0.69","0.65","0.65","X","0.00","0.64","10","0.65","8","1,385.00",
="045292","聯發科統一57購04","63,000","3","32,060","0.50","0.51","0.50","0.50","X","0.00","0.49","20","0.50","10","1,385.00",
="04529U","精成科永豐51售04","0","0","0","--","--","--","--"," ","0.00","0.10","19","0.25","10","0.00",
="045303","辛耘統一4C購01","0","0","0","--","--","--","--"," ","0.00","0.09","10","0.11","20","393.50",
="04530U","元日2X凱基57售03","0","0","0","--","--","--","--"," ","0.00","0.44","100","0.45","50","0.00",
="045310","亞翔統一56購01","105,000","8","89,000","0.86","0.86","0.83","0.84","-","0.06","0.83","10","0.84","10","349.50",
="045311","亞翔統一57購01","110,000","3","111,200","1.01","1.02","1.01","1.01","-","0.06","1.01","10","1.02","10","349.50",
="04531U","致茂凱基51售02","0","0","0","--","--","--","--"," ","0.00","0.54","100","0.55","30","0.00",
="04532U","台光電凱基51售10","0","0","0","--","--","--","--"," ","0.00","0.23","100","0.24","30","0.00",
="04533U","漢唐凱基51售06","22,000","2","1,880","0.09","0.09","0.08","0.08","+","0.02","0.07","100","0.08","50","0.00",
="04534U","全新凱基51售02","32,000","1","11,520","0.36","0.36","0.36","0.36","+","0.03","0.36","100","0.37","30","0.00",
="04535U","嘉澤凱基51售05","165,000","2","151,500","0.94","0.94","0.91","0.91","X","0.00","0.90","10","0.91","10","0.00",
="04536U","世芯凱基51售21","12,000","1","10,560","0.88","0.88","0.88","0.88","-","0.01","0.93","10","0.94","30","0.00",
="04537U","富世達凱基51售05","104,000","3","30,120","0.30","0.30","0.28","0.28"," ","0.00","0.28","6","0.29","10","0.00",
="04538U","臺股指凱基51售22","0","0","0","--","--","--","--"," ","0.00","0.69","100","0.70","10","0.00",
="04539U","臺股指凱基51售23","341,000","5","434,780","1.19","1.29","1.18","1.29","+","0.11","1.25","100","1.26","10","0.00",
="04540U","台積電富邦53售04","41,000","1","27,470","0.67","0.67","0.67","0.67","+","0.01","0.69","30","0.70","10","0.00",
="045416","台積電凱基56購07","0","0","0","--","--","--","--"," ","0.00","2.40","100","2.41","10","1,160.00",
="04541U","T50正2國票51售03","90,000","7","202,190","2.21","2.32","2.21","2.32","+","0.13","2.32","25","2.33","10","0.00",
="04542U","T50正2國票52售02","0","0","0","--","--","--","--"," ","0.00","2.08","25","2.09","10","0.00",
="04543U","台積電國泰52售05","20,000","1","21,200","1.06","1.06","1.06","1.06","+","0.04","1.12","499","1.15","499","0.00",
="04544U","貿聯國泰52售05","0","0","0","--","--","--","--"," ","0.00","0.76","499","0.77","100","0.00",
="04545U","精成科國泰52售03","10,000","1","3,800","0.38","0.38","0.38","0.38","X","0.00","0.30","469","0.38","10","0.00",
="04546U","川湖元大51售08","0","0","0","--","--","--","--"," ","0.00","1.08","499","1.09","200","0.00",
="04547U","台積電元大51售75","0","0","0","--","--","--","--"," ","0.00","0.16","62","--","0","0.00",
="04548U","漢唐元大51售08","1,260,000","5","326,900","0.24","0.26","0.24","0.26","+","0.04","0.22","41","0.23","10","0.00",
="04549U","南亞科元大51售16","0","0","0","--","--","--","--"," ","0.00","0.88","499","0.89","200","0.00",
="04550U","全新元大51售02","0","0","0","--","--","--","--"," ","0.00","0.69","499","0.70","200","0.00",
="04551U","貿聯元大51售12","0","0","0","--","--","--","--"," ","0.00","1.76","400","1.77","200","0.00",
="04552U","台泥群益51售01","0","0","0","--","--","--","--"," ","0.00","1.20","100","1.21","100","0.00",
="04553U","川湖群益52售02","0","0","0","--","--","--","--"," ","0.00","1.16","100","1.19","100","0.00",
="04554U","台積電群益51售20","10,000","1","11,600","1.16","1.16","1.16","1.16","+","0.05","0.42","23","1.23","10","0.00",
="04555U","台積電群益51售21","420,000","5","489,200","1.15","1.17","1.15","1.17","+","0.03","1.15","5","--","0","0.00",
="04556U","矽統群益51售01","0","0","0","--","--","--","--"," ","0.00","0.86","10","0.96","10","0.00",
="04557U","台光電群益51售15","0","0","0","--","--","--","--"," ","0.00","0.45","22","--","0","0.00",
="045586","台積電統一52購01","5,000","1","3,450","0.69","0.69","0.69","0.69","-","0.03","0.67","10","0.68","10","1,160.00",
="045587","台積電統一57購09","5,000","2","35,000","7.00","7.00","7.00","7.00","-","0.15","6.80","10","6.85","10","1,160.00",
="04558U","正崴群益51售02","0","0","0","--","--","--","--"," ","0.00","--","0","3.37","10","0.00",
="045591","矽統統一49購02","0","0","0","--","--","--","--"," ","0.00","--","0","--","0","55.10",
="045592","矽統統一52購01","20,000","1","3,000","0.15","0.15","0.15","0.15"," ","0.00","0.15","10","0.16","10","55.10",
="045593","矽統統一52購02","0","0","0","--","--","--","--"," ","0.00","0.09","10","0.10","20","55.10",
="045595","聯發科統一53購02","0","0","0","--","--","--","--"," ","0.00","0.61","10","0.63","10","1,385.00",
="04559U","正崴群益54售02","16,000","3","34,620","2.18","2.18","2.13","2.13","-","0.03","2.15","10","2.25","10","0.00",
="045604","世芯統一49購01","0","0","0","--","--","--","--"," ","0.00","1.47","10","1.51","10","4,000.00",
="045605","世芯統一4C購01","10,000","1","13,800","1.38","1.38","1.38","1.38","+","0.05","1.29","10","1.30","10","4,000.00",
="045606","正文統一4C購02","0","0","0","--","--","--","--"," ","0.00","0.02","10","0.03","10","26.00",
="045609","亞翔統一4A購01","0","0","0","--","--","--","--"," ","0.00","0.60","10","0.61","10","349.50",
="04560U","新日興群益53售03","0","0","0","--","--","--","--"," ","0.00","--","0","--","0","0.00",
="045610","亞翔統一4C購01","41,000","5","28,340","0.71","0.71","0.67","0.67","-","0.05","0.65","10","0.66","10","349.50",
="045611","亞翔統一4C購02","0","0","0","--","--","--","--"," ","0.00","0.83","10","0.84","10","349.50",
="045612","亞翔統一57購02","3,000","1","2,790","0.93","0.93","0.93","0.93","X","0.00","0.88","10","0.89","10","349.50",
="045617","昇陽半統一4C購02","640,000","3","184,000","0.30","0.30","0.28","0.28"," ","0.00","0.28","10","0.29","10","152.50",
="04561U","健策群益51售02","0","0","0","--","--","--","--"," ","0.00","0.35","10","0.43","20","0.00",
="04562U","聯茂群益51售02","0","0","0","--","--","--","--"," ","0.00","0.06","30","--","0","0.00",
="04563U","臺股指群益51售15","0","0","0","--","--","--","--"," ","0.00","0.30","499","0.40","10","0.00",
="04564U","臺股指群益51售16","0","0","0","--","--","--","--"," ","0.00","0.40","499","0.41","499","0.00",
="045658","元債2X元富58購01","0","0","0","--","--","--","--"," ","0.00","0.25","25","0.26","25","7.05",
="04565U","臺股指群益51售17","0","0","0","--","--","--","--"," ","0.00","0.50","499","0.51","499","0.00",
="04566U","臺股指群益51售18","1,657,000","16","910,530","0.53","0.57","0.53","0.57","+","0.05","0.56","499","0.57","499","0.00",
="04567U","臺股指群益51售19","0","0","0","--","--","--","--"," ","0.00","0.53","499","0.54","499","0.00",
="04568U","臺股指群益51售20","0","0","0","--","--","--","--"," ","0.00","0.92","499","0.93","499","0.00",
="04569U","臺股指群益51售21","9,000","4","5,460","0.59","0.62","0.59","0.62","+","0.03","0.61","499","0.62","499","0.00",
="045701","T50正2統一52購01","0","0","0","--","--","--","--"," ","0.00","0.41","2","0.47","16","259.40",
="045702","和大統一4C購01","165,000","10","44,700","0.23","0.40","0.23","0.40","+","0.16","0.34","25","--","0","72.90",
="045703","中砂統一4A購02","145,000","3","39,550","0.27","0.29","0.27","0.29","+","0.04","0.28","10","0.29","10","347.00",
="045707","金寶統一4C購01","0","0","0","--","--","--","--"," ","0.00","0.07","50","0.10","10","19.05",
="045708","台積電統一52購02","0","0","0","--","--","--","--"," ","0.00","0.70","10","0.71","10","1,160.00",
="04570U","世芯富邦54售06","120,000","9","67,500","0.55","0.57","0.55","0.57"," ","0.00","0.56","10","0.57","10","0.00",
="045715","矽統統一52購03","151,000","6","27,780","0.19","0.20","0.18","0.18","-","0.02","0.19","10","0.20","10","55.10",
="045716","矽統統一58購01","15,000","2","3,450","0.23","0.23","0.23","0.23"," ","0.00","0.23","10","0.24","20","55.10",
="04571U","台積電中信53售04","212,000","4","129,340","0.61","0.63","0.61","0.63","+","0.03","0.63","99","0.65","100","0.00",
="045723","威盛統一52購01","0","0","0","--","--","--","--"," ","0.00","0.02","10","0.09","48","62.00",
="045726","瑞軒統一4C購01","0","0","0","--","--","--","--"," ","0.00","0.02","10","0.10","10","13.90",
="045728","潤泰全統一4C購01","0","0","0","--","--","--","--"," ","0.00","0.02","10","0.10","10","53.60",
="045729","建漢統一52購01","5,000","2","1,120","0.23","0.23","0.22","0.22","X","0.00","0.21","14","0.22","10","26.35",
="04572U","台積電中信54售05","73,000","2","37,230","0.51","0.51","0.51","0.51"," ","0.00","0.53","499","0.55","100","0.00",
="045732","創意統一52購01","250,000","4","99,420","0.38","0.40","0.38","0.40","+","0.01","0.39","10","0.40","10","1,350.00",
="045736","達麗統一52購01","0","0","0","--","--","--","--"," ","0.00","0.08","10","0.10","10","42.20",
="045737","達麗統一52購02","0","0","0","--","--","--","--"," ","0.00","0.07","10","0.10","10","42.20",
="04573U","世芯中信51售05","0","0","0","--","--","--","--"," ","0.00","0.59","30","0.60","30","0.00",
="04574U","臺股指中信53售13","1,000","1","390","0.39","0.39","0.39","0.39","X","0.00","0.39","500","0.40","100","0.00",
="04575U","臺股指中信54售05","96,000","14","98,680","1.02","1.06","1.02","1.05","+","0.04","1.05","499","1.06","100","0.00",
="04576U","台灣50永豐53售06","0","0","0","--","--","--","--"," ","0.00","0.49","499","0.50","10","0.00",
="045776","台積電凱基58購01","1,000","1","2,410","2.41","2.41","2.41","2.41","-","0.13","2.31","44","2.41","9","1,160.00",
="045777","台積電凱基58購02","247,000","9","488,080","2.00","2.00","1.97","1.97","-","0.08","1.91","100","1.92","10","1,160.00",
="045778","台積電凱基58購03","2,000","2","3,260","1.64","1.64","1.62","1.62","X","0.00","1.56","100","1.57","10","1,160.00",
="045779","台積電凱基58購04","68,000","2","94,340","1.43","1.43","1.38","1.38","-","0.07","1.33","100","1.34","10","1,160.00",
="04577U","台積電永豐51售11","53,000","3","56,900","1.06","1.08","1.06","1.08","+","0.04","1.13","499","1.14","10","0.00",
="04578U","健鼎永豐51售01","0","0","0","--","--","--","--"," ","0.00","0.43","499","0.44","10","0.00",
="04579U","台灣50元富51售11","15,000","3","33,930","2.25","2.29","2.25","2.28","+","0.09","2.37","25","2.38","25","0.00",
="04580U","大立光元富51售02","0","0","0","--","--","--","--"," ","0.00","0.68","5","--","0","0.00",
="04581U","世芯國泰53售03","0","0","0","--","--","--","--"," ","0.00","0.98","499","0.99","100","0.00",
="04582P","台積電統一4C售10","3,000","2","280","0.09","0.10","0.09","0.10","X","0.00","0.09","10","0.11","205","0.00",
="04582U","世芯國泰53售04","0","0","0","--","--","--","--"," ","0.00","0.92","499","0.94","100","0.00",
="04583U","台達電國票51售03","16,000","4","6,520","0.39","0.41","0.39","0.41","+","0.05","0.38","25","0.40","10","0.00",
="04584U","台達電國票52售01","5,000","1","1,450","0.29","0.29","0.29","0.29","+","0.03","0.27","25","0.28","10","0.00",
="04585U","世芯國票51售06","58,000","4","108,540","1.78","1.88","1.78","1.88","+","0.03","1.90","25","1.91","10","0.00",
="04586U","世芯國票53售02","0","0","0","--","--","--","--"," ","0.00","1.80","25","1.81","10","0.00",
="04587U","和椿國票52售03","0","0","0","--","--","--","--"," ","0.00","1.02","25","1.04","10","0.00",
="045882","台積電永豐4A購01","0","0","0","--","--","--","--"," ","0.00","0.29","499","0.39","10","1,160.00",
="045883","台積電永豐4A購02","0","0","0","--","--","--","--"," ","0.00","1.33","499","1.43","10","1,160.00",
="04588U","臺股指國票52售05","18,000","5","39,480","2.11","2.21","2.11","2.18","+","0.07","2.18","499","2.19","499","0.00",
="045895","元債2X元富58購02","470,000","1","108,100","0.23","0.23","0.23","0.23"," ","0.00","0.23","25","0.24","25","7.05",
="04589U","FBNQ2X凱基51售02","0","0","0","--","--","--","--"," ","0.00","1.05","10","1.06","50","0.00",
="04590U","川湖凱基51售09","18,000","4","17,240","0.98","0.98","0.93","0.94","-","0.12","0.97","100","0.98","10","0.00",
="04591U","台積電凱基53售24","0","0","0","--","--","--","--"," ","0.00","0.57","100","0.58","10","0.00",
="04592U","京元電凱基51售03","0","0","0","--","--","--","--"," ","0.00","0.21","100","0.47","5","0.00",
="04593U","國泰金凱基51售01","0","0","0","--","--","--","--"," ","0.00","1.18","100","1.19","10","0.00",
="04594U","奇鋐凱基51售11","50,000","1","34,500","0.69","0.69","0.69","0.69","X","0.00","0.67","100","0.77","10","0.00",
="04595U","健策凱基51售04","0","0","0","--","--","--","--"," ","0.00","0.26","100","--","0","0.00",
="045963","台達電統一52購01","0","0","0","--","--","--","--"," ","0.00","1.46","10","1.55","10","709.00",
="045966","矽統統一58購02","0","0","0","--","--","--","--"," ","0.00","0.18","10","0.19","10","55.10",
="045968","盟立統一52購01","313,000","5","62,800","0.22","0.22","0.20","0.20"," ","0.00","0.19","10","0.20","10","70.00",
="04596U","精成科凱基51售08","0","0","0","--","--","--","--"," ","0.00","0.10","100","0.33","50","0.00",
="045970","京城統一49購01","0","0","0","--","--","--","--"," ","0.00","--","0","0.01","115","42.00",
="045978","景碩統一49購01","0","0","0","--","--","--","--"," ","0.00","0.04","10","0.05","10","113.50",
="045979","景碩統一4C購01","215,000","5","66,080","0.30","0.33","0.30","0.33","+","0.01","0.30","110","0.31","10","113.50",
="04597U","羅昇凱基51售01","2,000","1","1,420","0.71","0.71","0.71","0.71","-","0.03","0.73","10","0.74","10","0.00",
="045986","達麗統一58購01","0","0","0","--","--","--","--"," ","0.00","0.18","10","0.19","10","42.20",
="045989","矽力統一4A購01","0","0","0","--","--","--","--"," ","0.00","--","0","0.01","10","317.00",
="04598U","臺股指凱基51售25","108,000","9","149,600","1.36","1.41","1.35","1.41","+","0.09","1.42","100","1.43","10","0.00",
="045992","緯穎統一52購01","25,000","3","22,350","0.89","0.90","0.89","0.89","-","0.01","0.88","15","0.89","10","2,975.00",
="04599U","台灣50元大51售14","0","0","0","--","--","--","--"," ","0.00","0.58","100","0.59","10","0.00",
="04600U","台灣50元大53售04","0","0","0","--","--","--","--"," ","0.00","0.84","499","0.85","10","0.00",
="04601U","上銀元大51售05","0","0","0","--","--","--","--"," ","0.00","1.67","450","1.68","200","0.00",
="04602U","台積電元大51售76","0","0","0","--","--","--","--"," ","0.00","--","0","--","0","0.00",
="04603U","台積電元大51售77","23,000","1","24,380","1.06","1.06","1.06","1.06","+","0.04","0.17","117","--","0","0.00",
="04604P","欣巴巴群益49售01","4,000","2","6,340","1.57","1.60","1.57","1.60","-","0.01","1.59","10","1.69","10","0.00",
="04604U","世芯元大51售47","228,000","11","289,860","1.25","1.28","1.25","1.27","+","0.02","1.29","499","1.30","50","0.00",
="04605U","致茂群益52售04","0","0","0","--","--","--","--"," ","0.00","0.24","10","--","0","0.00",
="04606U","台光電群益54售04","0","0","0","--","--","--","--"," ","0.00","0.16","30","--","0","0.00",
="04607U","漢唐群益52售03","0","0","0","--","--","--","--"," ","0.00","0.04","30","0.18","30","0.00",
="046081","元債2X群益49購01","0","0","0","--","--","--","--"," ","0.00","--","0","--","0","7.05",
="04608U","聯鈞群益51售03","0","0","0","--","--","--","--"," ","0.00","--","0","--","0","0.00",
="04609U","嘉澤群益51售01","0","0","0","--","--","--","--"," ","0.00","0.99","100","1.04","100","0.00",
="04610U","世芯群益53售02","0","0","0","--","--","--","--"," ","0.00","1.28","10","1.38","10","0.00",
="04611U","富世達群益51售06","0","0","0","--","--","--","--"," ","0.00","0.10","7","--","0","0.00",
="04612U","台達電富邦51售04","0","0","0","--","--","--","--"," ","0.00","0.24","30","0.25","10","0.00",
="04613U","台達電富邦53售02","0","0","0","--","--","--","--"," ","0.00","0.29","30","0.30","10","0.00",
="046146","中華統一4C購01","0","0","0","--","--","--","--"," ","0.00","0.02","10","0.10","10","58.50",
="046147","光寶科統一52購01","740,000","7","264,030","0.36","0.36","0.35","0.36"," ","0.00","0.35","10","0.36","8","130.00",
="04614U","臺股指富邦51售14","230,000","3","186,640","0.81","0.85","0.81","0.85","+","0.06","0.84","499","0.85","100","0.00",
="046154","海悅統一4C購01","0","0","0","--","--","--","--"," ","0.00","--","0","--","0","84.50",
="046155","海悅統一52購01","0","0","0","--","--","--","--"," ","0.00","--","0","--","0","84.50",
="046158","技嘉統一52購01","0","0","0","--","--","--","--"," ","0.00","0.32","10","0.37","10","281.00",
="04615U","臺股指富邦51售15","2,000","2","1,860","0.92","0.94","0.92","0.94","X","0.00","0.94","499","0.95","100","0.00",
="046163","奇鋐統一49購02","0","0","0","--","--","--","--"," ","0.00","1.36","10","1.37","10","1,015.00",
="046165","零壹統一4C購01","567,000","9","181,660","0.32","0.33","0.31","0.31","+","0.01","0.31","10","0.32","10","126.50",
="046166","德律統一53購01","37,000","2","29,030","0.79","0.79","0.78","0.78","-","0.02","0.77","10","0.78","10","206.00",
="046169","世芯統一58購01","42,000","4","72,260","1.72","1.73","1.72","1.73","+","0.01","1.70","10","1.71","10","4,000.00",
="04616U","國企2X元富51售01","0","0","0","--","--","--","--"," ","0.00","1.33","25","1.34","25","0.00",
="046170","貿聯統一4C購01","115,000","9","338,720","2.90","3.14","2.90","3.01","+","0.10","3.00","10","3.02","10","981.00",
="046171","日月光統一49購03","0","0","0","--","--","--","--"," ","0.00","0.02","10","0.03","10","147.50",
="046173","精銳統一52購01","2,000","1","3,940","1.97","1.97","1.97","1.97","+","0.05","1.95","10","1.99","10","776.00",
="046177","達麗統一4C購01","0","0","0","--","--","--","--"," ","0.00","0.02","10","0.03","10","42.20",
="046179","瑞祺統一52購01","0","0","0","--","--","--","--"," ","0.00","0.06","10","0.10","10","87.50",
="04617U","中502X元富51售01","0","0","0","--","--","--","--"," ","0.00","1.20","25","1.21","25","0.00",
="046180","鼎基統一4C購01","0","0","0","--","--","--","--"," ","0.00","0.05","10","--","0","111.50",
="04618U","世芯元富51售16","0","0","0","--","--","--","--"," ","0.00","0.86","25","0.87","25","0.00",
="04619U","神達元富51售06","10,000","1","3,100","0.31","0.31","0.31","0.31","X","0.00","0.28","25","0.29","25","0.00",
="04620U","和椿元富51售04","110,000","5","82,530","0.78","0.78","0.72","0.72","-","0.07","0.49","106","1.04","9","0.00",
="04621U","緯穎元富51售10","0","0","0","--","--","--","--"," ","0.00","0.62","25","0.63","25","0.00",
="04622U","全新國票51售02","25,000","2","23,400","0.96","0.96","0.93","0.93","+","0.06","0.95","25","0.96","10","0.00",
="04623U","全新國票52售01","0","0","0","--","--","--","--"," ","0.00","0.91","25","0.92","10","0.00",
="04624U","全新國票53售01","0","0","0","--","--","--","--"," ","0.00","0.68","25","0.69","10","0.00",
="04625U","神達國票52售02","83,000","3","57,090","0.73","0.73","0.68","0.73","-","0.25","0.72","25","0.73","10","0.00",
="04626U","精成科國票52售02","104,000","12","79,420","0.76","0.80","0.76","0.76","-","0.22","0.75","3","0.76","10","0.00",
="04627U","矽統國泰52售02","1,000","1","1,130","1.13","1.13","1.13","1.13","+","0.02","1.11","499","1.12","100","0.00",
="04628U","台積電凱基53售26","40,000","3","30,200","0.74","0.77","0.74","0.77","+","0.04","0.81","100","0.82","10","0.00",
="04629U","矽統凱基51售05","0","0","0","--","--","--","--"," ","0.00","1.47","10","1.48","10","0.00",
="04630U","台光電凱基54售05","147,000","4","117,140","0.82","0.82","0.79","0.80","-","0.01","0.80","100","0.81","10","0.00",
="04631U","健鼎凱基51售04","0","0","0","--","--","--","--"," ","0.00","0.71","10","0.72","30","0.00",
="04632U","緯創凱基51售03","33,000","2","37,320","1.14","1.14","1.11","1.11","-","0.04","1.11","105","1.13","10","0.00",
="04633U","世芯凱基51售22","3,000","3","4,790","1.58","1.61","1.58","1.60","-","0.02","1.62","100","1.63","10","0.00",
="04634U","神達凱基51售11","153,000","4","77,020","0.50","0.52","0.50","0.51","X","0.00","0.49","100","0.50","10","0.00",
="04635U","台灣50群益51售05","0","0","0","--","--","--","--"," ","0.00","0.68","100","0.70","100","0.00",
="04636U","台灣50群益51售06","3,000","2","3,480","1.14","1.17","1.14","1.17","+","0.04","1.22","100","1.23","100","0.00",
="04637U","T50正2群益51售06","703,000","6","808,390","1.14","1.16","1.13","1.13","+","0.06","1.13","25","1.14","10","0.00",
="046383","元債2X永豐4B購01","0","0","0","--","--","--","--"," ","0.00","0.09","499","0.10","10","7.05",
="04638U","大立光群益53售02","0","0","0","--","--","--","--"," ","0.00","0.46","2","--","0","0.00",
="04639P","台積電統一49售14","0","0","0","--","--","--","--"," ","0.00","0.04","10","0.05","10","0.00",
="04639U","世芯群益53售03","5,000","2","7,100","1.42","1.42","1.42","1.42","X","0.00","1.46","10","1.56","10","0.00",
="04640P","台積電統一4C售11","0","0","0","--","--","--","--"," ","0.00","0.15","10","0.16","10","0.00",
="04640U","和椿群益51售02","0","0","0","--","--","--","--"," ","0.00","0.63","100","0.65","100","0.00",
="04641P","聯發科統一4C售06","20,000","2","3,200","0.16","0.16","0.16","0.16","X","0.00","0.15","10","0.16","10","0.00",
="04641U","川湖永豐51售03","0","0","0","--","--","--","--"," ","0.00","0.51","499","0.52","10","0.00",
="046425","亞力統一4A購01","0","0","0","--","--","--","--"," ","0.00","0.03","10","0.04","10","110.50",
="046427","川湖統一4A購01","3,000","2","9,950","3.32","3.32","3.31","3.31","-","0.02","3.29","10","3.30","10","2,925.00",
="046429","鴻海統一58購01","0","0","0","--","--","--","--"," ","0.00","0.35","10","0.36","10","206.00",
="04642U","迅得永豐51售02","0","0","0","--","--","--","--"," ","0.00","0.50","499","0.51","10","0.00",
="046431","台積電統一4A購05","0","0","0","--","--","--","--"," ","0.00","0.55","10","0.60","10","1,160.00",
="046432","台積電統一52購03","1,000","1","860","0.86","0.86","0.86","0.86","-","0.04","0.82","10","0.83","10","1,160.00",
="046433","台積電統一52購04","1,000","1","1,430","1.43","1.43","1.43","1.43","-","0.01","1.40","10","1.42","10","1,160.00",
="046437","海悅統一58購01","0","0","0","--","--","--","--"," ","0.00","0.06","10","0.07","10","84.50",
="046439","英業達統一4C購01","0","0","0","--","--","--","--"," ","0.00","0.09","150","0.17","10","41.35",
="04643U","滬深2X元大51售06","76,000","7","50,320","0.70","0.70","0.62","0.66","X","0.00","0.69","250","0.70","100","0.00",
="046440","金像電統一4A購01","0","0","0","--","--","--","--"," ","0.00","2.94","10","2.99","10","486.00",
="046444","威盛統一58購01","0","0","0","--","--","--","--"," ","0.00","0.10","10","0.11","10","62.00",
="046445","建準統一52購01","122,000","4","110,600","0.90","0.92","0.90","0.91","+","0.01","0.90","10","0.91","10","137.00",
="04644U","川湖元大51售12","44,000","7","53,030","1.22","1.22","1.19","1.22","-","0.05","1.21","499","1.22","200","0.00",
="046450","奇鋐統一52購01","21,000","3","24,400","1.20","1.20","1.15","1.17","-","0.06","1.15","30","1.20","10","1,015.00",
="046452","益登統一4A購01","0","0","0","--","--","--","--"," ","0.00","0.18","30","--","0","34.80",
="046454","緯創統一4C購01","70,000","2","25,260","0.37","0.37","0.36","0.36","-","0.02","0.37","100","0.38","20","115.00",
="04645U","台積電元大51售78","5,000","1","1,100","0.22","0.22","0.22","0.22","+","0.02","0.16","200","--","0","0.00",
="046462","勤誠統一52購01","30,000","3","73,300","2.44","2.45","2.44","2.44","-","0.01","2.43","10","2.45","10","613.00",
="04646U","台積電元大51售79","9,000","1","8,730","0.97","0.97","0.97","0.97","+","0.05","0.15","66","0.98","3","0.00",
="04647U","國泰金元大51售02","0","0","0","--","--","--","--"," ","0.00","0.54","499","0.55","200","0.00",
="04648U","國泰金元大51售03","0","0","0","--","--","--","--"," ","0.00","1.37","499","1.38","200","0.00",
="04649U","連加元大51售09","17,000","1","25,160","1.48","1.48","1.48","1.48","+","0.07","1.46","499","1.47","50","0.00",
="04650U","台灣50台新51售02","0","0","0","--","--","--","--"," ","0.00","0.65","20","0.66","10","0.00",
="04651U","台灣50永豐51售07","0","0","0","--","--","--","--"," ","0.00","0.34","499","0.35","10","0.00",
="04652U","T50正2永豐51售04","0","0","0","--","--","--","--"," ","0.00","1.08","10","1.09","10","0.00",
="04653U","華城永豐51售04","0","0","0","--","--","--","--"," ","0.00","0.93","10","0.94","10","0.00",
="04654U","神達永豐53售04","35,000","1","24,150","0.69","0.69","0.69","0.69","-","0.15","0.79","10","0.80","10","0.00",
="04655U","穎崴永豐53售02","0","0","0","--","--","--","--"," ","0.00","0.12","83","--","0","0.00",
="04656U","T50正2凱基51售09","340,000","4","480,000","1.35","1.43","1.35","1.41","+","0.08","1.41","10","1.42","10","0.00",
="04657U","滬深2X凱基51售08","15,000","2","11,050","0.73","0.74","0.73","0.74","X","0.00","0.07","5","0.74","20","0.00",
="04658U","台泥凱基51售04","0","0","0","--","--","--","--"," ","0.00","1.40","10","1.42","10","0.00",
="04659U","上銀凱基51售05","0","0","0","--","--","--","--"," ","0.00","1.84","100","1.85","10","0.00",
="046602","亞力統一4B購01","0","0","0","--","--","--","--"," ","0.00","0.03","10","0.04","10","110.50",
="046603","台積電統一4A購06","0","0","0","--","--","--","--"," ","0.00","2.05","10","2.09","10","1,160.00",
="046604","台積電統一4B購01","0","0","0","--","--","--","--"," ","0.00","1.26","10","1.28","10","1,160.00",
="046605","台積電統一4C購09","0","0","0","--","--","--","--"," ","0.00","1.97","10","2.02","10","1,160.00",
="046606","勤誠統一52購02","55,000","4","151,950","2.77","2.77","2.74","2.74","-","0.08","2.76","10","2.78","10","613.00",
="046609","台積電永豐4C購01","0","0","0","--","--","--","--"," ","0.00","4.53","10","4.63","10","1,160.00",
="04660U","台達電凱基51售08","0","0","0","--","--","--","--"," ","0.00","0.20","10","0.30","10","0.00",
="046610","台積電永豐4C購02","0","0","0","--","--","--","--"," ","0.00","1.94","10","2.04","10","1,160.00",
="04661U","台積電凱基51售28","0","0","0","--","--","--","--"," ","0.00","0.38","100","0.39","10","0.00",
="04662U","金像電凱基51售08","0","0","0","--","--","--","--"," ","0.00","0.12","100","0.13","50","0.00",
="04663U","瑞昱凱基51售01","75,000","1","151,500","2.02","2.02","2.02","2.02","-","0.08","2.08","100","2.18","10","0.00",
="04664U","全新凱基53售01","3,000","3","3,220","1.04","1.09","1.04","1.09","+","0.07","1.11","100","1.12","10","0.00",
="04665U","貿聯凱基51售10","0","0","0","--","--","--","--"," ","0.00","0.48","10","0.58","10","0.00",
="04666U","金像電富邦51售04","0","0","0","--","--","--","--"," ","0.00","0.16","100","0.17","28","0.00",
="04667U","臺股指富邦51售16","0","0","0","--","--","--","--"," ","0.00","0.42","499","0.43","100","0.00",
="04668P","FBNQ2X元富49售01","0","0","0","--","--","--","--"," ","0.00","0.18","25","0.19","25","0.00",
="04668U","臺股指富邦53售11","4,000","2","3,800","0.94","0.96","0.94","0.96","+","0.03","0.98","499","0.99","100","0.00",
="046696","元債2X元富52購01","0","0","0","--","--","--","--"," ","0.00","0.03","25","0.10","10","7.05",
="04669U","台積電群益51售24","10,000","1","27,200","2.72","2.72","2.72","2.72","+","0.16","0.57","17","--","0","0.00",
="04670U","聯發科群益51售13","82,000","1","199,260","2.43","2.43","2.43","2.43","-","0.04","0.76","13","--","0","0.00",
="046716","鴻海統一4A購03","0","0","0","--","--","--","--"," ","0.00","0.49","168","0.54","168","206.00",
="046718","台積電統一49購12","0","0","0","--","--","--","--"," ","0.00","1.01","10","1.05","10","1,160.00",
="046719","台積電統一4A購07","0","0","0","--","--","--","--"," ","0.00","1.18","19","1.19","10","1,160.00",
="04671U","緯創群益53售03","0","0","0","--","--","--","--"," ","0.00","0.35","28","0.74","3","0.00",
="046720","台積電統一58購01","18,000","4","19,660","1.11","1.11","1.07","1.07","-","0.07","1.06","10","1.07","5","1,160.00",
="046721","威盛統一4C購01","0","0","0","--","--","--","--"," ","0.00","0.08","10","0.10","10","62.00",
="046723","玉晶光統一4C購03","3,000","2","1,340","0.45","0.45","0.44","0.44","-","0.01","0.44","10","0.45","10","461.50",
="046724","世芯統一4C購02","0","0","0","--","--","--","--"," ","0.00","2.04","10","2.08","10","4,000.00",
="04672U","保瑞元富51售03","0","0","0","--","--","--","--"," ","0.00","3.49","25","3.53","10","0.00",
="04673U","臺股指元富51售22","20,000","2","34,900","1.73","1.76","1.73","1.76","+","0.06","1.81","25","1.82","25","0.00",
="04674U","臺股指元富51售23","0","0","0","--","--","--","--"," ","0.00","1.85","25","1.86","25","0.00",
="04675U","神達國泰53售04","0","0","0","--","--","--","--"," ","0.00","0.59","499","0.61","100","0.00",
="04676U","台灣50國票51售04","2,000","1","3,280","1.64","1.64","1.64","1.64","X","0.00","1.68","25","1.69","10","0.00",
="04677U","台灣50國票53售02","2,000","1","3,500","1.75","1.75","1.75","1.75","X","0.00","1.80","25","1.81","10","0.00",
="04678U","昆盈國票51售02","123,000","9","130,010","1.06","1.09","1.01","1.09","-","0.01","1.09","25","1.10","10","0.00",
="04679U","神達國票51售04","499,000","3","277,450","0.56","0.57","0.55","0.55","X","0.00","0.55","25","0.56","10","0.00",
="04680U","臺股指國票53售02","1,000","1","2,340","2.34","2.34","2.34","2.34","X","0.00","2.38","499","2.39","499","0.00",
="04681U","川湖元大51售13","0","0","0","--","--","--","--"," ","0.00","1.28","499","1.29","200","0.00",
="04682U","南亞科元大51售18","0","0","0","--","--","--","--"," ","0.00","0.99","499","1.00","200","0.00",
="04683U","智原元大51售16","0","0","0","--","--","--","--"," ","0.00","2.38","300","2.39","200","0.00",
="04684U","貿聯元大51售14","42,000","1","49,980","1.19","1.19","1.19","1.19","X","0.00","1.16","499","1.17","200","0.00",
="04685U","神達元大51售18","305,000","16","173,300","0.59","0.60","0.54","0.58","-","0.12","0.58","499","0.59","200","0.00",
="04686U","鴻海中信54售02","0","0","0","--","--","--","--"," ","0.00","0.70","10","0.71","10","0.00",
="046870","台積電永豐49購01","0","0","0","--","--","--","--"," ","0.00","1.14","10","1.24","10","1,160.00",
="046871","台積電永豐49購02","0","0","0","--","--","--","--"," ","0.00","1.04","499","1.14","10","1,160.00",
="046872","台積電永豐58購01","0","0","0","--","--","--","--"," ","0.00","1.47","10","1.57","10","1,160.00",
="04687U","台積電中信54售06","94,000","2","115,780","1.23","1.24","1.23","1.24","+","0.03","1.27","10","1.29","10","0.00",
="04688U","聯發科中信54售01","78,000","1","118,560","1.52","1.52","1.52","1.52","+","0.02","1.54","10","1.56","10","0.00",
="046897","中砂統一52購01","902,000","37","431,110","0.44","0.50","0.44","0.47","+","0.03","0.47","10","0.48","10","347.00",
="04689U","長榮中信54售01","3,000","1","5,160","1.72","1.72","1.72","1.72","-","0.04","1.76","499","1.78","10","0.00",
="046900","台積電統一52購05","0","0","0","--","--","--","--"," ","0.00","0.91","10","0.92","10","1,160.00",
="046902","智原統一52購01","0","0","0","--","--","--","--"," ","0.00","0.05","3","0.07","3","158.00",
="046903","欣興統一52購01","50,000","2","9,520","0.20","0.20","0.19","0.19","-","0.04","0.19","100","0.24","13","150.00",
="046905","愛普統一4C購01","2,000","2","320","0.16","0.16","0.16","0.16","+","0.01","0.15","10","0.16","10","305.50",
="046906","晶心科統一52購01","0","0","0","--","--","--","--"," ","0.00","0.18","110","0.19","10","283.00",
="046907","世紀鋼統一52購01","0","0","0","--","--","--","--"," ","0.00","0.28","10","0.29","10","188.00",
="04690U","川湖元富51售04","0","0","0","--","--","--","--"," ","0.00","0.62","25","0.63","25","0.00",
="04691U","台達電元富51售04","2,000","1","480","0.24","0.24","0.24","0.24","+","0.02","0.24","25","0.25","25","0.00",
="04692U","智邦元富51售05","0","0","0","--","--","--","--"," ","0.00","0.62","25","0.63","25","0.00",
="04693U","台光電元富51售06","0","0","0","--","--","--","--"," ","0.00","0.59","25","0.60","25","0.00",
="04694U","智原元富51售06","0","0","0","--","--","--","--"," ","0.00","2.15","25","2.16","25","0.00",
="04695U","台灣50國票53售03","0","0","0","--","--","--","--"," ","0.00","1.31","25","1.32","10","0.00",
="04696U","台灣50國泰53售02","210,000","3","287,300","1.36","1.38","1.36","1.38","+","0.07","1.39","499","1.40","100","0.00",
="04697U","川湖國泰53售01","20,000","2","15,500","0.80","0.80","0.75","0.75","-","0.06","0.78","499","0.79","100","0.00",
="04698U","智邦國泰53售01","0","0","0","--","--","--","--"," ","0.00","0.44","499","0.45","100","0.00",
="04699U","台積電台新51售04","0","0","0","--","--","--","--"," ","0.00","0.78","20","0.79","10","0.00",
="04700U","台灣50永豐51售09","0","0","0","--","--","--","--"," ","0.00","0.83","10","0.84","10","0.00",
="04701U","香港2X永豐53售01","0","0","0","--","--","--","--"," ","0.00","1.92","499","1.93","10","0.00",
="04702U","鴻海永豐51售05","0","0","0","--","--","--","--"," ","0.00","0.30","499","0.31","10","0.00",
="04703U","智原永豐53售02","0","0","0","--","--","--","--"," ","0.00","1.65","10","1.66","10","0.00",
="04704U","創意永豐53售02","0","0","0","--","--","--","--"," ","0.00","--","0","--","0","0.00",
="04705U","世芯永豐51售10","10,000","1","17,000","1.70","1.70","1.70","1.70","-","0.02","1.79","10","1.80","10","0.00",
="047062","元債2X元富58購03","500,000","2","115,000","0.23","0.23","0.23","0.23"," ","0.00","0.22","25","0.23","25","7.05",
="04706U","台玻富邦53售01","540,000","16","55,580","0.11","0.11","0.10","0.10","-","0.02","0.09","380","0.10","117","0.00",
="04707U","台積電富邦53售05","100,000","2","99,680","0.98","1.01","0.98","1.01","+","0.05","1.01","30","1.02","10","0.00",
="04708U","智原富邦51售02","3,000","1","3,660","1.22","1.22","1.22","1.22","-","0.08","1.23","30","1.24","10","0.00",
="04709U","台灣50元大51售17","0","0","0","--","--","--","--"," ","0.00","0.97","499","0.98","10","0.00",
="047101","川湖統一58購01","61,000","15","104,250","1.70","1.96","1.69","1.96"," ","0.00","1.68","12","1.71","10","2,925.00",
="047102","鴻海統一58購02","227,000","13","197,480","0.88","0.88","0.85","0.87","-","0.03","0.87","10","0.88","10","206.00",
="047104","技嘉統一4C購01","5,000","1","3,450","0.69","0.69","0.69","0.69","X","0.00","0.69","10","0.70","10","281.00",
="047105","毅嘉統一51購01","50,000","1","68,500","1.37","1.37","1.37","1.37","+","0.02","1.35","10","1.39","10","60.80",
="047107","大立光統一4C購01","0","0","0","--","--","--","--"," ","0.00","0.17","10","0.18","10","2,395.00",
="047108","聯陽統一4C購01","4,000","1","920","0.23","0.23","0.23","0.23","X","0.00","0.23","10","0.24","10","133.50",
="04710U","上証2X元大51售03","48,000","4","31,650","0.66","0.67","0.65","0.66","+","0.15","0.66","250","0.67","150","0.00",
="047110","亞光統一58購01","116,000","4","109,470","0.94","0.95","0.91","0.92","-","0.01","0.91","10","0.92","10","164.00",
="047113","智原統一4B購01","0","0","0","--","--","--","--"," ","0.00","--","0","0.06","46","158.00",
="047115","華晶科統一51購01","30,000","5","29,900","1.03","1.03","0.98","0.98","-","0.07","0.98","10","1.01","14","50.30",
="047118","新日興統一51購01","309,000","10","180,520","0.53","0.67","0.53","0.64","+","0.10","0.64","90","--","0","259.00",
="04711U","國企2X元大51售02","35,000","3","62,450","1.71","1.82","1.71","1.82","+","0.25","1.81","499","1.82","80","0.00",
="047120","上緯控統一4C購01","173,000","10","109,270","0.65","0.67","0.61","0.61"," ","0.00","0.59","12","0.61","11","131.00",
="047122","樺漢統一4C購01","32,000","4","14,530","0.45","0.46","0.45","0.46","+","0.04","0.45","10","0.46","13","326.00",
="04712U","FBNQ2X元大51售04","103,000","2","141,140","1.37","1.38","1.37","1.38","+","0.03","1.37","250","1.38","100","0.00",
="04713U","FBNQ2X元大53售03","3,000","2","3,630","1.21","1.21","1.21","1.21","+","0.02","1.20","250","1.21","100","0.00",
="04714U","川湖元大51售14","0","0","0","--","--","--","--"," ","0.00","0.51","499","0.52","200","0.00",
="04715U","台積電元大51售80","5,000","2","1,800","0.36","0.36","0.36","0.36","+","0.02","0.01","499","0.40","10","0.00",
="04716U","智原元大51售18","0","0","0","--","--","--","--"," ","0.00","2.10","350","2.11","200","0.00",
="04717U","健策元大51售03","0","0","0","--","--","--","--"," ","0.00","0.56","499","0.57","4","0.00",
="04718U","精成科元大51售13","15,000","4","8,880","0.59","0.60","0.59","0.59","-","0.15","0.53","10","0.57","10","0.00",
="04719U","飛捷元大51售06","80,000","1","89,600","1.12","1.12","1.12","1.12","+","0.03","1.11","499","1.12","200","0.00",
="04720U","川湖凱基51售10","0","0","0","--","--","--","--"," ","0.00","1.28","100","1.29","10","0.00",
="04721U","台積電凱基53售30","45,000","2","29,730","0.65","0.67","0.65","0.67","+","0.03","0.70","100","0.71","10","0.00",
="04722U","旺宏凱基51售02","20,000","1","24,800","1.24","1.24","1.24","1.24","X","0.00","1.27","10","1.28","10","0.00",
="04723U","智邦凱基51售06","415,000","2","62,400","0.15","0.16","0.15","0.16","-","0.01","0.16","10","0.17","50","0.00",
="047243","士電統一51購01","0","0","0","--","--","--","--"," ","0.00","0.15","10","0.16","10","187.50",
="047244","亞力統一4C購01","0","0","0","--","--","--","--"," ","0.00","0.09","10","0.10","10","110.50",
="047245","大山統一52購01","0","0","0","--","--","--","--"," ","0.00","0.22","10","0.23","10","50.10",
="047246","上銀統一4C購01","0","0","0","--","--","--","--"," ","0.00","0.23","10","0.25","10","215.50",
="047249","華通統一4B購01","4,000","2","1,880","0.43","0.51","0.43","0.51","+","0.09","0.36","10","0.46","10","79.30",
="04724U","聯發科凱基51售16","153,000","2","264,690","1.73","1.73","1.73","1.73","+","0.05","1.76","10","1.77","10","0.00",
="047250","華泰統一4C購01","0","0","0","--","--","--","--"," ","0.00","0.26","10","0.27","10","44.70",
="047251","海悅統一4B購02","0","0","0","--","--","--","--"," ","0.00","--","0","--","0","84.50",
="047252","金像電統一49購01","0","0","0","--","--","--","--"," ","0.00","3.70","10","3.80","10","486.00",
="047253","大同統一4C購01","0","0","0","--","--","--","--"," ","0.00","0.19","10","0.20","10","40.75",
="047254","微星統一51購01","998,000","2","99,800","0.10","0.10","0.10","0.10","-","0.01","0.09","10","0.10","10","136.50",
="047255","偉詮電統一4C購01","0","0","0","--","--","--","--"," ","0.00","0.17","10","0.18","10","49.95",
="047257","京元電統一4C購01","6,000","2","2,000","0.40","0.40","0.32","0.32","+","0.01","0.31","35","0.32","5","142.00",
="047258","全新統一49購01","0","0","0","--","--","--","--"," ","0.00","0.11","10","0.13","10","153.50",
="047259","全新統一4C購01","0","0","0","--","--","--","--"," ","0.00","0.35","10","0.36","10","153.50",
="04725U","智原凱基51售08","27,000","1","56,430","2.09","2.09","2.09","2.09","X","0.00","2.10","499","2.11","30","0.00",
="047260","德律統一4C購03","0","0","0","--","--","--","--"," ","0.00","1.03","10","1.04","10","206.00",
="047262","蔚華科統一4C購01","0","0","0","--","--","--","--"," ","0.00","0.14","10","0.15","10","60.30",
="047265","華擎統一4C購01","0","0","0","--","--","--","--"," ","0.00","0.94","10","0.96","10","281.00",
="047266","聯茂統一49購01","0","0","0","--","--","--","--"," ","0.00","1.15","10","1.18","10","125.00",
="047267","鈺邦統一4C購01","1,552,000","16","678,760","0.45","0.47","0.41","0.41","-","0.07","0.40","10","0.42","10","178.00",
="047268","鈺邦統一52購01","137,000","6","60,200","0.43","0.46","0.42","0.42","-","0.05","0.39","65","0.40","10","178.00",
="047269","台虹統一4B購01","18,000","2","5,320","0.30","0.30","0.29","0.29","-","0.01","0.28","10","0.29","10","51.80",
="04726U","臺股指凱基53售13","98,000","8","198,130","1.98","2.04","1.98","2.04","+","0.09","2.03","100","2.04","10","0.00",
="047270","世紀鋼統一4C購01","0","0","0","--","--","--","--"," ","0.00","0.15","10","0.16","10","188.00",
="047271","世紀鋼統一4C購02","0","0","0","--","--","--","--"," ","0.00","0.23","10","0.24","10","188.00",
="04727U","神達群益53售04","0","0","0","--","--","--","--"," ","0.00","0.30","10","0.40","10","0.00",
="04728U","上証2X永豐53售02","164,000","3","111,940","0.71","0.71","0.68","0.68","+","0.14","0.71","499","0.72","10","0.00",
="04729U","華碩永豐51售02","10,000","1","13,200","1.32","1.32","1.32","1.32","-","0.03","1.35","499","1.37","10","0.00",
="04730U","亞翔永豐51售04","0","0","0","--","--","--","--"," ","0.00","0.93","499","0.94","10","0.00",
="04731U","南電永豐51售09","138,000","13","94,320","0.68","0.73","0.62","0.62","-","0.20","0.62","1","0.71","10","0.00",
="04732U","台灣50凱基53售06","0","0","0","--","--","--","--"," ","0.00","1.11","100","1.12","50","0.00",
="04733U","國企2X凱基51售03","0","0","0","--","--","--","--"," ","0.00","1.24","100","1.25","50","0.00",
="04734U","FBNQ2X凱基51售03","300,000","2","399,000","1.33","1.33","1.33","1.33","X","0.00","1.33","10","1.34","50","0.00",
="04735U","南亞凱基51售03","0","0","0","--","--","--","--"," ","0.00","0.35","10","0.45","10","0.00",
="047367","台積電凱基58購05","0","0","0","--","--","--","--"," ","0.00","1.44","100","1.45","10","1,160.00",
="047368","台積電凱基58購06","10,000","1","16,300","1.63","1.63","1.63","1.63","X","0.00","1.61","5","--","0","1,160.00",
="04736U","台玻凱基51售06","0","0","0","--","--","--","--"," ","0.00","0.07","10","0.14","85","0.00",
="04737U","台積電凱基53售31","20,000","1","12,800","0.64","0.64","0.64","0.64","X","0.00","0.70","100","0.71","10","0.00",
="04738U","可成凱基51售01","0","0","0","--","--","--","--"," ","0.00","1.37","10","1.39","10","0.00",
="04739U","信邦凱基51售01","0","0","0","--","--","--","--"," ","0.00","1.57","10","1.58","10","0.00",
="04740P","上証2X群益4A售02","0","0","0","--","--","--","--"," ","0.00","0.10","10","0.20","10","0.00",
="04740U","健策凱基51售06","0","0","0","--","--","--","--"," ","0.00","0.54","100","1.92","10","0.00",
="04741P","滬深2X群益4A售02","0","0","0","--","--","--","--"," ","0.00","--","0","--","0","0.00",
="04741U","南電凱基51售11","0","0","0","--","--","--","--"," ","0.00","0.10","19","--","0","0.00",
="047427","台積電統一49購13","0","0","0","--","--","--","--"," ","0.00","0.67","10","0.70","10","1,160.00",
="047428","南亞科統一4C購01","0","0","0","--","--","--","--"," ","0.00","0.13","1","0.20","260","46.65",
="047429","精銳統一51購01","33,000","4","41,040","1.24","1.27","1.24","1.27","+","0.02","1.24","10","1.26","10","776.00",
="04742P","FBNQ2X群益4A售01","0","0","0","--","--","--","--"," ","0.00","0.04","25","0.05","10","0.00",
="04742U","南電凱基53售04","196,000","35","123,880","0.74","0.74","0.58","0.58","-","0.24","0.57","4","0.58","11","0.00",
="047430","嘉聯益統一4C購01","89,000","5","7,120","0.08","0.08","0.08","0.08"," ","0.00","0.05","130","0.08","36","15.35",
="047439","台積電凱基58購07","0","0","0","--","--","--","--"," ","0.00","1.71","1","1.72","10","1,160.00",
="04743U","昇貿元富51售02","858,000","104","272,280","0.35","0.40","0.29","0.33","-","0.07","0.33","60","0.34","1","0.00",
="047440","台積電凱基58購08","0","0","0","--","--","--","--"," ","0.00","1.53","100","1.54","10","1,160.00",
="047441","台積電凱基58購09","0","0","0","--","--","--","--"," ","0.00","1.59","100","1.60","10","1,160.00",
="047449","臺股指凱基49購01","0","0","0","--","--","--","--"," ","0.00","--","0","--","0","0.00",
="04744P","台積電群益4A售04","0","0","0","--","--","--","--"," ","0.00","--","0","--","0","0.00",
="04744U","南電元富51售06","75,000","1","87,000","1.16","1.16","1.16","1.16","X","0.00","0.27","7","0.94","25","0.00",
="047450","臺股指凱基49購02","0","0","0","--","--","--","--"," ","0.00","--","0","--","0","0.00",
="04745P","台積電群益4A售05","0","0","0","--","--","--","--"," ","0.00","--","0","--","0","0.00",
="04745U","臺股指元富51售24","79,000","9","144,650","1.82","1.92","1.81","1.88","+","0.10","1.90","25","1.91","55","0.00",
="04746U","滬深2X國泰53售01","9,000","3","5,330","0.59","0.60","0.58","0.60","+","0.12","0.60","10","0.61","10","0.00",
="04747U","台積電國泰53售01","0","0","0","--","--","--","--"," ","0.00","1.23","499","1.30","499","0.00",
="04748U","智邦國泰53售02","0","0","0","--","--","--","--"," ","0.00","0.51","499","0.53","100","0.00",
="047495","鴻海元富4B購01","80,000","3","42,500","0.52","0.55","0.52","0.55","-","0.03","0.54","25","0.55","25","206.00",
="047496","台積電元富4B購01","0","0","0","--","--","--","--"," ","0.00","0.26","25","0.27","25","1,160.00",
="04749U","台光電國泰53售02","0","0","0","--","--","--","--"," ","0.00","0.46","10","0.47","10","0.00",
="047500","大立光元富52購01","17,000","1","6,970","0.41","0.41","0.41","0.41","X","0.00","0.41","25","0.42","25","2,395.00",
="04750U","健策國泰53售01","0","0","0","--","--","--","--"," ","0.00","0.36","8","--","0","0.00",
="04751U","南電國泰53售02","35,000","4","25,700","0.79","0.80","0.69","0.69","-","0.15","0.63","10","0.68","10","0.00",
="04752U","台玻群益53售03","0","0","0","--","--","--","--"," ","0.00","0.09","101","0.16","28","0.00",
="04753U","台達電群益51售10","0","0","0","--","--","--","--"," ","0.00","0.01","30","0.18","90","0.00",
="04754U","旺宏群益55售02","60,000","2","88,200","1.47","1.47","1.47","1.47","+","0.04","1.47","10","1.57","10","0.00",
="04755U","台光電群益51售16","0","0","0","--","--","--","--"," ","0.00","--","0","--","0","0.00",
="04756U","聯發科群益53售02","65,000","1","55,250","0.85","0.85","0.85","0.85","+","0.02","0.39","25","--","0","0.00",
="047573","大同統一4C購02","0","0","0","--","--","--","--"," ","0.00","0.12","10","0.22","10","40.75",
="047575","亞光統一4C購01","34,000","6","25,930","0.76","0.77","0.74","0.74","-","0.03","0.73","10","0.74","9","164.00",
="047576","亞光統一52購01","208,000","3","147,680","0.71","0.71","0.71","0.71","+","0.04","0.66","10","0.67","10","164.00",
="047577","亞光統一58購02","227,000","7","165,800","0.75","0.77","0.72","0.72","-","0.02","0.72","10","0.73","10","164.00",
="047579","龍德船統一4C購02","129,000","4","53,030","0.42","0.42","0.40","0.41","+","0.01","0.39","10","0.40","10","146.00",
="04757U","智原群益55售01","0","0","0","--","--","--","--"," ","0.00","2.77","100","2.79","100","0.00",
="04758U","T50正2富邦55售01","0","0","0","--","--","--","--"," ","0.00","0.91","100","0.92","98","0.00",
="04759U","華城元大51售17","52,000","2","129,480","2.49","2.49","2.49","2.49","X","0.00","2.53","300","2.54","200","0.00",
="04760U","鴻海元大51售37","159,000","12","159,070","0.98","1.03","0.98","0.98","+","0.02","0.98","499","0.99","200","0.00",
="04761U","台積電元大51售81","416,000","10","452,380","1.07","1.12","1.07","1.11","+","0.05","1.14","3","--","0","0.00",
="04762U","神達元大51售20","0","0","0","--","--","--","--"," ","0.00","0.54","499","0.55","200","0.00",
="04763U","南電元大51售14","0","0","0","--","--","--","--"," ","0.00","0.13","11","0.83","10","0.00",
="04764U","南電元大51售15","15,000","3","16,410","1.14","1.14","0.97","0.97","-","0.32","0.30","11","0.97","10","0.00",
="04765P","中502X元富4A售02","0","0","0","--","--","--","--"," ","0.00","0.07","25","0.10","10","0.00",
="04765U","南電元大51售16","287,000","21","372,990","1.34","1.34","1.27","1.27","-","0.35","1.26","20","1.75","5","0.00",
="04766U","臺股指元大51售32","0","0","0","--","--","--","--"," ","0.00","1.07","499","1.08","10","0.00",
="04767U","臺股指元大51售33","55,000","2","52,050","0.91","0.95","0.91","0.95","+","0.05","0.96","499","0.97","10","0.00",
="047687","美債2X元大4B購01","0","0","0","--","--","--","--"," ","0.00","--","0","0.04","3","7.03",
="04768U","臺股指元大51售34","30,000","1","26,400","0.88","0.88","0.88","0.88","+","0.06","0.87","100","0.88","11","0.00",
="04769U","南電統一51售05","0","0","0","--","--","--","--"," ","0.00","--","0","0.30","10","0.00",
="04770U","南電統一53售02","108,000","5","35,250","0.35","0.35","0.29","0.29","-","0.12","0.29","419","0.32","10","0.00",
="04771U","台灣50中信53售02","10,000","1","6,900","0.69","0.69","0.69","0.69","X","0.00","0.69","499","0.70","100","0.00",
="047725","和大統一52購01","171,000","9","32,960","0.14","0.22","0.14","0.22","+","0.08","0.22","12","--","0","72.90",
="047726","中砂統一4B購01","0","0","0","--","--","--","--"," ","0.00","0.24","10","0.25","10","347.00",
="047728","皇翔統一4C購01","150,000","1","6,000","0.04","0.04","0.04","0.04","X","0.00","0.05","10","0.10","10","41.00",
="04772U","T50正2中信53售03","62,000","4","85,020","1.36","1.39","1.36","1.39","+","0.06","1.38","100","1.39","100","0.00",
="047730","德律統一54購01","180,000","4","116,800","0.66","0.66","0.63","0.63","-","0.03","0.63","60","0.64","10","206.00",
="047731","昇貿統一4C購01","158,000","32","329,100","2.10","2.25","1.98","2.08","+","0.26","2.04","10","2.08","9","129.00",
="047733","穎崴統一58購01","413,000","4","208,330","0.51","0.53","0.50","0.53"," ","0.00","0.41","24","0.53","20","1,250.00",
="04773P","臺股指元大49售06","0","0","0","--","--","--","--"," ","0.00","--","0","0.01","170","0.00",
="04773U","南電中信51售03","122,000","25","57,480","0.56","0.56","0.44","0.44","-","0.19","0.43","5","0.44","30","0.00",
="04774U","台灣50富邦53售06","20,000","1","17,200","0.86","0.86","0.86","0.86","+","0.01","0.89","100","0.90","98","0.00",
="04775U","台灣50富邦54售04","10,000","1","7,500","0.75","0.75","0.75","0.75","+","0.03","0.75","100","0.76","98","0.00",
="047763","T50反1元富4B購01","0","0","0","--","--","--","--"," ","0.00","0.16","25","0.17","25","19.79",
="04776U","台灣50富邦56售03","0","0","0","--","--","--","--"," ","0.00","0.84","100","0.85","98","0.00",
="04777U","台玻富邦51售02","226,000","6","36,160","0.16","0.16","0.16","0.16","+","0.02","0.15","30","0.16","10","0.00",
="04778U","台光電富邦51售04","0","0","0","--","--","--","--"," ","0.00","0.16","100","0.17","28","0.00",
="04779U","南電富邦51售03","0","0","0","--","--","--","--"," ","0.00","--","0","0.35","10","0.00",
="04780U","台灣50元富51售13","213,000","4","426,550","1.95","2.02","1.95","2.02","+","0.11","2.03","25","2.04","25","0.00",
="04781U","台灣50元富51售14","1,619,000","16","3,522,420","2.12","2.23","2.12","2.20","+","0.14","2.23","25","2.24","25","0.00",
="047826","台積電群益4A購01","100,000","1","77,000","0.77","0.77","0.77","0.77","X","0.00","0.10","30","--","0","1,160.00",
="047827","台積電群益4C購01","0","0","0","--","--","--","--"," ","0.00","--","0","--","0","1,160.00",
="04782U","T50正2元富54售04","0","0","0","--","--","--","--"," ","0.00","1.43","25","1.44","25","0.00",
="04783U","台玻元富51售03","747,000","9","423,460","0.57","0.57","0.54","0.56"," ","0.00","0.32","156","0.97","10","0.00",
="047846","元債2X凱基4B購01","0","0","0","--","--","--","--"," ","0.00","--","0","0.10","10","7.05",
="04784U","鴻海元富51售07","0","0","0","--","--","--","--"," ","0.00","0.83","25","0.84","25","0.00",
="04785U","祥碩元富51售04","28,000","3","73,800","2.65","2.65","2.62","2.64","+","0.04","2.64","25","2.67","25","0.00",
="04786U","聯茂元富51售03","0","0","0","--","--","--","--"," ","0.00","0.26","38","--","0","0.00",
="04787U","台玻國票53售02","16,000","4","3,360","0.22","0.22","0.20","0.20","-","0.03","0.20","115","0.24","30","0.00",
="04788U","智原國票53售02","0","0","0","--","--","--","--"," ","0.00","1.39","25","1.40","10","0.00",
="04789U","貿聯國票53售01","0","0","0","--","--","--","--"," ","0.00","1.01","25","1.02","10","0.00",
="04790U","智邦永豐53售02","0","0","0","--","--","--","--"," ","0.00","0.49","10","0.50","10","0.00",
="04791U","奇鋐永豐51售06","34,000","3","17,140","0.49","0.52","0.49","0.52","+","0.02","0.52","10","0.53","10","0.00",
="047929","台積電永豐49購03","0","0","0","--","--","--","--"," ","0.00","0.41","499","0.51","10","1,160.00",
="04792U","AES永豐53售03","0","0","0","--","--","--","--"," ","0.00","0.55","10","0.56","10","0.00",
="04793U","中502X元大53售03","1,000","1","1,150","1.15","1.15","1.15","1.15","+","0.12","1.21","100","1.22","50","0.00",
="047944","愛山林統一4C購01","0","0","0","--","--","--","--"," ","0.00","0.01","10","0.10","10","78.00",
="047945","新日興統一49購03","0","0","0","--","--","--","--"," ","0.00","0.30","10","0.35","10","259.00",
="047949","元債2X群益58購01","0","0","0","--","--","--","--"," ","0.00","0.11","25","0.12","265","7.05",
="04794U","FB越南元大53售04","93,000","1","50,220","0.54","0.54","0.54","0.54","+","0.01","0.54","285","0.55","50","0.00",
="04795U","鴻海元大51售39","120,000","2","35,800","0.30","0.30","0.29","0.29","+","0.01","0.28","499","0.29","200","0.00",
="04796U","漢唐元大51售14","0","0","0","--","--","--","--"," ","0.00","0.16","499","0.17","200","0.00",
="04797U","大立光元大51售15","200,000","1","248,000","1.24","1.24","1.24","1.24","+","0.01","1.24","25","1.25","10","0.00",
="04798U","智原元大51售19","0","0","0","--","--","--","--"," ","0.00","2.25","350","2.26","200","0.00",
="04799U","貿聯元大51售15","26,000","8","35,610","1.45","1.45","1.31","1.36","-","0.10","1.37","499","1.38","200","0.00",
="04800U","台塑凱基51售07","0","0","0","--","--","--","--"," ","0.00","2.31","10","2.32","10","0.00",
="04801U","台玻凱基51售08","50,000","1","15,500","0.31","0.31","0.31","0.31","X","0.00","0.26","10","0.36","10","0.00",
="048029","元債2X凱基54購01","0","0","0","--","--","--","--"," ","0.00","0.03","100","0.13","10","7.05",
="04802U","鴻海凱基51售15","0","0","0","--","--","--","--"," ","0.00","0.76","100","0.86","10","0.00",
="04803U","台積電凱基51售32","45,000","2","36,200","0.80","0.81","0.80","0.81","+","0.04","0.85","100","0.86","10","0.00",
="04804U","智邦凱基51售07","0","0","0","--","--","--","--"," ","0.00","0.69","100","0.70","40","0.00",
="04805U","聯發科凱基53售03","20,000","1","19,800","0.99","0.99","0.99","0.99","+","0.04","1.01","10","1.02","10","0.00",
="048064","亞力統一52購01","0","0","0","--","--","--","--"," ","0.00","0.14","20","0.15","10","110.50",
="048065","和大統一4B購01","0","0","0","--","--","--","--"," ","0.00","0.16","10","--","0","72.90",
="048066","金像電統一4C購01","9,000","3","17,920","1.88","2.02","1.88","2.02","+","0.07","2.00","10","2.01","10","486.00",
="048067","威盛統一54購01","0","0","0","--","--","--","--"," ","0.00","0.04","10","0.10","10","62.00",
="048068","京元電統一4C購02","206,000","5","72,060","0.34","0.37","0.34","0.36","+","0.02","0.36","10","0.37","10","142.00",
="048069","聯發科統一4C購05","0","0","0","--","--","--","--"," ","0.00","0.21","10","0.22","10","1,385.00",
="04806U","長榮凱基51售16","0","0","0","--","--","--","--"," ","0.00","1.72","10","1.74","10","0.00",
="048071","奇鋐統一4C購01","438,000","7","482,780","1.11","1.11","1.01","1.03","-","0.13","1.03","10","1.04","10","1,015.00",
="048072","益登統一51購01","0","0","0","--","--","--","--"," ","0.00","0.32","347","--","0","34.80",
="048073","蔚華科統一52購01","0","0","0","--","--","--","--"," ","0.00","0.13","10","0.14","10","60.30",
="048075","辛耘統一4C購02","0","0","0","--","--","--","--"," ","0.00","0.08","10","0.09","10","393.50",
="048076","辛耘統一58購01","25,000","2","5,750","0.23","0.23","0.23","0.23","X","0.00","0.23","10","0.24","12","393.50",
="048077","定穎控統一49購03","0","0","0","--","--","--","--"," ","0.00","1.50","10","1.60","10","106.00",
="048078","正文統一4C購03","0","0","0","--","--","--","--"," ","0.00","0.03","10","0.10","10","26.00",
="048079","十銓統一52購01","0","0","0","--","--","--","--"," ","0.00","0.07","10","0.09","22","74.00",
="04807U","亞翔凱基51售08","0","0","0","--","--","--","--"," ","0.00","1.48","100","1.49","10","0.00",
="048080","超眾統一54購01","50,000","2","6,600","0.14","0.14","0.13","0.13","-","0.02","0.12","10","0.13","10","144.00",
="048081","超眾統一56購01","0","0","0","--","--","--","--"," ","0.00","0.12","10","0.13","10","144.00",
="048082","超眾統一58購01","0","0","0","--","--","--","--"," ","0.00","0.17","10","0.18","10","144.00",
="04808U","臺股指凱基51售29","0","0","0","--","--","--","--"," ","0.00","1.17","100","1.18","10","0.00",
="04809U","南亞群益51售03","145,000","4","154,550","1.04","1.13","1.04","1.13","+","0.13","1.13","10","1.23","10","0.00",
="04810U","台積電群益51售29","666,000","7","912,520","1.38","1.38","1.36","1.38","+","0.07","1.41","17","--","0","0.00",
="04811U","台光電群益51售17","8,000","1","5,040","0.63","0.63","0.63","0.63","X","0.00","0.24","30","--","0","0.00",
="04812U","AES群益51售03","76,000","2","57,280","0.76","0.76","0.70","0.70","-","0.11","0.70","1","--","0","0.00",
="04813U","南電群益51售05","0","0","0","--","--","--","--"," ","0.00","--","0","--","0","0.00",
="04814U","T50正2中信57售01","2,000","1","1,720","0.86","0.86","0.86","0.86","+","0.03","0.86","100","0.87","100","0.00",
="04815U","臺股指中信54售06","0","0","0","--","--","--","--"," ","0.00","0.69","499","0.70","100","0.00",
="04816U","金像電永豐52售06","2,000","1","900","0.45","0.45","0.45","0.45"," ","0.00","0.41","10","0.42","10","0.00",
="04817U","欣興永豐52售01","0","0","0","--","--","--","--"," ","0.00","0.61","499","0.62","10","0.00",
="04818U","台塑統一52售02","27,000","6","21,900","0.81","0.82","0.81","0.82","+","0.04","0.84","10","0.85","10","0.00",
="048193","鴻海永豐49購02","0","0","0","--","--","--","--"," ","0.00","0.61","499","0.71","10","206.00",
="04819U","南亞統一52售02","52,000","13","26,620","0.49","0.53","0.48","0.53","+","0.08","0.52","10","0.53","10","0.00",
="04820U","台化統一52售02","1,000","1","510","0.51","0.51","0.51","0.51","+","0.03","0.52","10","0.53","10","0.00",
="04821U","台玻統一52售03","20,000","3","1,800","0.09","0.09","0.09","0.09","-","0.02","0.08","80","0.09","1","0.00",
="048227","新日興元富52購01","111,000","13","121,780","0.98","1.20","0.98","1.12","X","0.00","0.39","30","--","0","259.00",
="04822U","南電統一53售03","33,000","7","15,010","0.48","0.48","0.43","0.43","-","0.09","0.42","14","--","0","0.00",
="04823U","台灣50元富52售02","2,000","1","2,600","1.30","1.30","1.30","1.30","X","0.00","1.36","25","1.37","25","0.00",
="048247","川湖統一54購01","4,000","2","5,660","1.40","1.42","1.40","1.42","+","0.01","1.40","10","1.41","10","2,925.00",
="048248","台積電統一4A購08","999,000","3","609,360","0.61","0.61","0.58","0.58","X","0.00","0.57","10","0.58","9","1,160.00",
="04824U","台灣50元富52售03","2,000","1","2,900","1.45","1.45","1.45","1.45","+","0.05","1.51","25","1.52","25","0.00",
="048251","皇昌統一49購01","0","0","0","--","--","--","--"," ","0.00","0.76","10","0.79","10","83.50",
="048252","融程電統一52購01","907,000","43","514,380","0.56","0.60","0.52","0.53","-","0.09","0.52","20","0.60","4","189.00",
="048254","精銳統一54購01","1,503,000","50","1,640,510","1.08","1.12","1.04","1.09","-","0.04","1.09","10","1.10","10","776.00",
="04825U","宏達電元富52售01","617,000","36","250,790","0.38","0.43","0.38","0.42","-","0.01","0.41","111","0.44","13","0.00",
="04826U","AES元富52售03","0","0","0","--","--","--","--"," ","0.00","0.99","25","1.00","25","0.00",
="04827U","漢唐國泰53售01","70,000","4","18,880","0.25","0.28","0.25","0.28","+","0.04","0.25","10","0.26","10","0.00",
="04828U","台塑國票52售02","0","0","0","--","--","--","--"," ","0.00","2.06","25","2.07","10","0.00",
="04829U","穎崴國票53售03","0","0","0","--","--","--","--"," ","0.00","0.94","25","0.96","10","0.00",
="04830U","AES國票52售02","0","0","0","--","--","--","--"," ","0.00","1.29","25","1.30","10","0.00",
="04831U","AES群益52售03","13,000","2","18,480","1.46","1.46","1.41","1.41","-","0.19","0.99","10","--","0","0.00",
="04832U","台灣50凱基53售07","50,000","4","59,500","1.18","1.20","1.18","1.20","+","0.08","1.20","100","1.21","50","0.00",
="04833U","T50正2凱基54售02","0","0","0","--","--","--","--"," ","0.00","1.46","10","1.47","10","0.00",
="04834U","華城凱基52售03","61,000","2","111,360","1.82","1.83","1.82","1.83","-","0.03","1.93","100","1.94","10","0.00",
="04835U","聯電凱基52售01","27,000","10","73,500","2.71","2.76","2.69","2.76","+","0.09","2.76","10","2.78","10","0.00",
="04836U","鴻海凱基56售02","0","0","0","--","--","--","--"," ","0.00","1.22","100","1.23","10","0.00",
="048375","鴻海元富4B購02","121,000","13","212,140","1.65","1.77","1.65","1.77","-","0.19","1.74","25","1.77","25","206.00",
="048376","台積電元富4B購02","1,000","1","1,650","1.65","1.65","1.65","1.65","-","0.31","1.50","25","1.60","10","1,160.00",
="048377","台積電元富52購01","0","0","0","--","--","--","--"," ","0.00","5.85","25","6.35","10","1,160.00",
="04837U","智原凱基52售04","20,000","1","42,200","2.11","2.11","2.11","2.11","X","0.00","2.12","100","--","0","0.00",
="04838U","世芯凱基53售07","15,000","2","17,100","1.16","1.16","1.13","1.13","+","0.01","1.16","10","1.17","30","0.00",
="04839P","台積電凱基56售08","9,000","5","7,150","0.78","0.83","0.78","0.83","+","0.06","0.83","98","0.84","11","0.00",
="04839U","AES凱基52售02","20,000","2","18,600","0.93","0.93","0.93","0.93","X","0.00","0.95","100","0.96","10","0.00",
="04840U","南電凱基53售05","21,000","2","18,300","0.88","0.88","0.87","0.87","-","0.18","0.68","3","--","0","0.00",
="04841U","元債2X元大53售07","0","0","0","--","--","--","--"," ","0.00","0.65","499","0.66","100","0.00",
="04842U","元債2X元大54售03","0","0","0","--","--","--","--"," ","0.00","0.33","250","0.34","100","0.00",
="04843U","台塑元大52售03","0","0","0","--","--","--","--"," ","0.00","2.83","300","2.85","100","0.00",
="04844U","鴻海元大52售10","2,000","1","1,300","0.65","0.65","0.65","0.65","+","0.03","0.64","499","0.65","200","0.00",
="04845U","亞翔元大52售03","0","0","0","--","--","--","--"," ","0.00","1.50","499","1.51","50","0.00",
="048466","台灣50元富58購01","31,000","2","120,820","3.90","3.90","3.82","3.82","-","0.21","3.76","25","3.77","25","52.50",
="04846U","南電元大52售02","0","0","0","--","--","--","--"," ","0.00","--","0","0.83","10","0.00",
="048473","川湖元富58購03","0","0","0","--","--","--","--"," ","0.00","4.16","25","4.21","25","2,925.00",
="048474","鴻海元富58購01","3,000","1","4,830","1.61","1.61","1.61","1.61","X","0.00","1.61","25","1.62","25","206.00",
="048475","台積電元富58購01","1,000","1","1,890","1.89","1.89","1.89","1.89","X","0.00","1.78","25","1.88","10","1,160.00",
="048478","創意元富58購01","227,000","7","349,680","1.50","1.56","1.50","1.54","+","0.06","0.83","42","--","0","1,350.00",
="048479","世芯元富58購01","0","0","0","--","--","--","--"," ","0.00","2.69","25","2.72","25","4,000.00",
="04847U","南亞中信52售02","169,000","20","105,680","0.60","0.68","0.60","0.68","+","0.06","0.66","10","0.67","10","0.00",
="048481","材料元富4B購01","1,000","1","170","0.17","0.17","0.17","0.17","X","0.00","0.15","25","0.16","25","67.70",
="04848U","南電統一52售03","0","0","0","--","--","--","--"," ","0.00","--","0","--","0","0.00",
="048499","美債2X群益58購01","0","0","0","--","--","--","--"," ","0.00","0.16","10","0.26","10","7.03",
="04849U","南亞元富52售03","40,000","5","43,120","1.01","1.10","1.01","1.10","+","0.16","1.10","25","1.11","25","0.00",
="04850U","國巨元富52售02","75,000","1","113,250","1.51","1.51","1.51","1.51","X","0.00","1.51","25","1.54","25","0.00",
="048510","士電統一58購01","20,000","1","7,600","0.38","0.38","0.38","0.38","X","0.00","0.36","10","0.37","10","187.50",
="048514","皇昌統一52購01","26,000","9","26,620","1.04","1.04","1.01","1.02","X","0.00","0.99","10","1.00","10","83.50",
="048515","皇昌統一52購02","425,000","19","341,390","0.77","0.84","0.73","0.74","+","0.02","0.72","10","0.73","10","83.50",
="048519","碩天統一49購02","0","0","0","--","--","--","--"," ","0.00","0.04","10","0.05","10","225.50",
="04851U","台積電元富52售06","82,000","1","148,420","1.81","1.81","1.81","1.81","X","0.00","1.98","25","2.04","25","0.00",
="048520","碩天統一4C購01","0","0","0","--","--","--","--"," ","0.00","0.08","10","0.09","10","225.50",
="048522","十銓統一4B購03","0","0","0","--","--","--","--"," ","0.00","0.01","10","0.02","10","74.00",
="04852U","台積電元富52售07","0","0","0","--","--","--","--"," ","0.00","2.30","25","2.36","25","0.00",
="04853U","智邦元富52售01","0","0","0","--","--","--","--"," ","0.00","0.96","25","0.97","25","0.00",
="04854U","健策元富52售02","0","0","0","--","--","--","--"," ","0.00","0.32","25","--","0","0.00",
="04855U","南亞國票53售05","1,000","1","810","0.81","0.81","0.81","0.81","X","0.00","0.80","25","0.81","10","0.00",
="04856U","南亞國票53售06","74,000","10","78,170","0.95","1.11","0.95","1.11","+","0.15","1.10","25","1.12","10","0.00",
="04857P","滬深2X富邦4A售02","0","0","0","--","--","--","--"," ","0.00","0.03","100","0.04","98","0.00",
="04857U","南亞國票56售01","42,000","4","28,130","0.66","0.73","0.66","0.73","+","0.10","0.72","25","0.73","10","0.00",
="04858U","中砂國票53售01","36,000","2","36,770","1.03","1.03","1.02","1.02","X","0.00","1.06","25","1.07","10","0.00",
="048593","華航元富4B購01","0","0","0","--","--","--","--"," ","0.00","0.28","25","0.29","25","21.25",
="048596","超眾元富58購01","157,000","7","63,780","0.42","0.42","0.38","0.39","-","0.04","0.38","27","0.39","24","144.00",
="04859U","漢唐國票53售01","0","0","0","--","--","--","--"," ","0.00","0.18","25","0.19","10","0.00",
="04860U","同欣電國票53售01","0","0","0","--","--","--","--"," ","0.00","0.75","25","0.76","10","0.00",
="04861U","連加國票53售02","0","0","0","--","--","--","--"," ","0.00","1.40","25","1.41","10","0.00",
="048627","愛山林統一4C購02","0","0","0","--","--","--","--"," ","0.00","0.05","10","0.14","10","78.00",
="04862U","台玻國泰53售03","0","0","0","--","--","--","--"," ","0.00","0.18","499","0.24","10","0.00",
="048632","台虹統一4C購01","0","0","0","--","--","--","--"," ","0.00","0.13","10","0.16","10","51.80",
="04863U","台積電國泰53售02","0","0","0","--","--","--","--"," ","0.00","2.06","499","2.15","499","0.00",
="04864U","台灣50永豐52售06","33,000","1","39,930","1.21","1.21","1.21","1.21","+","0.04","1.28","499","1.29","10","0.00",
="04865U","台塑凱基52售01","5,000","3","19,020","3.80","3.82","3.78","3.78","X","0.00","3.79","10","3.81","10","0.00",
="048660","元債2X群益4A購01","0","0","0","--","--","--","--"," ","0.00","0.03","25","0.04","10","7.05",
="048661","美債2X群益4A購01","0","0","0","--","--","--","--"," ","0.00","0.01","10","0.11","10","7.03",
="04866U","台化凱基52售02","0","0","0","--","--","--","--"," ","0.00","2.79","10","2.80","10","0.00",
="048677","美債2X凱基4B購01","0","0","0","--","--","--","--"," ","0.00","--","0","0.04","101","7.03",
="04867U","華新凱基52售02","0","0","0","--","--","--","--"," ","0.00","1.49","10","1.50","10","0.00",
="04868U","仁寶凱基52售01","0","0","0","--","--","--","--"," ","0.00","2.08","10","2.18","10","0.00",
="04869U","南電凱基52售02","40,000","2","45,600","1.24","1.24","1.08","1.08","X","0.00","0.90","1","1.02","40","0.00",
="048703","元債2X富邦4B購01","0","0","0","--","--","--","--"," ","0.00","0.05","100","0.06","100","0.00",
="04870U","T50正2元大52售03","0","0","0","--","--","--","--"," ","0.00","0.85","100","0.86","10","0.00",
="04871U","滬深2X元大54售04","0","0","0","--","--","--","--"," ","0.00","0.63","499","0.64","100","0.00",
="04872U","漢唐元大52售03","0","0","0","--","--","--","--"," ","0.00","0.14","499","0.15","200","0.00",
="04873U","智原元大52售01","100,000","1","91,000","0.91","0.91","0.91","0.91","-","0.04","0.90","499","0.91","200","0.00",
="04874U","貿聯元大52售02","0","0","0","--","--","--","--"," ","0.00","1.45","499","1.46","200","0.00",
="048758","美債2X元富58購01","0","0","0","--","--","--","--"," ","0.00","0.09","50","0.10","310","7.03",
="04875U","AES元大52售02","10,000","1","8,500","0.85","0.85","0.85","0.85","-","0.04","0.84","499","0.85","200","0.00",
="048763","長榮元富56購01","91,000","2","93,230","1.03","1.03","0.98","0.98"," ","0.00","0.96","25","0.97","25","188.00",
="048767","十銓元富52購01","0","0","0","--","--","--","--"," ","0.00","0.12","25","0.13","25","74.00",
="048769","緯穎元富52購01","0","0","0","--","--","--","--"," ","0.00","2.69","25","2.74","25","2,975.00",
="04876U","南電元大52售04","10,000","2","11,550","1.19","1.19","1.12","1.12","-","0.30","0.51","9","1.01","10","0.00",
="048778","台新金統一49購01","0","0","0","--","--","--","--"," ","0.00","0.08","10","0.09","10","16.35",
="04877U","臺股指元大52售11","0","0","0","--","--","--","--"," ","0.00","1.30","499","1.31","10","0.00",
="048780","大立光統一49購02","0","0","0","--","--","--","--"," ","0.00","0.02","10","0.03","10","2,395.00",
="048784","材料統一52購01","230,000","5","69,300","0.30","0.31","0.30","0.30","+","0.02","0.29","22","0.30","10","67.70",
="048785","祥碩統一52購01","109,000","6","27,250","0.25","0.25","0.25","0.25","-","0.01","0.24","10","0.25","10","1,665.00",
="048786","矽力統一4C購01","0","0","0","--","--","--","--"," ","0.00","0.04","10","0.05","10","317.00",
="048787","矽力統一4C購02","0","0","0","--","--","--","--"," ","0.00","0.02","10","0.03","10","317.00",
="048788","晶心科統一4C購01","0","0","0","--","--","--","--"," ","0.00","0.15","10","0.16","10","283.00",
="048789","晶心科統一4C購02","0","0","0","--","--","--","--"," ","0.00","0.10","10","0.11","10","283.00",
="04878U","臺股指元大52售12","103,000","4","129,350","1.25","1.26","1.25","1.26","+","0.04","1.30","100","1.31","10","0.00",
="048793","美債2X凱基4A購01","0","0","0","--","--","--","--"," ","0.00","--","0","0.10","10","7.03",
="04879U","台塑群益54售01","0","0","0","--","--","--","--"," ","0.00","1.12","10","1.22","10","0.00",
="04880U","世芯群益52售06","0","0","0","--","--","--","--"," ","0.00","1.38","10","1.48","10","0.00",
="04881U","穎崴群益56售01","0","0","0","--","--","--","--"," ","0.00","0.01","499","--","0","0.00",
="048829","滬深2X群益49購01","135,000","12","83,400","0.63","0.73","0.58","0.73","-","0.24","0.01","499","--","0","18.32",
="04882U","南電群益54售01","0","0","0","--","--","--","--"," ","0.00","--","0","--","0","0.00",
="048832","美債2X群益4A購02","0","0","0","--","--","--","--"," ","0.00","0.01","10","0.11","10","7.03",
="048834","SGBR2X群益49購01","0","0","0","--","--","--","--"," ","0.00","--","0","0.11","10","11.25",
="04883U","台塑中信52售03","0","0","0","--","--","--","--"," ","0.00","0.92","499","0.93","10","0.00",
="04884U","台達電中信52售01","100,000","4","42,500","0.43","0.43","0.42","0.42","X","0.00","0.42","10","0.43","10","0.00",
="04885U","臺股指中信55售02","0","0","0","--","--","--","--"," ","0.00","0.89","499","0.90","100","0.00",
="04886U","台灣50永豐54售02","0","0","0","--","--","--","--"," ","0.00","0.68","499","0.69","10","0.00",
="048873","滬深2X凱基49購01","194,000","12","134,740","0.67","0.85","0.67","0.72","-","0.37","0.67","10","0.68","50","18.32",
="04887U","光寶科永豐53售03","27,000","2","19,170","0.71","0.71","0.71","0.71","X","0.00","0.71","10","0.73","10","0.00",
="04888U","世芯永豐52售07","10,000","1","20,000","2.00","2.00","2.00","2.00","-","0.02","2.09","10","2.10","10","0.00",
="048892","精英統一4C購01","0","0","0","--","--","--","--"," ","0.00","0.06","10","0.10","10","19.95",
="048895","微星統一53購01","11,000","2","1,110","0.10","0.11","0.10","0.11"," ","0.00","0.10","10","0.11","10","136.50",
="048897","慧洋統一4C購01","0","0","0","--","--","--","--"," ","0.00","0.17","10","0.18","10","61.80",
="048898","健和興統一51購01","0","0","0","--","--","--","--"," ","0.00","0.04","10","0.10","10","53.50",
="04889U","緯穎永豐52售03","10,000","2","10,600","1.06","1.06","1.06","1.06","+","0.01","1.10","499","1.11","10","0.00",
="048901","緯創統一49購01","0","0","0","--","--","--","--"," ","0.00","0.44","20","0.45","10","115.00",
="048903","群創統一4C購01","0","0","0","--","--","--","--"," ","0.00","0.17","10","0.18","10","14.15",
="048905","華擎統一53購01","52,000","4","40,660","0.78","0.79","0.76","0.77","-","0.01","0.76","19","0.77","10","281.00",
="04890U","台化元富52售01","246,000","15","423,510","1.69","1.74","1.65","1.73","+","0.10","1.73","25","1.74","27","0.00",
="048910","采鈺統一51購01","21,000","2","2,740","0.13","0.14","0.13","0.14","+","0.03","0.13","10","0.15","23","264.00",
="048911","台虹統一53購01","1,000","1","100","0.10","0.10","0.10","0.10","X","0.00","0.10","10","0.16","10","51.80",
="04891U","台玻元富52售04","229,000","3","405,390","1.81","1.81","1.75","1.75","-","0.04","1.05","19","2.00","5","0.00",
="04892U","台達電元富52售02","0","0","0","--","--","--","--"," ","0.00","0.52","25","0.53","25","0.00",
="04893U","金像電元富52售02","10,000","1","3,000","0.30","0.30","0.30","0.30","-","0.01","0.28","25","0.29","25","0.00",
="048944","美債2X群益4A購03","0","0","0","--","--","--","--"," ","0.00","--","0","0.04","499","7.03",
="04894U","台光電元富52售01","13,000","2","11,760","0.92","0.92","0.90","0.90","-","0.03","0.90","25","0.91","25","0.00",
="04895U","奇鋐元富52售01","11,000","9","14,550","1.34","1.34","1.30","1.32","+","0.11","1.29","25","1.30","25","0.00",
="04896U","緯穎元富52售04","0","0","0","--","--","--","--"," ","0.00","1.33","25","1.34","25","0.00",
="04897U","臺股指元富57售01","1,000","1","1,330","1.33","1.33","1.33","1.33","X","0.00","1.34","25","1.35","25","0.00",
="048981","元債2X元富58購04","0","0","0","--","--","--","--"," ","0.00","0.20","25","0.21","25","7.05",
="048982","元日2X元富53購01","0","0","0","--","--","--","--"," ","0.00","0.15","25","0.16","25","5.97",
="048987","華碩元富58購01","3,000","1","10,110","3.37","3.37","3.37","3.37"," ","0.00","3.34","25","3.44","10","634.00",
="04898U","臺股指元富57售02","2,000","1","2,900","1.45","1.45","1.45","1.45","X","0.00","1.43","25","1.44","25","0.00",
="048992","群創元富58購01","131,000","14","206,260","1.52","1.74","1.51","1.71","+","0.28","1.69","26","1.71","25","14.15",
="04899U","台塑國票53售04","98,000","1","249,900","2.55","2.55","2.55","2.55","+","0.21","2.59","25","2.60","10","0.00",
="04900U","華城國票53售02","2,000","2","2,180","1.09","1.09","1.09","1.09","+","0.03","1.09","25","1.10","10","0.00",
="04901U","光寶科國票53售02","0","0","0","--","--","--","--"," ","0.00","0.64","25","0.65","10","0.00",
="04902U","鴻海國票53售04","25,000","1","8,750","0.35","0.35","0.35","0.35","X","0.00","0.33","25","0.34","10","0.00",
="04903U","日月光國票53售02","0","0","0","--","--","--","--"," ","0.00","1.07","25","1.08","10","0.00",
="04904U","中磊國票53售01","0","0","0","--","--","--","--"," ","0.00","0.67","25","0.69","10","0.00",
="04905U","力成國票53售01","0","0","0","--","--","--","--"," ","0.00","1.04","25","1.05","10","0.00",
="04906U","南電國票53售02","5,000","2","3,000","0.62","0.62","0.57","0.57","X","0.00","0.14","99","0.55","10","0.00",
="04907U","菱光國票52售02","13,000","2","18,550","1.42","1.45","1.42","1.45","+","0.03","1.51","25","1.52","10","0.00",
="04908P","滬深2X群益4A售09","0","0","0","--","--","--","--"," ","0.00","--","0","--","0","0.00",
="04908U","智邦國泰53售03","0","0","0","--","--","--","--"," ","0.00","0.84","499","0.86","100","0.00",
="04909P","滬深2X群益4A售10","0","0","0","--","--","--","--"," ","0.00","--","0","--","0","0.00",
="04909U","愛普國泰54售01","0","0","0","--","--","--","--"," ","0.00","1.63","499","1.64","100","0.00",
="04910P","滬深2X群益4A售11","0","0","0","--","--","--","--"," ","0.00","--","0","--","0","0.00",
="04910U","T50正2凱基52售04","0","0","0","--","--","--","--"," ","0.00","1.02","100","1.03","10","0.00",
="04911U","滬深2X凱基54售06","0","0","0","--","--","--","--"," ","0.00","0.37","10","0.38","50","0.00",
="049120","滬深2X元富58購01","100,000","7","517,000","5.10","5.25","5.10","5.25","-","0.40","5.05","6","5.50","10","18.32",
="049126","瑞祺元富53購01","0","0","0","--","--","--","--"," ","0.00","0.14","125","--","0","87.50",
="049127","世紀鋼元富53購01","230,000","8","159,900","0.70","0.71","0.68","0.68","-","0.07","0.67","25","0.68","25","188.00",
="04912P","臺股指群益4A售02","0","0","0","--","--","--","--"," ","0.00","0.02","499","--","0","0.00",
="04912U","台玻凱基52售01","31,000","5","21,070","0.67","0.68","0.67","0.68"," ","0.00","0.68","20","0.70","5","0.00",
="04913U","華通凱基52售02","11,000","2","6,920","0.62","0.63","0.62","0.63","X","0.00","0.67","100","0.68","30","0.00",
="04914U","鴻海凱基54售11","6,000","2","2,720","0.45","0.46","0.45","0.46","+","0.03","0.44","100","0.45","10","0.00",
="04915U","智邦凱基52售04","0","0","0","--","--","--","--"," ","0.00","0.67","100","0.68","30","0.00",
="049160","台塑元富49購01","0","0","0","--","--","--","--"," ","0.00","--","0","0.01","1,708","39.10",
="049162","鴻準元富49購01","0","0","0","--","--","--","--"," ","0.00","--","0","0.10","35","71.70",
="049166","京元電元富49購01","10,000","1","1,200","0.12","0.12","0.12","0.12","+","0.02","0.11","25","0.21","25","142.00",
="049167","盟立元富49購01","0","0","0","--","--","--","--"," ","0.00","--","0","0.01","9","70.00",
="049168","長榮元富49購01","11,000","4","8,860","0.89","0.89","0.75","0.75","X","0.00","0.70","25","0.73","25","188.00",
="049169","晟銘電元富49購01","55,000","1","24,750","0.45","0.45","0.45","0.45","+","0.16","0.19","25","0.20","25","133.00",
="04916U","漢唐凱基52售02","20,000","1","8,200","0.41","0.41","0.41","0.41","+","0.04","0.37","10","0.38","10","0.00",
="049170","晟銘電元富49購02","0","0","0","--","--","--","--"," ","0.00","--","0","0.09","80","133.00",
="049173","辛耘元富59購01","217,000","26","765,540","3.47","3.61","3.42","3.60","+","0.19","3.60","25","3.61","45","393.50",
="049174","材料元富53購01","95,000","8","67,700","0.70","0.72","0.70","0.72","+","0.02","0.69","35","0.70","25","67.70",
="04917U","華擎凱基52售02","0","0","0","--","--","--","--"," ","0.00","1.28","10","1.29","10","0.00",
="049186","京元電第一49購01","0","0","0","--","--","--","--"," ","0.00","0.27","10","0.37","10","142.00",
="049187","大立光第一49購01","0","0","0","--","--","--","--"," ","0.00","--","0","0.02","10","2,395.00",
="04918U","世芯凱基52售08","67,000","3","109,240","1.65","1.65","1.63","1.64","-","0.07","1.67","100","1.68","10","0.00",
="04919U","貿聯凱基52售03","6,000","1","9,120","1.52","1.52","1.52","1.52","X","0.00","1.52","100","1.62","10","0.00",
="04920U","神達凱基52售03","0","0","0","--","--","--","--"," ","0.00","0.49","100","0.50","10","0.00",
="049211","美債2X群益4B購01","0","0","0","--","--","--","--"," ","0.00","--","0","0.10","10","7.03",
="04921U","臺股指凱基52售11","15,000","2","25,300","1.66","1.74","1.66","1.74","+","0.13","1.71","100","1.72","10","0.00",
="04922P","滬深2X凱基4A售01","0","0","0","--","--","--","--"," ","0.00","--","0","0.10","10","0.00",
="04922U","T50正2元大52售04","185,000","2","223,850","1.21","1.21","1.21","1.21","X","0.00","1.25","100","1.26","10","0.00",
="04923U","智邦元大52售02","127,000","28","222,540","1.80","1.82","1.71","1.76","+","0.02","1.76","390","1.77","200","0.00",
="04924U","技嘉元大52售02","0","0","0","--","--","--","--"," ","0.00","1.42","25","1.43","10","0.00",
="04925U","欣興元大52售02","329,000","10","368,460","1.13","1.13","1.06","1.09"," ","0.00","1.10","499","1.11","200","0.00",
="049266","緯穎元大49購01","0","0","0","--","--","--","--"," ","0.00","2.25","25","--","0","2,975.00",
="04926U","嘉澤元大52售04","280,000","3","259,600","0.95","0.95","0.91","0.91","-","0.02","0.90","499","0.91","200","0.00",
="049272","香港2X凱基49購01","6,000","1","20,460","3.41","3.41","3.41","3.41","X","0.00","3.41","4","3.51","10","16.40",
="049273","國企2X凱基49購01","0","0","0","--","--","--","--"," ","0.00","1.68","100","1.78","10","10.70",
="04927U","國巨群益58售01","0","0","0","--","--","--","--"," ","0.00","2.11","100","2.13","100","0.00",
="04928U","台積電群益54售17","34,000","7","22,350","0.68","0.68","0.65","0.67","+","0.03","0.64","2","--","0","0.00",
="04929U","智邦群益52售04","0","0","0","--","--","--","--"," ","0.00","1.67","10","1.77","10","0.00",
="04930U","台光電群益52售05","4,000","3","2,500","0.64","0.64","0.61","0.61"," ","0.00","0.30","33","--","0","0.00",
="049316","潤隆元富49購01","0","0","0","--","--","--","--"," ","0.00","--","0","0.10","10","30.10",
="049317","華通元富53購02","723,000","29","305,300","0.41","0.46","0.40","0.41","+","0.02","0.40","25","0.41","25","79.30",
="049318","華通元富53購03","1,535,000","30","492,310","0.29","0.35","0.28","0.31","+","0.02","0.31","25","0.32","25","79.30",
="04931U","健策群益56售01","210,000","14","84,720","0.39","0.42","0.38","0.40","+","0.02","0.38","21","0.40","19","0.00",
="049321","玉晶光元富51購01","0","0","0","--","--","--","--"," ","0.00","0.17","25","0.18","25","461.50",
="049323","定穎控元富49購01","0","0","0","--","--","--","--"," ","0.00","1.97","25","2.07","10","106.00",
="049325","愛普元富49購01","0","0","0","--","--","--","--"," ","0.00","--","0","0.10","25","305.50",
="04932U","南電群益55售02","54,000","6","16,620","0.34","0.35","0.28","0.28","-","0.12","0.25","504","--","0","0.00",
="04933U","智邦富邦54售01","42,000","1","24,360","0.58","0.58","0.58","0.58","X","0.00","0.58","10","0.59","10","0.00",
="04934U","日月光富邦52售01","48,000","1","39,360","0.82","0.82","0.82","0.82","X","0.00","0.85","30","0.86","10","0.00",
="04935U","香港2X元富53售01","30,000","2","33,600","1.11","1.14","1.11","1.14","+","0.12","1.15","25","1.16","25","0.00",
="04936U","楠梓電元富52售02","1,719,000","25","1,010,180","0.64","0.67","0.53","0.57","-","0.09","0.56","25","0.66","25","0.00",
="04937U","道瓊銀國票58售01","13,000","3","6,350","0.49","0.49","0.48","0.48","-","0.03","0.48","55","0.49","10","0.00",
="04938U","定穎控國票53售01","651,000","11","364,020","0.52","0.59","0.52","0.56","+","0.08","0.55","25","0.57","10","0.00",
="049398","技嘉元大49購01","1,000","1","280","0.28","0.28","0.28","0.28","X","0.00","0.16","25","0.26","10","281.00",
="04939U","南寶國票52售02","0","0","0","--","--","--","--"," ","0.00","1.68","25","1.69","10","0.00",
="049407","世芯元大49購01","0","0","0","--","--","--","--"," ","0.00","0.31","499","0.41","10","4,000.00",
="04940U","聯茂國票53售01","0","0","0","--","--","--","--"," ","0.00","0.51","25","--","0","0.00",
="049416","緯穎元大49購02","0","0","0","--","--","--","--"," ","0.00","1.95","400","--","0","2,975.00",
="04941U","川湖國泰53售02","67,000","4","62,850","0.94","0.94","0.91","0.94","-","0.03","0.93","499","0.94","100","0.00",
="049420","美費半元富59購01","0","0","0","--","--","--","--"," ","0.00","2.34","25","2.35","25","45.51",
="049426","聯發科元富54購01","0","0","0","--","--","--","--"," ","0.00","0.46","25","0.47","25","1,385.00",
="049427","聯發科元富57購04","0","0","0","--","--","--","--"," ","0.00","0.58","25","0.59","25","1,385.00",
="049428","陽明元富49購01","200,000","5","33,000","0.17","0.17","0.15","0.15","X","0.00","0.13","25","0.14","25","58.80",
="049429","陽明元富59購02","124,000","8","205,460","1.62","1.68","1.62","1.65","+","0.04","1.59","25","1.60","25","58.80",
="04942U","鴻海國泰54售02","0","0","0","--","--","--","--"," ","0.00","0.65","499","0.67","100","0.00",
="049430","文曄元富49購01","0","0","0","--","--","--","--"," ","0.00","0.27","25","0.29","25","123.00",
="049431","世芯元富49購01","9,000","1","8,820","0.98","0.98","0.98","0.98","-","0.03","0.81","25","0.83","25","4,000.00",
="049437","愛山林群益49購01","0","0","0","--","--","--","--"," ","0.00","--","0","--","0","78.00",
="04943U","台積電國泰53售03","0","0","0","--","--","--","--"," ","0.00","1.11","499","1.18","499","0.00",
="04944U","川湖統一52售05","0","0","0","--","--","--","--"," ","0.00","0.38","10","0.39","10","0.00",
="049451","T50反1中信49購01","0","0","0","--","--","--","--"," ","0.00","0.01","1","0.02","46","0.00",
="04945U","台達電統一52售02","0","0","0","--","--","--","--"," ","0.00","0.33","10","0.34","10","0.00",
="04946U","智邦統一52售01","0","0","0","--","--","--","--"," ","0.00","0.47","10","0.48","10","0.00",
="04947U","台光電統一52售02","61,000","6","24,400","0.40","0.40","0.40","0.40","+","0.01","0.39","10","0.40","10","0.00",
="04948U","奇鋐統一52售05","0","0","0","--","--","--","--"," ","0.00","0.47","10","0.48","10","0.00",
="04949U","T50反1永豐52售02","0","0","0","--","--","--","--"," ","0.00","1.61","10","1.62","10","0.00",
="04950U","台積電永豐52售04","40,000","3","26,840","0.66","0.68","0.66","0.68","+","0.03","0.71","499","0.72","10","0.00",
="04951U","鴻海凱基52售05","30,000","1","6,000","0.20","0.20","0.20","0.20"," ","0.00","0.20","100","0.21","30","0.00",
="04952U","智邦凱基52售05","101,000","3","165,170","1.67","1.67","1.62","1.62","X","0.00","1.67","100","1.68","10","0.00",
="049532","技嘉元大49購02","0","0","0","--","--","--","--"," ","0.00","0.25","25","0.35","10","281.00",
="04953U","微星凱基52售02","0","0","0","--","--","--","--"," ","0.00","1.65","100","1.67","10","0.00",
="049544","景碩元大49購01","0","0","0","--","--","--","--"," ","0.00","--","0","0.10","10","113.50",
="049546","世芯元大49購02","0","0","0","--","--","--","--"," ","0.00","0.40","499","0.50","10","4,000.00",
="04954P","嘉澤群益4A售01","0","0","0","--","--","--","--"," ","0.00","--","0","1.13","10","0.00",
="04954U","漢唐凱基52售03","0","0","0","--","--","--","--"," ","0.00","0.14","10","0.15","30","0.00",
="049555","緯穎元大49購03","2,000","1","3,460","1.73","1.73","1.73","1.73"," ","0.00","1.71","450","--","0","2,975.00",
="04955U","日月光凱基52售01","0","0","0","--","--","--","--"," ","0.00","1.26","100","1.28","10","0.00",
="04956U","中磊凱基52售01","23,000","1","17,940","0.78","0.78","0.78","0.78","X","0.00","0.78","100","0.80","10","0.00",
="049575","台積電永豐49購04","0","0","0","--","--","--","--"," ","0.00","0.18","499","0.28","10","1,160.00",
="049576","台積電永豐49購05","0","0","0","--","--","--","--"," ","0.00","0.14","499","0.24","10","1,160.00",
="04957U","連加凱基52售03","10,000","2","22,050","2.21","2.21","2.16","2.16","X","0.00","2.19","100","2.20","10","0.00",
="049583","萬海元富49購01","2,000","1","520","0.26","0.26","0.26","0.26","X","0.00","0.21","25","0.22","25","84.10",
="049584","萬海元富59購01","48,000","3","86,960","1.81","1.85","1.81","1.85","+","0.07","1.76","35","1.77","25","84.10",
="04958U","南電凱基54售01","258,000","13","160,720","0.75","0.75","0.56","0.56","-","0.27","0.51","20","0.56","40","0.00",
="04959U","臺股指凱基56售09","0","0","0","--","--","--","--"," ","0.00","1.65","100","1.66","10","0.00",
="04960U","臺股指凱基56售10","30,000","1","51,900","1.73","1.73","1.73","1.73","+","0.02","1.78","100","1.79","10","0.00",
="04961U","上証2X元大53售02","0","0","0","--","--","--","--"," ","0.00","0.44","250","0.45","100","0.00",
="04962U","台達電元大52售01","50,000","3","49,750","1.00","1.00","0.99","1.00","+","0.04","1.00","25","1.01","10","0.00",
="04963U","台積電元大52售15","100,000","1","61,000","0.61","0.61","0.61","0.61","+","0.03","0.01","499","0.65","1","0.00",
="04964U","台光電元大52售02","147,000","2","238,260","1.58","1.66","1.58","1.66","+","0.04","0.26","38","--","0","0.00",
="04965U","台光電元大52售03","130,000","2","108,500","0.81","0.85","0.81","0.85","-","0.01","0.72","3","--","0","0.00",
="049663","元債2X元大49購02","0","0","0","--","--","--","--"," ","0.00","--","0","0.03","25","7.05",
="049664","元債2X元大4C購02","0","0","0","--","--","--","--"," ","0.00","0.01","100","0.06","50","7.05",
="049668","潤隆元大49購01","0","0","0","--","--","--","--"," ","0.00","--","0","0.10","10","30.10",
="049669","技嘉元大49購03","338,000","1","141,960","0.42","0.42","0.42","0.42","-","0.03","0.38","25","0.39","10","281.00",
="04966U","日月光元大52售01","0","0","0","--","--","--","--"," ","0.00","0.80","499","0.81","200","0.00",
="04967U","日月光元大52售02","0","0","0","--","--","--","--"," ","0.00","0.95","499","0.96","200","0.00",
="049680","萬海元大49購01","0","0","0","--","--","--","--"," ","0.00","--","0","0.10","10","84.10",
="049682","中信金元大49購01","0","0","0","--","--","--","--"," ","0.00","1.34","499","1.42","10","41.80",
="04968U","日月光元大52售03","0","0","0","--","--","--","--"," ","0.00","0.95","499","0.96","200","0.00",
="04969U","華新群益54售01","0","0","0","--","--","--","--"," ","0.00","0.84","10","0.94","10","0.00",
="049708","美債2X元富4B購01","0","0","0","--","--","--","--"," ","0.00","0.01","25","0.10","10","7.03",
="049709","美時元富59購01","0","0","0","--","--","--","--"," ","0.00","0.46","25","0.47","25","193.50",
="04970U","定穎控群益56售01","413,000","6","270,930","0.63","0.66","0.61","0.65","+","0.06","0.56","2","0.68","2","0.00",
="049712","藍天元富49購01","0","0","0","--","--","--","--"," ","0.00","--","0","0.10","10","41.95",
="049716","景碩元富49購01","0","0","0","--","--","--","--"," ","0.00","--","0","0.10","25","113.50",
="049717","新日興元富49購01","10,000","2","9,300","0.77","1.09","0.77","1.09","X","0.00","0.01","10","--","0","259.00",
="04971U","愛普群益52售04","0","0","0","--","--","--","--"," ","0.00","2.18","100","2.19","100","0.00",
="049723","緯穎元富49購02","0","0","0","--","--","--","--"," ","0.00","2.80","25","2.87","25","2,975.00",
="04972U","T50正2中信56售04","0","0","0","--","--","--","--"," ","0.00","1.14","100","1.15","100","0.00",
="04973U","臺股指中信55售03","0","0","0","--","--","--","--"," ","0.00","0.68","499","0.69","100","0.00",
="04974U","臺股指中信55售04","0","0","0","--","--","--","--"," ","0.00","0.56","499","0.57","100","0.00",
="04975U","臺股指中信55售05","0","0","0","--","--","--","--"," ","0.00","0.47","499","0.48","100","0.00",
="049762","元債2X凱基4C購01","0","0","0","--","--","--","--"," ","0.00","--","0","0.10","10","7.05",
="04976U","台灣50永豐55售02","200,000","1","208,000","1.04","1.04","1.04","1.04","X","0.00","1.06","499","1.07","10","0.00",
="04977U","致茂永豐53售01","0","0","0","--","--","--","--"," ","0.00","0.72","499","0.73","10","0.00",
="04978U","昇陽半永豐53售03","15,000","1","19,050","1.27","1.27","1.27","1.27","X","0.00","1.21","10","1.22","10","0.00",
="04979P","臺股指群益49售08","0","0","0","--","--","--","--"," ","0.00","0.01","499","--","0","0.00",
="04979U","鴻海元富52售08","0","0","0","--","--","--","--"," ","0.00","1.03","25","1.04","25","0.00",
="049803","中信金元大49購02","0","0","0","--","--","--","--"," ","0.00","2.04","25","2.11","10","41.80",
="049807","碩天元大49購01","0","0","0","--","--","--","--"," ","0.00","--","0","0.01","499","225.50",
="04980P","臺股指群益49售09","0","0","0","--","--","--","--"," ","0.00","0.13","499","0.14","499","0.00",
="04980U","鴻海元富52售09","82,000","1","91,020","1.11","1.11","1.11","1.11","+","0.07","1.07","25","1.08","25","0.00",
="04981U","牧德元富52售03","0","0","0","--","--","--","--"," ","0.00","0.53","25","0.54","25","0.00",
="049829","世芯群益49購01","0","0","0","--","--","--","--"," ","0.00","--","0","--","0","4,000.00",
="04982U","長榮國票53售02","0","0","0","--","--","--","--"," ","0.00","1.24","25","1.25","10","0.00",
="049837","士電統一49購03","0","0","0","--","--","--","--"," ","0.00","--","0","0.01","28","187.50",
="049838","中興電統一49購03","0","0","0","--","--","--","--"," ","0.00","0.01","10","0.02","10","167.00",
="04983U","jpp國票53售02","0","0","0","--","--","--","--"," ","0.00","0.50","25","0.52","10","0.00",
="049840","華通統一49購03","1,897,000","11","132,790","0.07","0.07","0.07","0.07"," ","0.00","0.07","10","0.08","10","79.30",
="049841","華通統一49購04","0","0","0","--","--","--","--"," ","0.00","0.06","10","0.07","10","79.30",
="049842","華通統一49購05","0","0","0","--","--","--","--"," ","0.00","0.02","10","0.03","10","79.30",
="049843","台亞統一49購01","0","0","0","--","--","--","--"," ","0.00","--","0","--","0","22.85",
="049844","華邦電統一49購01","0","0","0","--","--","--","--"," ","0.00","--","0","0.01","10","19.60",
="04984U","亞光國泰53售01","10,000","1","8,500","0.85","0.85","0.85","0.85","-","0.01","0.87","499","0.88","100","0.00",
="049850","宏碁統一49購01","0","0","0","--","--","--","--"," ","0.00","--","0","--","0","29.95",
="049852","藍天統一51購01","0","0","0","--","--","--","--"," ","0.00","0.10","10","0.11","10","41.95",
="049853","燿華統一49購03","0","0","0","--","--","--","--"," ","0.00","--","0","--","0","31.45",
="049854","金像電統一53購01","0","0","0","--","--","--","--"," ","0.00","2.47","10","2.50","10","486.00",
="049857","台光電統一49購03","0","0","0","--","--","--","--"," ","0.00","3.97","10","3.98","10","1,250.00",
="049858","台光電統一53購01","0","0","0","--","--","--","--"," ","0.00","3.69","10","3.74","10","1,250.00",
="04985U","台塑凱基54售03","0","0","0","--","--","--","--"," ","0.00","1.17","10","1.18","30","0.00",
="049860","京元電統一49購01","1,050,000","7","90,500","0.09","0.09","0.08","0.09","+","0.01","0.07","10","0.08","10","142.00",
="049861","聯發科統一49購06","50,000","5","15,400","0.31","0.31","0.30","0.31","-","0.03","0.29","10","0.30","10","1,385.00",
="049862","全新統一49購02","0","0","0","--","--","--","--"," ","0.00","0.03","10","0.04","10","153.50",
="049863","盟立統一53購01","0","0","0","--","--","--","--"," ","0.00","0.15","10","0.16","10","70.00",
="049864","愛山林統一49購01","0","0","0","--","--","--","--"," ","0.00","--","0","0.01","10","78.00",
="049865","皇昌統一51購01","8,000","2","4,160","0.52","0.52","0.52","0.52","X","0.00","0.50","10","0.51","10","83.50",
="049866","皇昌統一53購01","428,000","6","243,080","0.62","0.62","0.54","0.55","X","0.00","0.53","10","0.54","10","83.50",
="049867","萬海統一49購02","0","0","0","--","--","--","--"," ","0.00","--","0","0.01","583","84.10",
="049868","國泰金統一49購01","0","0","0","--","--","--","--"," ","0.00","0.03","10","0.04","10","62.30",
="049869","大立光統一49購03","0","0","0","--","--","--","--"," ","0.00","--","0","--","0","2,395.00",
="04986U","鴻海凱基56售04","1,000","1","860","0.86","0.86","0.86","0.86","X","0.00","0.84","100","0.85","10","0.00",
="049870","晟銘電統一49購02","68,000","3","45,520","0.64","0.74","0.64","0.74","+","0.17","0.50","10","0.51","10","133.00",
="049871","晟銘電統一49購03","100,000","1","25,000","0.25","0.25","0.25","0.25","+","0.03","0.19","10","0.20","10","133.00",
="049872","晟銘電統一4C購01","720,000","21","473,370","0.67","0.75","0.60","0.60","-","0.03","0.59","10","0.60","10","133.00",
="049873","晟銘電統一51購01","2,000","1","980","0.49","0.49","0.49","0.49","+","0.04","0.42","10","0.43","10","133.00",
="049874","晟銘電統一59購01","325,000","12","218,390","0.65","0.69","0.61","0.61","-","0.01","0.61","11","0.62","10","133.00",
="049875","晟銘電統一59購02","220,000","2","90,600","0.43","0.43","0.41","0.41","X","0.00","0.39","10","0.40","10","133.00",
="049876","晟銘電統一59購03","265,000","3","157,900","0.64","0.64","0.57","0.57","-","0.02","0.56","10","0.57","10","133.00",
="049877","晟銘電統一59購04","115,000","5","64,420","0.54","0.57","0.54","0.54","+","0.02","0.51","10","0.52","10","133.00",
="049878","晟銘電統一59購05","286,000","6","162,070","0.54","0.57","0.54","0.54","+","0.02","0.51","10","0.52","10","133.00",
="04987U","廣宇凱基52售03","991,000","32","303,260","0.32","0.33","0.29","0.32","-","0.02","0.31","200","0.32","50","0.00",
="049880","德律統一49購01","0","0","0","--","--","--","--"," ","0.00","0.82","10","0.83","10","206.00",
="049881","智原統一59購01","103,000","10","10,780","0.10","0.16","0.10","0.16","+","0.03","0.09","40","0.10","10","158.00",
="049885","TPK統一49購01","0","0","0","--","--","--","--"," ","0.00","--","0","0.01","10","41.20",
="049886","材料統一49購03","0","0","0","--","--","--","--"," ","0.00","--","0","0.01","10","67.70",
="049887","材料統一59購01","59,000","3","12,500","0.21","0.22","0.20","0.22","+","0.02","0.20","26","0.21","10","67.70",
="049888","南寶統一49購01","21,000","3","12,010","0.41","0.58","0.41","0.58","+","0.07","0.48","10","0.49","10","376.00",
="04988U","金像電凱基52售04","523,000","6","402,270","0.84","0.84","0.76","0.76","-","0.09","0.75","100","0.76","31","0.00",
="049890","達興統一49購01","0","0","0","--","--","--","--"," ","0.00","2.55","10","2.58","10","387.00",
="049891","達興統一53購01","14,000","4","21,600","1.53","1.55","1.53","1.55","+","0.05","1.58","10","1.59","10","387.00",
="049893","瑞儀統一49購01","0","0","0","--","--","--","--"," ","0.00","--","0","0.02","2","143.00",
="049894","超眾統一49購01","0","0","0","--","--","--","--"," ","0.00","--","0","--","0","144.00",
="049896","瑞祺統一53購01","0","0","0","--","--","--","--"," ","0.00","0.05","10","0.06","10","87.50",
="049897","晶心科統一55購01","0","0","0","--","--","--","--"," ","0.00","0.15","10","0.16","10","283.00",
="049898","永道統一53購01","55,000","1","4,950","0.09","0.09","0.09","0.09","X","0.00","0.08","10","0.09","10","154.50",
="049899","世紀鋼統一49購05","0","0","0","--","--","--","--"," ","0.00","--","0","--","0","188.00",
="04989U","晟銘電凱基52售04","163,000","6","169,090","0.93","1.13","0.93","1.13","-","0.01","1.13","100","1.14","10","0.00",
="049900","世紀鋼統一49購06","0","0","0","--","--","--","--"," ","0.00","--","0","0.01","10","188.00",
="04990P","台積電永豐49售07","0","0","0","--","--","--","--"," ","0.00","0.09","499","0.12","10","0.00",
="04990U","南寶凱基52售04","9,000","1","21,060","2.34","2.34","2.34","2.34","X","0.00","2.21","10","2.24","10","0.00",
="04991U","道瓊銅元大52售01","0","0","0","--","--","--","--"," ","0.00","0.90","499","0.91","100","0.00",
="049923","T50反1中信49購02","7,000","3","280","0.04","0.04","0.04","0.04","X","0.00","0.03","300","0.04","10","0.00",
="049929","台積電永豐49購06","0","0","0","--","--","--","--"," ","0.00","3.00","10","3.10","10","1,160.00",
="04992U","台玻元大52售08","0","0","0","--","--","--","--"," ","0.00","0.78","1","1.11","10","0.00",
="049932","劍麟元富49購01","10,000","1","2,000","0.20","0.20","0.20","0.20","+","0.01","0.07","25","0.17","25","113.50",
="049938","怡利電元富49購01","0","0","0","--","--","--","--"," ","0.00","--","0","0.10","42","53.20",
="049939","碩天元富49購01","0","0","0","--","--","--","--"," ","0.00","--","0","0.10","25","225.50",
="04993U","南電元大52售08","0","0","0","--","--","--","--"," ","0.00","--","0","0.64","10","0.00",
="049940","世芯元富49購02","0","0","0","--","--","--","--"," ","0.00","2.61","25","2.68","25","4,000.00",
="049941","十銓元富49購01","0","0","0","--","--","--","--"," ","0.00","--","0","0.10","25","74.00",
="049942","緯穎元富49購03","0","0","0","--","--","--","--"," ","0.00","3.94","25","4.04","25","2,975.00",
="049943","龍德船元富51購01","414,000","9","324,390","0.78","0.82","0.70","0.72","-","0.02","0.71","25","0.72","25","146.00",
="049944","健和興統一51購02","0","0","0","--","--","--","--"," ","0.00","0.02","10","0.10","10","53.50",
="049945","龍德船統一55購01","130,000","4","41,600","0.32","0.32","0.32","0.32"," ","0.00","0.31","10","0.32","3","146.00",
="04994U","臺股指元大52售16","102,000","4","156,320","1.52","1.56","1.52","1.56","+","0.10","1.57","100","1.58","10","0.00",
="04995U","臺股指元大52售17","0","0","0","--","--","--","--"," ","0.00","0.75","499","0.76","10","0.00",
="049966","技嘉凱基49購01","0","0","0","--","--","--","--"," ","0.00","0.36","100","--","0","281.00",
="04996U","臺股指元大52售18","0","0","0","--","--","--","--"," ","0.00","0.42","100","0.43","10","0.00",
="04997U","台灣50群益53售04","9,000","6","13,840","1.52","1.56","1.52","1.53","+","0.03","1.60","100","1.61","100","0.00",
="049981","元債2X群益4B購01","0","0","0","--","--","--","--"," ","0.00","0.01","25","0.03","10","7.05",
="04998U","台灣50群益55售01","102,000","3","144,830","1.40","1.43","1.40","1.43","+","0.05","1.46","100","1.47","100","0.00",
="049990","毅嘉群益49購01","0","0","0","--","--","--","--"," ","0.00","1.16","499","1.26","10","60.80",
="04999U","鴻海群益54售06","93,000","2","72,790","0.79","0.79","0.78","0.78","X","0.00","0.77","10","0.87","10","0.00",
="05000U","智邦群益58售01","0","0","0","--","--","--","--"," ","0.00","1.59","10","1.69","10","0.00",
="05001U","群光群益53售01","0","0","0","--","--","--","--"," ","0.00","--","0","--","0","0.00",
="05002U","可成群益53售01","0","0","0","--","--","--","--"," ","0.00","1.68","100","1.71","100","0.00",
="05003U","南電群益52售02","0","0","0","--","--","--","--"," ","0.00","--","0","--","0","0.00",
="05004U","道瓊指中信56售01","0","0","0","--","--","--","--"," ","0.00","0.51","499","0.52","100","0.00",
="050054","碩天元大49購02","0","0","0","--","--","--","--"," ","0.00","--","0","0.10","10","225.50",
="050056","上緯控元大49購01","0","0","0","--","--","--","--"," ","0.00","0.62","499","0.66","10","131.00",
="050059","達興元大49購01","0","0","0","--","--","--","--"," ","0.00","6.75","5","--","0","387.00",
="05005U","神達中信56售02","133,000","28","64,200","0.50","0.50","0.46","0.49","-","0.08","0.48","20","0.49","10","0.00",
="050066","T50反1中信49購03","0","0","0","--","--","--","--"," ","0.00","--","0","0.01","55","0.00",
="05006U","台達電永豐53售02","14,000","5","9,750","0.70","0.70","0.66","0.69","+","0.06","0.68","10","0.69","10","0.00",
="050077","鴻海永豐49購03","0","0","0","--","--","--","--"," ","0.00","5.15","10","5.65","10","206.00",
="050078","鴻海永豐4C購01","0","0","0","--","--","--","--"," ","0.00","4.64","10","4.70","10","206.00",
="05007U","香港2X元富52售02","6,000","2","7,540","1.25","1.27","1.25","1.27","+","0.14","1.30","25","1.31","25","0.00",
="05008U","川湖元富52售03","0","0","0","--","--","--","--"," ","0.00","1.79","25","1.80","25","0.00",
="050091","晶豪科兆豐49購01","0","0","0","--","--","--","--"," ","0.00","0.02","10","0.03","10","57.40",
="050093","大亞元富49購01","0","0","0","--","--","--","--"," ","0.00","0.02","25","0.10","10","43.00",
="050094","川湖元富4C購01","0","0","0","--","--","--","--"," ","0.00","5.85","25","5.95","25","2,925.00",
="05009U","智邦元富52售03","3,000","1","4,560","1.52","1.52","1.52","1.52","X","0.00","1.52","25","1.53","25","0.00",
="05010U","光寶科富邦52售02","48,000","1","38,400","0.80","0.80","0.80","0.80","+","0.01","0.80","30","0.81","10","0.00",
="05011U","台達電富邦52售02","235,000","13","115,600","0.49","0.53","0.47","0.53","+","0.06","0.49","2","0.53","10","0.00",
="050124","T50正2統一51購01","0","0","0","--","--","--","--"," ","0.00","0.92","10","0.93","10","259.40",
="050125","矽力統一51購01","0","0","0","--","--","--","--"," ","0.00","0.08","10","0.10","10","317.00",
="050129","元債2X凱基4A購02","0","0","0","--","--","--","--"," ","0.00","--","0","0.10","10","7.05",
="05012U","台灣50凱基54售08","2,000","1","2,880","1.44","1.44","1.44","1.44","X","0.00","1.49","100","1.50","50","0.00",
="05013U","SGBR2X凱基52售01","0","0","0","--","--","--","--"," ","0.00","1.30","100","1.31","10","0.00",
="050147","緯穎凱基49購01","0","0","0","--","--","--","--"," ","0.00","3.38","100","3.48","10","2,975.00",
="05014U","大成鋼凱基52售04","582,000","31","969,100","1.71","1.73","1.62","1.73","+","0.08","1.74","10","1.84","10","0.00",
="05015U","川湖凱基52售04","10,000","1","15,500","1.55","1.55","1.55","1.55","-","0.05","1.54","100","--","0","0.00",
="05016U","光寶科凱基52售03","0","0","0","--","--","--","--"," ","0.00","0.69","100","0.70","10","0.00",
="050176","毅嘉元大49購01","0","0","0","--","--","--","--"," ","0.00","1.73","450","1.76","10","60.80",
="05017P","建準統一4C售02","0","0","0","--","--","--","--"," ","0.00","0.11","10","0.21","10","0.00",
="05017U","鴻海凱基54售12","0","0","0","--","--","--","--"," ","0.00","0.95","100","0.96","10","0.00",
="050187","奇鋐元大49購01","0","0","0","--","--","--","--"," ","0.00","--","0","5.15","10","1,015.00",
="05018U","健策凱基52售01","272,000","11","142,040","0.55","0.55","0.51","0.51","+","0.01","0.50","100","0.51","30","0.00",
="050190","亞光元大49購01","0","0","0","--","--","--","--"," ","0.00","0.39","25","--","0","164.00",
="050198","台灣50群益49購01","0","0","0","--","--","--","--"," ","0.00","0.41","25","--","0","52.50",
="05019U","臺股指凱基52售14","0","0","0","--","--","--","--"," ","0.00","1.15","100","1.16","10","0.00",
="050200","元債2X群益4B購02","0","0","0","--","--","--","--"," ","0.00","0.01","25","0.03","10","7.05",
="05020U","臺股指凱基52售15","10,000","1","13,300","1.33","1.33","1.33","1.33","+","0.03","1.39","100","1.40","10","0.00",
="05021U","臺股指凱基52售16","22,000","3","40,380","1.82","1.89","1.82","1.89","+","0.12","1.90","100","1.91","10","0.00",
="05022U","台灣50國票53售04","2,000","1","3,280","1.64","1.64","1.64","1.64","X","0.00","1.67","25","1.68","10","0.00",
="05023U","T50正2國票53售01","11,000","7","16,780","1.51","1.56","1.50","1.55","+","0.04","1.56","25","1.57","10","0.00",
="050247","台灣50凱基49購01","0","0","0","--","--","--","--"," ","0.00","0.49","100","--","0","52.50",
="050248","SGBR2X凱基49購01","0","0","0","--","--","--","--"," ","0.00","--","0","0.10","10","11.25",
="05024U","台達電國票52售02","8,000","2","10,710","1.35","1.35","1.32","1.32","+","0.04","1.30","25","1.31","10","0.00",
="05025U","智邦國票53售02","0","0","0","--","--","--","--"," ","0.00","0.59","25","0.60","10","0.00",
="05026U","金像電國票53售03","31,000","7","11,360","0.38","0.38","0.36","0.36"," ","0.00","0.34","25","0.35","10","0.00",
="050275","SGBR2X元富4C購01","0","0","0","--","--","--","--"," ","0.00","0.40","25","0.41","25","11.25",
="050276","聯發科元富57購05","57,000","2","62,170","1.09","1.13","1.09","1.13"," ","0.00","1.08","25","1.10","25","1,385.00",
="050277","聯發科元富57購06","6,000","2","7,580","1.26","1.28","1.26","1.28"," ","0.00","1.24","30","1.25","25","1,385.00",
="050279","京鼎元富49購01","0","0","0","--","--","--","--"," ","0.00","--","0","0.10","25","290.00",
="05027U","長榮太國票52售02","0","0","0","--","--","--","--"," ","0.00","1.07","25","1.08","10","0.00",
="050280","台勝科元富49購01","0","0","0","--","--","--","--"," ","0.00","--","0","0.01","100","85.20",
="050281","世芯元富49購03","0","0","0","--","--","--","--"," ","0.00","1.18","30","--","0","4,000.00",
="050283","緯穎元富49購04","0","0","0","--","--","--","--"," ","0.00","3.41","25","3.48","25","2,975.00",
="050285","雷虎元富49購01","16,000","4","342,200","21.00","21.70","21.00","21.70","+","0.70","21.00","25","22.00","25","173.00",
="05028U","臺股指國票52售06","0","0","0","--","--","--","--"," ","0.00","2.39","499","2.40","499","0.00",
="05029U","臺股指國票53售06","105,000","12","282,620","2.64","2.74","2.62","2.74","+","0.16","2.75","499","2.76","499","0.00",
="050305","洋華統一53購01","0","0","0","--","--","--","--"," ","0.00","0.30","10","0.31","10","55.90",
="050306","雷虎統一53購01","70,000","32","279,840","4.23","4.23","3.78","3.81","-","0.14","3.81","8","3.91","3","173.00",
="050308","雷虎統一59購01","164,000","20","587,270","3.79","3.79","3.51","3.51","+","0.12","3.49","10","3.59","10","173.00",
="050309","雷虎統一59購02","422,000","10","1,398,700","3.31","3.40","3.25","3.25","-","0.04","3.25","1","3.30","10","173.00",
="05030U","台達電元大52售02","193,000","8","268,050","1.37","1.42","1.37","1.40","+","0.05","1.40","24","1.41","10","0.00",
="050315","雷虎統一59購03","620,000","127","1,620,130","2.79","2.79","2.43","2.59","-","0.11","2.55","1","2.59","9","173.00",
="05031U","智邦元大52售04","0","0","0","--","--","--","--"," ","0.00","1.27","499","1.28","200","0.00",
="050324","美債2X永豐49購01","0","0","0","--","--","--","--"," ","0.00","--","0","0.10","10","7.03",
="05032U","智邦元大52售05","10,000","1","17,600","1.76","1.76","1.76","1.76","-","0.04","1.79","400","1.80","200","0.00",
="050331","大立光永豐49購01","0","0","0","--","--","--","--"," ","0.00","0.04","10","0.14","10","2,395.00",
="05033U","穎崴元大52售02","80,000","1","92,000","1.15","1.15","1.15","1.15","X","0.00","--","0","--","0","0.00",
="050345","元債2X富邦4C購01","0","0","0","--","--","--","--"," ","0.00","--","0","0.06","100","0.00",
="05034U","連加元大52售02","13,000","1","25,090","1.93","1.93","1.93","1.93","X","0.00","1.90","400","1.92","50","0.00",
="05035U","台塑化統一54售01","0","0","0","--","--","--","--"," ","0.00","0.65","10","0.66","10","0.00",
="050361","台光電元大49購01","0","0","0","--","--","--","--"," ","0.00","--","0","--","0","1,250.00",
="050363","毅嘉元大49購02","0","0","0","--","--","--","--"," ","0.00","1.86","400","--","0","60.80",
="050368","萬海元大49購02","0","0","0","--","--","--","--"," ","0.00","0.03","499","0.13","10","84.10",
="05036U","T50正2群益52售02","280,000","4","431,200","1.49","1.57","1.49","1.53","+","0.06","1.54","25","1.55","10","0.00",
="050372","奇鋐元大49購02","0","0","0","--","--","--","--"," ","0.00","4.48","150","--","0","1,015.00",
="05037U","T50正2群益53售02","0","0","0","--","--","--","--"," ","0.00","1.81","25","1.82","10","0.00",
="050383","佳能統一53購01","30,000","3","46,400","1.54","1.55","1.54","1.55","-","0.07","1.49","10","1.51","10","80.80",
="05038U","台塑群益52售04","0","0","0","--","--","--","--"," ","0.00","0.97","10","1.07","10","0.00",
="050399","川湖元富49購01","0","0","0","--","--","--","--"," ","0.00","5.20","25","5.30","25","2,925.00",
="05039U","大成鋼群益53售02","363,000","18","484,140","1.36","1.39","1.30","1.39","+","0.06","1.33","15","--","0","0.00",
="050401","鴻海元富49購02","0","0","0","--","--","--","--"," ","0.00","1.02","25","1.05","25","206.00",
="050404","立積元富49購01","0","0","0","--","--","--","--"," ","0.00","0.02","25","0.07","20","158.00",
="050405","祥碩元富49購01","5,000","1","200","0.04","0.04","0.04","0.04","X","0.00","0.04","25","0.10","10","1,665.00",
="050406","祥碩元富49購02","0","0","0","--","--","--","--"," ","0.00","0.60","25","0.62","25","1,665.00",
="05040U","鴻海群益54售07","0","0","0","--","--","--","--"," ","0.00","0.84","10","0.94","10","0.00",
="05041U","建準群益54售01","0","0","0","--","--","--","--"," ","0.00","0.29","34","--","0","0.00",
="05042U","長榮群益52售04","77,000","4","112,100","1.48","1.55","1.45","1.55","-","0.01","1.56","10","1.66","10","0.00",
="050435","華邦電兆豐49購01","63,000","1","630","0.01","0.01","0.01","0.01","X","0.00","--","0","0.01","10","19.60",
="050436","藍天兆豐49購01","2,000","1","20","0.01","0.01","0.01","0.01","-","0.01","0.01","10","0.02","10","41.95",
="05043U","晟銘電群益52售05","65,000","2","130,560","1.92","2.01","1.92","2.01","X","0.00","2.18","100","2.20","100","0.00",
="05044U","牧德群益54售01","80,000","2","12,000","0.15","0.15","0.15","0.15","-","0.03","0.14","100","0.15","100","0.00",
="05045U","jpp群益56售01","1,000","1","540","0.54","0.54","0.54","0.54","X","0.00","--","0","--","0","0.00",
="05046U","鴻海中信55售02","98,000","3","62,050","0.64","0.64","0.63","0.63","X","0.00","0.62","499","0.63","10","0.00",
="05047U","台光電國票53售01","22,000","1","13,420","0.61","0.61","0.61","0.61"," ","0.00","0.57","25","0.58","10","0.00",
="050482","台光電元大49購02","0","0","0","--","--","--","--"," ","0.00","--","0","--","0","1,250.00",
="050485","皇昌元大49購01","0","0","0","--","--","--","--"," ","0.00","0.43","499","0.46","10","83.50",
="05048U","長榮太國票53售02","72,000","8","98,420","1.26","1.39","1.26","1.38","+","0.10","1.35","25","1.36","10","0.00",
="050491","奇鋐元大49購03","0","0","0","--","--","--","--"," ","0.00","5.90","100","--","0","1,015.00",
="05049U","長榮太國票56售02","0","0","0","--","--","--","--"," ","0.00","1.57","25","1.58","10","0.00",
="050506","T50反1第一49購01","0","0","0","--","--","--","--"," ","0.00","0.16","10","0.17","10","19.79",
="05050U","昇陽半國票53售01","0","0","0","--","--","--","--"," ","0.00","1.05","25","1.06","10","0.00",
="05051U","光寶科永豐52售02","20,000","6","19,390","0.98","0.99","0.95","0.97"," ","0.00","0.99","499","1.00","10","0.00",
="050524","立積兆豐49購01","0","0","0","--","--","--","--"," ","0.00","0.18","20","0.33","3","158.00",
="050527","立積統一57購01","32,000","2","14,100","0.42","0.45","0.42","0.45","+","0.03","0.50","10","--","0","158.00",
="050528","立積統一59購01","147,000","5","59,900","0.37","0.44","0.37","0.44","+","0.07","0.44","10","--","0","158.00",
="050529","元油反元富49購01","0","0","0","--","--","--","--"," ","0.00","--","0","0.10","10","6.68",
="05052U","長榮太永豐52售01","2,000","1","1,360","0.68","0.68","0.68","0.68","+","0.03","0.68","10","0.70","10","0.00",
="05053U","創意永豐53售03","0","0","0","--","--","--","--"," ","0.00","--","0","--","0","0.00",
="050549","奇鋐凱基49購01","0","0","0","--","--","--","--"," ","0.00","3.07","100","3.17","10","1,015.00",
="05054U","精成科永豐53售03","0","0","0","--","--","--","--"," ","0.00","0.30","19","0.68","10","0.00",
="050552","京鼎凱基49購01","0","0","0","--","--","--","--"," ","0.00","--","0","0.10","10","290.00",
="05055U","昇陽半永豐52售03","14,000","1","16,660","1.19","1.19","1.19","1.19","X","0.00","1.14","10","1.15","10","0.00",
="05056U","鴻海富邦52售03","0","0","0","--","--","--","--"," ","0.00","0.38","30","0.39","10","0.00",
="05057U","台積電富邦52售06","50,000","2","33,700","0.67","0.69","0.67","0.69","+","0.04","0.69","30","0.70","10","0.00",
="05058U","台光電富邦53售03","30,000","1","13,800","0.46","0.46","0.46","0.46","+","0.01","0.44","100","0.45","28","0.00",
="050599","奇鋐元大49購04","0","0","0","--","--","--","--"," ","0.00","--","0","4.48","10","1,015.00",
="05059U","T50正2元富52售02","0","0","0","--","--","--","--"," ","0.00","1.21","25","1.22","25","0.00",
="05060U","T50正2元富52售03","10,000","1","13,200","1.32","1.32","1.32","1.32","X","0.00","1.30","25","1.31","25","0.00",
="05061U","亞光元富52售03","0","0","0","--","--","--","--"," ","0.00","1.49","25","1.50","25","0.00",
="05062U","神達元富52售05","24,000","3","9,200","0.42","0.42","0.38","0.38","-","0.11","0.40","25","0.41","25","0.00",
="05063U","智伸科元富52售02","2,000","1","3,840","1.92","1.92","1.92","1.92","X","0.00","1.75","25","1.85","10","0.00",
="050643","T50反1中信53購01","1,168,000","16","199,070","0.17","0.18","0.17","0.18","+","0.01","0.17","300","0.18","225","0.00",
="050644","元債2X中信49購01","0","0","0","--","--","--","--"," ","0.00","--","0","0.02","10","0.00",
="05064P","台積電元富4A售04","0","0","0","--","--","--","--"," ","0.00","--","0","0.09","120","0.00",
="05064U","昇陽半元富52售03","0","0","0","--","--","--","--"," ","0.00","2.26","25","2.28","25","0.00",
="050657","正崴統一52購01","0","0","0","--","--","--","--"," ","0.00","0.09","10","0.11","10","48.40",
="050658","南亞科兆豐49購01","5,000","1","2,400","0.48","0.48","0.48","0.48","X","0.00","0.47","20","0.48","5","46.65",
="05065U","台達電國泰53售03","292,000","9","191,560","0.66","0.67","0.64","0.67","+","0.03","0.65","10","0.66","10","0.00",
="050662","南電兆豐49購01","0","0","0","--","--","--","--"," ","0.00","4.84","14","--","0","226.00",
="05066U","台灣50元大52售04","30,000","1","36,600","1.22","1.22","1.22","1.22","X","0.00","1.22","499","1.23","10","0.00",
="050679","T50正2元富51購01","13,000","4","21,940","1.70","1.70","1.68","1.68","-","0.09","1.67","25","1.69","25","259.40",
="05067U","台灣50元大52售05","210,000","3","172,300","0.82","0.83","0.82","0.83","+","0.02","0.87","100","0.88","10","0.00",
="050683","信錦元富49購01","0","0","0","--","--","--","--"," ","0.00","--","0","0.10","25","72.00",
="050687","正崴元富49購01","0","0","0","--","--","--","--"," ","0.00","--","0","0.10","25","48.40",
="05068U","聯發科元大52售13","200,000","1","260,000","1.30","1.30","1.30","1.30","+","0.04","0.20","100","--","0","0.00",
="050691","龍德船元富55購01","371,000","6","304,920","0.83","0.86","0.77","0.79","-","0.04","0.77","25","0.78","25","146.00",
="05069U","亞光元大52售02","0","0","0","--","--","--","--"," ","0.00","1.33","499","1.35","10","0.00",
="05070U","嘉澤元大52售05","11,000","2","12,640","1.14","1.15","1.14","1.15","-","0.02","1.12","499","1.13","200","0.00",
="05071U","T50正2凱基52售05","12,000","4","14,900","1.24","1.28","1.23","1.28","+","0.04","1.28","100","1.29","10","0.00",
="05072U","東陽凱基52售01","0","0","0","--","--","--","--"," ","0.00","1.56","10","1.59","10","0.00",
="05073U","台達電凱基52售05","20,000","3","30,110","1.50","1.53","1.49","1.53","+","0.06","1.51","10","1.61","10","0.00",
="05074P","台積電元富4A售05","0","0","0","--","--","--","--"," ","0.00","0.13","25","0.14","25","0.00",
="05074U","鴻海凱基52售06","0","0","0","--","--","--","--"," ","0.00","0.32","100","0.33","10","0.00",
="05075U","建準凱基52售03","0","0","0","--","--","--","--"," ","0.00","0.91","100","0.93","10","0.00",
="05076U","長榮太凱基52售06","64,000","4","57,040","0.86","0.99","0.86","0.99","+","0.07","0.98","10","1.08","10","0.00",
="050773","威盛元大49購01","0","0","0","--","--","--","--"," ","0.00","--","0","0.10","10","62.00",
="05077U","精成科凱基52售01","309,000","7","263,110","0.86","0.86","0.79","0.79","-","0.44","0.78","1","0.79","30","0.00",
="05078U","穎崴凱基52售03","32,000","3","25,580","0.86","0.86","0.76","0.76","-","0.04","0.76","10","0.86","10","0.00",
="050793","所羅門第一49購01","17,000","3","2,500","0.16","0.18","0.12","0.12","-","0.12","0.12","4","0.15","10","162.00",
="050794","緯穎第一49購01","0","0","0","--","--","--","--"," ","0.00","1.73","10","1.78","10","2,975.00",
="05079U","富世達凱基52售02","14,000","6","11,360","0.83","0.84","0.78","0.79","+","0.02","0.78","103","0.80","3","0.00",
="050800","台積電中信49購01","0","0","0","--","--","--","--"," ","0.00","0.70","499","0.72","10","0.00",
="05080U","川湖群益52售03","0","0","0","--","--","--","--"," ","0.00","1.54","100","1.58","100","0.00",
="050817","光罩兆豐49購01","0","0","0","--","--","--","--"," ","0.00","--","0","0.01","10","41.45",
="05081U","光寶科群益53售02","0","0","0","--","--","--","--"," ","0.00","--","0","--","0","0.00",
="05082U","智邦群益52售07","0","0","0","--","--","--","--"," ","0.00","1.89","10","1.99","10","0.00",
="050834","所羅門統一53購01","403,000","11","187,380","0.47","0.48","0.44","0.44","-","0.03","0.43","10","0.44","10","162.00",
="050835","所羅門統一59購01","57,000","5","34,380","0.60","0.63","0.60","0.60","-","0.03","0.58","46","0.59","10","162.00",
="050836","所羅門統一59購02","52,000","3","29,480","0.55","0.57","0.55","0.57"," ","0.00","0.53","10","0.54","10","162.00",
="050837","所羅門統一59購03","162,000","9","73,400","0.47","0.47","0.44","0.44","-","0.03","0.43","10","0.44","10","162.00",
="050838","緯穎統一51購01","2,000","1","2,200","1.10","1.10","1.10","1.10","X","0.00","1.07","10","1.09","10","2,975.00",
="05083U","漢翔群益54售01","386,000","27","155,130","0.49","0.49","0.37","0.37","-","0.20","0.37","30","--","0","0.00",
="05084U","晟銘電群益52售06","0","0","0","--","--","--","--"," ","0.00","1.25","100","1.27","100","0.00",
="050851","奇鋐凱基49購02","0","0","0","--","--","--","--"," ","0.00","2.78","100","2.88","10","1,015.00",
="05085U","健策群益56售02","1,270,000","8","444,400","0.35","0.36","0.34","0.34","+","0.01","0.33","10","0.36","1","0.00",
="05086U","富世達群益52售06","80,000","10","76,620","1.00","1.00","0.91","0.93","+","0.01","0.92","10","--","0","0.00",
="050876","威盛元大49購02","0","0","0","--","--","--","--"," ","0.00","--","0","0.10","10","62.00",
="05087U","臺股指中信56售02","800,000","20","820,870","1.01","1.05","1.00","1.03","+","0.03","1.02","499","1.03","100","0.00",
="05088U","鴻海永豐52售06","5,000","1","3,850","0.77","0.77","0.77","0.77","X","0.00","0.76","10","0.77","10","0.00",
="05089U","T50正2富邦54售01","0","0","0","--","--","--","--"," ","0.00","1.20","100","1.21","98","0.00",
="05090U","川湖富邦52售03","0","0","0","--","--","--","--"," ","0.00","0.65","100","0.66","28","0.00",
="050916","台積電元富49購02","0","0","0","--","--","--","--"," ","0.00","15.70","25","16.70","10","1,160.00",
="050918","陽明元富49購02","0","0","0","--","--","--","--"," ","0.00","0.02","25","0.10","10","58.80",
="05091U","南電富邦53售02","22,000","5","8,190","0.40","0.40","0.31","0.31","-","0.15","0.25","1","0.31","10","0.00",
="050923","嘉澤元富49購01","0","0","0","--","--","--","--"," ","0.00","0.01","25","0.10","10","1,465.00",
="050924","嘉澤元富49購02","0","0","0","--","--","--","--"," ","0.00","0.13","25","0.14","25","1,465.00",
="050926","世芯元富59購01","10,000","2","33,100","3.32","3.32","3.30","3.30","X","0.00","3.24","25","3.29","25","4,000.00",
="050928","緯穎元富49購05","0","0","0","--","--","--","--"," ","0.00","2.62","25","2.68","25","2,975.00",
="050929","緯穎元富49購06","0","0","0","--","--","--","--"," ","0.00","2.45","25","2.55","10","2,975.00",
="05092U","臺股指富邦52售14","105,000","5","121,850","1.15","1.20","1.15","1.20","+","0.08","1.19","499","1.20","100","0.00",
="050931","T50反1富邦49購01","0","0","0","--","--","--","--"," ","0.00","--","0","0.07","18","0.00",
="050932","T50反1富邦4C購01","0","0","0","--","--","--","--"," ","0.00","0.01","246","0.02","1,201","0.00",
="05093U","臺股指富邦53售12","0","0","0","--","--","--","--"," ","0.00","1.10","499","1.11","100","0.00",
="05094U","臺股指富邦54售07","0","0","0","--","--","--","--"," ","0.00","1.11","499","1.12","100","0.00",
="050958","臺股指群益49購01","4,000","3","4,380","1.19","1.19","1.05","1.07","-","0.18","1.07","497","1.08","499","0.00",
="050959","臺股指群益49購02","0","0","0","--","--","--","--"," ","0.00","0.20","499","0.21","499","0.00",
="05095U","川湖凱基52售06","106,000","3","181,570","1.68","1.73","1.68","1.73","-","0.13","1.74","100","1.75","10","0.00",
="050960","臺股指群益49購03","0","0","0","--","--","--","--"," ","0.00","0.03","499","0.04","499","0.00",
="050961","臺股指群益49購04","0","0","0","--","--","--","--"," ","0.00","--","0","--","0","0.00",
="050964","元日2X元富49購02","0","0","0","--","--","--","--"," ","0.00","--","0","0.02","5","5.97",
="05096U","光寶科凱基52售04","0","0","0","--","--","--","--"," ","0.00","2.06","100","2.08","10","0.00",
="050973","達興元富49購01","0","0","0","--","--","--","--"," ","0.00","7.20","25","7.35","25","387.00",
="050976","緯穎元富51購01","7,000","1","23,590","3.37","3.37","3.37","3.37","+","0.09","3.20","25","3.24","25","2,975.00",
="05097U","智邦凱基52售08","0","0","0","--","--","--","--"," ","0.00","1.77","100","1.78","10","0.00",
="05098U","台光電凱基52售06","20,000","2","20,800","1.04","1.04","1.04","1.04","+","0.08","0.98","100","1.08","11","0.00",
="05099U","嘉澤凱基52售02","21,000","2","36,120","1.72","1.72","1.72","1.72","X","0.00","1.67","10","1.68","10","0.00",
="05100U","台塑元富52售04","0","0","0","--","--","--","--"," ","0.00","0.98","25","0.99","25","0.00",
="05101U","鴻海元富52售11","0","0","0","--","--","--","--"," ","0.00","1.10","25","1.11","25","0.00",
="051020","奇鋐第一49購01","0","0","0","--","--","--","--"," ","0.00","--","0","--","0","1,015.00",
="051021","世紀鋼第一49購01","0","0","0","--","--","--","--"," ","0.00","0.31","10","0.32","10","188.00",
="051022","T50反1凱基49購01","0","0","0","--","--","--","--"," ","0.00","--","0","--","0","19.79",
="05102U","漢唐元富52售02","30,000","1","13,500","0.45","0.45","0.45","0.45","+","0.04","0.41","25","0.42","10","0.00",
="05103U","宏致元富52售03","33,000","5","33,710","0.98","1.06","0.98","1.05","+","0.03","1.04","25","1.05","24","0.00",
="051040","臺股指凱基49購04","0","0","0","--","--","--","--"," ","0.00","--","0","--","0","0.00",
="05104U","訊芯元富52售02","0","0","0","--","--","--","--"," ","0.00","1.12","25","1.13","25","0.00",
="05105U","AES元富52售04","0","0","0","--","--","--","--"," ","0.00","1.74","25","1.75","25","0.00",
="05106U","鴻海群益54售08","68,000","1","108,800","1.60","1.60","1.60","1.60","X","0.00","1.55","10","1.65","10","0.00",
="05107U","台積電群益52售06","73,000","4","138,700","1.89","1.97","1.89","1.97","+","0.09","0.67","29","--","0","0.00",
="05108U","台積電群益52售07","20,000","2","32,700","1.61","1.66","1.61","1.66","+","0.07","0.64","15","--","0","0.00",
="05109U","漢唐群益53售03","136,000","2","76,840","0.57","0.57","0.56","0.56"," ","0.00","0.23","43","--","0","0.00",
="05110U","亞光群益54售01","0","0","0","--","--","--","--"," ","0.00","--","0","--","0","0.00",
="051118","陽明第一49購01","101,000","3","7,580","0.08","0.08","0.07","0.07","-","0.01","0.07","10","0.08","10","58.80",
="051119","萬海第一49購01","0","0","0","--","--","--","--"," ","0.00","0.16","10","0.17","10","84.10",
="05111U","神達群益52售04","13,000","2","12,370","0.94","0.99","0.94","0.99","X","0.00","0.96","10","1.06","10","0.00",
="05112U","精成科群益52售04","126,000","9","176,410","1.44","1.44","1.38","1.38","-","0.56","0.40","19","1.38","6","0.00",
="05113U","嘉澤國票53售01","0","0","0","--","--","--","--"," ","0.00","0.83","25","0.84","10","0.00",
="051140","建漢統一59購01","0","0","0","--","--","--","--"," ","0.00","0.17","10","0.20","10","26.35",
="051141","達興統一4C購01","88,000","12","116,520","1.29","1.38","1.24","1.33","+","0.11","1.29","10","1.30","10","387.00",
="051142","永道統一53購02","0","0","0","--","--","--","--"," ","0.00","0.06","10","0.10","10","154.50",
="05114U","上証2X元大52售03","37,000","11","28,650","0.79","0.80","0.72","0.74","+","0.13","0.79","250","0.80","100","0.00",
="051150","T50反1國票49購01","0","0","0","--","--","--","--"," ","0.00","--","0","--","0","19.79",
="05115U","日本2X元大53售01","80,000","1","63,200","0.79","0.79","0.79","0.79","-","0.03","0.77","250","0.78","100","0.00",
="05116U","奇鋐元大52售01","326,000","14","516,990","1.49","1.61","1.49","1.57","+","0.14","1.55","499","1.57","200","0.00",
="05117U","健策元大52售02","261,000","29","204,520","0.77","0.85","0.76","0.77","+","0.04","0.76","25","0.77","12","0.00",
="05118U","訊芯元大52售05","73,000","1","108,040","1.48","1.48","1.48","1.48","+","0.10","1.49","499","1.50","200","0.00",
="05119U","金像電中信56售01","5,000","1","3,500","0.70","0.70","0.70","0.70","+","0.02","0.66","10","0.67","10","0.00",
="051203","滬深2X元富49購01","0","0","0","--","--","--","--"," ","0.00","6.35","25","6.85","10","18.32",
="051205","東陽元富49購01","0","0","0","--","--","--","--"," ","0.00","0.04","25","0.10","10","101.00",
="051208","佳能元富49購01","0","0","0","--","--","--","--"," ","0.00","--","0","--","0","80.80",
="05120U","台光電中信52售02","0","0","0","--","--","--","--"," ","0.00","1.06","10","--","0","0.00",
="051212","達興元富49購02","0","0","0","--","--","--","--"," ","0.00","4.60","25","4.70","25","387.00",
="051216","元債2X元大4C購03","0","0","0","--","--","--","--"," ","0.00","--","0","0.05","50","7.05",
="05121U","漢唐中信52售02","110,000","2","69,000","0.60","0.63","0.60","0.63","+","0.06","0.57","10","0.59","10","0.00",
="05122U","奇鋐中信52售02","13,000","3","18,490","1.39","1.43","1.39","1.43","+","0.09","1.43","1","--","0","0.00",
="05123U","奇鋐永豐52售03","931,000","18","1,338,250","1.35","1.47","1.35","1.42","+","0.08","1.40","10","1.42","10","0.00",
="05124U","金像電富邦53售04","0","0","0","--","--","--","--"," ","0.00","0.38","100","0.39","28","0.00",
="05125U","南亞凱基53售04","280,000","15","377,940","1.30","1.38","1.30","1.37","+","0.12","1.36","100","1.37","30","0.00",
="05126U","南亞凱基53售05","0","0","0","--","--","--","--"," ","0.00","1.84","100","1.85","30","0.00",
="05127U","鴻海凱基56售06","0","0","0","--","--","--","--"," ","0.00","2.21","100","2.22","10","0.00",
="05128U","群光凱基53售01","0","0","0","--","--","--","--"," ","0.00","1.36","100","1.37","10","0.00",
="05129U","奇鋐凱基53售05","73,000","5","112,870","1.50","1.59","1.50","1.59","+","0.14","1.56","100","1.58","10","0.00",
="051309","台灣50元富49購01","236,000","3","358,960","1.57","1.59","1.52","1.52","-","0.27","1.33","25","1.43","10","52.50",
="05130U","訊芯凱基53售03","0","0","0","--","--","--","--"," ","0.00","1.38","10","--","0","0.00",
="051311","鴻海元富53購01","9,000","3","28,920","3.26","3.26","3.18","3.18","-","0.21","3.26","25","3.28","25","206.00",
="051313","台積電元富49購03","0","0","0","--","--","--","--"," ","0.00","9.10","25","9.60","10","1,160.00",
="051314","美律元富49購01","0","0","0","--","--","--","--"," ","0.00","--","0","0.10","25","107.50",
="051317","群創元富49購01","0","0","0","--","--","--","--"," ","0.00","0.26","25","0.36","10","14.15",
="051319","日月光元富49購01","0","0","0","--","--","--","--"," ","0.00","0.04","25","0.10","10","147.50",
="05131U","台玻國票53售04","0","0","0","--","--","--","--"," ","0.00","0.36","25","0.57","12","0.00",
="05132U","定穎控國票53售05","0","0","0","--","--","--","--"," ","0.00","1.07","25","1.09","10","0.00",
="05133U","立積國票52售03","0","0","0","--","--","--","--"," ","0.00","0.89","11","1.63","10","0.00",
="05134U","和椿國票52售05","0","0","0","--","--","--","--"," ","0.00","1.52","25","1.55","10","0.00",
="051359","緯穎凱基49購02","0","0","0","--","--","--","--"," ","0.00","2.95","100","3.05","10","2,975.00",
="05135U","臺股指國票52售07","0","0","0","--","--","--","--"," ","0.00","2.14","499","2.15","499","0.00",
="051364","美債2X元大49購01","0","0","0","--","--","--","--"," ","0.00","--","0","0.05","50","7.03",
="05136U","臺股指國票53售07","112,000","5","178,420","1.56","1.61","1.56","1.61","+","0.09","1.61","499","1.62","499","0.00",
="05137U","定穎控國泰53售02","60,000","2","58,400","0.94","0.98","0.94","0.98","+","0.14","0.94","499","0.98","100","0.00",
="05138U","台灣50元富52售04","1,076,000","21","3,194,510","2.92","3.04","2.90","3.00","+","0.15","3.04","25","3.05","25","0.00",
="05139U","SGBR2X元富52售03","0","0","0","--","--","--","--"," ","0.00","1.60","25","1.61","25","0.00",
="05140U","鴻海元富52售15","75,000","1","114,750","1.53","1.53","1.53","1.53","+","0.04","1.54","25","1.55","25","0.00",
="051410","達興永豐49購01","60,000","13","60,700","0.96","1.20","0.89","0.98","+","0.08","0.98","5","1.03","5","387.00",
="051414","新日興統一57購01","239,000","13","157,210","0.60","0.74","0.60","0.69","+","0.07","0.68","20","0.69","10","259.00",
="051415","達興統一53購02","701,000","33","1,023,190","1.45","1.52","1.39","1.46","+","0.22","1.43","10","1.44","10","387.00",
="051416","迎廣統一59購01","44,000","1","29,920","0.68","0.68","0.68","0.68","-","0.01","0.65","10","0.66","10","94.00",
="051417","迎廣統一59購02","0","0","0","--","--","--","--"," ","0.00","0.41","10","0.42","10","94.00",
="051418","迎廣統一59購03","0","0","0","--","--","--","--"," ","0.00","0.39","10","0.40","10","94.00",
="05141U","健鼎元富52售03","0","0","0","--","--","--","--"," ","0.00","1.95","25","1.96","25","0.00",
="05142U","定穎控元富52售04","260,000","21","209,190","0.78","0.83","0.78","0.81","+","0.07","0.81","25","0.82","31","0.00",
="05143U","台塑群益58售01","0","0","0","--","--","--","--"," ","0.00","1.91","10","2.01","10","0.00",
="051445","美債2X凱基49購01","0","0","0","--","--","--","--"," ","0.00","--","0","0.10","10","7.03",
="05144U","川湖群益54售06","0","0","0","--","--","--","--"," ","0.00","2.21","100","2.25","100","0.00",
="05145U","光寶科群益58售01","68,000","1","203,320","2.99","2.99","2.99","2.99"," ","0.00","2.02","9","--","0","0.00",
="05146U","鴻海群益54售09","70,000","3","80,550","1.19","1.19","1.15","1.16","+","0.06","1.14","10","1.24","10","0.00",
="05147U","台積電群益52售08","16,000","3","23,850","1.49","1.50","1.49","1.50","+","0.02","0.58","17","--","0","0.00",
="05148U","智邦群益59售01","0","0","0","--","--","--","--"," ","0.00","0.71","10","0.81","10","0.00",
="051491","臺股指元大49購01","0","0","0","--","--","--","--"," ","0.00","--","0","0.10","10","0.00",
="051492","臺股指元大49購02","0","0","0","--","--","--","--"," ","0.00","0.02","499","0.12","10","0.00",
="051493","臺股指元大49購03","0","0","0","--","--","--","--"," ","0.00","0.09","499","0.19","10","0.00",
="051494","臺股指元大49購04","0","0","0","--","--","--","--"," ","0.00","0.08","100","0.18","10","0.00",
="05149U","金像電群益53售04","0","0","0","--","--","--","--"," ","0.00","0.81","100","0.82","100","0.00",
="05150U","漢唐群益54售02","144,000","4","95,450","0.67","0.70","0.65","0.65","+","0.01","0.27","37","--","0","0.00",
="051515","元債2X群益4B購03","0","0","0","--","--","--","--"," ","0.00","--","0","--","0","7.05",
="05151U","京元電群益52售04","0","0","0","--","--","--","--"," ","0.00","0.97","10","--","0","0.00",
="051522","鴻海群益49購01","2,000","1","1,480","0.74","0.74","0.74","0.74","X","0.00","0.03","30","0.84","10","206.00",
="05152U","京元電群益53售02","25,000","1","21,750","0.87","0.87","0.87","0.87","-","0.11","0.48","20","--","0","0.00",
="05153U","嘉澤群益58售01","0","0","0","--","--","--","--"," ","0.00","2.10","100","2.16","100","0.00",
="05154U","台灣50元大55售02","24,000","2","19,020","0.79","0.82","0.79","0.82","+","0.04","0.82","100","0.83","10","0.00",
="05155U","T50正2元大53售02","15,000","4","13,800","0.92","0.92","0.92","0.92","+","0.02","0.94","100","0.95","10","0.00",
="051563","美債2X元富49購02","0","0","0","--","--","--","--"," ","0.00","--","0","0.10","25","7.03",
="051565","鴻海元富56購01","60,000","10","458,250","7.65","7.70","7.50","7.65","-","0.30","7.65","25","7.70","25","206.00",
="051567","順德元富4A購01","0","0","0","--","--","--","--"," ","0.00","--","0","0.10","25","88.20",
="051568","大同元富49購01","0","0","0","--","--","--","--"," ","0.00","0.01","25","0.10","10","40.75",
="05156P","台積電統一4A售10","0","0","0","--","--","--","--"," ","0.00","0.16","10","0.17","10","0.00",
="05156U","T50正2元大55售01","1,000","1","960","0.96","0.96","0.96","0.96","X","0.00","0.98","100","0.99","10","0.00",
="051572","開發金元富49購01","0","0","0","--","--","--","--"," ","0.00","0.03","25","0.08","50","15.55",
="051578","迎廣元富49購01","0","0","0","--","--","--","--"," ","0.00","0.18","25","0.19","25","94.00",
="05157U","南亞元大53售01","0","0","0","--","--","--","--"," ","0.00","1.64","499","1.65","200","0.00",
="05158U","金像電元大53售02","95,000","7","125,540","1.33","1.33","1.26","1.27","-","0.04","1.25","499","1.26","200","0.00",
="051592","陽明統一49購04","0","0","0","--","--","--","--"," ","0.00","0.09","10","0.10","10","58.80",
="051593","弘憶股統一59購01","0","0","0","--","--","--","--"," ","0.00","0.17","10","0.18","10","45.30",
="051594","弘憶股統一59購02","2,000","1","400","0.20","0.20","0.20","0.20","X","0.00","0.19","10","0.20","10","45.30",
="051595","弘憶股統一59購03","124,000","6","26,020","0.21","0.21","0.20","0.20","X","0.00","0.20","10","0.21","10","45.30",
="051596","京鼎統一49購02","0","0","0","--","--","--","--"," ","0.00","--","0","--","0","290.00",
="051598","世紀鋼統一55購02","0","0","0","--","--","--","--"," ","0.00","0.22","10","0.23","10","188.00",
="05159U","定穎控元大53售02","193,000","7","166,440","0.81","0.87","0.81","0.84","+","0.06","0.85","499","0.86","200","0.00",
="051600","元日2X國票49購01","0","0","0","--","--","--","--"," ","0.00","--","0","0.01","600","5.97",
="05160P","台積電永豐49售10","0","0","0","--","--","--","--"," ","0.00","0.07","499","0.08","8","0.00",
="05160U","南亞中信52售04","30,000","3","51,900","1.70","1.77","1.70","1.77","+","0.20","1.82","499","1.84","10","0.00",
="051612","上証2X元富49購01","0","0","0","--","--","--","--"," ","0.00","6.70","25","7.20","10","45.30",
="051613","滬深2X元富59購01","100,000","2","625,050","6.30","6.30","6.25","6.25","X","0.00","6.25","25","6.75","10","18.32",
="051614","A50正2元富49購01","0","0","0","--","--","--","--"," ","0.00","4.45","25","4.55","10","31.56",
="051616","道瓊銀元富49購01","0","0","0","--","--","--","--"," ","0.00","0.35","25","0.45","47","32.63",
="05161P","台積電永豐49售11","0","0","0","--","--","--","--"," ","0.00","--","0","0.03","10","0.00",
="05161U","鴻海中信56售01","5,000","1","3,900","0.78","0.78","0.78","0.78","+","0.03","0.76","10","0.77","10","0.00",
="051622","台積電元富49購04","0","0","0","--","--","--","--"," ","0.00","0.83","25","0.93","10","1,160.00",
="051623","台積電元富49購05","0","0","0","--","--","--","--"," ","0.00","0.31","25","0.41","10","1,160.00",
="051625","順德元富49購01","0","0","0","--","--","--","--"," ","0.00","--","0","0.01","599","88.20",
="051626","華碩元富49購01","0","0","0","--","--","--","--"," ","0.00","0.11","25","0.21","10","634.00",
="051628","威盛元富49購01","0","0","0","--","--","--","--"," ","0.00","--","0","0.10","25","62.00",
="05162U","台玻群益53售06","82,000","4","30,840","0.37","0.39","0.37","0.37","-","0.04","0.36","10","0.46","10","0.00",
="051631","大立光元富49購01","0","0","0","--","--","--","--"," ","0.00","0.06","25","0.10","10","2,395.00",
="051634","啟碁元富49購01","0","0","0","--","--","--","--"," ","0.00","0.59","25","0.61","25","127.00",
="05163U","鴻海群益52售10","88,000","3","96,880","1.11","1.11","1.07","1.07","X","0.00","1.06","10","1.16","10","0.00",
="05164U","京元電群益53售05","5,000","5","6,390","1.33","1.33","1.23","1.27","-","0.01","0.83","12","--","0","0.00",
="05165U","奇鋐群益56售07","76,000","5","100,480","1.32","1.40","1.29","1.40","+","0.12","1.34","100","1.35","100","0.00",
="051663","定穎控群益49購01","10,000","1","18,300","1.83","1.83","1.83","1.83","-","0.40","0.86","11","1.83","10","106.00",
="05166U","健鼎群益56售01","1,000","1","1,440","1.44","1.44","1.44","1.44","X","0.00","1.45","100","1.48","100","0.00",
="05167U","臺股指群益52售10","2,000","1","1,660","0.83","0.83","0.83","0.83","-","0.01","0.87","499","0.88","499","0.00",
="051688","臺股指凱基49購05","0","0","0","--","--","--","--"," ","0.00","--","0","0.02","10","0.00",
="051689","臺股指凱基49購06","210,000","3","10,600","0.05","0.06","0.05","0.06","-","0.03","0.04","400","0.05","10","0.00",
="05168U","創意元富52售03","75,000","1","60,750","0.81","0.81","0.81","0.81","+","0.03","0.45","22","--","0","0.00",
="051699","臺股指富邦4C購01","86,000","86","4,090","0.06","0.06","0.04","0.05","-","0.01","0.04","5,852","0.05","483","0.00",
="05169U","臺股指元富55售05","0","0","0","--","--","--","--"," ","0.00","1.86","25","1.87","25","0.00",
="051700","美時永豐49購01","0","0","0","--","--","--","--"," ","0.00","--","0","0.04","10","193.50",
="05170U","金像電國泰54售01","0","0","0","--","--","--","--"," ","0.00","0.87","499","0.88","100","0.00",
="051713","T50反1元大49購01","0","0","0","--","--","--","--"," ","0.00","--","0","0.04","31","19.79",
="05171U","緯穎國泰54售01","20,000","1","23,600","1.18","1.18","1.18","1.18","X","0.00","1.19","499","1.21","100","0.00",
="05172U","台灣50凱基53售08","316,000","11","973,080","3.08","3.20","3.06","3.15","+","0.13","3.20","100","3.21","50","0.00",
="05173U","T50正2凱基55售02","16,000","1","23,200","1.45","1.45","1.45","1.45","+","0.03","1.48","100","1.49","10","0.00",
="05174U","SGBR2X凱基53售04","0","0","0","--","--","--","--"," ","0.00","1.70","100","1.71","10","0.00",
="051750","大成鋼元富49購01","2,000","1","4,960","2.48","2.48","2.48","2.48","-","0.39","2.38","25","2.48","8","38.60",
="051757","欣興元富49購01","0","0","0","--","--","--","--"," ","0.00","0.02","25","0.10","10","150.00",
="05175U","台達電凱基53售02","143,000","6","232,090","1.61","1.65","1.61","1.63","+","0.04","1.63","10","1.73","10","0.00",
="051760","雷虎元富49購02","5,000","1","90,000","18.00","18.00","18.00","18.00","-","0.90","18.00","20","18.30","25","173.00",
="051763","長華元富49購01","0","0","0","--","--","--","--"," ","0.00","--","0","0.10","37","39.60",
="05176U","鴻海凱基54售14","0","0","0","--","--","--","--"," ","0.00","1.14","100","1.15","10","0.00",
="051775","達麗統一53購01","0","0","0","--","--","--","--"," ","0.00","0.53","10","0.54","10","42.20",
="051776","元晶統一53購01","0","0","0","--","--","--","--"," ","0.00","0.11","10","0.12","10","15.90",
="05177U","金像電凱基53售02","0","0","0","--","--","--","--"," ","0.00","1.61","100","1.62","10","0.00",
="05178U","京元電凱基53售05","0","0","0","--","--","--","--"," ","0.00","1.96","100","1.98","10","0.00",
="051799","T50反1凱基49購02","11,000","2","210","0.01","0.02","0.01","0.02","X","0.00","0.01","199","--","0","19.79",
="05179P","臺股指凱基49售08","0","0","0","--","--","--","--"," ","0.00","0.18","100","0.19","10","0.00",
="05179U","亞光凱基53售02","2,000","1","2,460","1.23","1.23","1.23","1.23","+","0.01","1.28","10","1.29","10","0.00",
="051807","威盛凱基49購01","0","0","0","--","--","--","--"," ","0.00","--","0","0.02","10","62.00",
="05180P","臺股指凱基49售09","0","0","0","--","--","--","--"," ","0.00","0.16","100","0.17","10","0.00",
="05180U","台灣50元大53售06","0","0","0","--","--","--","--"," ","0.00","1.16","499","1.17","10","0.00",
="05181U","佳能元大53售02","114,000","8","165,680","1.45","1.46","1.44","1.45","+","0.02","1.44","499","1.45","190","0.00",
="05182U","台光電元大53售06","260,000","6","360,630","1.37","1.41","1.36","1.39","+","0.03","1.36","10","1.44","10","0.00",
="05183U","精成科元大53售04","77,000","4","47,040","0.61","0.62","0.58","0.58","-","0.36","0.54","1","0.58","10","0.00",
="05184U","臺股指元大53售12","0","0","0","--","--","--","--"," ","0.00","1.07","100","1.08","10","0.00",
="05185U","臺股指元大53售13","126,000","9","184,240","1.46","1.47","1.45","1.47","+","0.05","1.51","100","1.52","10","0.00",
="05186U","台灣50中信58售02","70,000","8","63,250","0.91","0.91","0.90","0.90","X","0.00","0.89","499","0.90","100","0.00",
="05187U","台化中信52售02","1,000","1","720","0.72","0.72","0.72","0.72","+","0.06","0.72","10","0.73","10","0.00",
="05188U","京元電中信56售01","48,000","4","35,340","0.73","0.75","0.73","0.75","-","0.01","0.74","10","0.75","10","0.00",
="05189U","世芯永豐52售09","1,000","1","1,440","1.44","1.44","1.44","1.44","-","0.06","1.45","499","1.46","10","0.00",
="05190U","臺股指永豐54售01","0","0","0","--","--","--","--"," ","0.00","1.04","499","1.05","10","0.00",
="05191U","A50正2凱基54售01","20,000","1","11,200","0.56","0.56","0.56","0.56","+","0.09","0.56","100","0.57","50","0.00",
="05192U","道瓊銅凱基56售01","0","0","0","--","--","--","--"," ","0.00","0.50","100","0.51","50","0.00",
="051933","潤隆統一4C購01","0","0","0","--","--","--","--"," ","0.00","0.04","10","0.10","10","30.10",
="051934","長榮統一4C購02","390,000","3","133,100","0.35","0.35","0.33","0.33"," ","0.00","0.32","160","0.33","10","188.00",
="051935","長榮統一53購01","0","0","0","--","--","--","--"," ","0.00","0.42","10","0.43","10","188.00",
="051936","萬海統一49購03","0","0","0","--","--","--","--"," ","0.00","0.04","10","0.05","10","84.10",
="051937","萬海統一59購01","206,000","5","73,960","0.36","0.36","0.34","0.34","X","0.00","0.34","95","0.35","10","84.10",
="051938","京鼎統一49購03","0","0","0","--","--","--","--"," ","0.00","0.02","10","0.03","10","290.00",
="051939","洋華統一55購01","0","0","0","--","--","--","--"," ","0.00","0.19","10","0.20","10","55.90",
="05193U","台玻凱基53售03","4,000","1","4,160","1.04","1.04","1.04","1.04","X","0.00","1.04","10","1.14","10","0.00",
="051940","貿聯統一49購02","0","0","0","--","--","--","--"," ","0.00","3.32","10","3.33","10","981.00",
="05194U","鴻海凱基53售08","36,000","11","93,860","2.59","2.65","2.56","2.56","+","0.08","2.57","100","2.58","10","0.00",
="05195U","鴻海凱基53售09","0","0","0","--","--","--","--"," ","0.00","2.25","100","2.26","10","0.00",
="051968","台光電元大49購03","0","0","0","--","--","--","--"," ","0.00","--","0","--","0","1,250.00",
="05196U","鴻海凱基53售10","20,000","1","38,000","1.90","1.90","1.90","1.90","X","0.00","1.88","100","1.89","10","0.00",
="05197U","奇鋐凱基53售08","8,000","1","12,960","1.62","1.62","1.62","1.62","+","0.12","1.64","100","1.74","10","0.00",
="05198U","jpp凱基53售02","8,000","2","6,480","0.82","0.82","0.80","0.80","-","0.05","0.80","100","0.90","10","0.00",
="051996","元金2X元富49購01","0","0","0","--","--","--","--"," ","0.00","1.34","25","1.44","10","58.65",
="05199U","緯穎凱基53售06","0","0","0","--","--","--","--"," ","0.00","1.78","100","1.79","10","0.00",
="052000","台積電元富49購06","0","0","0","--","--","--","--"," ","0.00","2.33","25","2.43","10","1,160.00",
="052003","長榮元富49購02","0","0","0","--","--","--","--"," ","0.00","0.04","25","0.10","10","188.00",
="052005","慧洋元富49購01","0","0","0","--","--","--","--"," ","0.00","0.10","25","0.20","10","61.80",
="05200U","臺股指凱基53售16","151,000","2","176,700","1.20","1.20","1.17","1.17","X","0.00","1.18","100","1.19","10","0.00",
="052010","采鈺元富49購01","0","0","0","--","--","--","--"," ","0.00","0.05","25","0.15","10","264.00",
="05201U","臺股指凱基53售17","10,000","2","9,440","0.95","0.95","0.94","0.94","+","0.02","0.97","100","0.98","10","0.00",
="05202U","S&P正2國票54售01","0","0","0","--","--","--","--"," ","0.00","0.56","25","0.57","10","0.00",
="05203U","楠梓電國票53售03","373,000","11","255,250","0.75","0.75","0.64","0.67","-","0.09","0.66","25","0.68","10","0.00",
="05204U","京元電國票52售02","0","0","0","--","--","--","--"," ","0.00","1.31","25","1.32","10","0.00",
="052053","T50反1富邦49購02","12,000","1","120","0.01","0.01","0.01","0.01","X","0.00","--","0","0.01","38","0.00",
="052054","T50反1富邦49購03","2,049,000","16","202,760","0.10","0.10","0.09","0.10","+","0.01","0.09","190","0.10","100","0.00",
="05205U","迅得國票52售02","0","0","0","--","--","--","--"," ","0.00","0.97","25","0.98","10","0.00",
="05206U","奇鋐國泰54售01","47,000","3","55,900","1.15","1.20","1.15","1.19","+","0.11","1.16","499","1.21","499","0.00",
="052072","鴻海永豐49購04","0","0","0","--","--","--","--"," ","0.00","0.36","499","0.37","10","206.00",
="052076","景碩永豐49購01","0","0","0","--","--","--","--"," ","0.00","0.15","499","0.16","10","113.50",
="05207U","創意群益56售01","0","0","0","--","--","--","--"," ","0.00","0.32","31","0.59","2","0.00",
="05208U","台玻富邦52售03","671,000","13","281,990","0.41","0.46","0.41","0.41","-","0.02","0.41","30","0.42","10","0.00",
="05209U","鴻海富邦52售06","41,000","1","23,780","0.58","0.58","0.58","0.58","+","0.03","0.56","30","0.57","10","0.00",
="052108","創意群益49購01","12,000","3","4,590","0.39","0.40","0.38","0.38","+","0.01","0.39","499","0.49","10","1,350.00",
="05210U","台灣50元大53售08","0","0","0","--","--","--","--"," ","0.00","1.41","100","1.42","10","0.00",
="052117","藍天統一53購01","0","0","0","--","--","--","--"," ","0.00","0.09","10","0.10","10","41.95",
="052118","全新統一53購01","30,000","1","8,400","0.28","0.28","0.28","0.28","-","0.03","0.27","15","0.28","10","153.50",
="052119","萬海統一49購04","0","0","0","--","--","--","--"," ","0.00","0.04","10","0.05","10","84.10",
="05211U","台塑元大53售01","0","0","0","--","--","--","--"," ","0.00","1.10","499","1.11","200","0.00",
="052122","創意統一59購01","122,000","7","57,020","0.47","0.48","0.46","0.48","+","0.01","0.47","10","0.48","20","1,350.00",
="052123","十銓統一4C購03","0","0","0","--","--","--","--"," ","0.00","0.04","10","0.05","10","74.00",
="052124","迎廣統一4C購01","100,000","1","18,000","0.18","0.18","0.18","0.18","-","0.02","0.17","20","0.18","10","94.00",
="052125","長華統一49購01","0","0","0","--","--","--","--"," ","0.00","--","0","0.05","11","39.60",
="05212U","鴻海元大53售06","80,000","1","92,000","1.15","1.15","1.15","1.15","X","0.00","1.14","499","1.15","200","0.00",
="05213U","鴻海元大53售07","355,000","15","596,570","1.68","1.73","1.67","1.68","+","0.06","1.67","450","1.68","200","0.00",
="05214U","臺股指元大55售05","10,000","1","14,600","1.46","1.46","1.46","1.46","+","0.04","1.50","100","1.51","10","0.00",
="05215U","臺股指元大59售02","0","0","0","--","--","--","--"," ","0.00","1.35","100","1.36","10","0.00",
="05216U","京元電元富52售02","75,000","1","90,000","1.20","1.20","1.20","1.20","+","0.02","1.15","25","1.16","25","0.00",
="05217U","緯穎永豐53售03","0","0","0","--","--","--","--"," ","0.00","2.18","10","2.19","10","0.00",
="05218U","台塑中信52售05","0","0","0","--","--","--","--"," ","0.00","1.11","499","1.12","10","0.00",
="05219U","臺股指中信55售06","28,000","5","44,660","1.59","1.62","1.59","1.62","+","0.04","1.62","497","1.63","100","0.00",
="052200","上証2X元富49購02","0","0","0","--","--","--","--"," ","0.00","1.73","25","1.83","10","45.30",
="052201","上証2X元富49購03","5,000","1","11,800","2.36","2.36","2.36","2.36","-","0.38","2.07","25","2.17","10","45.30",
="052205","國企2X元富49購01","1,000","1","1,450","1.45","1.45","1.45","1.45","X","0.00","1.40","25","1.50","10","10.70",
="05220U","台灣50富邦54售05","2,000","1","6,400","3.20","3.20","3.20","3.20","+","0.10","3.24","10","3.34","10","0.00",
="052216","創意元富49購01","105,000","2","56,590","0.51","0.55","0.51","0.55","-","0.03","0.60","1","--","0","1,350.00",
="052217","洋華元富49購01","0","0","0","--","--","--","--"," ","0.00","0.01","25","0.10","10","55.90",
="05221U","奇鋐富邦55售04","69,000","4","65,380","0.91","0.98","0.91","0.98","X","0.00","0.94","10","0.95","10","0.00",
="05222U","臺股指富邦52售16","35,000","7","55,950","1.61","1.67","1.59","1.67","+","0.11","1.65","499","1.66","100","0.00",
="05223U","臺股指富邦55售03","0","0","0","--","--","--","--"," ","0.00","1.70","499","1.71","100","0.00",
="05224U","臺股指富邦58售01","0","0","0","--","--","--","--"," ","0.00","1.89","499","1.90","100","0.00",
="05225U","宇隆凱基53售01","15,000","3","14,850","0.99","1.00","0.98","1.00","+","0.03","1.02","10","1.12","10","0.00",
="052263","道瓊銀元富49購02","0","0","0","--","--","--","--"," ","0.00","0.10","25","0.11","25","32.63",
="052264","FB越南元富49購01","20,000","1","27,800","1.39","1.39","1.39","1.39","-","0.04","1.35","25","1.37","25","16.09",
="052266","台化元富49購01","0","0","0","--","--","--","--"," ","0.00","--","0","0.10","25","29.90",
="05226U","台積電凱基55售05","26,000","1","35,100","1.35","1.35","1.35","1.35","+","0.01","1.41","100","1.42","10","0.00",
="052271","宏達電元富49購01","77,000","21","914,900","12.70","14.00","10.60","11.90","-","0.10","6.80","2","13.90","5","66.50",
="052274","萬海元富49購02","0","0","0","--","--","--","--"," ","0.00","0.03","25","0.10","10","84.10",
="052276","晶相光元富49購01","0","0","0","--","--","--","--"," ","0.00","--","0","0.10","25","64.00",
="052279","達運元富49購01","0","0","0","--","--","--","--"," ","0.00","--","0","0.10","25","11.25",
="05227U","漢翔凱基54售01","900,000","40","313,950","0.38","0.38","0.34","0.34","-","0.18","0.33","101","--","0","0.00",
="05228U","創意凱基56售03","20,000","1","16,000","0.80","0.80","0.80","0.80","-","0.05","0.82","100","0.83","10","0.00",
="05229U","辛耘凱基53售02","0","0","0","--","--","--","--"," ","0.00","1.48","100","1.49","10","0.00",
="05230U","臻鼎凱基53售03","99,000","11","110,380","1.11","1.17","1.09","1.12","-","0.03","1.12","90","1.13","18","0.00",
="052312","萬海凱基49購01","0","0","0","--","--","--","--"," ","0.00","--","0","0.10","10","84.10",
="05231U","臺股指凱基58售03","0","0","0","--","--","--","--"," ","0.00","1.56","100","1.57","10","0.00",
="052323","威盛統一49購01","0","0","0","--","--","--","--"," ","0.00","--","0","0.01","10","62.00",
="052324","威盛統一4C購02","0","0","0","--","--","--","--"," ","0.00","--","0","--","0","62.00",
="052325","萬海統一49購05","0","0","0","--","--","--","--"," ","0.00","--","0","0.04","223","84.10",
="052326","萬海統一49購06","0","0","0","--","--","--","--"," ","0.00","0.01","10","0.02","10","84.10",
="052327","萬海統一49購07","0","0","0","--","--","--","--"," ","0.00","--","0","0.01","10","84.10",
="052328","奇鋐統一4C購02","11,000","1","12,870","1.17","1.17","1.17","1.17","-","0.23","1.23","10","1.27","10","1,015.00",
="052329","玉晶光統一4C購04","0","0","0","--","--","--","--"," ","0.00","0.15","10","0.16","10","461.50",
="05232P","台積電元富5B售02","4,000","2","9,460","2.35","2.37","2.35","2.37","X","0.00","2.49","25","2.53","25","0.00",
="05232U","南亞群益52售03","145,000","7","263,260","1.78","1.82","1.78","1.82","+","0.13","1.87","10","1.97","10","0.00",
="052330","世芯統一49購02","1,000","1","1,760","1.76","1.76","1.76","1.76","X","0.00","1.71","10","1.73","10","4,000.00",
="05233U","台玻群益54售01","100,000","10","144,000","1.44","1.44","1.44","1.44","X","0.00","1.33","10","1.43","10","0.00",
="05234U","台積電群益54售20","12,000","3","17,710","1.42","1.49","1.42","1.48","+","0.08","0.48","20","--","0","0.00",
="05235U","台積電群益54售21","10,000","1","10,700","1.07","1.07","1.07","1.07","+","0.05","0.36","27","--","0","0.00",
="052364","台積電群益49購03","0","0","0","--","--","--","--"," ","0.00","0.42","499","--","0","1,160.00",
="052365","台積電群益49購04","0","0","0","--","--","--","--"," ","0.00","--","0","1.01","10","1,160.00",
="05236U","奇鋐群益54售14","148,000","10","194,770","1.29","1.37","1.29","1.34","+","0.08","1.31","100","1.32","100","0.00",
="05237U","緯穎群益54售08","0","0","0","--","--","--","--"," ","0.00","3.50","10","3.60","10","0.00",
="05238U","臺股指群益52售16","0","0","0","--","--","--","--"," ","0.00","0.66","499","0.67","499","0.00",
="052398","台灣50元大49購01","951,000","4","779,800","0.82","0.82","0.80","0.80","-","0.11","0.76","499","0.86","10","52.50",
="05239U","臺股指群益52售17","0","0","0","--","--","--","--"," ","0.00","0.84","499","0.85","499","0.00",
="05240U","臺股指群益52售18","0","0","0","--","--","--","--"," ","0.00","0.90","499","0.91","499","0.00",
="052419","大立光元大49購01","0","0","0","--","--","--","--"," ","0.00","0.67","25","0.69","10","2,395.00",
="05241P","聯電群益49售01","0","0","0","--","--","--","--"," ","0.00","--","0","--","0","0.00",
="05241U","臺股指群益52售19","20,000","2","25,900","1.31","1.31","1.28","1.28","+","0.07","1.29","499","1.30","499","0.00",
="05242U","臺股指群益52售20","50,000","3","46,650","0.93","0.94","0.93","0.94","+","0.04","0.96","499","0.97","499","0.00",
="05243U","臺股指群益52售21","0","0","0","--","--","--","--"," ","0.00","1.17","499","1.18","499","0.00",
="05244U","臺股指群益52售22","0","0","0","--","--","--","--"," ","0.00","1.41","499","1.42","499","0.00",
="052452","上証2X元富4A購01","10,000","1","2,700","0.27","0.27","0.27","0.27","X","0.00","0.22","25","0.23","25","45.30",
="052454","滬深2X元富4A購01","100,000","2","186,500","1.79","1.94","1.79","1.94","-","0.29","1.69","25","1.79","10","18.32",
="052458","中鴻元富4A購01","0","0","0","--","--","--","--"," ","0.00","--","0","0.10","25","16.15",
="05245U","FBNQ2X元大53售04","2,000","2","4,740","2.37","2.37","2.37","2.37","+","0.03","2.36","250","2.37","100","0.00",
="052461","長榮元富51購01","162,000","4","119,960","0.70","0.75","0.70","0.75","+","0.05","0.68","25","0.69","25","188.00",
="052462","長榮元富54購01","27,000","1","14,040","0.52","0.52","0.52","0.52","+","0.03","0.47","25","0.48","25","188.00",
="052464","世芯元富4A購01","0","0","0","--","--","--","--"," ","0.00","3.32","25","3.39","25","4,000.00",
="052465","四維航元富4A購01","0","0","0","--","--","--","--"," ","0.00","0.06","25","--","0","18.15",
="052467","宏全元富4A購01","0","0","0","--","--","--","--"," ","0.00","0.01","25","0.10","11","138.00",
="05246U","台玻元大53售02","24,000","5","39,100","1.66","1.72","1.62","1.62","-","0.08","1.62","25","1.66","10","0.00",
="05247U","華碩元大53售02","0","0","0","--","--","--","--"," ","0.00","1.63","450","1.65","10","0.00",
="05248U","金像電元大53售05","85,000","4","135,950","1.61","1.63","1.58","1.58","-","0.07","1.57","450","1.58","200","0.00",
="05249U","世芯元大53售07","2,000","2","4,020","2.03","2.03","1.99","1.99","-","0.09","2.04","400","2.05","50","0.00",
="052504","十銓永豐4A購01","0","0","0","--","--","--","--"," ","0.00","0.02","499","0.03","10","74.00",
="05250U","臻鼎永豐52售04","115,000","3","66,950","0.57","0.61","0.57","0.61","+","0.07","0.59","10","0.60","10","0.00",
="052512","士紙統一54購01","0","0","0","--","--","--","--"," ","0.00","0.26","10","0.27","10","53.60",
="052513","台亞統一52購01","0","0","0","--","--","--","--"," ","0.00","0.05","10","0.10","70","22.85",
="052514","偉詮電統一52購01","0","0","0","--","--","--","--"," ","0.00","0.10","10","0.11","10","49.95",
="052515","宏達電統一54購01","2,082,000","88","1,508,250","0.85","0.85","0.70","0.78","+","0.06","0.73","2","0.78","1","66.50",
="052516","長榮太統一56購01","41,000","9","46,080","1.20","1.20","1.10","1.11","-","0.03","1.10","10","1.12","11","180.00",
="052517","奇鋐統一5A購01","795,000","20","621,590","0.83","0.83","0.76","0.78","-","0.05","0.78","10","0.80","10","1,015.00",
="052518","貿聯統一52購01","111,000","12","203,910","1.78","1.95","1.77","1.86","+","0.07","1.85","10","1.86","2","981.00",
="05251U","jpp永豐53售04","0","0","0","--","--","--","--"," ","0.00","0.68","10","0.69","10","0.00",
="052520","上証2X群益4A購01","20,000","2","3,400","0.17","0.17","0.17","0.17","-","0.13","0.15","10","0.25","10","45.30",
="052522","滬深2X群益4A購01","11,000","2","6,060","0.55","0.56","0.55","0.56","-","0.21","0.09","111","--","0","18.32",
="052524","中502X群益4A購01","0","0","0","--","--","--","--"," ","0.00","0.13","3","0.96","10","11.76",
="05252U","臺股指永豐53售07","0","0","0","--","--","--","--"," ","0.00","1.04","499","1.05","10","0.00",
="052532","台積電群益4A購02","0","0","0","--","--","--","--"," ","0.00","0.10","100","0.55","20","1,160.00",
="052533","台積電群益4A購03","0","0","0","--","--","--","--"," ","0.00","--","0","0.43","10","1,160.00",
="05253U","台灣50凱基54售10","0","0","0","--","--","--","--"," ","0.00","2.59","100","2.69","10","0.00",
="05254U","鴻海凱基53售12","45,000","2","45,550","1.03","1.03","0.99","0.99","+","0.07","0.99","100","1.00","10","0.00",
="05255U","台積電凱基53售33","0","0","0","--","--","--","--"," ","0.00","1.38","100","1.39","10","0.00",
="05256U","台積電凱基53售34","0","0","0","--","--","--","--"," ","0.00","1.44","100","1.45","10","0.00",
="05257U","金像電凱基53售05","0","0","0","--","--","--","--"," ","0.00","1.56","100","1.57","30","0.00",
="05258U","漢唐凱基53售05","0","0","0","--","--","--","--"," ","0.00","0.69","100","0.70","10","0.00",
="052594","台光電元大4A購01","0","0","0","--","--","--","--"," ","0.00","--","0","--","0","1,250.00",
="05259U","世芯凱基53售09","10,000","3","21,100","2.11","2.12","2.10","2.12","+","0.01","2.15","100","2.16","10","0.00",
="052604","亞光元大4A購01","95,000","7","102,530","1.03","1.13","1.03","1.12","+","0.04","1.00","25","1.04","10","164.00",
="052605","京鼎元大4A購01","0","0","0","--","--","--","--"," ","0.00","--","0","0.10","10","290.00",
="05260U","緯穎凱基54售10","0","0","0","--","--","--","--"," ","0.00","3.39","100","3.41","10","0.00",
="052612","臺股指元大49購05","0","0","0","--","--","--","--"," ","0.00","--","0","0.01","82","0.00",
="05261U","臺股指凱基56售11","0","0","0","--","--","--","--"," ","0.00","1.74","100","1.75","10","0.00",
="05262U","華碩富邦52售02","0","0","0","--","--","--","--"," ","0.00","0.77","30","0.78","10","0.00",
="05263U","台灣50台新52售01","0","0","0","--","--","--","--"," ","0.00","3.36","10","3.40","10","0.00",
="052641","滬深2X中信4A購01","1,000","1","140","0.14","0.14","0.14","0.14","X","0.00","0.12","10","0.13","10","0.00",
="05264U","香港2X國票53售01","0","0","0","--","--","--","--"," ","0.00","2.56","25","2.57","10","0.00",
="05265U","元金2X國票54售04","33,000","2","27,800","0.85","0.85","0.84","0.84","-","0.03","0.84","40","0.85","10","0.00",
="05266U","金像電國票53售05","30,000","1","28,500","0.95","0.95","0.95","0.95","X","0.00","0.93","45","0.94","10","0.00",
="05267P","臺股指富邦4B售02","0","0","0","--","--","--","--"," ","0.00","0.03","499","0.10","98","0.00",
="05267U","達邁國票53售04","0","0","0","--","--","--","--"," ","0.00","1.52","25","1.53","10","0.00",
="052687","國化元富4A購01","0","0","0","--","--","--","--"," ","0.00","0.56","10","0.66","10","52.40",
="05268U","貿聯國票53售03","110,000","14","103,970","0.98","0.98","0.92","0.95","-","0.05","0.96","25","0.97","10","0.00",
="052694","萬海元富4A購01","0","0","0","--","--","--","--"," ","0.00","0.02","25","0.10","11","84.10",
="05269U","緯穎國票53售03","0","0","0","--","--","--","--"," ","0.00","1.93","25","1.96","10","0.00",
="052702","富邦媒元富4A購01","0","0","0","--","--","--","--"," ","0.00","--","0","0.06","5","258.00",
="052707","元金2X國票4A購01","0","0","0","--","--","--","--"," ","0.00","3.68","25","3.78","10","58.65",
="05270U","電子類國票53售01","7,000","5","17,870","2.51","2.58","2.51","2.58","+","0.12","2.58","499","2.59","499","0.00",
="05271U","電子類國票53售02","0","0","0","--","--","--","--"," ","0.00","2.78","499","2.79","499","0.00",
="05272U","電子類國票53售03","12,000","2","32,140","2.57","2.70","2.57","2.70","+","0.15","2.68","499","2.69","499","0.00",
="052735","滬深2X統一51購01","34,000","4","16,420","0.48","0.50","0.48","0.50","-","0.05","0.47","10","0.48","10","18.32",
="052736","中鋼統一4A購01","0","0","0","--","--","--","--"," ","0.00","0.02","10","0.03","10","20.15",
="052737","第一銅統一4A購02","0","0","0","--","--","--","--"," ","0.00","--","0","0.05","100","34.50",
="052738","中鴻統一51購01","0","0","0","--","--","--","--"," ","0.00","0.04","10","0.10","10","16.15",
="052739","上銀統一49購01","0","0","0","--","--","--","--"," ","0.00","--","0","0.01","10","215.50",
="05273U","金融類國票53售02","0","0","0","--","--","--","--"," ","0.00","2.21","499","2.22","499","0.00",
="052740","矽統統一4A購01","0","0","0","--","--","--","--"," ","0.00","0.01","10","0.02","10","55.10",
="052741","矽統統一5A購01","10,000","1","2,600","0.26","0.26","0.26","0.26","+","0.01","0.24","10","0.25","10","55.10",
="052742","宏達電統一49購01","493,000","19","276,670","0.63","0.63","0.53","0.53","-","0.05","0.56","10","0.57","10","66.50",
="052743","文曄統一4A購01","494,000","2","143,260","0.28","0.30","0.28","0.30"," ","0.00","0.28","10","0.29","10","123.00",
="052744","欣興統一4A購01","453,000","9","54,590","0.12","0.13","0.10","0.12","-","0.02","0.12","10","0.13","111","150.00",
="052745","創意統一49購01","0","0","0","--","--","--","--"," ","0.00","0.26","10","0.27","10","1,350.00",
="052748","邁達特統一51購01","112,000","4","40,980","0.39","0.39","0.36","0.37","-","0.01","0.36","10","0.37","10","55.50",
="052749","昇陽半統一4C購03","11,000","3","7,600","0.68","0.71","0.68","0.71","-","0.01","0.70","10","0.72","10","152.50",
="05274U","台灣50元大54售06","87,000","6","158,030","1.81","1.83","1.81","1.83","+","0.09","1.85","100","1.86","10","0.00",
="05275U","元黃金元大54售01","0","0","0","--","--","--","--"," ","0.00","0.59","499","0.60","100","0.00",
="05276U","南亞元大53售04","8,000","6","13,440","1.64","1.71","1.63","1.71","+","0.13","1.70","450","1.71","200","0.00",
="052777","臺股指凱基4A購02","0","0","0","--","--","--","--"," ","0.00","0.01","100","0.02","10","0.00",
="05277U","台玻元大53售03","496,000","20","371,220","0.76","0.79","0.74","0.75","-","0.01","0.74","25","0.77","10","0.00",
="052784","上証2X群益4C購01","29,000","2","13,770","0.48","0.48","0.47","0.47","X","0.00","0.46","10","0.56","10","45.30",
="052785","滬深2X群益4C購01","2,000","2","800","0.40","0.40","0.40","0.40","X","0.00","0.03","13","--","0","18.32",
="052786","國企2X群益4A購01","0","0","0","--","--","--","--"," ","0.00","0.31","25","0.32","10","10.70",
="052788","台玻群益4A購01","0","0","0","--","--","--","--"," ","0.00","5.50","10","--","0","34.55",
="052789","華紙群益4A購01","0","0","0","--","--","--","--"," ","0.00","--","0","--","0","12.20",
="05278U","楠梓電元大53售01","594,000","19","325,680","0.58","0.59","0.50","0.54","-","0.04","0.53","25","0.54","10","0.00",
="052793","鴻海群益4A購01","0","0","0","--","--","--","--"," ","0.00","0.80","499","0.92","10","206.00",
="052794","鴻海群益58購01","100,000","1","580,000","5.80","5.80","5.80","5.80","-","0.10","5.70","100","5.75","100","206.00",
="052795","鴻海群益5A購01","0","0","0","--","--","--","--"," ","0.00","4.95","100","4.96","100","206.00",
="052798","聯發科群益4A購01","615,000","5","314,520","0.51","0.53","0.51","0.53","-","0.03","0.10","100","--","0","1,385.00",
="05279U","創意元大53售04","0","0","0","--","--","--","--"," ","0.00","0.52","1","--","0","0.00",
="052801","鉅祥群益4A購01","16,000","2","6,940","0.44","0.44","0.43","0.43","X","0.00","0.39","10","0.49","10","98.10",
="05280U","昇陽半元大53售02","0","0","0","--","--","--","--"," ","0.00","1.22","499","1.23","200","0.00",
="052811","乙盛群益4A購01","148,000","30","264,540","1.51","1.95","1.51","1.70","+","0.41","0.47","21","--","0","81.40",
="052817","昇陽半群益4A購01","0","0","0","--","--","--","--"," ","0.00","0.04","25","--","0","152.50",
="05281U","臻鼎群益56售01","0","0","0","--","--","--","--"," ","0.00","1.72","10","1.82","10","0.00",
="052822","道瓊反元大4A購01","0","0","0","--","--","--","--"," ","0.00","--","0","0.05","50","5.93",
="052827","旺宏元大4A購01","0","0","0","--","--","--","--"," ","0.00","--","0","0.10","10","20.10",
="05282U","亞翔國泰53售03","3,000","1","3,000","1.00","1.00","1.00","1.00","X","0.00","1.00","499","1.01","100","0.00",
="052837","萬海元大49購03","0","0","0","--","--","--","--"," ","0.00","--","0","0.10","10","84.10",
="052839","京鼎元大4A購02","0","0","0","--","--","--","--"," ","0.00","0.02","499","0.12","10","290.00",
="05283U","精成科國泰53售03","68,000","6","43,650","0.63","0.70","0.51","0.51","-","0.40","0.51","9","0.70","2","0.00",
="052846","長華元大4A購01","0","0","0","--","--","--","--"," ","0.00","--","0","0.10","10","39.60",
="05284U","台達電中信55售01","0","0","0","--","--","--","--"," ","0.00","0.95","10","0.96","10","0.00",
="05285U","聯茂永豐52售02","0","0","0","--","--","--","--"," ","0.00","0.32","30","0.88","3","0.00",
="05286U","川湖富邦53售02","0","0","0","--","--","--","--"," ","0.00","1.08","100","1.09","28","0.00",
="05287U","金像電富邦52售03","37,000","1","25,160","0.68","0.68","0.68","0.68","-","0.03","0.65","100","0.66","28","0.00",
="05288U","臺股指元大53售16","12,000","1","13,200","1.10","1.10","1.10","1.10","X","0.00","1.14","499","1.15","10","0.00",
="05289U","臺股指元大55售08","0","0","0","--","--","--","--"," ","0.00","1.41","499","1.42","10","0.00",
="05290P","臺股指凱基4B售02","0","0","0","--","--","--","--"," ","0.00","0.04","100","0.05","10","0.00",
="05290U","華通群益58售01","0","0","0","--","--","--","--"," ","0.00","1.92","10","2.02","10","0.00",
="052917","滬深2X凱基4B購01","0","0","0","--","--","--","--"," ","0.00","0.39","10","0.40","50","18.32",
="05291U","漢唐群益54售03","273,000","4","255,150","0.91","0.95","0.91","0.92","+","0.04","0.47","21","--","0","0.00",
="05292U","新日興群益52售02","55,000","7","32,460","0.73","0.73","0.54","0.58","-","0.19","0.38","26","--","0","0.00",
="05293U","世芯群益52售12","5,000","1","14,700","2.94","2.94","2.94","2.94","X","0.00","2.96","10","3.06","10","0.00",
="05294U","貿聯群益56售01","0","0","0","--","--","--","--"," ","0.00","--","0","--","0","0.00",
="05295U","穎崴群益54售04","0","0","0","--","--","--","--"," ","0.00","0.03","333","--","0","0.00",
="05296U","緯穎群益54售10","0","0","0","--","--","--","--"," ","0.00","3.66","10","3.76","10","0.00",
="052979","滬深2X元富4A購02","0","0","0","--","--","--","--"," ","0.00","0.73","25","0.83","10","18.32",
="05297U","台積電凱基54售15","47,000","3","59,090","1.24","1.27","1.24","1.27","+","0.05","1.31","100","1.32","10","0.00",
="052984","國企2X元富4A購01","10,000","1","12,500","1.25","1.25","1.25","1.25","X","0.00","1.21","25","1.22","25","10.70",
="052987","中502X元富4A購01","0","0","0","--","--","--","--"," ","0.00","0.72","25","0.82","10","11.76",
="05298U","台光電凱基53售05","47,000","5","94,490","1.99","2.02","1.99","1.99","-","0.02","1.99","100","2.01","10","0.00",
="052990","中鋼元富4A購01","0","0","0","--","--","--","--"," ","0.00","--","0","0.10","25","20.15",
="052995","智伸科元富4A購01","78,000","8","134,940","1.56","1.90","1.56","1.84","+","0.15","0.49","20","--","0","168.50",
="052998","迅得元富4A購01","20,000","1","31,000","1.55","1.55","1.55","1.55","+","0.13","1.53","25","1.57","30","193.50",
="05299P","台灣50富邦4B售01","50,000","1","2,000","0.04","0.04","0.04","0.04","X","0.00","0.03","100","0.04","98","0.00",
="05299U","台光電凱基53售10","23,000","1","54,740","2.38","2.38","2.38","2.38","X","0.00","2.33","100","2.35","10","0.00",
="053000","達發元富4A購01","0","0","0","--","--","--","--"," ","0.00","0.02","25","0.10","10","556.00",
="053002","來億元富4A購01","0","0","0","--","--","--","--"," ","0.00","--","0","0.10","25","243.50",
="053004","裕慶元富4A購01","0","0","0","--","--","--","--"," ","0.00","0.02","25","0.10","10","156.50",
="053005","億豐元富4A購01","0","0","0","--","--","--","--"," ","0.00","0.14","25","0.15","25","450.00",
="053006","宇隆統一54購01","0","0","0","--","--","--","--"," ","0.00","1.24","10","1.26","10","262.00",
="053008","新巨統一54購01","0","0","0","--","--","--","--"," ","0.00","0.17","10","0.18","10","56.90",
="053009","智伸科統一54購01","331,000","11","197,740","0.56","0.63","0.56","0.62","+","0.04","0.61","10","0.62","10","168.50",
="05300U","台光電凱基53售11","27,000","1","64,530","2.39","2.39","2.39","2.39","X","0.00","2.34","100","2.36","10","0.00",
="053010","大銀統一4C購01","735,000","11","375,000","0.51","0.53","0.49","0.50","-","0.01","0.48","10","0.49","10","126.00",
="053011","大銀統一54購01","10,000","1","4,400","0.44","0.44","0.44","0.44","-","0.02","0.43","10","0.44","10","126.00",
="053012","迅得統一54購01","283,000","4","172,530","0.61","0.61","0.60","0.60","+","0.01","0.61","10","0.62","10","193.50",
="053013","迅得統一56購01","52,000","1","23,400","0.45","0.45","0.45","0.45","+","0.01","0.44","10","0.45","10","193.50",
="053016","來億統一54購01","454,000","1","49,940","0.11","0.11","0.11","0.11","X","0.00","0.10","10","0.11","10","243.50",
="053017","昇陽半統一4C購04","34,000","3","27,180","0.77","0.82","0.77","0.81","-","0.01","0.82","10","0.83","10","152.50",
="053018","T50反1元大49購02","0","0","0","--","--","--","--"," ","0.00","--","0","0.10","10","19.79",
="05301U","漢唐凱基54售05","163,000","13","196,650","1.16","1.26","1.16","1.16","+","0.04","1.15","100","1.16","10","0.00",
="05302U","漢唐凱基54售06","0","0","0","--","--","--","--"," ","0.00","1.15","100","1.17","10","0.00",
="053032","藍天元大4A購01","0","0","0","--","--","--","--"," ","0.00","--","0","0.10","10","41.95",
="053038","陽明元大49購01","0","0","0","--","--","--","--"," ","0.00","--","0","0.10","10","58.80",
="05303U","漢唐凱基54售07","49,000","2","49,310","1.07","1.07","0.99","0.99","+","0.04","0.97","100","0.99","10","0.00",
="053049","定穎控元大4A購01","213,000","33","218,270","1.11","1.11","0.91","1.03","-","0.25","0.97","30","1.63","10","106.00",
="05304U","電子類凱基53售02","0","0","0","--","--","--","--"," ","0.00","1.73","10","1.74","10","0.00",
="05305U","T50正2中信62售01","758,000","5","788,320","1.04","1.04","1.04","1.04"," ","0.00","1.05","100","1.06","100","0.00",
="053068","元債2X富邦51購01","0","0","0","--","--","--","--"," ","0.00","0.12","100","0.13","100","0.00",
="05306U","台積電中信58售03","78,000","1","67,080","0.86","0.86","0.86","0.86","X","0.00","0.89","499","0.90","10","0.00",
="05307U","臺股指中信55售07","17,000","2","21,760","1.28","1.28","1.28","1.28","+","0.01","1.31","499","1.32","100","0.00",
="053081","訊芯第一4A購01","0","0","0","--","--","--","--"," ","0.00","0.01","10","0.05","10","165.00",
="05308U","臺股指永豐55售02","5,000","1","9,000","1.80","1.80","1.80","1.80"," ","0.00","1.86","10","1.87","10","0.00",
="05309U","鴻海凱基53售16","0","0","0","--","--","--","--"," ","0.00","1.38","100","1.39","10","0.00",
="053103","滬深2X統一52購01","0","0","0","--","--","--","--"," ","0.00","0.40","10","0.41","10","18.32",
="053104","中鴻統一49購01","0","0","0","--","--","--","--"," ","0.00","--","0","0.01","100","16.15",
="053105","宏達電統一4A購01","1,380,000","74","423,560","0.41","0.41","0.27","0.28","-","0.04","0.28","101","0.35","10","66.50",
="053106","宏達電統一5A購01","3,255,000","163","1,505,120","0.48","0.49","0.43","0.46","-","0.03","0.45","10","0.46","5","66.50",
="053107","矽力統一54購01","0","0","0","--","--","--","--"," ","0.00","0.08","10","0.10","10","317.00",
="053108","迅得統一49購01","42,000","1","5,460","0.13","0.13","0.13","0.13","X","0.00","0.12","10","0.13","10","193.50",
="053109","迅得統一4A購01","0","0","0","--","--","--","--"," ","0.00","0.18","10","0.19","10","193.50",
="05310U","台積電凱基53售36","0","0","0","--","--","--","--"," ","0.00","1.33","100","1.34","10","0.00",
="053110","迅得統一4A購02","0","0","0","--","--","--","--"," ","0.00","0.19","10","0.20","10","193.50",
="053111","台塑化統一4A購01","0","0","0","--","--","--","--"," ","0.00","--","0","--","0","40.75",
="053112","來億統一49購01","0","0","0","--","--","--","--"," ","0.00","--","0","0.01","20","243.50",
="05311U","緯穎凱基53售07","0","0","0","--","--","--","--"," ","0.00","3.57","100","3.59","10","0.00",
="053123","威盛凱基4A購01","0","0","0","--","--","--","--"," ","0.00","--","0","0.02","50","62.00",
="053126","大立光凱基4A購01","0","0","0","--","--","--","--"," ","0.00","0.31","100","0.32","10","2,395.00",
="05312U","台灣50元富52售05","0","0","0","--","--","--","--"," ","0.00","0.87","25","0.88","25","0.00",
="05313U","台灣50元富52售06","0","0","0","--","--","--","--"," ","0.00","1.08","25","1.09","25","0.00",
="053142","滬深2X群益4A購03","0","0","0","--","--","--","--"," ","0.00","--","0","--","0","18.32",
="05314U","T50正2元富52售04","0","0","0","--","--","--","--"," ","0.00","1.61","25","1.62","25","0.00",
="05315U","鴻海元富52售17","297,000","5","485,280","1.59","1.67","1.59","1.67","+","0.13","1.60","25","1.61","25","0.00",
="05316U","金像電元富52售05","0","0","0","--","--","--","--"," ","0.00","0.89","25","0.90","25","0.00",
="05317U","宏達電元富52售05","2,453,000","130","1,454,640","0.56","0.64","0.54","0.61","-","0.04","0.58","145","0.68","10","0.00",
="05318U","達興元富52售01","176,000","17","207,340","1.21","1.26","1.14","1.19","-","0.15","1.22","27","1.23","25","0.00",
="053190","上証2X元富4A購02","0","0","0","--","--","--","--"," ","0.00","0.02","25","0.10","10","45.30",
="053192","滬深2X元富4A購03","0","0","0","--","--","--","--"," ","0.00","0.25","25","0.26","25","18.32",
="053199","中502X元富4A購03","42,000","2","3,400","0.08","0.10","0.08","0.10","-","0.03","0.08","160","0.10","10","11.76",
="05319U","臺股指群益52售23","40,000","6","69,950","1.73","1.78","1.72","1.78","+","0.08","1.78","499","1.79","499","0.00",
="053200","川湖元富4A購01","0","0","0","--","--","--","--"," ","0.00","15.00","25","15.10","25","2,925.00",
="053203","聯發科元富54購02","16,000","2","12,800","0.80","0.80","0.80","0.80","-","0.05","0.80","25","0.82","25","1,385.00",
="053205","奇鋐元富4A購01","2,000","2","11,500","5.80","5.80","5.70","5.70","X","0.00","5.55","25","5.80","25","1,015.00",
="05320U","元金2X元大53售02","24,000","2","17,520","0.73","0.73","0.73","0.73","-","0.03","0.72","255","0.73","100","0.00",
="053210","亞翔元富4A購01","0","0","0","--","--","--","--"," ","0.00","4.79","25","4.89","25","349.50",
="053213","滬深2X富邦4A購01","0","0","0","--","--","--","--"," ","0.00","0.02","300","0.04","118","0.00",
="05321U","南亞元大53售07","0","0","0","--","--","--","--"," ","0.00","1.88","450","1.89","200","0.00",
="05322U","華碩元大53售03","0","0","0","--","--","--","--"," ","0.00","1.58","450","1.59","10","0.00",
="05323U","世芯元大53售08","0","0","0","--","--","--","--"," ","0.00","2.11","350","2.13","50","0.00",
="053247","盟立元大4A購01","120,000","2","24,000","0.20","0.20","0.20","0.20","+","0.03","0.17","499","0.18","10","70.00",
="053249","陽明元大49購02","0","0","0","--","--","--","--"," ","0.00","--","0","0.10","10","58.80",
="05324P","川湖統一49售04","0","0","0","--","--","--","--"," ","0.00","--","0","0.06","125","0.00",
="05324U","宏達電中信52售01","417,000","34","270,970","0.62","0.71","0.60","0.65","-","0.06","0.65","30","0.66","10","0.00",
="053251","萬海元大4A購01","0","0","0","--","--","--","--"," ","0.00","0.06","499","0.07","10","84.10",
="053254","貿聯元大4A購01","0","0","0","--","--","--","--"," ","0.00","19.30","50","--","0","981.00",
="053259","訊芯元大4A購01","0","0","0","--","--","--","--"," ","0.00","0.01","499","0.08","43","165.00",
="05325U","元金2X永豐52售01","0","0","0","--","--","--","--"," ","0.00","1.40","499","1.41","10","0.00",
="053268","國企2X永豐4A購01","0","0","0","--","--","--","--"," ","0.00","0.18","499","0.19","10","10.70",
="05326U","神達永豐52售05","87,000","10","100,540","1.14","1.23","1.11","1.23","-","0.14","1.19","10","1.21","10","0.00",
="05327U","全新國泰53售04","16,000","1","15,040","0.94","0.94","0.94","0.94","X","0.00","0.94","499","0.95","100","0.00",
="05328U","穎崴國泰53售02","0","0","0","--","--","--","--"," ","0.00","--","0","--","0","0.00",
="05329P","宏達電國票4B售02","0","0","0","--","--","--","--"," ","0.00","--","0","--","0","0.00",
="05329U","T50正2凱基53售04","0","0","0","--","--","--","--"," ","0.00","1.77","100","1.78","10","0.00",
="053307","創意凱基4A購01","26,000","6","14,510","0.54","0.58","0.54","0.57","+","0.04","0.52","100","0.62","10","1,350.00",
="05330U","上証2X凱基54售01","12,000","1","11,400","0.95","0.95","0.95","0.95","+","0.16","0.97","10","0.98","50","0.00",
="05331U","美指2X凱基54售01","0","0","0","--","--","--","--"," ","0.00","0.58","10","0.59","50","0.00",
="053321","上証2X群益4A購03","0","0","0","--","--","--","--"," ","0.00","0.03","10","0.13","10","45.30",
="053322","上証2X群益4A購04","0","0","0","--","--","--","--"," ","0.00","0.04","10","0.14","10","45.30",
="053327","國企2X群益4A購02","0","0","0","--","--","--","--"," ","0.00","0.07","25","0.08","10","10.70",
="05332U","南亞凱基53售08","0","0","0","--","--","--","--"," ","0.00","2.36","100","2.37","30","0.00",
="053330","台積電群益49購05","0","0","0","--","--","--","--"," ","0.00","0.01","10","--","0","1,160.00",
="05333U","允強凱基53售02","0","0","0","--","--","--","--"," ","0.00","1.67","10","1.68","10","0.00",
="05334U","台積電凱基54售17","0","0","0","--","--","--","--"," ","0.00","1.10","100","1.11","10","0.00",
="053350","滬深2X統一4A購01","0","0","0","--","--","--","--"," ","0.00","0.10","10","0.11","10","18.32",
="053351","滬深2X統一4A購02","0","0","0","--","--","--","--"," ","0.00","0.05","10","0.06","10","18.32",
="053352","滬深2X統一52購02","0","0","0","--","--","--","--"," ","0.00","0.38","10","0.39","10","18.32",
="053353","華城統一49購01","10,000","2","1,450","0.15","0.15","0.14","0.14","-","0.03","0.13","10","0.14","10","618.00",
="053354","華城統一4A購01","50,000","2","9,600","0.20","0.20","0.19","0.19","-","0.01","0.18","10","0.19","10","618.00",
="053355","華城統一4C購01","10,000","1","3,700","0.37","0.37","0.37","0.37","-","0.01","0.35","10","0.36","10","618.00",
="053356","華城統一56購01","1,000","1","360","0.36","0.36","0.36","0.36"," ","0.00","0.34","11","0.35","10","618.00",
="053357","華城統一5A購01","197,000","6","124,000","0.64","0.64","0.62","0.62","-","0.02","0.61","10","0.62","10","618.00",
="053358","華城統一5A購02","0","0","0","--","--","--","--"," ","0.00","0.61","10","0.62","10","618.00",
="053359","致茂統一4A購01","180,000","6","166,420","0.88","0.96","0.88","0.96"," ","0.00","0.94","10","0.95","10","556.00",
="05335U","達興凱基53售05","10,000","1","10,000","1.00","1.00","1.00","1.00","-","0.13","1.04","10","1.05","20","0.00",
="053360","怡利電統一5A購01","41,000","2","6,170","0.15","0.17","0.15","0.17","+","0.02","0.16","10","0.17","9","53.20",
="053363","嘉澤統一4A購01","0","0","0","--","--","--","--"," ","0.00","0.09","10","0.10","10","1,465.00",
="053365","定穎控統一5A購01","1,925,000","41","1,703,410","0.91","0.91","0.83","0.86","-","0.06","0.85","10","0.86","10","106.00",
="053367","矽力統一4A購02","0","0","0","--","--","--","--"," ","0.00","--","0","--","0","317.00",
="053368","迅得統一4C購01","50,000","1","16,000","0.32","0.32","0.32","0.32"," ","0.00","0.32","10","0.33","10","193.50",
="053369","迅得統一53購01","0","0","0","--","--","--","--"," ","0.00","0.36","10","0.37","10","193.50",
="05336U","台積電群益58售03","0","0","0","--","--","--","--"," ","0.00","--","0","--","0","0.00",
="05337U","金像電群益54售02","0","0","0","--","--","--","--"," ","0.00","1.07","100","1.08","100","0.00",
="05338U","宏達電群益52售05","115,000","5","129,530","1.08","1.20","1.08","1.13","-","0.07","1.13","10","1.35","5","0.00",
="053395","旺宏元大49購01","0","0","0","--","--","--","--"," ","0.00","--","0","0.10","10","20.10",
="05339U","達興群益58售01","0","0","0","--","--","--","--"," ","0.00","1.45","100","1.46","100","0.00",
="053406","富邦金元大49購01","0","0","0","--","--","--","--"," ","0.00","--","0","0.10","10","85.20",
="053409","貿聯元大4A購02","0","0","0","--","--","--","--"," ","0.00","9.05","100","--","0","981.00",
="05340U","T50正2元大53售04","0","0","0","--","--","--","--"," ","0.00","1.85","100","1.86","10","0.00",
="053416","訊芯元大49購01","0","0","0","--","--","--","--"," ","0.00","--","0","0.06","30","165.00",
="053417","訊芯元大4A購02","0","0","0","--","--","--","--"," ","0.00","--","0","0.10","10","165.00",
="05341U","T50正2元大54售02","0","0","0","--","--","--","--"," ","0.00","1.46","499","1.47","10","0.00",
="053425","鴻海元富4A購02","0","0","0","--","--","--","--"," ","0.00","0.56","25","0.57","25","206.00",
="053426","台積電元富5A購01","0","0","0","--","--","--","--"," ","0.00","1.73","25","1.83","10","1,160.00",
="05342U","T50正2元大55售03","13,000","2","9,360","0.72","0.72","0.72","0.72","+","0.01","0.73","100","0.74","10","0.00",
="053432","致伸元富4A購01","0","0","0","--","--","--","--"," ","0.00","0.21","25","0.22","25","82.30",
="053433","十銓元富51購01","0","0","0","--","--","--","--"," ","0.00","0.07","25","0.10","10","74.00",
="053434","祥碩元富4A購01","5,000","1","750","0.15","0.15","0.15","0.15","-","0.03","0.15","25","0.16","25","1,665.00",
="053435","百和元富4A購01","0","0","0","--","--","--","--"," ","0.00","0.01","25","0.10","10","54.00",
="05343U","智邦元大53售04","141,000","4","327,260","2.36","2.36","2.31","2.34","-","0.02","2.35","300","2.36","200","0.00",
="053441","台積電永豐4A購03","0","0","0","--","--","--","--"," ","0.00","0.66","20","0.74","10","1,160.00",
="05344U","金像電元大53售06","55,000","9","101,800","1.90","1.91","1.82","1.82","-","0.05","1.81","400","1.82","200","0.00",
="05345U","聯發科元大53售04","0","0","0","--","--","--","--"," ","0.00","0.07","65","--","0","0.00",
="053464","台光電凱基4A購01","0","0","0","--","--","--","--"," ","0.00","16.80","100","--","0","1,250.00",
="05346U","T50正2元富52售05","0","0","0","--","--","--","--"," ","0.00","1.22","25","1.23","25","0.00",
="053473","訊芯凱基4A購01","0","0","0","--","--","--","--"," ","0.00","--","0","0.02","50","165.00",
="05347U","南亞國票53售08","0","0","0","--","--","--","--"," ","0.00","0.80","25","0.81","10","0.00",
="053483","毅嘉元富4A購01","180,000","9","358,350","1.93","2.06","1.88","2.00","-","0.03","1.94","25","1.96","25","60.80",
="053487","昇陽半元富4A購01","10,000","1","2,800","0.28","0.28","0.28","0.28","-","0.02","0.30","25","0.31","25","152.50",
="05348U","川湖國票53售05","0","0","0","--","--","--","--"," ","0.00","0.95","25","0.96","10","0.00",
="05349U","漢唐國票53售04","2,000","1","1,060","0.53","0.53","0.53","0.53","+","0.03","0.49","25","0.50","10","0.00",
="05350U","宏達電國票52售02","1,191,000","23","1,358,020","1.05","1.15","1.03","1.09","-","0.08","1.10","25","1.11","10","0.00",
="053512","國企2X富邦4A購01","104,000","2","9,400","0.10","0.10","0.09","0.09","X","0.00","0.08","100","0.09","98","0.00",
="053514","台灣50群益4A購01","0","0","0","--","--","--","--"," ","0.00","0.37","25","0.38","10","52.50",
="05351U","欣興國票53售02","0","0","0","--","--","--","--"," ","0.00","0.59","25","0.60","10","0.00",
="053523","萬海群益4A購01","136,000","4","84,160","0.62","0.63","0.61","0.61","-","0.01","0.58","10","0.68","10","84.10",
="05352U","訊芯國票53售04","0","0","0","--","--","--","--"," ","0.00","0.96","25","0.98","10","0.00",
="053530","創意群益49購02","0","0","0","--","--","--","--"," ","0.00","--","0","0.33","10","1,350.00",
="05353U","南電國票53售04","20,000","1","9,400","0.47","0.47","0.47","0.47","X","0.00","0.04","199","0.47","10","0.00",
="053541","T50反1元大49購03","0","0","0","--","--","--","--"," ","0.00","--","0","0.05","300","19.79",
="05354U","元黃金元大53售04","0","0","0","--","--","--","--"," ","0.00","1.65","499","1.66","100","0.00",
="053550","華城元大49購01","106,000","8","74,790","0.75","0.75","0.69","0.69","-","0.05","0.62","499","0.63","10","618.00",
="053551","華城元大4A購01","59,000","4","46,710","0.81","0.81","0.78","0.79","-","0.02","0.72","499","0.74","10","618.00",
="053556","鴻海元大4A購01","30,000","4","52,500","1.75","1.75","1.75","1.75","-","0.26","1.75","400","1.78","10","206.00",
="05355U","川湖元大53售04","15,000","2","30,100","2.02","2.02","1.98","1.98","-","0.12","2.03","350","2.04","200","0.00",
="053565","宏達電元大4A購01","2,193,000","56","3,273,220","1.48","1.67","1.22","1.43","+","0.04","1.40","25","1.43","10","66.50",
="053568","陽明元大4A購01","0","0","0","--","--","--","--"," ","0.00","0.29","499","0.30","10","58.80",
="05356U","臺股指元大53售18","5,000","1","7,100","1.42","1.42","1.42","1.42","X","0.00","1.42","100","1.43","10","0.00",
="053576","矽力元大4A購01","0","0","0","--","--","--","--"," ","0.00","--","0","0.01","101","317.00",
="05357U","臺股指元大55售11","0","0","0","--","--","--","--"," ","0.00","1.63","100","1.64","10","0.00",
="053584","毅嘉統一54購01","381,000","15","289,070","0.76","0.77","0.75","0.77"," ","0.00","0.75","10","0.76","13","60.80",
="053585","怡利電統一5A購02","363,000","8","68,770","0.18","0.20","0.18","0.20","+","0.02","0.19","10","0.20","10","53.20",
="053587","大立光統一4A購02","0","0","0","--","--","--","--"," ","0.00","0.16","10","0.17","10","2,395.00",
="053588","亞光統一49購01","0","0","0","--","--","--","--"," ","0.00","1.14","10","1.24","10","164.00",
="05358U","臺股指元大56售08","25,000","3","38,370","1.52","1.55","1.52","1.55","+","0.05","1.56","100","1.57","10","0.00",
="053590","京鼎統一4A購01","0","0","0","--","--","--","--"," ","0.00","0.01","10","0.02","10","290.00",
="053593","矽力統一4A購03","0","0","0","--","--","--","--"," ","0.00","--","0","0.01","10","317.00",
="053594","訊芯統一5A購01","46,000","1","15,180","0.33","0.33","0.33","0.33","-","0.02","0.32","10","0.33","10","165.00",
="053595","訊芯統一5A購02","0","0","0","--","--","--","--"," ","0.00","0.27","10","0.28","10","165.00",
="053596","百和統一4A購01","0","0","0","--","--","--","--"," ","0.00","--","0","0.01","10","54.00",
="05359U","T50正2凱基53售05","30,000","1","45,600","1.52","1.52","1.52","1.52","X","0.00","1.55","10","1.56","10","0.00",
="053605","欣興兆豐4A購01","225,000","12","169,780","0.82","0.84","0.71","0.80","-","0.01","0.77","25","0.78","10","150.00",
="053606","中磊兆豐4A購01","130,000","13","60,000","0.46","0.48","0.46","0.46","-","0.01","0.43","20","0.44","10","105.50",
="053608","緯穎兆豐4A購01","0","0","0","--","--","--","--"," ","0.00","4.03","10","4.04","10","2,975.00",
="05360U","台積電凱基53售38","0","0","0","--","--","--","--"," ","0.00","1.85","100","1.86","10","0.00",
="05361U","新日興凱基53售06","262,000","6","192,160","0.74","0.74","0.58","0.62","X","0.00","0.63","10","0.73","10","0.00",
="053627","台灣50凱基4A購01","10,000","1","2,300","0.23","0.23","0.23","0.23","-","0.05","0.21","105","0.22","50","52.50",
="05362U","台積電群益57售08","0","0","0","--","--","--","--"," ","0.00","--","0","--","0","0.00",
="05363U","台泥國票53售01","4,000","1","4,920","1.23","1.23","1.23","1.23","X","0.00","1.23","25","1.24","10","0.00",
="05364P","台積電元富4B售03","0","0","0","--","--","--","--"," ","0.00","0.31","25","0.32","25","0.00",
="05364U","建準國票53售02","0","0","0","--","--","--","--"," ","0.00","1.23","25","1.24","10","0.00",
="053654","元債2X永豐4A購03","0","0","0","--","--","--","--"," ","0.00","0.01","10","0.04","10","7.05",
="05365U","宏達電國票53售03","129,000","24","203,830","1.55","1.66","1.49","1.58","-","0.09","1.59","25","1.60","10","0.00",
="053664","滬深2X元富5A購01","62,000","7","101,720","1.63","1.69","1.61","1.61","-","0.22","1.61","1","--","0","18.32",
="053666","華城元富5A購01","161,000","5","170,660","1.06","1.06","1.06","1.06","-","0.01","1.02","25","1.03","25","618.00",
="053667","台光電元富4A購01","0","0","0","--","--","--","--"," ","0.00","22.60","25","23.00","25","1,250.00",
="05366U","宏達電國票58售02","12,000","2","18,840","1.57","1.57","1.57","1.57","-","0.23","1.60","25","1.61","10","0.00",
="053671","欣興元富4A購01","748,000","13","258,570","0.32","0.40","0.32","0.37","-","0.01","0.35","25","0.36","25","150.00",
="053673","矽力元富4A購01","0","0","0","--","--","--","--"," ","0.00","--","0","0.10","25","317.00",
="053678","華城元大49購02","71,000","3","19,570","0.29","0.29","0.27","0.27","-","0.04","0.25","499","0.26","10","618.00",
="053679","華城元大4A購02","138,000","1","77,280","0.56","0.56","0.56","0.56","-","0.05","0.53","499","0.55","10","618.00",
="05367P","宏達電國票49售02","0","0","0","--","--","--","--"," ","0.00","0.01","25","--","0","0.00",
="05367U","帆宣國票53售03","0","0","0","--","--","--","--"," ","0.00","1.11","25","1.12","10","0.00",
="05368U","聯電中信52售02","0","0","0","--","--","--","--"," ","0.00","0.92","499","0.94","10","0.00",
="053696","天鈺元大4A購01","0","0","0","--","--","--","--"," ","0.00","--","0","0.10","10","178.50",
="053697","中租元大4A購01","0","0","0","--","--","--","--"," ","0.00","0.01","499","0.11","10","115.50",
="05369U","臺股指中信55售08","5,000","2","3,020","0.60","0.61","0.60","0.61","+","0.03","0.60","499","0.61","100","0.00",
="053703","上証2X富邦4A購01","0","0","0","--","--","--","--"," ","0.00","0.02","100","0.04","98","0.00",
="053706","臺股指富邦4A購01","0","0","0","--","--","--","--"," ","0.00","--","0","0.01","117","0.00",
="05370U","台灣50永豐53售09","0","0","0","--","--","--","--"," ","0.00","3.47","499","3.49","10","0.00",
="053710","中502X群益4A購02","0","0","0","--","--","--","--"," ","0.00","0.63","100","0.73","10","11.76",
="05371P","T50正2富邦4B售02","292,000","5","91,520","0.31","0.32","0.31","0.32","+","0.01","0.32","100","0.33","98","0.00",
="05371U","台積電凱基54售18","0","0","0","--","--","--","--"," ","0.00","1.77","100","1.78","10","0.00",
="053729","滬深2X統一52購03","0","0","0","--","--","--","--"," ","0.00","0.76","10","0.77","10","18.32",
="05372U","昇陽半凱基53售04","0","0","0","--","--","--","--"," ","0.00","1.35","100","--","0","0.00",
="053730","鴻海統一51購03","168,000","5","69,030","0.42","0.42","0.41","0.41","-","0.04","0.41","16","0.42","10","206.00",
="053731","怡利電統一49購01","0","0","0","--","--","--","--"," ","0.00","--","0","--","0","53.20",
="053732","世芯統一4A購01","1,000","1","2,180","2.18","2.18","2.18","2.18","X","0.00","2.13","10","2.14","10","4,000.00",
="053733","智伸科統一54購02","132,000","4","63,400","0.45","0.50","0.45","0.50","+","0.04","0.49","15","0.50","10","168.50",
="053734","訊芯統一4A購01","0","0","0","--","--","--","--"," ","0.00","--","0","0.01","10","165.00",
="053735","南電統一4A購01","12,000","3","19,300","1.37","1.73","1.37","1.73","+","0.45","1.73","20","--","0","226.00",
="05373U","臺股指凱基53售20","0","0","0","--","--","--","--"," ","0.00","1.91","100","1.92","10","0.00",
="05374U","臺股指凱基55售12","10,000","1","19,800","1.98","1.98","1.98","1.98","+","0.03","2.05","100","2.06","10","0.00",
="05375U","滬深2X元富52售03","84,000","7","110,690","1.33","1.35","1.25","1.29","+","0.16","0.14","71","1.36","20","0.00",
="05376U","台塑元富52售06","0","0","0","--","--","--","--"," ","0.00","0.92","25","0.93","25","0.00",
="05377U","臻鼎元富52售03","499,000","6","325,560","0.66","0.66","0.64","0.65","-","0.04","0.64","25","0.65","25","0.00",
="053787","皇昌凱基49購01","0","0","0","--","--","--","--"," ","0.00","0.16","10","0.26","10","83.50",
="05378U","臻鼎元富52售04","78,000","6","59,680","0.76","0.77","0.76","0.77","-","0.03","0.76","25","0.77","25","0.00",
="053790","京鼎凱基4A購01","0","0","0","--","--","--","--"," ","0.00","0.02","100","0.03","50","290.00",
="053794","天鈺凱基4A購01","0","0","0","--","--","--","--"," ","0.00","--","0","0.10","10","178.50",
="053795","中租凱基4A購01","0","0","0","--","--","--","--"," ","0.00","0.02","100","0.12","10","115.50",
="05379U","臺股指元大52售21","0","0","0","--","--","--","--"," ","0.00","1.18","499","1.19","10","0.00",
="05380U","群臺2X群益52售01","15,000","4","62,370","4.16","4.16","4.15","4.15","X","0.00","4.10","25","4.12","10","0.00",
="05381U","川湖群益56售02","5,000","1","3,950","0.79","0.79","0.79","0.79","-","0.03","0.77","100","0.80","100","0.00",
="05382P","鴻準統一49售01","0","0","0","--","--","--","--"," ","0.00","0.36","10","0.37","10","0.00",
="05382U","台積電群益57售09","0","0","0","--","--","--","--"," ","0.00","--","0","--","0","0.00",
="05383P","正崴統一49售02","0","0","0","--","--","--","--"," ","0.00","0.63","10","0.64","10","0.00",
="05383U","欣興群益53售03","0","0","0","--","--","--","--"," ","0.00","0.58","100","0.59","100","0.00",
="053840","川湖元富4A購02","0","0","0","--","--","--","--"," ","0.00","13.90","25","14.10","25","2,925.00",
="053845","威盛元富4A購01","0","0","0","--","--","--","--"," ","0.00","--","0","0.10","25","62.00",
="05384U","南電群益57售02","1,000","1","350","0.35","0.35","0.35","0.35","-","0.11","0.35","11","--","0","0.00",
="053850","中租元富4A購01","0","0","0","--","--","--","--"," ","0.00","0.01","25","0.10","10","115.50",
="053854","滬深2X群益4A購04","35,000","4","13,950","0.39","0.43","0.39","0.43","X","0.00","0.03","13","--","0","18.32",
="053855","滬深2X群益4A購05","20,000","3","8,300","0.40","0.44","0.40","0.44","X","0.00","0.03","13","--","0","18.32",
="053856","滬深2X群益4A購06","0","0","0","--","--","--","--"," ","0.00","0.03","13","--","0","18.32",
="053857","滬深2X群益4A購07","0","0","0","--","--","--","--"," ","0.00","0.01","40","--","0","18.32",
="053858","滬深2X群益4A購08","0","0","0","--","--","--","--"," ","0.00","0.01","40","--","0","18.32",
="05385U","南亞統一54售01","0","0","0","--","--","--","--"," ","0.00","0.54","10","0.55","10","0.00",
="053861","台積電群益4A購06","0","0","0","--","--","--","--"," ","0.00","--","0","--","0","1,160.00",
="053862","華碩群益4A購01","0","0","0","--","--","--","--"," ","0.00","0.01","7","--","0","634.00",
="053868","聯發科群益4A購02","793,000","2","198,250","0.25","0.25","0.25","0.25","-","0.04","0.04","250","--","0","1,385.00",
="053869","聯發科群益4A購03","0","0","0","--","--","--","--"," ","0.00","--","0","--","0","1,385.00",
="05386U","台達電統一54售02","5,000","1","2,550","0.51","0.51","0.51","0.51","+","0.02","0.50","10","0.51","10","0.00",
="053879","臺股指群益4A購01","0","0","0","--","--","--","--"," ","0.00","0.12","499","0.13","499","0.00",
="05387U","世芯統一54售02","0","0","0","--","--","--","--"," ","0.00","0.79","10","0.80","10","0.00",
="05388U","智邦統一54售03","0","0","0","--","--","--","--"," ","0.00","0.54","10","0.55","10","0.00",
="05389U","金像電統一54售04","0","0","0","--","--","--","--"," ","0.00","0.51","10","0.52","10","0.00",
="05390U","奇鋐統一54售02","0","0","0","--","--","--","--"," ","0.00","0.57","10","0.58","10","0.00",
="05391U","臻鼎統一53售01","0","0","0","--","--","--","--"," ","0.00","0.47","10","0.48","10","0.00",
="05392U","緯穎統一58售03","0","0","0","--","--","--","--"," ","0.00","0.62","10","0.63","10","0.00",
="053932","FB上証統一52購01","0","0","0","--","--","--","--"," ","0.00","0.75","10","0.76","10","35.72",
="053934","滬深2X統一4A購03","0","0","0","--","--","--","--"," ","0.00","0.27","10","0.28","10","18.32",
="053935","台塑統一4A購01","0","0","0","--","--","--","--"," ","0.00","0.01","28","0.20","8","39.10",
="053936","華城統一4A購02","0","0","0","--","--","--","--"," ","0.00","0.10","10","0.11","10","618.00",
="053937","台光電統一4A購01","32,000","3","156,470","4.90","4.90","4.66","4.81","-","0.15","4.72","10","4.78","10","1,250.00",
="053938","怡利電統一49購02","0","0","0","--","--","--","--"," ","0.00","--","0","--","0","53.20",
="053939","萬海統一4A購01","1,000","1","160","0.16","0.16","0.16","0.16","X","0.00","0.14","10","0.15","10","84.10",
="05393U","川湖凱基53售03","0","0","0","--","--","--","--"," ","0.00","1.19","100","1.20","10","0.00",
="053940","訊芯統一4A購02","0","0","0","--","--","--","--"," ","0.00","0.01","10","0.02","10","165.00",
="053944","南港兆豐4A購01","0","0","0","--","--","--","--"," ","0.00","0.07","10","0.08","10","40.95",
="05394P","臺股指富邦49售03","0","0","0","--","--","--","--"," ","0.00","0.01","499","--","0","0.00",
="05394U","欣興凱基53售02","0","0","0","--","--","--","--"," ","0.00","0.89","100","0.90","10","0.00",
="053951","美利達兆豐4A購01","0","0","0","--","--","--","--"," ","0.00","--","0","0.01","10","112.50",
="053957","香港2X永豐4A購01","2,000","1","960","0.48","0.48","0.48","0.48","X","0.00","0.44","10","0.45","10","16.40",
="05395U","帆宣凱基53售02","0","0","0","--","--","--","--"," ","0.00","0.98","10","1.08","10","0.00",
="05396U","廣宇元富52售02","60,000","7","41,580","0.68","0.73","0.66","0.73","+","0.02","0.69","25","0.70","25","0.00",
="05397U","群創元富52售04","120,000","3","66,100","0.56","0.56","0.55","0.55","X","0.00","0.54","25","0.55","25","0.00",
="05398U","廣宇國票52售02","61,000","5","81,220","1.32","1.34","1.32","1.34","-","0.05","1.36","25","1.37","10","0.00",
="053993","深中小統一52購01","0","0","0","--","--","--","--"," ","0.00","0.77","10","0.78","10","14.81",
="053994","建準統一4A購01","0","0","0","--","--","--","--"," ","0.00","0.60","10","0.61","10","137.00",
="053995","緯創統一4A購01","137,000","3","22,620","0.17","0.17","0.16","0.16","-","0.01","0.17","10","0.18","10","115.00",
="05399U","奇鋐國票53售03","10,000","1","9,800","0.98","0.98","0.98","0.98","X","0.00","0.96","25","0.98","10","0.00",
="054006","元上證元富4A購01","0","0","0","--","--","--","--"," ","0.00","0.25","25","0.26","25","33.51",
="054009","中50元富4A購01","66,000","6","29,900","0.48","0.48","0.42","0.42","-","0.21","0.41","25","0.42","25","24.71",
="05400U","富世達國票53售02","0","0","0","--","--","--","--"," ","0.00","0.69","25","0.71","10","0.00",
="054012","上銀元富4A購01","0","0","0","--","--","--","--"," ","0.00","0.06","25","0.10","12","215.50",
="054018","皇昌元富4A購01","9,000","1","4,860","0.54","0.54","0.54","0.54","+","0.10","0.42","25","0.43","25","83.50",
="054019","皇昌元富53購01","122,000","5","101,510","0.79","0.87","0.79","0.79","+","0.05","0.71","25","0.72","25","83.50",
="05401P","台積電元大49售03","0","0","0","--","--","--","--"," ","0.00","--","0","0.01","1,534","0.00",
="05401U","台灣50群益52售06","2,000","1","2,900","1.45","1.45","1.45","1.45","X","0.00","1.50","100","1.51","100","0.00",
="054021","日月光元富5A購01","0","0","0","--","--","--","--"," ","0.00","1.45","25","1.47","25","147.50",
="054024","迎廣元富4A購01","0","0","0","--","--","--","--"," ","0.00","0.05","75","0.10","10","94.00",
="054025","晶心科元富4A購01","0","0","0","--","--","--","--"," ","0.00","--","0","0.10","25","283.00",
="054026","力智元富4A購01","0","0","0","--","--","--","--"," ","0.00","--","0","0.10","25","188.50",
="054029","汎銓元富4A購01","0","0","0","--","--","--","--"," ","0.00","0.02","125","0.10","100","159.00",
="05402U","台灣50群益52售07","0","0","0","--","--","--","--"," ","0.00","1.29","100","1.30","100","0.00",
="05403U","台積電群益56售05","0","0","0","--","--","--","--"," ","0.00","--","0","--","0","0.00",
="054041","致茂元大4A購01","8,000","2","9,720","1.24","1.24","1.19","1.19","-","0.11","1.25","25","1.28","10","556.00",
="054045","毅嘉元大49購03","11,000","1","8,910","0.81","0.81","0.81","0.81","-","0.02","0.81","499","0.82","10","60.80",
="05404U","昇陽半群益52售05","0","0","0","--","--","--","--"," ","0.00","--","0","--","0","0.00",
="054053","嘉澤元大4A購01","0","0","0","--","--","--","--"," ","0.00","0.03","499","0.13","10","1,465.00",
="054058","矽力元大4A購02","0","0","0","--","--","--","--"," ","0.00","--","0","0.10","10","317.00",
="05405P","臺股指富邦49售04","0","0","0","--","--","--","--"," ","0.00","0.01","499","--","0","0.00",
="05405U","滬深2X永豐53售06","0","0","0","--","--","--","--"," ","0.00","1.67","499","1.68","10","0.00",
="05406P","臺股指富邦4B售03","0","0","0","--","--","--","--"," ","0.00","0.04","499","0.05","100","0.00",
="05406U","滬深2X中信56售01","0","0","0","--","--","--","--"," ","0.00","0.98","499","0.99","100","0.00",
="05407U","國巨中信55售01","2,000","1","2,540","1.27","1.27","1.27","1.27","-","0.41","1.26","499","1.27","10","0.00",
="054086","元債2X富邦51購02","0","0","0","--","--","--","--"," ","0.00","0.24","100","0.25","100","0.00",
="054087","SGBR2X富邦4A購01","0","0","0","--","--","--","--"," ","0.00","0.02","100","0.04","10","0.00",
="05408P","臺股指永豐49售02","0","0","0","--","--","--","--"," ","0.00","--","0","0.03","10","0.00",
="05408U","臻鼎中信56售01","0","0","0","--","--","--","--"," ","0.00","1.47","499","1.48","10","0.00",
="05409P","臺股指永豐49售03","0","0","0","--","--","--","--"," ","0.00","--","0","--","0","0.00",
="05409U","奇鋐凱基56售04","1,000","1","1,460","1.46","1.46","1.46","1.46","+","0.04","1.43","100","1.45","10","0.00",
="054106","香港2X群益4A購01","0","0","0","--","--","--","--"," ","0.00","0.03","13","--","0","16.40",
="054107","A50正2群益4A購01","11,000","3","1,900","0.17","0.18","0.17","0.18","X","0.00","0.17","10","0.27","10","31.56",
="05410U","世紀鋼凱基53售05","0","0","0","--","--","--","--"," ","0.00","1.86","10","1.88","10","0.00",
="054114","台積電群益4A購07","0","0","0","--","--","--","--"," ","0.00","--","0","--","0","1,160.00",
="05411U","滬深2X元富53售04","0","0","0","--","--","--","--"," ","0.00","--","0","--","0","0.00",
="054125","萬海群益4A購02","24,000","1","12,720","0.53","0.53","0.53","0.53","X","0.00","0.45","10","0.55","10","84.10",
="05412U","台塑元富53售01","0","0","0","--","--","--","--"," ","0.00","1.32","25","1.33","25","0.00",
="05413P","鴻準統一4B售05","0","0","0","--","--","--","--"," ","0.00","0.59","10","0.69","10","0.00",
="05413U","廣宇國票54售01","0","0","0","--","--","--","--"," ","0.00","1.69","25","1.70","10","0.00",
="05414U","佳能國票53售02","0","0","0","--","--","--","--"," ","0.00","1.58","25","1.59","10","0.00",
="05415P","神達統一49售01","0","0","0","--","--","--","--"," ","0.00","--","0","0.06","5","0.00",
="05415U","台灣50元大53售10","0","0","0","--","--","--","--"," ","0.00","2.35","499","2.36","10","0.00",
="054166","臺股指永豐49購01","0","0","0","--","--","--","--"," ","0.00","0.11","499","0.12","10","0.00",
="05416U","台灣50元大53售11","0","0","0","--","--","--","--"," ","0.00","1.03","499","1.04","10","0.00",
="05417U","台灣50元大53售12","0","0","0","--","--","--","--"," ","0.00","1.66","499","1.67","10","0.00",
="054187","滬深2X元富4A購04","0","0","0","--","--","--","--"," ","0.00","0.22","25","0.23","25","18.32",
="054188","日本2X元富4A購01","0","0","0","--","--","--","--"," ","0.00","0.74","25","0.75","25","63.45",
="05418U","川湖群益55售01","0","0","0","--","--","--","--"," ","0.00","0.80","100","0.83","100","0.00",
="054191","致茂元富4A購01","9,000","3","18,820","2.06","2.10","2.06","2.10","+","0.08","2.13","25","2.17","25","556.00",
="054198","奇鋐元富4A購02","3,000","1","10,080","3.36","3.36","3.36","3.36","X","0.00","3.42","25","3.52","25","1,015.00",
="05419U","臻鼎群益54售01","0","0","0","--","--","--","--"," ","0.00","0.75","10","0.85","10","0.00",
="054204","訊芯元富4A購01","0","0","0","--","--","--","--"," ","0.00","--","0","0.10","25","165.00",
="054205","緯穎元富4A購01","3,000","1","6,690","2.23","2.23","2.23","2.23","-","0.09","2.08","25","2.10","25","2,975.00",
="054206","元上證凱基4A購01","0","0","0","--","--","--","--"," ","0.00","0.30","10","0.31","50","33.51",
="05420U","台灣50國泰53售03","0","0","0","--","--","--","--"," ","0.00","1.28","499","1.29","100","0.00",
="054216","鴻海凱基4A購01","7,760,000","93","4,844,870","0.75","0.75","0.57","0.65","-","0.11","0.64","113","0.65","9","206.00",
="05421U","中砂國泰53售03","0","0","0","--","--","--","--"," ","0.00","1.02","499","1.03","100","0.00",
="05422U","亞光國泰53售07","0","0","0","--","--","--","--"," ","0.00","1.37","499","1.38","100","0.00",
="054245","台灣50富邦4A購01","0","0","0","--","--","--","--"," ","0.00","0.27","100","0.28","98","0.00",
="054246","T50反1富邦51購01","6,000","2","490","0.08","0.09","0.08","0.09","+","0.01","0.07","100","0.09","172","0.00",
="054247","T50反1富邦54購01","50,000","1","3,000","0.06","0.06","0.06","0.06"," ","0.00","0.05","251","0.07","100","0.00",
="054248","臺指反富邦4A購01","0","0","0","--","--","--","--"," ","0.00","--","0","0.03","10","0.00",
="054267","台積電元大49購01","0","0","0","--","--","--","--"," ","0.00","--","0","0.10","10","1,160.00",
="054268","台積電元大4A購01","0","0","0","--","--","--","--"," ","0.00","0.05","499","0.06","10","1,160.00",
="054269","致茂元大4A購02","0","0","0","--","--","--","--"," ","0.00","4.59","150","4.69","10","556.00",
="05426P","臺股指元富49售01","0","0","0","--","--","--","--"," ","0.00","0.02","25","0.10","10","0.00",
="054276","宏達電元大49購01","101,000","5","88,120","0.86","0.99","0.80","0.82","+","0.11","0.80","25","--","0","66.50",
="054287","宏致元大4A購01","10,000","1","9,900","0.99","0.99","0.99","0.99","X","0.00","0.85","499","0.86","10","73.90",
="054298","香港2X統一52購01","2,000","1","1,280","0.64","0.64","0.64","0.64","X","0.00","0.63","10","0.64","10","16.40",
="054300","中砂統一4C購01","11,000","1","1,650","0.15","0.15","0.15","0.15","X","0.00","0.13","10","0.14","10","347.00",
="054302","上銀統一4A購01","10,000","1","100","0.01","0.01","0.01","0.01"," ","0.00","0.01","280","0.04","726","215.50",
="054303","上銀統一4A購02","0","0","0","--","--","--","--"," ","0.00","0.04","10","0.05","10","215.50",
="054305","世芯統一4C購03","0","0","0","--","--","--","--"," ","0.00","1.85","10","1.86","10","4,000.00",
="054306","大銀統一4C購02","251,000","3","100,390","0.41","0.41","0.39","0.39","-","0.02","0.39","10","0.40","10","126.00",
="054319","台積電群益4A購08","0","0","0","--","--","--","--"," ","0.00","--","0","--","0","1,160.00",
="054356","臺股指群益4C購01","93,000","13","52,550","0.57","0.58","0.55","0.56","-","0.03","0.54","499","0.55","499","0.00",
="054364","中砂統一4A購03","10,000","1","1,400","0.14","0.14","0.14","0.14","+","0.01","0.13","10","0.14","10","347.00",
="054365","上銀統一4A購03","30,000","1","1,800","0.06","0.06","0.06","0.06","X","0.00","0.04","10","0.05","10","215.50",
="054366","建準統一54購01","0","0","0","--","--","--","--"," ","0.00","0.53","10","0.54","10","137.00",
="054367","大立光統一5A購01","0","0","0","--","--","--","--"," ","0.00","0.49","10","0.50","10","2,395.00",
="054368","亞光統一4C購02","18,000","3","17,660","1.05","1.05","0.95","0.95","-","0.02","0.94","10","0.95","10","164.00",
="054369","嘉基統一49購01","0","0","0","--","--","--","--"," ","0.00","--","0","0.01","10","110.50",
="054370","采鈺統一4A購01","0","0","0","--","--","--","--"," ","0.00","0.01","10","0.02","10","264.00",
="054371","來億統一54購02","0","0","0","--","--","--","--"," ","0.00","0.08","10","0.10","10","243.50",
="054372","台灣50凱基4A購02","0","0","0","--","--","--","--"," ","0.00","0.06","100","0.07","50","52.50",
="054375","元日2X凱基4A購01","0","0","0","--","--","--","--"," ","0.00","0.01","100","0.11","10","5.97",
="054381","致茂凱基4A購01","1,179,000","50","942,360","0.82","0.88","0.72","0.85","+","0.04","0.86","100","0.87","10","556.00",
="054406","台積電永豐49購08","0","0","0","--","--","--","--"," ","0.00","0.40","10","0.50","10","1,160.00",
="054407","台積電永豐49購09","159,000","1","87,450","0.55","0.55","0.55","0.55","X","0.00","0.51","499","0.61","10","1,160.00",
="054413","奇鋐永豐4A購01","1,528,000","55","1,311,860","0.92","0.94","0.78","0.84","-","0.16","0.82","13","0.84","8","1,015.00",
="054417","上証2X元富4A購03","0","0","0","--","--","--","--"," ","0.00","0.40","25","0.41","25","45.30",
="054419","深中小元富4A購01","0","0","0","--","--","--","--"," ","0.00","0.02","25","0.10","10","14.81",
="054420","A50正2元富4A購01","85,000","4","34,700","0.39","0.43","0.39","0.40","-","0.16","0.36","25","0.37","25","31.56",
="054429","迅得元富4A購02","95,000","5","81,760","0.74","0.88","0.74","0.87","+","0.11","0.85","25","0.87","25","193.50",
="054438","台積電群益4A購09","95,000","4","21,450","0.23","0.23","0.22","0.23","-","0.05","0.22","35","0.28","55","1,160.00",
="054443","京元電群益49購01","97,000","1","16,490","0.17","0.17","0.17","0.17","X","0.00","0.01","30","0.28","10","142.00",
="054449","富邦金群益49購01","0","0","0","--","--","--","--"," ","0.00","--","0","0.11","10","85.20",
="054464","上銀元大4A購01","0","0","0","--","--","--","--"," ","0.00","0.01","499","0.11","10","215.50",
="054476","毅嘉元大4A購01","301,000","2","289,040","0.96","1.04","0.96","1.04","+","0.03","1.01","499","1.03","10","60.80",
="054480","宏達電元大49購02","1,425,000","24","2,312,010","1.84","1.84","1.47","1.64","+","0.18","1.65","13","1.69","10","66.50",
="054482","國泰金元大49購01","0","0","0","--","--","--","--"," ","0.00","0.06","499","0.07","10","62.30",
="054488","嘉澤元大4A購02","10,000","1","1,400","0.14","0.14","0.14","0.14"," ","0.00","0.14","499","0.15","10","1,465.00",
="05449P","T50正2元富4B售01","0","0","0","--","--","--","--"," ","0.00","0.69","25","0.70","25","0.00",
="05452P","鴻海統一4B售03","0","0","0","--","--","--","--"," ","0.00","0.19","10","0.20","10","0.00",
="05453P","京元電統一49售02","0","0","0","--","--","--","--"," ","0.00","0.01","10","0.02","10","0.00",
="054561","台灣50富邦4A購02","0","0","0","--","--","--","--"," ","0.00","0.74","100","0.75","98","0.00",
="054562","台灣50富邦51購01","150,000","5","121,800","0.83","0.83","0.79","0.80","-","0.08","0.79","100","0.80","98","0.00",
="054567","中砂統一54購01","130,000","4","31,800","0.23","0.25","0.22","0.25","+","0.02","0.23","20","0.24","10","347.00",
="054568","金寶統一4A購01","0","0","0","--","--","--","--"," ","0.00","0.02","10","0.03","10","19.05",
="054569","所羅門統一53購02","50,000","1","26,500","0.53","0.53","0.53","0.53","-","0.05","0.49","10","0.50","10","162.00",
="054570","致茂統一4A購02","120,000","6","86,500","0.71","0.76","0.69","0.76","-","0.04","0.77","10","0.78","10","556.00",
="054571","億光統一4A購01","0","0","0","--","--","--","--"," ","0.00","0.05","10","0.06","10","68.30",
="054572","建準統一4A購02","52,000","3","31,400","0.60","0.62","0.60","0.62","+","0.03","0.59","10","0.60","10","137.00",
="054573","建準統一4C購01","74,000","6","54,390","0.72","0.75","0.72","0.73"," ","0.00","0.72","10","0.73","10","137.00",
="054574","京元電統一4A購01","340,000","4","104,100","0.29","0.31","0.29","0.31","X","0.00","0.28","10","0.29","10","142.00",
="054575","零壹統一4C購02","2,000","1","1,360","0.68","0.68","0.68","0.68","+","0.08","0.63","10","0.66","10","126.50",
="054576","晶技統一4C購01","0","0","0","--","--","--","--"," ","0.00","0.08","10","0.09","10","88.60",
="054577","智易統一4C購01","0","0","0","--","--","--","--"," ","0.00","1.52","10","1.62","10","236.00",
="054578","大銀統一53購01","72,000","2","27,160","0.37","0.38","0.37","0.38","-","0.02","0.36","10","0.37","10","126.00",
="054579","大銀統一54購02","54,000","1","15,660","0.29","0.29","0.29","0.29"," ","0.00","0.28","10","0.29","10","126.00",
="054580","亞翔統一4A購02","0","0","0","--","--","--","--"," ","0.00","0.86","10","0.87","10","349.50",
="054591","台積電群益4A購10","106,000","3","134,670","1.28","1.28","1.27","1.27","-","0.22","0.29","34","--","0","1,160.00",
="054592","台積電群益4A購11","0","0","0","--","--","--","--"," ","0.00","--","0","--","0","1,160.00",
="054593","台積電群益4A購12","0","0","0","--","--","--","--"," ","0.00","0.01","9","--","0","1,160.00",
="05460P","臺股指凱基49售10","17,000","1","170","0.01","0.01","0.01","0.01","X","0.00","0.01","100","--","0","0.00",
="05461P","臺股指凱基4B售03","0","0","0","--","--","--","--"," ","0.00","0.04","300","0.05","10","0.00",
="054641","美時元富5A購01","30,000","2","22,800","0.76","0.76","0.76","0.76","-","0.01","0.74","25","0.75","25","193.50",
="054646","京元電元富4A購01","241,000","17","119,630","0.50","0.56","0.45","0.47"," ","0.00","0.45","25","0.51","2","142.00",
="054648","長榮元富4A購01","0","0","0","--","--","--","--"," ","0.00","0.32","25","0.33","25","188.00",
="054651","零壹元富4A購01","10,000","1","5,000","0.50","0.50","0.50","0.50","+","0.07","0.50","25","0.52","25","126.50",
="054654","世芯元富4C購01","0","0","0","--","--","--","--"," ","0.00","3.65","25","3.71","25","4,000.00",
="054674","宏達電元大4A購02","1,269,000","97","777,530","0.74","0.80","0.53","0.64","-","0.15","0.62","24","0.64","8","66.50",
="054693","深中小凱基4A購01","0","0","0","--","--","--","--"," ","0.00","0.18","10","0.19","50","14.81",
="054698","上銀凱基4A購01","0","0","0","--","--","--","--"," ","0.00","0.01","100","0.11","10","215.50",
="054705","萬海凱基4A購01","0","0","0","--","--","--","--"," ","0.00","0.18","100","0.19","50","84.10",
="054707","國泰金凱基49購01","0","0","0","--","--","--","--"," ","0.00","0.05","100","0.15","10","62.30",
="054716","台積電統一4A購09","0","0","0","--","--","--","--"," ","0.00","0.37","10","0.38","10","1,160.00",
="054717","台積電統一51購01","0","0","0","--","--","--","--"," ","0.00","0.20","10","0.21","10","1,160.00",
="054718","台積電統一51購02","0","0","0","--","--","--","--"," ","0.00","0.25","10","0.26","10","1,160.00",
="054719","矽統統一54購01","0","0","0","--","--","--","--"," ","0.00","0.15","10","0.16","10","55.10",
="054720","大銀統一4A購01","0","0","0","--","--","--","--"," ","0.00","0.06","10","0.07","10","126.00",
="054721","雲豹統一54購01","0","0","0","--","--","--","--"," ","0.00","0.11","10","0.12","10","130.50",
="054722","雲豹統一56購01","0","0","0","--","--","--","--"," ","0.00","0.14","10","0.15","10","130.50",
="054723","雲豹統一5A購01","0","0","0","--","--","--","--"," ","0.00","0.13","10","0.14","10","130.50",
="054745","臺股指富邦4A購02","0","0","0","--","--","--","--"," ","0.00","0.03","499","0.04","100","0.00",
="054746","臺股指富邦51購01","0","0","0","--","--","--","--"," ","0.00","0.08","499","0.09","100","0.00",
="054770","台灣50凱基4A購03","0","0","0","--","--","--","--"," ","0.00","0.74","100","0.75","50","52.50",
="054785","聯發科凱基4A購02","0","0","0","--","--","--","--"," ","0.00","0.08","100","0.10","10","1,385.00",
="054786","宏達電凱基4A購01","228,000","35","265,250","1.14","1.27","1.00","1.08","-","0.01","0.68","35","1.08","1","66.50",
="054788","陽明凱基49購01","0","0","0","--","--","--","--"," ","0.00","0.01","100","0.11","10","58.80",
="054849","上銀元大49購01","0","0","0","--","--","--","--"," ","0.00","--","0","0.10","10","215.50",
="054862","威盛元大4A購01","0","0","0","--","--","--","--"," ","0.00","--","0","0.10","10","62.00",
="054867","宏達電元大4A購03","1,786,000","44","1,969,590","1.17","1.17","0.91","1.01","-","0.25","1.04","25","1.07","10","66.50",
="054887","台灣50元富4A購01","134,000","3","16,590","0.13","0.13","0.11","0.11","-","0.05","0.11","11","--","0","52.50",
="054896","台積電元富4A購03","38,000","7","13,030","0.37","0.37","0.34","0.34","-","0.14","0.35","5","0.36","10","1,160.00",
="054897","所羅門元富5A購01","92,000","5","90,730","1.00","1.01","0.96","0.96","-","0.08","0.96","25","0.97","25","162.00",
="054898","矽統元富4A購01","0","0","0","--","--","--","--"," ","0.00","0.02","25","0.10","10","55.10",
="054902","國泰金元富5A購01","0","0","0","--","--","--","--"," ","0.00","1.38","25","1.39","25","62.30",
="054903","玉晶光元富51購02","10,000","1","6,100","0.61","0.61","0.61","0.61","X","0.00","0.59","25","0.60","25","461.50",
="054906","台積電群益4A購13","0","0","0","--","--","--","--"," ","0.00","0.01","10","--","0","1,160.00",
="054922","雲豹群益4A購01","0","0","0","--","--","--","--"," ","0.00","--","0","--","0","130.50",
="054932","T50反1中信4A購01","0","0","0","--","--","--","--"," ","0.00","0.35","100","0.36","100","0.00",
="05493P","長榮航統一49售02","0","0","0","--","--","--","--"," ","0.00","0.08","10","0.09","10","0.00",
="05494P","緯穎統一49售02","0","0","0","--","--","--","--"," ","0.00","--","0","0.02","50","0.00",
="054959","三陽兆豐4A購01","299,000","7","87,090","0.28","0.30","0.28","0.28","-","0.01","0.28","5","--","0","64.50",
="05495P","元金2X永豐49售01","0","0","0","--","--","--","--"," ","0.00","--","0","0.03","499","0.00",
="054968","瑞軒元富4A購01","0","0","0","--","--","--","--"," ","0.00","0.02","25","0.10","10","13.90",
="054973","健策元富4A購01","8,000","2","9,160","1.14","1.18","1.14","1.18","X","0.00","1.18","25","--","0","1,905.00",
="054985","雲豹元富4A購01","0","0","0","--","--","--","--"," ","0.00","--","0","0.10","25","130.50",
="055031","元債2X凱基4C購02","0","0","0","--","--","--","--"," ","0.00","0.01","100","0.11","10","7.05",
="055037","威盛凱基4A購02","1,000","1","20","0.02","0.02","0.02","0.02","X","0.00","--","0","0.02","50","62.00",
="055038","毅嘉凱基4A購01","5,000","1","9,400","1.88","1.88","1.88","1.88","+","0.16","1.72","100","1.82","10","60.80",
="055040","嘉澤凱基4A購01","0","0","0","--","--","--","--"," ","0.00","0.01","100","0.11","10","1,465.00",
="055052","台積電統一5A購01","20,000","2","10,400","0.52","0.52","0.52","0.52"," ","0.00","0.50","12","0.51","10","1,160.00",
="055053","友訊統一4A購01","0","0","0","--","--","--","--"," ","0.00","0.04","10","0.06","10","18.05",
="055054","威盛統一4A購01","0","0","0","--","--","--","--"," ","0.00","--","0","0.01","10","62.00",
="055055","中信金統一4A購01","250,000","2","135,000","0.54","0.54","0.54","0.54","-","0.02","0.52","10","0.53","10","41.80",
="055056","大立光統一4A購03","0","0","0","--","--","--","--"," ","0.00","0.19","10","0.20","10","2,395.00",
="055061","台積電群益4A購14","0","0","0","--","--","--","--"," ","0.00","--","0","--","0","1,160.00",
="055062","台積電群益4A購15","0","0","0","--","--","--","--"," ","0.00","--","0","--","0","1,160.00",
="055067","威盛群益4A購01","0","0","0","--","--","--","--"," ","0.00","--","0","0.10","10","62.00",
="055068","威盛群益4A購02","0","0","0","--","--","--","--"," ","0.00","--","0","0.10","10","62.00",
="055103","台積電元大49購02","0","0","0","--","--","--","--"," ","0.00","--","0","0.05","70","1,160.00",
="055116","大銀元大49購01","0","0","0","--","--","--","--"," ","0.00","0.01","499","0.10","20","126.00",
="055117","大銀元大4A購01","0","0","0","--","--","--","--"," ","0.00","0.06","499","0.07","10","126.00",
="055119","祥碩元大49購01","0","0","0","--","--","--","--"," ","0.00","0.03","499","0.13","10","1,665.00",
="055143","元債2X富邦4A購01","0","0","0","--","--","--","--"," ","0.00","0.02","100","0.04","98","0.00",
="055163","川湖元富4A購03","0","0","0","--","--","--","--"," ","0.00","5.35","25","5.45","25","2,925.00",
="055167","矽統元富4A購02","0","0","0","--","--","--","--"," ","0.00","0.01","25","0.10","10","55.10",
="055170","聯發科元富4B購01","0","0","0","--","--","--","--"," ","0.00","1.24","25","1.27","25","1,385.00",
="055201","鴻海統一4A購04","0","0","0","--","--","--","--"," ","0.00","0.14","10","0.15","10","206.00",
="055203","一詮統一58購01","0","0","0","--","--","--","--"," ","0.00","0.21","10","0.22","10","80.20",
="055204","一詮統一5A購01","0","0","0","--","--","--","--"," ","0.00","0.19","10","0.20","10","80.20",
="055205","長榮航統一4A購01","1,000","1","290","0.29","0.29","0.29","0.29","X","0.00","0.27","10","0.28","10","39.05",
="055206","創意統一4A購01","100,000","1","23,000","0.23","0.23","0.23","0.23","X","0.00","0.24","10","0.25","10","1,350.00",
="05522P","臺股指群益4B售05","0","0","0","--","--","--","--"," ","0.00","0.01","499","0.02","499","0.00",
="055233","威盛凱基4A購03","0","0","0","--","--","--","--"," ","0.00","--","0","0.02","50","62.00",
="055235","聯發科凱基4A購03","0","0","0","--","--","--","--"," ","0.00","0.38","100","0.39","10","1,385.00",
="05523P","臺股指群益4B售06","0","0","0","--","--","--","--"," ","0.00","0.64","499","0.65","499","0.00",
="055246","祥碩凱基49購01","0","0","0","--","--","--","--"," ","0.00","--","0","0.10","10","1,665.00",
="055248","矽力凱基4A購01","0","0","0","--","--","--","--"," ","0.00","--","0","0.10","10","317.00",
="05524P","臺股指群益4B售07","0","0","0","--","--","--","--"," ","0.00","0.30","499","0.31","499","0.00",
="055254","元債2X群益4C購01","0","0","0","--","--","--","--"," ","0.00","0.23","25","0.24","10","7.05",
="05525P","臺股指群益4B售08","100,000","1","67,000","0.67","0.67","0.67","0.67","+","0.03","0.66","499","0.67","499","0.00",
="055292","鴻海元大4A購02","0","0","0","--","--","--","--"," ","0.00","0.03","499","0.13","10","206.00",
="055309","一詮元大49購01","0","0","0","--","--","--","--"," ","0.00","--","0","0.01","58","80.20",
="055352","一詮元富5A購01","0","0","0","--","--","--","--"," ","0.00","0.22","25","0.23","25","80.20",
="05535P","臺股指凱基4B售04","0","0","0","--","--","--","--"," ","0.00","0.02","100","0.12","10","0.00",
="05536P","臺股指凱基4B售05","10,000","1","2,000","0.20","0.20","0.20","0.20","+","0.01","0.20","100","0.21","10","0.00",
="055376","京元電凱基49購01","225,000","6","49,800","0.24","0.24","0.20","0.20","+","0.02","0.20","100","0.25","1","142.00",
="055379","一詮凱基49購01","0","0","0","--","--","--","--"," ","0.00","--","0","0.02","50","80.20",
="055398","志聖統一4C購01","271,000","8","89,310","0.32","0.38","0.31","0.32"," ","0.00","0.28","10","0.29","10","201.50",
="055399","志聖統一54購01","91,000","7","40,810","0.44","0.47","0.41","0.41","-","0.07","0.40","10","0.41","10","201.50",
="055400","一詮統一4A購03","0","0","0","--","--","--","--"," ","0.00","--","0","--","0","80.20",
="055401","一詮統一4A購04","0","0","0","--","--","--","--"," ","0.00","--","0","0.01","10","80.20",
="055402","一詮統一4C購01","0","0","0","--","--","--","--"," ","0.00","--","0","0.01","10","80.20",
="055403","一詮統一53購01","0","0","0","--","--","--","--"," ","0.00","0.04","10","0.05","10","80.20",
="055404","長榮統一4A購01","0","0","0","--","--","--","--"," ","0.00","0.17","10","0.18","10","188.00",
="055405","貿聯統一4A購01","20,000","2","40,600","2.03","2.03","2.03","2.03","X","0.00","1.93","10","1.94","10","981.00",
="055437","台積電群益54購01","537,000","20","994,280","1.89","1.90","1.84","1.84","-","0.09","0.79","25","--","0","1,160.00",
="055438","台積電群益54購02","210,000","14","304,500","1.47","1.47","1.44","1.44","-","0.06","1.44","10","1.59","50","1,160.00",
="055439","台積電群益54購03","0","0","0","--","--","--","--"," ","0.00","0.45","30","--","0","1,160.00",
="055440","台積電群益54購04","0","0","0","--","--","--","--"," ","0.00","0.35","28","--","0","1,160.00",
="055441","台積電群益54購05","10,000","1","9,000","0.90","0.90","0.90","0.90","X","0.00","0.29","10","--","0","1,160.00",
="055461","健策群益4A購01","447,000","19","256,930","0.55","0.60","0.49","0.57","-","0.09","0.58","10","0.68","10","1,905.00",
="055463","材料群益49購01","0","0","0","--","--","--","--"," ","0.00","--","0","--","0","67.70",
="055479","台積電元大51購01","17,000","5","57,120","3.48","3.48","3.30","3.30","-","0.24","3.28","6","3.32","1","1,160.00",
="055482","威盛元大49購03","0","0","0","--","--","--","--"," ","0.00","--","0","0.10","10","62.00",
="055489","一詮元大49購02","0","0","0","--","--","--","--"," ","0.00","--","0","0.10","10","80.20",
="055514","元黃金國票49購01","0","0","0","--","--","--","--"," ","0.00","2.12","25","2.13","10","37.00",
="055540","元債2X統一4A購01","0","0","0","--","--","--","--"," ","0.00","0.06","499","0.07","499","7.05",
="055541","台積電統一51購03","80,000","4","164,320","2.06","2.06","2.00","2.00","-","0.07","1.99","10","2.00","10","1,160.00",
="055542","智邦統一4A購01","16,000","2","24,640","1.54","1.54","1.54","1.54","X","0.00","1.49","10","1.50","10","984.00",
="055543","志聖統一4A購01","0","0","0","--","--","--","--"," ","0.00","0.10","10","0.11","10","201.50",
="055544","志聖統一54購02","160,000","3","56,200","0.34","0.37","0.34","0.37","+","0.04","0.33","10","0.34","10","201.50",
="055545","零壹統一4A購01","1,000","1","170","0.17","0.17","0.17","0.17","+","0.02","0.15","10","0.16","10","126.50",
="055546","崇越統一4A購01","0","0","0","--","--","--","--"," ","0.00","0.07","10","0.08","10","294.50",
="055547","訊芯統一4A購03","0","0","0","--","--","--","--"," ","0.00","0.01","10","0.02","10","165.00",
="055565","滬深2X元富4A購05","0","0","0","--","--","--","--"," ","0.00","0.44","25","0.45","10","18.32",
="055568","聯發科元富5A購01","16,000","1","10,720","0.67","0.67","0.67","0.67","-","0.03","0.67","35","0.68","25","1,385.00",
="055570","長榮元富4B購02","0","0","0","--","--","--","--"," ","0.00","0.15","25","0.16","25","188.00",
="055583","鴻海凱基4A購02","0","0","0","--","--","--","--"," ","0.00","0.05","100","0.14","50","206.00",
="055609","臺股指凱基49購07","0","0","0","--","--","--","--"," ","0.00","--","0","0.02","10","0.00",
="05562P","臺股指元大49售07","0","0","0","--","--","--","--"," ","0.00","0.01","100","0.11","10","0.00",
="05563P","臺股指元大49售08","0","0","0","--","--","--","--"," ","0.00","0.01","100","0.06","115","0.00",
="055641","台灣50群益49購02","0","0","0","--","--","--","--"," ","0.00","0.09","25","0.10","10","52.50",
="055648","廣宇群益4A購01","0","0","0","--","--","--","--"," ","0.00","--","0","2.78","10","60.90",
="055650","台積電群益4A購16","0","0","0","--","--","--","--"," ","0.00","--","0","--","0","1,160.00",
="055656","興勤群益4A購01","0","0","0","--","--","--","--"," ","0.00","0.28","25","0.29","10","149.00",
="055662","宏盛群益4A購01","0","0","0","--","--","--","--"," ","0.00","--","0","--","0","21.40",
="055670","信邦群益4A購01","0","0","0","--","--","--","--"," ","0.00","0.10","25","0.11","10","234.00",
="055690","T50反1富邦4A購01","16,000","1","480","0.03","0.03","0.03","0.03","X","0.00","0.02","100","0.03","100","0.00",
="055733","威盛元大49購04","0","0","0","--","--","--","--"," ","0.00","--","0","0.10","10","62.00",
="055752","訊芯元大49購02","0","0","0","--","--","--","--"," ","0.00","--","0","0.10","10","165.00",
="055772","和大統一4A購01","20,000","1","7,000","0.35","0.35","0.35","0.35","+","0.10","0.42","10","0.55","1","72.90",
="055773","華泰統一4A購01","160,000","5","34,500","0.22","0.22","0.21","0.21"," ","0.00","0.21","10","0.22","10","44.70",
="055774","華航統一4A購01","0","0","0","--","--","--","--"," ","0.00","0.09","10","0.10","10","21.25",
="055775","亞光統一4A購01","0","0","0","--","--","--","--"," ","0.00","0.98","10","0.99","10","164.00",
="055776","訊芯統一4A購04","0","0","0","--","--","--","--"," ","0.00","0.01","10","0.02","10","165.00",
="055777","天虹統一4C購01","0","0","0","--","--","--","--"," ","0.00","0.04","10","0.14","10","208.50",
="055778","天虹統一53購01","0","0","0","--","--","--","--"," ","0.00","0.09","15","0.10","10","208.50",
="055800","台灣50群益4A購02","0","0","0","--","--","--","--"," ","0.00","0.34","100","0.35","100","52.50",
="055809","楠梓電群益4A購01","0","0","0","--","--","--","--"," ","0.00","4.60","2","7.50","1","109.50",
="055812","技嘉群益4C購01","0","0","0","--","--","--","--"," ","0.00","0.27","21","0.68","10","281.00",
="055817","志聖群益4A購01","321,000","11","202,170","0.61","0.71","0.56","0.63","+","0.13","0.51","10","0.61","10","201.50",
="055834","滬深2X凱基4A購02","40,000","1","17,200","0.43","0.43","0.43","0.43","-","0.14","0.39","10","0.40","50","18.32",
="055912","天虹元富4A購01","0","0","0","--","--","--","--"," ","0.00","--","0","0.10","25","208.50",
="055919","元債2X元大54購01","0","0","0","--","--","--","--"," ","0.00","0.26","100","0.27","50","7.05",
="055921","美債2X元大49購02","0","0","0","--","--","--","--"," ","0.00","0.03","100","0.08","50","7.03",
="055922","美債2X元大4C購01","0","0","0","--","--","--","--"," ","0.00","0.18","101","0.19","50","7.03",
="055934","威盛元大49購05","0","0","0","--","--","--","--"," ","0.00","--","0","0.10","10","62.00",
="055951","訊芯元大49購03","0","0","0","--","--","--","--"," ","0.00","--","0","0.10","10","165.00",
="055991","鴻海永豐49購05","0","0","0","--","--","--","--"," ","0.00","0.15","499","0.17","10","206.00",
="055992","鴻海永豐4A購01","20,000","1","9,200","0.46","0.46","0.46","0.46","-","0.12","0.49","10","0.53","10","206.00",
="055993","聯發科永豐49購01","0","0","0","--","--","--","--"," ","0.00","0.22","10","0.32","10","1,385.00",
="055996","未來車元富4A購01","0","0","0","--","--","--","--"," ","0.00","1.09","25","1.10","25","33.71",
="055998","川湖元富4A購04","0","0","0","--","--","--","--"," ","0.00","43.60","25","44.30","25","2,925.00",
="056000","台達電元富49購01","5,000","2","47,250","9.45","9.45","9.45","9.45","+","0.05","9.20","25","9.35","25","709.00",
="056003","台光電元富4A購02","0","0","0","--","--","--","--"," ","0.00","12.80","25","13.00","25","1,250.00",
="056005","奇鋐元富4A購03","0","0","0","--","--","--","--"," ","0.00","3.12","25","3.22","25","1,015.00",
="056007","宏致元富4A購01","29,000","6","40,070","1.40","1.42","1.25","1.25","-","0.11","1.25","25","1.26","25","73.90",
="056008","世芯元富4A購02","0","0","0","--","--","--","--"," ","0.00","5.95","25","6.05","25","4,000.00",
="056010","臻鼎元富4A購01","0","0","0","--","--","--","--"," ","0.00","6.40","25","--","0","194.00",
="056013","文曄統一4A購02","0","0","0","--","--","--","--"," ","0.00","0.26","10","0.27","10","123.00",
="056014","緯創統一4A購02","50,000","1","11,500","0.23","0.23","0.23","0.23","X","0.00","0.22","10","0.23","10","115.00",
="056015","玉晶光統一4A購01","130,000","2","21,800","0.17","0.17","0.16","0.16"," ","0.00","0.15","10","0.16","10","461.50",
="056016","臻鼎統一49購02","0","0","0","--","--","--","--"," ","0.00","2.22","108","2.32","108","194.00",
="056017","天虹統一4A購01","0","0","0","--","--","--","--"," ","0.00","--","0","0.01","10","208.50",
="056019","元債2X凱基49購01","0","0","0","--","--","--","--"," ","0.00","--","0","--","0","7.05",
="056020","元債2X凱基54購02","0","0","0","--","--","--","--"," ","0.00","0.44","100","0.45","50","7.05",
="056021","美債2X凱基4A購02","0","0","0","--","--","--","--"," ","0.00","0.05","100","0.06","10","7.03",
="056028","威盛凱基49購02","0","0","0","--","--","--","--"," ","0.00","--","0","0.02","50","62.00",
="056032","長榮凱基49購01","0","0","0","--","--","--","--"," ","0.00","--","0","--","0","188.00",
="056047","元債2X富邦4A購02","0","0","0","--","--","--","--"," ","0.00","0.18","100","0.19","100","0.00",
="056049","萬海富邦4A購01","0","0","0","--","--","--","--"," ","0.00","0.08","30","0.09","28","0.00",
="056050","緯創富邦4A購01","2,000","1","400","0.20","0.20","0.20","0.20","X","0.00","0.18","30","0.19","10","0.00",
="056089","台積電元大54購01","0","0","0","--","--","--","--"," ","0.00","0.52","19","--","0","1,160.00",
="056096","威盛元大49購06","0","0","0","--","--","--","--"," ","0.00","--","0","0.10","10","62.00",
="05610P","友訊統一49售01","0","0","0","--","--","--","--"," ","0.00","0.31","10","0.32","10","0.00",
="056138","台積電元富5B購01","4,000","2","45,600","11.40","11.40","11.40","11.40"," ","0.00","10.60","25","11.60","10","1,160.00",
="056141","拓凱元富4A購01","5,000","1","950","0.19","0.19","0.19","0.19"," ","0.00","0.18","25","0.19","25","188.00",
="056142","佳必琪元富4A購01","87,000","2","33,930","0.39","0.39","0.39","0.39","+","0.02","0.36","25","0.37","25","178.50",
="056143","T50正2中信49購01","0","0","0","--","--","--","--"," ","0.00","--","0","0.10","100","0.00",
="056148","鴻準統一4A購01","174,000","6","17,400","0.10","0.10","0.10","0.10"," ","0.00","0.09","22","0.10","10","71.70",
="056149","萬海統一4A購02","8,000","2","750","0.10","0.10","0.09","0.09","X","0.00","0.08","10","0.09","10","84.10",
="056150","智原統一4A購01","0","0","0","--","--","--","--"," ","0.00","--","0","0.01","10","158.00",
="056159","元黃金凱基49購01","165,000","3","160,050","0.97","0.97","0.97","0.97","+","0.03","0.96","100","0.98","10","37.00",
="056160","元債2X凱基49購02","0","0","0","--","--","--","--"," ","0.00","0.06","100","0.07","50","7.05",
="056161","元日2X凱基4A購02","0","0","0","--","--","--","--"," ","0.00","0.04","100","0.14","10","5.97",
="05617P","臺股指元富49售06","0","0","0","--","--","--","--"," ","0.00","0.09","25","0.10","25","0.00",
="05618P","臺股指元富49售07","0","0","0","--","--","--","--"," ","0.00","0.13","25","0.14","25","0.00",
="05619P","臺股指元富49售08","0","0","0","--","--","--","--"," ","0.00","0.02","25","0.10","10","0.00",
="056208","元債2X群益4C購02","0","0","0","--","--","--","--"," ","0.00","0.15","25","0.16","10","7.05",
="056209","美債2X群益4A購04","0","0","0","--","--","--","--"," ","0.00","0.12","10","0.22","10","7.03",
="05620P","臺股指元富49售09","0","0","0","--","--","--","--"," ","0.00","0.06","25","0.10","10","0.00",
="056216","華邦電群益49購01","100,000","5","1,330","0.04","0.04","0.01","0.01","X","0.00","0.02","1","0.86","2","19.60",
="056234","滬深2X元大49購01","0","0","0","--","--","--","--"," ","0.00","0.06","499","0.16","10","18.32",
="056269","天虹元大49購01","0","0","0","--","--","--","--"," ","0.00","--","0","0.10","10","208.50",
="056271","臺股指元大4A購03","0","0","0","--","--","--","--"," ","0.00","0.18","100","0.28","10","0.00",
="056283","元金2X國票49購01","0","0","0","--","--","--","--"," ","0.00","2.26","25","2.28","10","58.65",
="056289","台積電統一55購01","0","0","0","--","--","--","--"," ","0.00","5.05","10","5.10","10","1,160.00",
="056290","鴻準統一4A購02","0","0","0","--","--","--","--"," ","0.00","0.02","10","0.03","10","71.70",
="056291","鴻準統一51購01","0","0","0","--","--","--","--"," ","0.00","0.19","10","0.20","10","71.70",
="056292","智原統一4B購02","200,000","2","4,000","0.02","0.02","0.02","0.02","X","0.00","0.01","10","0.02","10","158.00",
="056293","群創統一4B購01","2,960,000","25","233,150","0.07","0.09","0.07","0.08","+","0.03","0.07","55","0.08","40","14.15",
="056294","世芯統一4B購01","0","0","0","--","--","--","--"," ","0.00","1.65","10","1.66","10","4,000.00",
="056295","佳必琪統一4A購02","12,000","1","4,320","0.36","0.36","0.36","0.36","+","0.04","0.32","108","0.33","108","178.50",
="056301","美時永豐4B購01","0","0","0","--","--","--","--"," ","0.00","0.05","10","0.08","10","193.50",
="056318","T50反1元富55購01","659,000","6","66,500","0.10","0.11","0.10","0.10"," ","0.00","0.10","75","0.11","573","19.79",
="05631P","聯電元大49售04","0","0","0","--","--","--","--"," ","0.00","0.16","499","0.17","200","0.00",
="056321","威盛元富4B購01","0","0","0","--","--","--","--"," ","0.00","--","0","0.10","25","62.00",
="056331","世芯元富4B購01","0","0","0","--","--","--","--"," ","0.00","8.55","25","8.75","25","4,000.00",
="056335","世紀鋼元富4B購01","0","0","0","--","--","--","--"," ","0.00","0.29","25","0.30","25","188.00",
="056339","元債2X凱基4C購03","0","0","0","--","--","--","--"," ","0.00","0.11","100","0.12","50","7.05",
="056340","美債2X凱基4B購02","0","0","0","--","--","--","--"," ","0.00","0.05","100","0.06","10","7.03",
="056345","廣宇凱基4B購01","0","0","0","--","--","--","--"," ","0.00","2.47","100","2.57","10","60.90",
="056352","奇鋐凱基49購03","0","0","0","--","--","--","--"," ","0.00","2.08","100","2.18","10","1,015.00",
="056355","嘉澤凱基4A購02","0","0","0","--","--","--","--"," ","0.00","0.05","100","0.06","10","1,465.00",
="056358","貿聯凱基4A購01","0","0","0","--","--","--","--"," ","0.00","6.05","10","6.55","10","981.00",
="056362","臺股指凱基4A購04","0","0","0","--","--","--","--"," ","0.00","0.01","100","0.02","10","0.00",
="056368","台灣50元大4A購01","0","0","0","--","--","--","--"," ","0.00","0.19","499","0.29","10","52.50",
="056386","創意元大4B購01","0","0","0","--","--","--","--"," ","0.00","0.14","10","0.19","4","1,350.00",
="056394","乙盛元大4B購01","2,499,000","72","1,073,480","0.33","0.52","0.33","0.39","+","0.12","0.39","25","0.40","10","81.40",
="056401","天虹元大49購02","0","0","0","--","--","--","--"," ","0.00","--","0","0.10","10","208.50",
="056404","世紀鋼元大4B購01","0","0","0","--","--","--","--"," ","0.00","0.24","499","0.25","10","188.00",
="056407","元債2X群益51購01","0","0","0","--","--","--","--"," ","0.00","0.03","25","0.04","10","7.05",
="056408","美債2X群益4B購02","0","0","0","--","--","--","--"," ","0.00","0.07","10","0.17","10","7.03",
="056427","慧洋群益4A購01","0","0","0","--","--","--","--"," ","0.00","--","0","0.40","4","61.80",
="056439","台積電統一5B購01","0","0","0","--","--","--","--"," ","0.00","0.81","10","0.82","10","1,160.00",
="056440","鴻準統一4B購02","0","0","0","--","--","--","--"," ","0.00","0.12","10","0.13","10","71.70",
="056441","志聖統一4B購01","398,000","7","115,370","0.29","0.31","0.24","0.24","+","0.02","0.21","10","0.22","10","201.50",
="056442","大立光統一4B購02","10,000","1","5,000","0.50","0.50","0.50","0.50","-","0.02","0.50","10","0.60","105","2,395.00",
="056443","智原統一4B購03","0","0","0","--","--","--","--"," ","0.00","--","0","0.02","2","158.00",
="056444","嘉澤統一4B購01","0","0","0","--","--","--","--"," ","0.00","0.05","10","0.06","110","1,465.00",
="056445","世芯統一53購01","7,000","1","17,080","2.44","2.44","2.44","2.44","-","0.02","2.41","10","2.43","10","4,000.00",
="056446","崇越統一4A購02","0","0","0","--","--","--","--"," ","0.00","0.24","10","0.25","10","294.50",
="056447","潤泰新統一4B購01","52,000","3","550","0.03","0.03","0.01","0.01","X","0.00","0.01","449","0.03","518","29.60",
="056449","臺指反中信4B購01","1,507,000","7","90,520","0.06","0.07","0.06","0.07","+","0.02","0.06","310","0.07","10","0.00",
="056459","美債2X元富51購01","200,000","1","34,000","0.17","0.17","0.17","0.17","X","0.00","0.16","25","0.17","25","7.03",
="056466","鴻準元富4B購01","0","0","0","--","--","--","--"," ","0.00","0.05","25","0.10","10","71.70",
="056468","嘉澤元富4A購01","0","0","0","--","--","--","--"," ","0.00","0.04","25","0.10","10","1,465.00",
="056499","臺股指富邦49購02","0","0","0","--","--","--","--"," ","0.00","0.01","499","--","0","0.00",
="056501","T50反1凱基49購03","0","0","0","--","--","--","--"," ","0.00","--","0","--","0","19.79",
="056507","川湖凱基4B購01","0","0","0","--","--","--","--"," ","0.00","8.10","100","8.60","10","2,925.00",
="056520","材料凱基4A購01","0","0","0","--","--","--","--"," ","0.00","0.01","100","0.11","10","67.70",
="056525","世紀鋼凱基4B購01","303,000","6","30,630","0.13","0.13","0.10","0.11","-","0.02","0.10","160","0.11","40","188.00",
="056526","T50反1永豐4A購01","0","0","0","--","--","--","--"," ","0.00","0.02","10","0.03","10","19.79",
="056547","台灣50元大4A購02","0","0","0","--","--","--","--"," ","0.00","0.16","499","0.26","10","52.50",
="056548","台灣50元大4A購03","60,000","2","29,800","0.50","0.50","0.48","0.48","X","0.00","0.46","100","0.56","10","52.50",
="056554","台玻元大49購01","0","0","0","--","--","--","--"," ","0.00","3.38","25","--","0","34.55",
="056555","台玻元大4B購01","0","0","0","--","--","--","--"," ","0.00","3.23","25","--","0","34.55",
="056564","鴻準元大4B購01","0","0","0","--","--","--","--"," ","0.00","0.05","10","0.07","45","71.70",
="056586","世芯元大49購03","0","0","0","--","--","--","--"," ","0.00","4.02","200","--","0","4,000.00",
="056606","萬海群益4A購03","0","0","0","--","--","--","--"," ","0.00","0.08","10","0.18","10","84.10",
="056611","乙盛群益4B購01","197,000","36","192,530","1.01","1.05","0.89","0.89","+","0.11","0.89","1","--","0","81.40",
="056620","臺股指富邦4B購01","0","0","0","--","--","--","--"," ","0.00","0.12","499","0.13","100","0.00",
="056621","世紀鋼第一4B購01","78,000","2","22,720","0.30","0.30","0.29","0.29","-","0.03","0.27","10","0.28","10","188.00",
="056624","聯發科永豐4B購01","0","0","0","--","--","--","--"," ","0.00","0.17","499","0.18","10","1,385.00",
="056627","奇鋐永豐4B購01","0","0","0","--","--","--","--"," ","0.00","2.45","10","2.53","10","1,015.00",
="056632","元日2X元富5B購01","0","0","0","--","--","--","--"," ","0.00","0.74","25","0.75","25","5.97",
="056639","嘉澤元富4B購01","0","0","0","--","--","--","--"," ","0.00","0.11","25","0.21","25","1,465.00",
="05663P","台灣50富邦4B售03","15,000","2","650","0.05","0.05","0.04","0.04","+","0.02","0.03","100","0.05","98","0.00",
="056641","世芯元富4B購02","0","0","0","--","--","--","--"," ","0.00","1.94","21","--","0","4,000.00",
="056642","嘉澤統一4B購02","0","0","0","--","--","--","--"," ","0.00","0.01","10","0.02","10","1,465.00",
="056643","定穎控統一4B購01","422,000","16","587,620","1.44","1.46","1.34","1.40","-","0.15","1.35","10","1.38","10","106.00",
="056644","緯穎統一4A購01","0","0","0","--","--","--","--"," ","0.00","2.08","10","2.09","10","2,975.00",
="056671","世芯國票49購01","0","0","0","--","--","--","--"," ","0.00","6.90","25","7.40","10","4,000.00",
="056681","台玻元大49購02","0","0","0","--","--","--","--"," ","0.00","3.98","25","--","0","34.55",
="056682","台玻元大4B購02","0","0","0","--","--","--","--"," ","0.00","3.10","25","--","0","34.55",
="056713","世芯元大49購04","0","0","0","--","--","--","--"," ","0.00","3.20","200","3.29","10","4,000.00",
="056719","滬深2X群益49購02","0","0","0","--","--","--","--"," ","0.00","--","0","--","0","18.32",
="056724","川湖群益4A購01","0","0","0","--","--","--","--"," ","0.00","--","0","6.10","10","2,925.00",
="056747","美債2X凱基4C購01","0","0","0","--","--","--","--"," ","0.00","0.11","100","0.12","10","7.03",
="056755","鴻海凱基4A購03","12,000","1","960","0.08","0.08","0.08","0.08","X","0.00","0.08","100","0.10","10","206.00",
="056758","萬海凱基4A購02","0","0","0","--","--","--","--"," ","0.00","0.02","100","0.12","10","84.10",
="056768","緯穎凱基49購03","0","0","0","--","--","--","--"," ","0.00","1.42","100","1.52","10","2,975.00",
="056802","旺宏兆豐4B購01","0","0","0","--","--","--","--"," ","0.00","0.10","20","0.11","10","20.10",
="056811","元債2X元富4B購02","0","0","0","--","--","--","--"," ","0.00","0.10","25","0.11","25","7.05",
="056812","元債2X元富5B購01","0","0","0","--","--","--","--"," ","0.00","0.68","25","0.69","25","7.05",
="056818","聯電元富51購01","0","0","0","--","--","--","--"," ","0.00","0.27","25","0.28","25","40.60",
="056821","鴻海元富5B購01","0","0","0","--","--","--","--"," ","0.00","2.71","25","2.72","25","206.00",
="056826","緯創元富4B購01","30,000","1","24,300","0.81","0.81","0.81","0.81","-","0.05","0.81","25","0.83","25","115.00",
="056828","萬海統一4B購02","32,000","3","1,720","0.07","0.07","0.05","0.05","X","0.00","0.05","10","0.06","10","84.10",
="056829","緯創統一4B購01","20,000","1","4,400","0.22","0.22","0.22","0.22","-","0.01","0.22","10","0.23","10","115.00",
="056830","玉晶光統一4B購02","15,000","2","4,400","0.30","0.30","0.29","0.29"," ","0.00","0.28","10","0.29","10","461.50",
="056831","南電統一4B購01","1,000","1","1,940","1.94","1.94","1.94","1.94","+","0.44","1.95","10","--","0","226.00",
="056848","啟碁第一4B購01","50,000","5","28,900","0.60","0.60","0.55","0.57","-","0.01","0.54","10","0.55","10","127.00",
="056849","滬深2X凱基49購02","0","0","0","--","--","--","--"," ","0.00","0.60","10","0.70","10","18.32",
="05684P","臺股指元大4B售04","1,000","1","180","0.18","0.18","0.18","0.18","+","0.01","0.18","100","0.28","10","0.00",
="05685P","臺股指元大4B售05","0","0","0","--","--","--","--"," ","0.00","0.35","100","0.45","10","0.00",
="056866","世芯凱基49購01","0","0","0","--","--","--","--"," ","0.00","3.82","100","3.92","10","4,000.00",
="05686P","大同統一49售03","0","0","0","--","--","--","--"," ","0.00","0.22","10","0.23","10","0.00",
="056878","聯電元大49購01","0","0","0","--","--","--","--"," ","0.00","0.01","501","0.11","10","40.60",
="056879","金寶元大4B購01","0","0","0","--","--","--","--"," ","0.00","0.01","499","0.11","10","19.05",
="056882","台積電元大4A購02","0","0","0","--","--","--","--"," ","0.00","--","0","--","0","1,160.00",
="056918","滬深2X群益4B購01","0","0","0","--","--","--","--"," ","0.00","0.42","40","--","0","18.32",
="056919","美債2X群益4C購01","0","0","0","--","--","--","--"," ","0.00","0.09","10","0.19","10","7.03",
="056921","中石化群益4A購01","0","0","0","--","--","--","--"," ","0.00","0.01","25","0.20","10","7.19",
="056926","台積電群益4B購01","0","0","0","--","--","--","--"," ","0.00","0.34","29","1.09","10","1,160.00",
="05693P","臺股指凱基4A售06","0","0","0","--","--","--","--"," ","0.00","0.33","100","0.34","10","0.00",
="05694P","臺股指凱基4B售08","0","0","0","--","--","--","--"," ","0.00","0.16","100","0.17","10","0.00",
="056951","台積電富邦49購01","0","0","0","--","--","--","--"," ","0.00","1.68","30","1.75","10","0.00",
="056956","元債2X永豐53購01","0","0","0","--","--","--","--"," ","0.00","0.18","499","0.19","10","7.05",
="056971","美債2X元富4B購02","0","0","0","--","--","--","--"," ","0.00","0.10","25","0.11","25","7.03",
="056977","英業達元富4A購01","0","0","0","--","--","--","--"," ","0.00","0.06","13","0.10","10","41.35",
="056979","技嘉元富4B購01","0","0","0","--","--","--","--"," ","0.00","0.15","25","0.16","25","281.00",
="056982","世芯元富4B購03","0","0","0","--","--","--","--"," ","0.00","2.72","25","2.80","25","4,000.00",
="057004","穎崴國票49購01","0","0","0","--","--","--","--"," ","0.00","--","0","0.01","10","1,250.00",
="057009","聯電統一4A購01","40,000","1","6,800","0.17","0.17","0.17","0.17","X","0.00","0.15","108","0.16","108","40.60",
="057010","聯電統一4B購01","0","0","0","--","--","--","--"," ","0.00","0.13","10","0.14","10","40.60",
="057011","金寶統一4B購01","310,000","2","3,100","0.01","0.01","0.01","0.01","X","0.00","0.01","189","0.02","300","19.05",
="057012","鴻海統一4A購05","0","0","0","--","--","--","--"," ","0.00","0.31","10","0.32","10","206.00",
="057013","英業達統一4B購01","0","0","0","--","--","--","--"," ","0.00","0.06","10","0.07","10","41.35",
="057014","英業達統一4B購02","0","0","0","--","--","--","--"," ","0.00","0.08","10","0.09","10","41.35",
="057015","技嘉統一49購01","0","0","0","--","--","--","--"," ","0.00","0.02","10","0.03","10","281.00",
="057016","技嘉統一4A購01","0","0","0","--","--","--","--"," ","0.00","0.09","10","0.10","10","281.00",
="057017","技嘉統一4B購01","0","0","0","--","--","--","--"," ","0.00","0.22","10","0.23","10","281.00",
="057018","技嘉統一4B購02","201,000","2","41,210","0.20","0.21","0.20","0.21","-","0.02","0.20","10","0.21","10","281.00",
="057019","微星統一4A購01","0","0","0","--","--","--","--"," ","0.00","--","0","0.01","20","136.50",
="057020","微星統一4B購01","0","0","0","--","--","--","--"," ","0.00","0.04","10","0.09","10","136.50",
="057021","長榮統一4A購02","692,000","7","204,600","0.33","0.33","0.28","0.28","X","0.00","0.25","10","0.26","10","188.00",
="057022","長榮統一4B購02","0","0","0","--","--","--","--"," ","0.00","0.09","10","0.10","10","188.00",
="057023","陽明統一4A購01","0","0","0","--","--","--","--"," ","0.00","0.06","10","0.07","10","58.80",
="057024","緯創統一4B購02","96,000","2","28,800","0.30","0.30","0.30","0.30","X","0.00","0.30","10","0.31","10","115.00",
="057027","緯創富邦49購01","0","0","0","--","--","--","--"," ","0.00","0.05","30","--","0","0.00",
="057030","緯穎富邦49購01","0","0","0","--","--","--","--"," ","0.00","1.41","30","--","0","0.00",
="057034","滬深2X凱基4A購03","0","0","0","--","--","--","--"," ","0.00","0.49","10","0.50","50","18.32",
="057035","美債2X凱基4C購02","0","0","0","--","--","--","--"," ","0.00","0.05","100","0.06","10","7.03",
="057036","美費半凱基49購01","0","0","0","--","--","--","--"," ","0.00","0.22","100","0.32","10","45.51",
="057038","金寶凱基4B購01","0","0","0","--","--","--","--"," ","0.00","0.01","100","0.11","10","19.05",
="057042","威盛凱基4A購04","0","0","0","--","--","--","--"," ","0.00","--","0","0.02","50","62.00",
="057053","天虹凱基49購01","0","0","0","--","--","--","--"," ","0.00","--","0","0.10","10","208.50",
="057056","滬深2X元大49購02","499,000","3","39,920","0.08","0.08","0.08","0.08","X","0.00","0.07","250","0.08","250","18.32",
="057057","滬深2X元大49購03","0","0","0","--","--","--","--"," ","0.00","0.45","100","0.55","10","18.32",
="057058","滬深2X元大49購04","0","0","0","--","--","--","--"," ","0.00","0.23","499","0.24","250","18.32",
="057060","中砂元大49購01","0","0","0","--","--","--","--"," ","0.00","0.10","499","0.11","10","347.00",
="057066","金寶元大4B購02","0","0","0","--","--","--","--"," ","0.00","0.01","499","0.06","440","19.05",
="057069","台積電元大4A購03","0","0","0","--","--","--","--"," ","0.00","--","0","--","0","1,160.00",
="057072","威盛元大4B購01","0","0","0","--","--","--","--"," ","0.00","--","0","0.10","10","62.00",
="057078","萬海元大49購04","0","0","0","--","--","--","--"," ","0.00","--","0","0.05","39","84.10",
="057085","創意元大4B購02","2,350,000","19","1,019,280","0.41","0.47","0.41","0.44","+","0.01","0.43","10","0.45","150","1,350.00",
="057090","世芯元大4A購01","156,000","7","418,580","2.70","2.70","2.63","2.67","-","0.09","2.52","250","2.58","10","4,000.00",
="057108","台達電群益4B購01","2,000","1","16,400","8.20","8.20","8.20","8.20","-","0.10","3.91","2","--","0","709.00",
="057113","台積電群益49購06","0","0","0","--","--","--","--"," ","0.00","--","0","--","0","1,160.00",
="057162","華城凱基49購01","0","0","0","--","--","--","--"," ","0.00","0.19","100","--","0","618.00",
="057166","上銀凱基49購01","0","0","0","--","--","--","--"," ","0.00","--","0","0.10","10","215.50",
="057176","志聖凱基4B購01","587,000","22","238,390","0.37","0.47","0.32","0.32"," ","0.00","0.32","100","0.33","30","201.50",
="057185","穎崴凱基49購01","0","0","0","--","--","--","--"," ","0.00","--","0","0.01","154","1,250.00",
="057208","世芯永豐4B購01","0","0","0","--","--","--","--"," ","0.00","--","0","--","0","4,000.00",
="057209","世芯永豐4B購02","15,000","3","52,120","3.51","3.51","3.34","3.34","-","0.04","1.78","5","--","0","4,000.00",
="057216","川湖統一4B購01","2,000","2","5,010","2.49","2.52","2.49","2.52","+","0.01","2.50","10","2.53","10","2,925.00",
="057217","金寶統一51購01","0","0","0","--","--","--","--"," ","0.00","0.04","10","0.05","10","19.05",
="057218","廣宇統一53購01","776,000","44","611,990","0.79","0.83","0.74","0.76","-","0.01","0.76","10","0.77","10","60.90",
="057219","正崴統一4C購01","0","0","0","--","--","--","--"," ","0.00","0.04","10","0.05","10","48.40",
="057220","正崴統一55購01","0","0","0","--","--","--","--"," ","0.00","0.12","10","0.13","10","48.40",
="057221","建準統一4A購03","0","0","0","--","--","--","--"," ","0.00","0.97","10","0.98","10","137.00",
="057222","京元電統一4B購01","54,000","2","21,600","0.40","0.40","0.40","0.40","+","0.02","0.38","10","0.39","10","142.00",
="057223","萬海統一49購08","0","0","0","--","--","--","--"," ","0.00","0.07","10","0.08","10","84.10",
="057224","聯陽統一4A購01","0","0","0","--","--","--","--"," ","0.00","0.10","10","0.11","10","133.50",
="057225","智原統一4C購02","0","0","0","--","--","--","--"," ","0.00","0.02","10","0.11","10","158.00",
="057226","華擎統一4A購01","1,479,000","17","851,300","0.60","0.61","0.57","0.57","-","0.04","0.56","10","0.57","10","281.00",
="057227","智易統一4C購02","3,000","1","2,970","0.99","0.99","0.99","0.99","-","0.16","0.96","10","0.97","10","236.00",
="057228","健策統一4A購01","805,000","5","403,680","0.52","0.52","0.46","0.51","-","0.06","0.52","10","0.53","10","1,905.00",
="057229","世芯統一4B購02","0","0","0","--","--","--","--"," ","0.00","1.46","10","1.47","10","4,000.00",
="057230","貿聯統一4B購02","2,000","2","4,550","2.30","2.30","2.25","2.25","+","0.12","2.24","10","2.26","10","981.00",
="057231","新唐統一4A購01","0","0","0","--","--","--","--"," ","0.00","--","0","0.01","20","61.70",
="057232","華孚統一4C購01","0","0","0","--","--","--","--"," ","0.00","0.13","10","0.14","10","62.60",
="057233","啟碁統一4A購01","150,000","3","33,200","0.22","0.23","0.22","0.22","-","0.03","0.20","10","0.21","10","127.00",
="057234","訊芯統一4B購01","0","0","0","--","--","--","--"," ","0.00","--","0","0.04","100","165.00",
="057235","緯穎統一4B購01","0","0","0","--","--","--","--"," ","0.00","1.20","10","1.21","10","2,975.00",
="057236","采鈺統一4B購01","30,000","2","2,200","0.08","0.08","0.06","0.06","+","0.02","0.05","10","0.07","10","264.00",
="057237","波力統一55購02","0","0","0","--","--","--","--"," ","0.00","0.14","10","0.15","10","176.00",
="057243","矽統元富4B購01","0","0","0","--","--","--","--"," ","0.00","0.08","125","0.10","10","55.10",
="057246","建漢元富4A購01","0","0","0","--","--","--","--"," ","0.00","--","0","0.10","25","26.35",
="057265","宏達電國票4B購01","134,000","31","428,150","3.10","3.53","2.91","3.27","+","0.17","2.99","25","3.09","10","66.50",
="057276","滬深2X富邦4B購01","0","0","0","--","--","--","--"," ","0.00","0.19","100","0.20","98","0.00",
="057282","亞光富邦4B購01","0","0","0","--","--","--","--"," ","0.00","1.37","30","1.41","10","0.00",
="057287","T50正2元大49購01","0","0","0","--","--","--","--"," ","0.00","0.10","100","0.20","10","259.40",
="057288","元金2X元大49購01","0","0","0","--","--","--","--"," ","0.00","1.36","100","1.45","7","58.65",
="057300","技嘉元大49購04","0","0","0","--","--","--","--"," ","0.00","--","0","0.10","10","281.00",
="057305","萬海元大49購05","0","0","0","--","--","--","--"," ","0.00","--","0","0.10","10","84.10",
="057313","世芯元大4A購02","1,000","1","2,360","2.36","2.36","2.36","2.36","+","0.19","2.23","300","2.29","10","4,000.00",
="057323","天虹元大4A購01","0","0","0","--","--","--","--"," ","0.00","--","0","0.10","10","208.50",
="057324","臺股指元大4A購04","0","0","0","--","--","--","--"," ","0.00","0.02","100","0.12","10","0.00",
="057345","零壹群益49購01","0","0","0","--","--","--","--"," ","0.00","--","0","--","0","126.50",
="057366","金寶富邦49購01","0","0","0","--","--","--","--"," ","0.00","--","0","0.02","10","0.00",
="057367","華通富邦49購01","0","0","0","--","--","--","--"," ","0.00","0.15","30","0.16","10","0.00",
="057378","川湖統一51購02","1,000","1","2,710","2.71","2.71","2.71","2.71","X","0.00","2.66","10","2.67","10","2,925.00",
="057379","廣宇統一4A購01","3,000","3","6,130","2.06","2.06","2.03","2.03","+","0.03","1.98","10","1.99","10","60.90",
="057380","英業達統一53購01","0","0","0","--","--","--","--"," ","0.00","0.13","30","0.14","10","41.35",
="057381","正崴統一49購01","0","0","0","--","--","--","--"," ","0.00","--","0","0.05","2","48.40",
="057382","正崴統一4B購01","0","0","0","--","--","--","--"," ","0.00","0.01","10","0.02","10","48.40",
="057383","文曄統一4C購01","217,000","5","94,110","0.42","0.45","0.42","0.45","+","0.01","0.43","10","0.44","10","123.00",
="057384","欣興統一49購02","0","0","0","--","--","--","--"," ","0.00","0.01","10","0.02","10","150.00",
="057385","緯創統一4B購03","110,000","2","5,500","0.05","0.05","0.05","0.05","-","0.01","0.04","10","0.05","10","115.00",
="057386","緯創統一53購01","224,000","10","42,560","0.19","0.19","0.19","0.19"," ","0.00","0.18","20","0.19","10","115.00",
="057387","神達統一4A購01","5,000","1","12,500","2.50","2.50","2.50","2.50","X","0.00","2.55","10","2.56","10","95.90",
="057388","神達統一4B購01","10,000","1","14,900","1.49","1.49","1.49","1.49","+","0.02","1.76","10","1.77","10","95.90",
="057389","神達統一4B購02","392,000","32","872,570","2.10","2.37","2.10","2.30","+","0.47","2.19","10","2.24","10","95.90",
="057390","神達統一53購01","166,000","17","298,290","1.74","1.88","1.74","1.88","+","0.23","1.80","10","1.83","10","95.90",
="057391","立積統一4B購01","0","0","0","--","--","--","--"," ","0.00","0.12","10","--","0","158.00",
="057392","立積統一4B購02","17,000","5","3,710","0.17","0.25","0.17","0.25","+","0.07","0.25","10","--","0","158.00",
="057393","立積統一4C購01","50,000","1","7,500","0.15","0.15","0.15","0.15","X","0.00","0.15","10","--","0","158.00",
="057394","立積統一53購01","3,000","3","690","0.21","0.26","0.21","0.26","X","0.00","0.26","10","--","0","158.00",
="057395","祥碩統一4B購01","0","0","0","--","--","--","--"," ","0.00","0.16","10","0.17","10","1,665.00",
="057396","力成統一4B購01","0","0","0","--","--","--","--"," ","0.00","0.12","10","0.13","10","118.50",
="057397","台積電元富49購01","3,000","1","51,000","17.00","17.00","17.00","17.00","-","0.80","16.00","25","17.00","7","1,160.00",
="057398","波力統一4B購01","0","0","0","--","--","--","--"," ","0.00","0.02","10","0.03","10","176.00",
="057410","長榮元富4B購03","0","0","0","--","--","--","--"," ","0.00","0.16","25","0.17","25","188.00",
="057415","世芯元富4B購04","0","0","0","--","--","--","--"," ","0.00","2.82","25","2.88","25","4,000.00",
="057416","貿聯元富4B購01","0","0","0","--","--","--","--"," ","0.00","--","0","--","0","981.00",
="057418","立積元富4B購01","292,000","10","148,570","0.45","0.70","0.45","0.70","+","0.27","0.70","25","0.85","5","158.00",
="057419","緯穎元富4B購01","0","0","0","--","--","--","--"," ","0.00","2.02","25","2.08","25","2,975.00",
="057426","漢唐兆豐4B購01","0","0","0","--","--","--","--"," ","0.00","21.20","10","21.30","10","1,190.00",
="057431","臻鼎兆豐4B購01","20,000","3","85,120","4.20","4.36","4.20","4.20","+","0.02","4.25","10","4.26","10","194.00",
="057435","台積電中信4B購01","0","0","0","--","--","--","--"," ","0.00","0.03","100","0.04","100","0.00",
="057437","長榮中信49購01","0","0","0","--","--","--","--"," ","0.00","--","0","0.02","10","0.00",
="057445","元債2X永豐4B購02","0","0","0","--","--","--","--"," ","0.00","0.09","499","0.10","10","7.05",
="057446","川湖永豐49購01","0","0","0","--","--","--","--"," ","0.00","7.70","10","--","0","2,925.00",
="057457","世芯永豐4A購01","0","0","0","--","--","--","--"," ","0.00","--","0","--","0","4,000.00",
="057458","世芯永豐4A購02","22,000","1","71,500","3.25","3.25","3.25","3.25","X","0.00","1.46","30","--","0","4,000.00",
="057465","元金2X國票49購02","0","0","0","--","--","--","--"," ","0.00","2.57","25","2.58","10","58.65",
="057473","宏達電國票49購01","51,000","10","255,380","4.56","5.40","4.56","4.70","+","0.14","4.76","25","5.90","1","66.50",
="057474","宏達電國票51購01","4,000","2","26,500","6.70","6.70","6.60","6.60","+","0.60","6.15","25","--","0","66.50",
="057487","T50正2凱基49購01","0","0","0","--","--","--","--"," ","0.00","0.07","100","--","0","259.40",
="057489","S&P反1凱基49購01","0","0","0","--","--","--","--"," ","0.00","0.01","10","0.11","10","4.56",
="057519","臺股指凱基4A購05","0","0","0","--","--","--","--"," ","0.00","--","0","0.02","10","0.00",
="057525","台玻元大4A購01","0","0","0","--","--","--","--"," ","0.00","3.40","25","--","0","34.55",
="057526","上銀元大4B購01","0","0","0","--","--","--","--"," ","0.00","0.02","499","0.12","10","215.50",
="057529","川湖元大4A購01","0","0","0","--","--","--","--"," ","0.00","3.56","200","--","0","2,925.00",
="057532","金寶元大4A購01","0","0","0","--","--","--","--"," ","0.00","--","0","0.01","10","19.05",
="057542","技嘉元大49購05","0","0","0","--","--","--","--"," ","0.00","--","0","0.09","1","281.00",
="057544","京元電元大4A購01","0","0","0","--","--","--","--"," ","0.00","0.07","499","0.08","10","142.00",
="057556","迅得元大4B購01","6,000","1","540","0.09","0.09","0.09","0.09","X","0.00","0.09","499","0.10","10","193.50",
="057573","華通群益4B購01","5,000","1","5,750","1.15","1.15","1.15","1.15","X","0.00","--","0","1.19","10","79.30",
="057574","台積電群益4B購02","0","0","0","--","--","--","--"," ","0.00","--","0","--","0","1,160.00",
="057580","京元電群益4A購01","50,000","2","3,500","0.07","0.07","0.07","0.07","+","0.01","--","0","0.09","10","142.00",
="057607","台積電凱基49購01","0","0","0","--","--","--","--"," ","0.00","22.20","10","23.20","10","1,160.00",
="057628","台玻凱基4B購01","0","0","0","--","--","--","--"," ","0.00","4.12","499","4.22","10","34.55",
="057654","世紀鋼兆豐4B購01","0","0","0","--","--","--","--"," ","0.00","0.59","10","0.60","10","188.00",
="057661","皇昌元富4B購01","0","0","0","--","--","--","--"," ","0.00","0.18","25","0.19","25","83.50",
="057663","大立光元富4B購01","42,000","2","38,160","0.91","0.91","0.89","0.89","-","0.05","0.88","25","0.89","25","2,395.00",
="057664","緯創元富4B購02","0","0","0","--","--","--","--"," ","0.00","0.14","25","0.17","25","115.00",
="057668","世紀鋼元富4B購02","0","0","0","--","--","--","--"," ","0.00","0.95","25","0.96","25","188.00",
="057669","光寶科統一4B購01","589,000","20","396,400","0.66","0.68","0.66","0.68","-","0.03","0.66","10","0.67","10","130.00",
="057670","華碩統一4B購01","0","0","0","--","--","--","--"," ","0.00","0.23","10","0.24","10","634.00",
="057671","華碩統一4B購02","0","0","0","--","--","--","--"," ","0.00","0.23","10","0.24","10","634.00",
="057672","奇鋐統一4B購01","71,000","5","82,780","1.24","1.24","1.08","1.08","-","0.18","1.15","10","1.16","10","1,015.00",
="057673","建漢統一4B購02","0","0","0","--","--","--","--"," ","0.00","0.04","10","0.05","10","26.35",
="057674","景碩統一51購02","122,000","2","45,750","0.37","0.38","0.37","0.38","+","0.01","0.36","10","0.37","10","113.50",
="057675","神達統一4C購01","1,447,000","36","1,617,350","1.06","1.22","1.06","1.12","+","0.18","1.14","10","1.15","10","95.90",
="057676","神達統一55購01","1,083,000","44","877,070","0.79","0.87","0.79","0.81","+","0.11","0.81","10","0.82","10","95.90",
="057678","立積統一4C購02","0","0","0","--","--","--","--"," ","0.00","0.24","10","--","0","158.00",
="057679","世紀鋼統一4B購01","1,000","1","290","0.29","0.29","0.29","0.29","X","0.00","0.28","10","0.29","10","188.00",
="057680","道瓊銅國票49購01","0","0","0","--","--","--","--"," ","0.00","0.07","25","0.08","10","24.91",
="057687","精金國票4B購01","0","0","0","--","--","--","--"," ","0.00","0.02","25","0.03","10","6.73",
="057688","精金國票5B購01","0","0","0","--","--","--","--"," ","0.00","0.40","25","0.41","10","6.73",
="057695","立積國票49購01","0","0","0","--","--","--","--"," ","0.00","--","0","--","0","158.00",
="057696","台灣50富邦4B購02","0","0","0","--","--","--","--"," ","0.00","0.03","100","0.08","98","0.00",
="057697","T50正2富邦4B購01","0","0","0","--","--","--","--"," ","0.00","0.16","100","0.17","98","0.00",
="057709","上銀元大4B購02","24,000","3","7,000","0.29","0.30","0.29","0.30","+","0.02","0.27","499","0.28","10","215.50",
="05770P","臺股指富邦4C售02","0","0","0","--","--","--","--"," ","0.00","0.12","499","0.13","3","0.00",
="057710","金寶元大49購01","0","0","0","--","--","--","--"," ","0.00","--","0","0.10","10","19.05",
="057711","金寶元大4A購02","0","0","0","--","--","--","--"," ","0.00","0.01","499","0.11","10","19.05",
="057722","京元電元大4A購02","786,000","25","225,820","0.27","0.36","0.24","0.36","+","0.09","0.28","499","0.36","58","142.00",
="057744","上証2X群益49購01","0","0","0","--","--","--","--"," ","0.00","0.09","10","0.19","10","45.30",
="057754","台積電群益4B購03","0","0","0","--","--","--","--"," ","0.00","--","0","--","0","1,160.00",
="057766","陽明群益4A購01","0","0","0","--","--","--","--"," ","0.00","0.10","10","0.20","10","58.80",
="05776P","世芯群益4C售01","0","0","0","--","--","--","--"," ","0.00","0.01","10","0.11","10","0.00",
="057785","迅得群益49購01","0","0","0","--","--","--","--"," ","0.00","--","0","--","0","193.50",
="057789","東元兆豐4B購01","0","0","0","--","--","--","--"," ","0.00","2.97","10","2.98","10","68.50",
="057793","貿聯兆豐4B購01","0","0","0","--","--","--","--"," ","0.00","4.93","10","4.94","10","981.00",
="057794","鴻準統一4B購03","0","0","0","--","--","--","--"," ","0.00","0.04","10","0.05","10","71.70",
="057795","鴻準統一4B購04","0","0","0","--","--","--","--"," ","0.00","0.06","10","0.07","10","71.70",
="057796","鴻準統一51購02","0","0","0","--","--","--","--"," ","0.00","0.11","10","0.12","10","71.70",
="057797","鴻準統一55購01","245,000","5","37,300","0.16","0.17","0.15","0.17"," ","0.00","0.16","309","0.17","20","71.70",
="057798","智伸科統一4A購01","11,000","6","7,600","0.64","0.72","0.64","0.72","X","0.00","0.68","10","0.71","10","168.50",
="057799","中租統一4B購01","51,000","2","9,190","0.18","0.19","0.18","0.19","-","0.01","0.18","10","0.19","10","115.50",
="05779P","臺股指群益4C售02","3,000","1","990","0.33","0.33","0.33","0.33","X","0.00","0.34","499","0.35","499","0.00",
="057810","鴻準元富4B購02","0","0","0","--","--","--","--"," ","0.00","0.03","25","0.10","10","71.70",
="057812","潤泰全元富4B購01","0","0","0","--","--","--","--"," ","0.00","--","0","0.10","25","53.60",
="057835","台灣50凱基4A購04","0","0","0","--","--","--","--"," ","0.00","0.01","100","0.11","10","52.50",
="057836","T50正2凱基4A購01","0","0","0","--","--","--","--"," ","0.00","0.10","100","0.11","10","259.40",
="057854","萬海凱基4A購03","0","0","0","--","--","--","--"," ","0.00","0.13","100","0.14","50","84.10",
="057870","鴻海富邦49購01","0","0","0","--","--","--","--"," ","0.00","--","0","0.03","10","0.00",
="057871","台積電富邦49購02","0","0","0","--","--","--","--"," ","0.00","0.02","30","0.03","10","0.00",
="057874","正崴富邦4B購01","0","0","0","--","--","--","--"," ","0.00","0.04","30","0.05","10","0.00",
="057875","聯發科富邦49購01","0","0","0","--","--","--","--"," ","0.00","0.71","30","0.78","10","0.00",
="057885","元債2X國票4B購01","0","0","0","--","--","--","--"," ","0.00","0.04","25","0.05","10","7.05",
="057887","美債2X國票49購01","0","0","0","--","--","--","--"," ","0.00","0.01","25","0.02","10","7.03",
="057918","鴻海元大55購01","253,000","3","102,200","0.40","0.41","0.40","0.40","-","0.03","0.40","499","0.41","10","206.00",
="05791P","臺股指元大4A售09","0","0","0","--","--","--","--"," ","0.00","0.08","100","0.18","10","0.00",
="057922","台積電元大55購01","291,000","9","155,730","0.54","0.54","0.52","0.53","-","0.03","0.52","31","0.54","3","1,160.00",
="057924","鴻準元大49購01","0","0","0","--","--","--","--"," ","0.00","--","0","0.10","10","71.70",
="057925","鴻準元大4A購01","0","0","0","--","--","--","--"," ","0.00","--","0","0.02","15","71.70",
="057932","長榮航元大4B購01","3,000","1","810","0.27","0.27","0.27","0.27","X","0.00","0.23","499","0.24","10","39.05",
="057941","世芯元大4B購01","15,000","1","40,800","2.72","2.72","2.72","2.72","-","0.13","2.63","250","2.68","10","4,000.00",
="057947","神達元大4B購01","148,000","20","668,840","4.52","4.89","4.34","4.50","+","1.03","4.54","200","4.59","10","95.90",
="057956","國企2X群益49購01","0","0","0","--","--","--","--"," ","0.00","0.66","25","0.67","10","10.70",
="057963","鴻準群益4A購01","0","0","0","--","--","--","--"," ","0.00","--","0","--","0","71.70",
="057980","神達群益49購01","27,000","1","77,490","2.87","2.87","2.87","2.87","+","0.67","0.21","47","3.17","10","95.90",
="058016","華城凱基49購02","0","0","0","--","--","--","--"," ","0.00","0.13","100","--","0","618.00",
="058033","神達凱基4B購01","425,000","38","1,188,820","2.80","3.06","1.95","2.76","+","0.55","2.79","36","2.83","10","95.90",
="058040","金寶統一53購01","0","0","0","--","--","--","--"," ","0.00","0.13","10","0.14","10","19.05",
="058041","鴻準統一4C購02","0","0","0","--","--","--","--"," ","0.00","0.03","10","0.04","10","71.70",
="058042","神達統一4A購02","23,000","2","35,650","1.55","1.55","1.55","1.55","+","0.24","1.57","10","1.59","10","95.90",
="058043","神達統一4B購03","521,000","14","480,710","0.84","0.95","0.84","0.89","+","0.09","0.90","10","0.91","10","95.90",
="058058","宏達電國票5B購01","13,000","6","77,100","6.15","6.15","5.75","5.75","+","0.55","5.90","25","5.95","10","66.50",
="058067","神達國票49購01","227,000","22","781,680","3.20","3.84","3.20","3.36","+","0.99","3.40","25","3.50","10","95.90",
="058073","元上證元富4B購01","1,000","1","1,590","1.59","1.59","1.59","1.59","-","0.23","1.55","25","1.65","10","33.51",
="058075","元金2X元富4B購01","0","0","0","--","--","--","--"," ","0.00","7.15","25","7.65","25","58.65",
="058076","中50元富4B購01","0","0","0","--","--","--","--"," ","0.00","1.64","27","1.74","10","24.71",
="058080","寶齡元富4B購01","3,000","2","300","0.10","0.10","0.10","0.10","+","0.03","0.09","3","0.10","10","71.10",
="058096","鴻準元大49購02","0","0","0","--","--","--","--"," ","0.00","--","0","0.10","10","71.70",
="058097","英業達元大49購01","0","0","0","--","--","--","--"," ","0.00","--","0","0.09","100","41.35",
="058100","正崴元大4B購01","0","0","0","--","--","--","--"," ","0.00","0.03","499","0.13","10","48.40",
="058104","長榮航元大4B購02","35,000","3","62,850","1.85","1.85","1.77","1.77","+","0.01","1.72","450","1.74","10","39.05",
="058117","神達元大4B購02","761,000","35","1,707,080","2.00","2.41","2.00","2.27","+","0.40","2.28","5","2.29","10","95.90",
="058127","聯電群益4A購01","0","0","0","--","--","--","--"," ","0.00","0.21","70","0.31","10","40.60",
="058131","台積電群益4B購04","0","0","0","--","--","--","--"," ","0.00","--","0","--","0","1,160.00",
="058133","順德群益49購01","0","0","0","--","--","--","--"," ","0.00","--","0","0.95","5","88.20",
="058150","富邦金群益4B購01","0","0","0","--","--","--","--"," ","0.00","0.06","166","0.24","10","85.20",
="058184","緯創富邦4B購01","0","0","0","--","--","--","--"," ","0.00","0.15","30","0.16","10","0.00",
="058195","世芯永豐52購01","0","0","0","--","--","--","--"," ","0.00","--","0","--","0","4,000.00",
="058196","世芯永豐52購02","0","0","0","--","--","--","--"," ","0.00","5.55","499","5.60","10","4,000.00",
="058205","金寶元富4B購01","11,000","1","1,760","0.16","0.16","0.16","0.16","X","0.00","0.14","25","0.15","25","19.05",
="058207","仁寶元富4B購01","0","0","0","--","--","--","--"," ","0.00","0.08","25","0.10","10","28.10",
="058210","技嘉元富4A購03","53,000","1","36,570","0.69","0.69","0.69","0.69","-","0.06","0.65","25","0.75","10","281.00",
="058215","嘉澤元富4B購02","0","0","0","--","--","--","--"," ","0.00","0.24","25","0.25","25","1,465.00",
="058216","世芯元富4B購05","0","0","0","--","--","--","--"," ","0.00","--","0","--","0","4,000.00",
="058221","保瑞元富4A購01","0","0","0","--","--","--","--"," ","0.00","0.57","25","0.58","25","733.00",
="058223","緯穎元富4B購02","0","0","0","--","--","--","--"," ","0.00","1.43","25","1.44","25","2,975.00",
="058228","美時統一4B購01","0","0","0","--","--","--","--"," ","0.00","0.06","10","0.07","10","193.50",
="058229","仁寶統一4B購01","0","0","0","--","--","--","--"," ","0.00","0.02","10","0.03","10","28.10",
="058230","漢唐統一4B購01","5,000","1","30,750","6.15","6.15","6.15","6.15","-","0.15","6.20","10","6.30","10","1,190.00",
="058232","日電貿統一52購01","0","0","0","--","--","--","--"," ","0.00","0.42","10","0.43","10","70.50",
="058233","康舒統一4B購01","0","0","0","--","--","--","--"," ","0.00","0.09","121","0.10","10","29.10",
="058234","東哥統一4B購01","0","0","0","--","--","--","--"," ","0.00","0.14","10","0.15","10","198.00",
="058244","台光電凱基49購01","0","0","0","--","--","--","--"," ","0.00","22.00","100","--","0","1,250.00",
="05825P","台積電凱基4A售11","0","0","0","--","--","--","--"," ","0.00","--","0","0.10","10","0.00",
="058266","元債2X元大51購01","0","0","0","--","--","--","--"," ","0.00","0.40","120","0.41","50","7.05",
="058267","元債2X元大53購01","0","0","0","--","--","--","--"," ","0.00","0.21","100","0.22","50","7.05",
="058269","美債2X元大51購01","0","0","0","--","--","--","--"," ","0.00","0.16","100","0.17","50","7.03",
="058277","金寶元大49購02","0","0","0","--","--","--","--"," ","0.00","--","0","0.10","10","19.05",
="058285","英業達元大49購02","0","0","0","--","--","--","--"," ","0.00","--","0","0.10","10","41.35",
="058297","聯發科凱基49購01","0","0","0","--","--","--","--"," ","0.00","8.50","50","9.00","10","1,385.00",
="058318","鴻海群益55購01","0","0","0","--","--","--","--"," ","0.00","0.46","100","0.47","100","206.00",
="05831P","亞光群益53售01","0","0","0","--","--","--","--"," ","0.00","0.06","30","--","0","0.00",
="058322","台積電群益4B購05","0","0","0","--","--","--","--"," ","0.00","--","0","--","0","1,160.00",
="058323","台積電群益4B購06","0","0","0","--","--","--","--"," ","0.00","--","0","--","0","1,160.00",
="058332","緯創群益4A購01","0","0","0","--","--","--","--"," ","0.00","0.11","90","0.49","10","115.00",
="058370","宏達電國票55購01","34,000","8","239,300","7.45","7.50","6.85","7.00","-","0.05","7.05","25","8.60","1","66.50",
="058371","宏達電國票5B購02","43,000","12","266,950","6.15","6.50","6.00","6.00","+","0.25","5.95","25","6.10","10","66.50",
="058377","精金國票51購01","1,000","1","120","0.12","0.12","0.12","0.12","X","0.00","0.12","25","0.13","10","6.73",
="058378","精金國票55購01","1,000","1","190","0.19","0.19","0.19","0.19","X","0.00","0.19","25","0.20","10","6.73",
="058404","長榮航元富4B購01","0","0","0","--","--","--","--"," ","0.00","0.71","25","0.72","25","39.05",
="058424","金寶統一55購01","0","0","0","--","--","--","--"," ","0.00","0.12","10","0.13","10","19.05",
="058425","台積電統一4B購02","0","0","0","--","--","--","--"," ","0.00","0.48","10","0.49","10","1,160.00",
="058426","鴻準統一53購01","0","0","0","--","--","--","--"," ","0.00","0.13","10","0.14","10","71.70",
="058427","鴻準統一57購01","0","0","0","--","--","--","--"," ","0.00","0.17","40","0.18","10","71.70",
="058428","長榮統一4B購03","0","0","0","--","--","--","--"," ","0.00","0.22","10","0.23","10","188.00",
="058429","日電貿統一55購01","0","0","0","--","--","--","--"," ","0.00","0.54","10","0.55","10","70.50",
="058430","景碩統一4B購01","1,596,000","28","792,220","0.47","0.56","0.46","0.48","-","0.02","0.46","10","0.47","10","113.50",
="058431","新唐統一4B購01","0","0","0","--","--","--","--"," ","0.00","0.02","10","0.03","10","61.70",
="058433","元晶統一53購02","10,000","1","1,600","0.16","0.16","0.16","0.16","-","0.01","0.15","10","0.16","10","15.90",
="058434","緯穎統一53購01","25,000","4","16,700","0.67","0.67","0.66","0.67","+","0.01","0.65","10","0.66","10","2,975.00",
="058438","台積電永豐53購01","4,000","2","27,200","6.95","6.95","6.75","6.75","-","0.35","6.00","11","6.50","10","1,160.00",
="05844P","台積電統一4C售12","0","0","0","--","--","--","--"," ","0.00","0.35","10","0.36","10","0.00",
="058451","世芯永豐4C購01","0","0","0","--","--","--","--"," ","0.00","2.73","3","--","0","4,000.00",
="05845P","智邦統一4A售02","0","0","0","--","--","--","--"," ","0.00","--","0","--","0","0.00",
="058490","元債2X凱基51購01","0","0","0","--","--","--","--"," ","0.00","0.21","100","0.22","50","7.05",
="058491","元債2X凱基53購01","0","0","0","--","--","--","--"," ","0.00","0.11","100","0.12","50","7.05",
="058497","金寶凱基49購01","0","0","0","--","--","--","--"," ","0.00","--","0","0.10","10","19.05",
="058502","英業達凱基49購01","0","0","0","--","--","--","--"," ","0.00","0.01","100","0.11","10","41.35",
="058510","長榮航凱基4B購01","0","0","0","--","--","--","--"," ","0.00","0.20","10","0.21","40","39.05",
="058512","創意凱基4B購01","458,000","8","168,640","0.35","0.39","0.34","0.35","-","0.01","0.34","100","0.35","10","1,350.00",
="058513","世芯凱基4A購01","255,000","3","695,550","2.81","2.81","2.71","2.73","X","0.00","2.70","100","2.76","10","4,000.00",
="058527","聯電元大49購02","0","0","0","--","--","--","--"," ","0.00","0.09","499","0.10","10","40.60",
="058528","金寶元大49購03","0","0","0","--","--","--","--"," ","0.00","--","0","0.10","10","19.05",
="058537","技嘉元大4B購01","244,000","7","177,310","0.74","0.74","0.71","0.71","-","0.05","0.70","25","0.71","10","281.00",
="058550","緯創元大4A購01","0","0","0","--","--","--","--"," ","0.00","0.05","499","0.06","10","115.00",
="058564","元債2X群益4A購02","0","0","0","--","--","--","--"," ","0.00","0.11","25","0.12","10","7.05",
="058565","美債2X群益4B購03","0","0","0","--","--","--","--"," ","0.00","0.15","10","0.25","10","7.03",
="058567","華城群益49購01","0","0","0","--","--","--","--"," ","0.00","0.46","25","0.47","10","618.00",
="058576","台積電群益4B購07","0","0","0","--","--","--","--"," ","0.00","--","0","--","0","1,160.00",
="058579","鴻準群益4B購01","0","0","0","--","--","--","--"," ","0.00","0.04","10","0.14","10","71.70",
="05857P","台積電凱基4B售01","0","0","0","--","--","--","--"," ","0.00","0.01","100","0.11","10","0.00",
="058608","臺股指群益4B購01","0","0","0","--","--","--","--"," ","0.00","1.41","499","1.42","499","0.00",
="058609","臺股指群益4B購02","0","0","0","--","--","--","--"," ","0.00","0.76","499","0.77","499","0.00",
="058610","臺股指群益4B購03","0","0","0","--","--","--","--"," ","0.00","0.33","499","0.34","499","0.00",
="058611","臺股指群益4B購04","0","0","0","--","--","--","--"," ","0.00","0.19","499","0.20","499","0.00",
="058620","美時永豐4B購02","0","0","0","--","--","--","--"," ","0.00","0.07","5","0.08","10","193.50",
="058626","金寶統一4B購02","0","0","0","--","--","--","--"," ","0.00","0.02","10","0.03","10","19.05",
="058627","皇昌統一55購01","0","0","0","--","--","--","--"," ","0.00","0.39","10","0.40","10","83.50",
="058628","華航統一4B購01","199,000","1","7,960","0.04","0.04","0.04","0.04"," ","0.00","0.03","60","0.04","10","21.25",
="058629","長榮航統一4B購01","0","0","0","--","--","--","--"," ","0.00","0.14","10","0.15","10","39.05",
="058630","新日興統一4B購01","87,000","21","73,090","0.78","1.00","0.77","0.98","+","0.18","0.98","7","0.99","11","259.00",
="058631","迅得統一4B購01","2,000","1","320","0.16","0.16","0.16","0.16","+","0.01","0.15","10","0.16","10","193.50",
="058634","美債2X凱基4A購03","0","0","0","--","--","--","--"," ","0.00","0.04","100","0.05","10","7.03",
="058654","世芯凱基49購02","0","0","0","--","--","--","--"," ","0.00","5.40","100","5.90","10","4,000.00",
="058664","臺股指凱基4B購06","0","0","0","--","--","--","--"," ","0.00","0.06","100","0.07","10","0.00",
="058665","臺股指凱基4B購07","0","0","0","--","--","--","--"," ","0.00","0.23","100","0.24","10","0.00",
="058671","鴻準元富4B購03","0","0","0","--","--","--","--"," ","0.00","0.04","25","0.10","10","71.70",
="058674","嘉澤元富4B購03","0","0","0","--","--","--","--"," ","0.00","0.25","25","0.26","25","1,465.00",
="058675","緯穎元富53購01","40,000","3","50,900","1.27","1.28","1.27","1.27","-","0.02","1.26","25","1.27","25","2,975.00",
="058678","振樺電元富4B購01","150,000","3","65,000","0.47","0.47","0.40","0.40","X","0.00","0.38","25","0.39","25","270.00",
="058679","億豐元富4B購01","0","0","0","--","--","--","--"," ","0.00","1.82","25","1.83","25","450.00",
="058717","元債2X群益4A購03","0","0","0","--","--","--","--"," ","0.00","0.10","25","0.11","10","7.05",
="058718","元債2X群益4B購04","0","0","0","--","--","--","--"," ","0.00","0.10","25","0.11","10","7.05",
="058719","元債2X群益4B購05","0","0","0","--","--","--","--"," ","0.00","0.06","25","0.07","10","7.05",
="058723","華城群益4A購01","0","0","0","--","--","--","--"," ","0.00","0.22","30","0.72","10","618.00",
="058760","美時元大49購01","0","0","0","--","--","--","--"," ","0.00","--","0","0.10","10","193.50",
="058764","聯電元大49購03","0","0","0","--","--","--","--"," ","0.00","0.01","499","0.11","10","40.60",
="058772","技嘉元大4B購02","26,000","6","88,790","3.43","3.43","3.40","3.41","-","0.11","3.26","25","3.29","10","281.00",
="058778","聯發科元大4A購01","0","0","0","--","--","--","--"," ","0.00","0.01","499","--","0","1,385.00",
="058781","長榮元大49購01","0","0","0","--","--","--","--"," ","0.00","--","0","0.10","10","188.00",
="058783","陽明元大4B購01","0","0","0","--","--","--","--"," ","0.00","0.04","499","0.14","10","58.80",
="058785","大立光元大4A購01","248,000","6","190,080","0.79","0.79","0.76","0.76","-","0.03","0.75","25","0.76","10","2,395.00",
="058787","緯創元大4A購02","162,000","1","124,740","0.77","0.77","0.77","0.77","-","0.03","0.77","499","--","0","115.00",
="058791","日月光元大49購01","0","0","0","--","--","--","--"," ","0.00","0.06","499","0.07","10","147.50",
="058793","祥碩元大49購02","0","0","0","--","--","--","--"," ","0.00","0.05","499","0.06","10","1,665.00",
="058809","台灣50兆豐4B購01","24,000","4","15,340","0.65","0.65","0.63","0.63","-","0.07","0.61","22","0.62","10","52.50",
="05880P","臺股指元大4C售02","0","0","0","--","--","--","--"," ","0.00","0.27","100","0.37","10","0.00",
="058815","美時永豐4B購03","0","0","0","--","--","--","--"," ","0.00","0.05","10","0.06","10","193.50",
="058834","中興電統一4B購02","2,695,000","12","787,880","0.30","0.31","0.29","0.30","+","0.03","0.30","10","0.31","10","167.00",
="058835","皇昌統一53購02","0","0","0","--","--","--","--"," ","0.00","0.29","10","0.30","10","83.50",
="058836","智原統一4B購04","136,000","4","4,090","0.03","0.04","0.03","0.03"," ","0.00","0.02","200","0.03","8","158.00",
="058837","貿聯統一4C購02","244,000","3","371,850","1.50","1.59","1.50","1.59","+","0.07","1.60","10","1.62","10","981.00",
="058838","迅得統一55購01","0","0","0","--","--","--","--"," ","0.00","0.31","10","0.32","10","193.50",
="058841","元日2X凱基53購01","0","0","0","--","--","--","--"," ","0.00","0.17","100","0.18","50","5.97",
="058845","美時凱基49購01","0","0","0","--","--","--","--"," ","0.00","--","0","0.10","10","193.50",
="058848","聯電凱基49購01","0","0","0","--","--","--","--"," ","0.00","0.01","100","0.11","10","40.60",
="058850","鴻海凱基49購02","0","0","0","--","--","--","--"," ","0.00","0.82","100","0.83","10","206.00",
="058852","台積電凱基53購01","10,000","1","6,500","0.65","0.65","0.65","0.65","-","0.03","0.65","3","--","0","1,160.00",
="058857","長榮航凱基4A購01","0","0","0","--","--","--","--"," ","0.00","0.08","100","0.10","10","39.05",
="058866","世芯凱基4B購01","0","0","0","--","--","--","--"," ","0.00","4.21","100","4.31","10","4,000.00",
="058874","T50正2元大4B購01","0","0","0","--","--","--","--"," ","0.00","0.95","100","1.05","10","259.40",
="058875","T50正2元大4C購01","6,000","1","7,020","1.17","1.17","1.17","1.17","-","0.06","1.16","499","1.26","10","259.40",
="058884","美時元大49購02","0","0","0","--","--","--","--"," ","0.00","--","0","0.10","10","193.50",
="058894","正崴元大49購01","0","0","0","--","--","--","--"," ","0.00","--","0","0.10","10","48.40",
="058898","長榮元大49購02","0","0","0","--","--","--","--"," ","0.00","--","0","--","0","188.00",
="058900","陽明元大4B購02","0","0","0","--","--","--","--"," ","0.00","0.03","499","0.13","10","58.80",
="058905","欣興元大4B購01","225,000","17","154,430","0.66","0.72","0.63","0.71","-","0.03","0.69","499","0.71","10","150.00",
="058907","創意元大4A購01","1,937,000","14","938,800","0.47","0.53","0.45","0.51","+","0.03","0.08","125","0.51","100","1,350.00",
="058910","日月光元大49購02","0","0","0","--","--","--","--"," ","0.00","0.18","499","0.19","10","147.50",
="058911","祥碩元大49購03","0","0","0","--","--","--","--"," ","0.00","0.04","499","0.14","10","1,665.00",
="058917","上証2X群益49購02","30,000","1","3,300","0.11","0.11","0.11","0.11","X","0.00","0.10","10","0.20","10","45.30",
="058919","美債2X群益4A購05","0","0","0","--","--","--","--"," ","0.00","0.06","10","0.16","10","7.03",
="058920","元日2X群益53購01","0","0","0","--","--","--","--"," ","0.00","0.79","25","0.80","10","5.97",
="058923","華城群益4A購02","0","0","0","--","--","--","--"," ","0.00","--","0","0.84","10","618.00",
="058961","亞力元富4B購01","43,000","2","22,680","0.56","0.56","0.52","0.52","X","0.00","0.52","25","0.62","25","110.50",
="058964","長榮元富4B購04","0","0","0","--","--","--","--"," ","0.00","0.09","25","0.10","25","188.00",
="058966","世芯元富52購01","1,000","1","5,100","5.10","5.10","5.10","5.10","X","0.00","5.00","25","5.10","24","4,000.00",
="058967","中租元富4B購01","0","0","0","--","--","--","--"," ","0.00","0.42","25","0.44","25","115.50",
="058968","南電元富4B購01","0","0","0","--","--","--","--"," ","0.00","7.75","25","--","0","226.00",
="058969","寶成元富4B購01","0","0","0","--","--","--","--"," ","0.00","0.02","25","0.10","10","28.70",
="058970","元日2X國票51購01","0","0","0","--","--","--","--"," ","0.00","0.19","25","0.20","10","5.97",
="058971","元日2X國票55購01","0","0","0","--","--","--","--"," ","0.00","0.20","25","0.21","10","5.97",
="059010","長榮富邦49購01","0","0","0","--","--","--","--"," ","0.00","0.01","200","0.10","10","0.00",
="059014","緯穎富邦49購02","0","0","0","--","--","--","--"," ","0.00","1.34","30","1.39","10","0.00",
="059016","臺股指富邦52購01","600,000","3","282,000","0.47","0.47","0.47","0.47","-","0.04","0.44","499","0.45","100","0.00",
="059038","世芯永豐55購01","0","0","0","--","--","--","--"," ","0.00","4.62","10","--","0","4,000.00",
="059039","世芯永豐5B購01","0","0","0","--","--","--","--"," ","0.00","6.50","10","6.55","10","4,000.00",
="059046","友訊統一4B購01","0","0","0","--","--","--","--"," ","0.00","0.06","10","0.07","10","18.05",
="059047","矽統統一4B購01","0","0","0","--","--","--","--"," ","0.00","0.09","10","0.10","10","55.10",
="059048","長榮統一4A購03","0","0","0","--","--","--","--"," ","0.00","0.05","10","0.06","10","188.00",
="059049","長榮統一4B購04","0","0","0","--","--","--","--"," ","0.00","0.15","10","0.16","10","188.00",
="059050","長榮統一4B購05","309,000","3","12,360","0.04","0.04","0.04","0.04","X","0.00","0.03","10","0.04","10","188.00",
="059051","長榮統一4B購06","0","0","0","--","--","--","--"," ","0.00","0.11","10","0.12","10","188.00",
="059052","長榮統一4B購07","0","0","0","--","--","--","--"," ","0.00","0.04","10","0.05","10","188.00",
="059053","陽明統一4B購04","0","0","0","--","--","--","--"," ","0.00","0.15","10","0.16","10","58.80",
="059054","陽明統一4B購05","0","0","0","--","--","--","--"," ","0.00","0.09","10","0.10","10","58.80",
="059055","全漢統一53購01","0","0","0","--","--","--","--"," ","0.00","0.23","10","0.24","10","57.10",
="059056","全漢統一55購01","0","0","0","--","--","--","--"," ","0.00","0.21","10","0.22","10","57.10",
="059057","康舒統一53購01","0","0","0","--","--","--","--"," ","0.00","0.35","10","0.36","10","29.10",
="059058","元黃金國票4B購01","0","0","0","--","--","--","--"," ","0.00","1.76","25","1.85","1","37.00",
="05905P","台積電凱基4A售12","0","0","0","--","--","--","--"," ","0.00","0.03","100","0.13","10","0.00",
="05906P","台積電凱基4A售13","0","0","0","--","--","--","--"," ","0.00","0.03","100","0.13","10","0.00",
="059080","華城元富4B購01","144,000","4","169,070","1.19","1.20","1.15","1.16","-","0.01","1.09","25","1.10","25","618.00",
="059081","友訊元富4B購01","150,000","2","34,000","0.24","0.24","0.22","0.22","+","0.01","0.20","25","0.21","25","18.05",
="059089","全漢元富4B購01","0","0","0","--","--","--","--"," ","0.00","0.28","25","0.29","25","57.10",
="059094","嘉澤元富4B購04","0","0","0","--","--","--","--"," ","0.00","0.12","25","0.13","25","1,465.00",
="059095","嘉澤元富4B購05","0","0","0","--","--","--","--"," ","0.00","0.08","25","0.10","10","1,465.00",
="059099","臺股指元富49購02","0","0","0","--","--","--","--"," ","0.00","0.58","25","0.59","25","0.00",
="05909P","臺股指凱基4C售01","0","0","0","--","--","--","--"," ","0.00","0.21","100","0.22","10","0.00",
="059100","臺股指元富49購03","0","0","0","--","--","--","--"," ","0.00","0.36","25","0.37","25","0.00",
="059101","臺股指元富49購04","0","0","0","--","--","--","--"," ","0.00","0.38","25","0.39","25","0.00",
="059102","臺股指元富49購05","0","0","0","--","--","--","--"," ","0.00","0.05","25","0.10","10","0.00",
="059104","T50正2凱基4C購01","18,000","2","18,940","1.04","1.06","1.04","1.06","-","0.05","1.04","100","1.06","25","259.40",
="059107","中砂凱基49購01","17,000","4","5,580","0.35","0.35","0.31","0.31","X","0.00","0.30","100","0.40","10","347.00",
="059108","美時凱基49購02","0","0","0","--","--","--","--"," ","0.00","--","0","0.02","10","193.50",
="059112","台積電凱基49購03","0","0","0","--","--","--","--"," ","0.00","1.43","100","1.53","10","1,160.00",
="059113","台積電凱基5B購01","26,000","4","55,080","2.19","2.19","2.07","2.07","-","0.15","2.06","100","--","0","1,160.00",
="059125","欣興凱基4B購01","545,000","18","166,300","0.27","0.34","0.27","0.30","-","0.04","0.09","111","0.39","10","150.00",
="059130","日月光凱基49購01","0","0","0","--","--","--","--"," ","0.00","0.13","100","0.14","10","147.50",
="059131","祥碩凱基49購02","0","0","0","--","--","--","--"," ","0.00","0.02","100","0.12","10","1,665.00",
="059138","國企2X群益4B購01","10,000","1","11,400","1.14","1.14","1.14","1.14","X","0.00","1.11","25","1.12","10","10.70",
="059139","元日2X群益53購02","0","0","0","--","--","--","--"," ","0.00","0.79","25","0.80","10","5.97",
="059148","陽明群益4B購01","0","0","0","--","--","--","--"," ","0.00","0.02","10","0.12","10","58.80",
="059166","美時元大4A購01","0","0","0","--","--","--","--"," ","0.00","--","0","0.10","10","193.50",
="059175","正崴元大49購02","0","0","0","--","--","--","--"," ","0.00","--","0","0.10","10","48.40",
="059188","凱基金元大4B購01","910,000","5","302,200","0.35","0.35","0.32","0.32","-","0.04","0.07","142","--","0","15.55",
="059197","祥碩元大4B購01","0","0","0","--","--","--","--"," ","0.00","0.33","25","0.34","10","1,665.00",
="059200","緯穎元大4A購01","0","0","0","--","--","--","--"," ","0.00","7.15","100","7.30","10","2,975.00",
="059208","臺股指元大49購09","0","0","0","--","--","--","--"," ","0.00","0.15","499","0.25","10","0.00",
="059213","鴻海富邦49購02","100,000","1","53,000","0.53","0.53","0.53","0.53","X","0.00","0.56","30","0.62","10","0.00",
="059216","萬海富邦4B購01","0","0","0","--","--","--","--"," ","0.00","0.06","30","0.07","28","0.00",
="059222","可成元富4B購01","0","0","0","--","--","--","--"," ","0.00","0.64","25","0.65","25","190.00",
="059239","金像電兆豐4B購01","0","0","0","--","--","--","--"," ","0.00","11.40","10","11.50","10","486.00",
="059240","深中小凱基4B購01","219,000","5","120,870","0.55","0.62","0.55","0.55","-","0.16","0.53","28","0.54","50","14.81",
="059244","川湖凱基4A購01","0","0","0","--","--","--","--"," ","0.00","7.05","100","7.55","10","2,925.00",
="059245","鴻海凱基58購01","0","0","0","--","--","--","--"," ","0.00","2.25","100","2.26","10","206.00",
="059247","台積電凱基53購02","0","0","0","--","--","--","--"," ","0.00","1.00","100","1.01","10","1,160.00",
="059253","材料元富49購01","0","0","0","--","--","--","--"," ","0.00","--","0","0.10","20","67.70",
="059254","長榮航凱基4B購02","35,000","4","47,250","1.39","1.39","1.32","1.32"," ","0.00","1.31","100","1.32","10","39.05",
="059263","臺股指凱基49購11","0","0","0","--","--","--","--"," ","0.00","1.59","100","1.61","10","0.00",
="059264","臺股指凱基49購12","0","0","0","--","--","--","--"," ","0.00","1.84","100","1.87","10","0.00",
="059265","臺股指凱基49購13","0","0","0","--","--","--","--"," ","0.00","0.81","100","0.82","10","0.00",
="059289","台光電統一4B購01","1,000","1","4,980","4.98","4.98","4.98","4.98","-","0.07","4.86","10","4.87","10","1,250.00",
="059290","陽明統一4B購06","0","0","0","--","--","--","--"," ","0.00","0.04","10","0.05","10","58.80",
="059299","台灣50群益4B購01","10,000","1","11,400","1.14","1.14","1.14","1.14","-","0.04","0.54","18","1.23","10","52.50",
="05929P","金像電群益4C售01","0","0","0","--","--","--","--"," ","0.00","--","0","0.06","155","0.00",
="059302","元債2X群益4B購06","0","0","0","--","--","--","--"," ","0.00","0.20","25","0.21","10","7.05",
="059319","全新群益49購01","0","0","0","--","--","--","--"," ","0.00","--","0","--","0","153.50",
="05931P","SGBR2X元富4C售02","0","0","0","--","--","--","--"," ","0.00","2.60","25","2.61","25","0.00",
="059324","欣興群益4B購01","160,000","6","85,500","0.47","0.56","0.47","0.55"," ","0.00","0.51","100","0.52","100","150.00",
="059326","創意群益4B購01","0","0","0","--","--","--","--"," ","0.00","0.03","10","--","0","1,350.00",
="059337","元日2X元大49購01","250,000","2","46,000","0.18","0.19","0.18","0.19","+","0.02","0.19","100","0.20","100","5.97",
="059338","元日2X元大4A購01","0","0","0","--","--","--","--"," ","0.00","0.14","100","0.15","150","5.97",
="059339","元日2X元大4B購01","0","0","0","--","--","--","--"," ","0.00","0.13","100","0.14","100","5.97",
="059369","欣興元大4B購02","1,031,000","19","345,160","0.32","0.36","0.30","0.36","-","0.02","0.34","1","0.35","10","150.00",
="059374","祥碩元大4B購02","0","0","0","--","--","--","--"," ","0.00","0.17","499","0.18","10","1,665.00",
="059378","緯穎元大4A購02","0","0","0","--","--","--","--"," ","0.00","1.44","25","1.48","10","2,975.00",
="059396","中華統一4B購01","0","0","0","--","--","--","--"," ","0.00","0.04","10","0.05","10","58.50",
="059397","宇隆統一53購01","181,000","2","170,140","0.94","0.94","0.94","0.94","+","0.04","0.86","10","0.87","10","262.00",
="059398","金像電統一4B購01","0","0","0","--","--","--","--"," ","0.00","4.36","10","4.37","10","486.00",
="059399","台光電統一4A購02","0","0","0","--","--","--","--"," ","0.00","6.90","10","6.95","10","1,250.00",
="059400","台光電統一4B購02","18,000","3","79,230","4.42","4.42","4.18","4.33","-","0.13","4.24","10","4.30","10","1,250.00",
="059401","正崴統一55購02","0","0","0","--","--","--","--"," ","0.00","--","0","--","0","48.40",
="059402","鉅祥統一53購01","127,000","6","68,950","0.52","0.55","0.52","0.55","+","0.05","0.54","10","0.55","10","98.10",
="059403","全漢統一53購02","0","0","0","--","--","--","--"," ","0.00","0.27","10","0.28","10","57.10",
="059404","碩天統一4A購01","0","0","0","--","--","--","--"," ","0.00","0.01","10","0.02","10","225.50",
="059405","貿聯統一4B購03","40,000","3","49,300","1.21","1.27","1.21","1.27","+","0.11","1.25","10","1.26","10","981.00",
="059406","貿聯統一53購01","567,000","16","678,280","1.17","1.29","1.17","1.25","+","0.06","1.23","10","1.24","10","981.00",
="059407","永崴控統一55購01","0","0","0","--","--","--","--"," ","0.00","0.07","14","0.10","14","36.60",
="059416","台積電群益4B購08","0","0","0","--","--","--","--"," ","0.00","--","0","--","0","1,160.00",
="059417","台積電群益4B購09","0","0","0","--","--","--","--"," ","0.00","--","0","--","0","1,160.00",
="059422","萬海群益4A購04","0","0","0","--","--","--","--"," ","0.00","0.06","10","--","0","84.10",
="059426","偉訓群益4B購01","0","0","0","--","--","--","--"," ","0.00","2.47","499","--","0","110.00",
="059433","保瑞群益49購01","0","0","0","--","--","--","--"," ","0.00","0.06","25","0.07","10","733.00",
="059436","元債2X富邦4B購02","234,000","4","124,010","0.52","0.53","0.52","0.53","+","0.03","0.52","100","0.53","100","0.00",
="059449","緯穎富邦4B購01","0","0","0","--","--","--","--"," ","0.00","1.52","30","1.57","10","0.00",
="059451","美費半元富4B購01","0","0","0","--","--","--","--"," ","0.00","1.67","25","1.77","25","45.51",
="059452","士電元富4B購01","102,000","2","69,440","0.72","0.72","0.64","0.64","+","0.08","0.65","25","0.66","25","187.50",
="059458","宇隆元富4B購01","10,000","1","10,500","1.05","1.05","1.05","1.05","+","0.06","0.90","25","1.00","10","262.00",
="059462","長榮元富4B購05","0","0","0","--","--","--","--"," ","0.00","0.20","25","0.21","25","188.00",
="059464","景碩元富4B購01","19,000","7","40,430","2.15","2.29","1.99","1.99","+","0.03","1.86","25","1.93","25","113.50",
="059466","緯穎元富4A購02","0","0","0","--","--","--","--"," ","0.00","1.52","25","1.55","25","2,975.00",
="059515","台灣50凱基49購02","0","0","0","--","--","--","--"," ","0.00","0.49","100","0.50","50","52.50",
="059516","道瓊反凱基4B購01","0","0","0","--","--","--","--"," ","0.00","0.08","499","0.09","499","5.93",
="059517","元日2X凱基4A購03","0","0","0","--","--","--","--"," ","0.00","0.16","100","0.17","50","5.97",
="059523","鴻海凱基55購01","335,000","3","158,150","0.47","0.49","0.47","0.49","X","0.00","0.48","100","0.49","10","206.00",
="059524","台積電凱基53購03","0","0","0","--","--","--","--"," ","0.00","2.06","100","2.07","10","1,160.00",
="059525","台積電凱基53購04","0","0","0","--","--","--","--"," ","0.00","1.18","100","1.19","10","1,160.00",
="059546","元債2X元大49購03","120,000","1","7,200","0.06","0.06","0.06","0.06","X","0.00","0.06","100","0.07","50","7.05",
="059548","美債2X元大4B購02","0","0","0","--","--","--","--"," ","0.00","0.25","499","0.26","50","7.03",
="059565","漢唐元大4B購01","0","0","0","--","--","--","--"," ","0.00","28.90","50","--","0","1,190.00",
="059578","欣興元大4B購03","410,000","6","77,080","0.17","0.21","0.17","0.21","+","0.01","0.18","499","0.19","10","150.00",
="059592","臺股指元大4B購01","0","0","0","--","--","--","--"," ","0.00","0.25","499","0.35","10","0.00",
="059593","臺股指元大4B購02","0","0","0","--","--","--","--"," ","0.00","0.32","100","0.42","10","0.00",
="059594","臺股指元大4B購03","20,000","1","19,600","0.98","0.98","0.98","0.98","X","0.00","0.92","100","1.02","10","0.00",
="059599","宇隆統一4B購01","0","0","0","--","--","--","--"," ","0.00","0.79","10","0.80","10","262.00",
="059600","台積電統一5B購02","15,000","2","9,000","0.60","0.60","0.60","0.60","-","0.02","0.60","7","0.64","16","1,160.00",
="059601","大同統一4B購01","0","0","0","--","--","--","--"," ","0.00","0.10","10","0.11","10","40.75",
="059602","正崴統一4A購01","0","0","0","--","--","--","--"," ","0.00","0.01","10","0.02","10","48.40",
="059603","一詮統一4B購01","0","0","0","--","--","--","--"," ","0.00","0.04","10","0.05","10","80.20",
="059604","神基統一4B購01","341,000","25","507,500","1.47","1.62","1.35","1.50","+","0.22","1.49","10","1.50","10","157.00",
="059605","華擎統一49購01","0","0","0","--","--","--","--"," ","0.00","0.38","10","0.40","10","281.00",
="059606","碩天統一53購01","0","0","0","--","--","--","--"," ","0.00","0.10","10","0.11","10","225.50",
="059607","振樺電統一4B購01","305,000","3","46,800","0.16","0.16","0.15","0.15","X","0.00","0.14","10","0.15","10","270.00",
="059608","振樺電統一53購01","0","0","0","--","--","--","--"," ","0.00","0.54","10","0.55","10","270.00",
="059609","振樺電統一55購01","7,000","1","3,010","0.43","0.43","0.43","0.43","X","0.00","0.41","10","0.42","10","270.00",
="059610","世紀鋼統一4B購02","0","0","0","--","--","--","--"," ","0.00","0.39","10","0.43","10","188.00",
="059618","一詮元富4B購01","0","0","0","--","--","--","--"," ","0.00","0.01","25","0.11","10","80.20",
="059621","碩天元富4B購01","0","0","0","--","--","--","--"," ","0.00","0.08","25","0.10","10","225.50",
="059622","世芯元富55購01","0","0","0","--","--","--","--"," ","0.00","3.08","25","3.13","25","4,000.00",
="059623","世芯元富5B購01","0","0","0","--","--","--","--"," ","0.00","4.63","25","4.71","25","4,000.00",
="05962P","金寶群益4C售01","10,000","1","29,700","2.97","2.97","2.97","2.97","X","0.00","--","0","--","0","0.00",
="059646","台積電永豐4B購01","80,000","4","25,300","0.32","0.32","0.31","0.31","-","0.08","0.31","170","--","0","1,160.00",
="059647","台積電永豐4B購02","0","0","0","--","--","--","--"," ","0.00","0.60","499","0.70","10","1,160.00",
="059668","元債2X凱基49購03","44,000","1","3,520","0.08","0.08","0.08","0.08","-","0.01","0.08","100","0.09","50","7.05",
="059688","創意凱基4B購02","0","0","0","--","--","--","--"," ","0.00","0.35","100","0.36","10","1,350.00",
="059695","臺股指凱基4B購09","0","0","0","--","--","--","--"," ","0.00","0.45","100","0.46","10","0.00",
="059704","聯發科富邦49購02","10,000","5","4,960","0.48","0.51","0.46","0.46","-","0.10","0.48","30","0.51","10","0.00",
="059706","緯創富邦4B購02","0","0","0","--","--","--","--"," ","0.00","0.15","30","0.16","10","0.00",
="059707","台灣50群益4B購02","0","0","0","--","--","--","--"," ","0.00","--","0","1.12","10","52.50",
="059708","元日2X群益53購03","0","0","0","--","--","--","--"," ","0.00","0.79","25","0.80","10","5.97",
="059723","大立光群益49購01","0","0","0","--","--","--","--"," ","0.00","--","0","0.18","10","2,395.00",
="05975P","臺股指凱基49售16","0","0","0","--","--","--","--"," ","0.00","0.01","100","--","0","0.00",
="059762","欣興元大4B購04","1,809,000","26","622,100","0.35","0.38","0.31","0.37"," ","0.00","0.35","20","0.36","10","150.00",
="059812","世芯永豐49購01","0","0","0","--","--","--","--"," ","0.00","7.00","499","--","0","4,000.00",
="059816","台光電富邦4B購01","0","0","0","--","--","--","--"," ","0.00","10.40","30","10.80","10","0.00",
="05981P","美債2X元大4B售03","0","0","0","--","--","--","--"," ","0.00","0.74","100","0.75","50","0.00",
="059820","台灣50凱基4A購05","0","0","0","--","--","--","--"," ","0.00","1.75","100","1.76","50","52.50",
="059825","聯電凱基49購02","0","0","0","--","--","--","--"," ","0.00","0.11","100","0.12","10","40.60",
="059828","台積電凱基5B購02","0","0","0","--","--","--","--"," ","0.00","2.08","100","2.09","10","1,160.00",
="059853","鴻準統一4B購06","50,000","1","5,500","0.11","0.11","0.11","0.11","-","0.01","0.11","10","0.12","10","71.70",
="059854","鴻準統一4B購07","0","0","0","--","--","--","--"," ","0.00","0.19","10","0.20","10","71.70",
="059855","正崴統一4C購02","0","0","0","--","--","--","--"," ","0.00","0.02","10","0.03","10","48.40",
="059856","全訊統一53購01","285,000","13","137,450","0.48","0.50","0.47","0.48","-","0.01","0.48","10","0.49","20","146.00",
="059857","振樺電統一4B購02","0","0","0","--","--","--","--"," ","0.00","0.15","10","0.16","10","270.00",
="059859","滬深2X元富4B購01","708,000","16","1,748,440","2.38","2.63","2.38","2.53","-","0.40","2.38","30","2.46","10","18.32",
="059860","美債2X元富4B購03","0","0","0","--","--","--","--"," ","0.00","0.11","25","0.12","25","7.03",
="059874","元債2X群益4B購07","4,000","1","1,080","0.27","0.27","0.27","0.27","+","0.01","0.26","45","0.27","10","7.05",
="059882","中華群益4B購01","0","0","0","--","--","--","--"," ","0.00","--","0","--","0","58.50",
="05988P","陽明統一4C售03","1,000","1","500","0.50","0.50","0.50","0.50"," ","0.00","0.49","10","0.50","9","0.00",
="059890","鴻準群益4B購02","0","0","0","--","--","--","--"," ","0.00","0.65","10","0.75","10","71.70",
="059891","鴻準群益4B購03","7,000","1","980","0.14","0.14","0.14","0.14","-","0.01","0.13","10","0.23","10","71.70",
="059900","可成群益4B購01","249,000","6","137,850","0.56","0.56","0.54","0.55","-","0.01","0.53","100","0.54","100","190.00",
="059916","創意群益4A購01","0","0","0","--","--","--","--"," ","0.00","0.02","2","--","0","1,350.00",
="05993P","電子類凱基4A售01","0","0","0","--","--","--","--"," ","0.00","--","0","0.10","10","0.00",
="05995P","創意元富4C售06","3,000","1","900","0.30","0.30","0.30","0.30","X","0.00","0.12","30","--","0","0.00",
="059971","鴻準元大4B購02","0","0","0","--","--","--","--"," ","0.00","0.38","499","0.39","10","71.70",
="059997","祥碩元大4A購01","55,000","3","20,650","0.37","0.38","0.37","0.37","-","0.03","0.36","25","0.37","10","1,665.00",
="060008","T50正2永豐4C購01","0","0","0","--","--","--","--"," ","0.00","2.19","10","2.23","10","259.40",
="060011","鴻海永豐49購06","0","0","0","--","--","--","--"," ","0.00","0.54","10","0.64","10","206.00",
="060012","台積電永豐4C購03","267,000","11","279,660","1.06","1.06","1.03","1.03","-","0.12","1.03","3","1.04","100","1,160.00",
="060017","東陽統一4B購01","0","0","0","--","--","--","--"," ","0.00","0.02","509","0.03","10","101.00",
="060018","智邦統一51購01","48,000","2","75,180","1.59","1.59","1.56","1.56","-","0.07","1.55","10","1.59","10","984.00",
="060019","正崴統一54購01","0","0","0","--","--","--","--"," ","0.00","0.06","10","0.07","10","48.40",
="06001P","臺股指元富49售12","0","0","0","--","--","--","--"," ","0.00","0.05","25","0.10","10","0.00",
="060024","T50正2元富51購02","8,000","2","14,740","1.85","1.85","1.82","1.82","-","0.06","1.78","25","1.79","25","259.40",
="060025","A50正2元富4C購01","50,000","1","66,500","1.33","1.33","1.33","1.33","-","0.23","1.31","25","1.32","25","31.56",
="060026","正崴元富4C購01","0","0","0","--","--","--","--"," ","0.00","0.01","25","0.10","10","48.40",
="060028","日電貿元富49購01","0","0","0","--","--","--","--"," ","0.00","--","0","0.10","25","70.50",
="060030","永崴控元富49購01","0","0","0","--","--","--","--"," ","0.00","--","0","0.10","10","36.60",
="060032","達方元富49購01","0","0","0","--","--","--","--"," ","0.00","--","0","0.10","25","36.10",
="060051","台積電凱基4A購09","0","0","0","--","--","--","--"," ","0.00","0.22","100","0.23","10","1,160.00",
="060068","元日2X國票4A購01","0","0","0","--","--","--","--"," ","0.00","0.10","25","0.11","10","5.97",
="060069","元日2X國票4C購01","0","0","0","--","--","--","--"," ","0.00","0.16","25","0.17","10","5.97",
="060081","台積電國票49購01","0","0","0","--","--","--","--"," ","0.00","0.01","25","0.02","10","1,160.00",
="060082","台積電國票4A購01","1,000","1","70","0.07","0.07","0.07","0.07","X","0.00","0.06","25","0.07","10","1,160.00",
="060096","世紀鋼國票49購01","299,000","1","8,970","0.03","0.03","0.03","0.03","X","0.00","0.02","25","0.03","10","188.00",
="060104","鴻海富邦4A購01","0","0","0","--","--","--","--"," ","0.00","1.02","30","1.06","10","0.00",
="060106","鴻準富邦49購01","0","0","0","--","--","--","--"," ","0.00","--","0","--","0","0.00",
="060107","大同富邦49購01","0","0","0","--","--","--","--"," ","0.00","--","0","0.03","10","0.00",
="060111","德律富邦49購01","0","0","0","--","--","--","--"," ","0.00","1.18","30","--","0","0.00",
="060116","創意富邦4A購01","0","0","0","--","--","--","--"," ","0.00","0.89","30","0.93","10","0.00",
="060125","鴻準群益4C購01","0","0","0","--","--","--","--"," ","0.00","0.15","10","0.25","10","71.70",
="060129","可成群益4B購02","129,000","4","57,530","0.45","0.45","0.44","0.44","-","0.03","0.43","100","0.44","100","190.00",
="060153","中華元大49購01","0","0","0","--","--","--","--"," ","0.00","--","0","0.10","10","58.50",
="060161","鴻準元大4C購01","0","0","0","--","--","--","--"," ","0.00","0.35","499","0.36","10","71.70",
="060191","日月光元大49購03","0","0","0","--","--","--","--"," ","0.00","0.03","499","0.13","10","147.50",
="060192","日月光元大4B購01","50,000","1","9,000","0.18","0.18","0.18","0.18","X","0.00","0.16","499","0.17","10","147.50",
="060194","祥碩元大4B購03","10,000","1","1,800","0.18","0.18","0.18","0.18","-","0.02","0.18","499","0.19","10","1,665.00",
="060202","美債2X永豐4C購01","0","0","0","--","--","--","--"," ","0.00","0.04","10","0.05","10","7.03",
="060208","世芯永豐5C購01","4,000","3","24,250","6.05","6.20","6.00","6.20","+","0.10","5.90","10","6.20","2","4,000.00",
="060218","台積電凱基4C購03","0","0","0","--","--","--","--"," ","0.00","0.70","100","0.71","10","1,160.00",
="060220","鴻準凱基4C購01","0","0","0","--","--","--","--"," ","0.00","0.20","100","0.21","50","71.70",
="060224","正崴凱基4A購01","0","0","0","--","--","--","--"," ","0.00","--","0","0.02","50","48.40",
="060225","漢唐凱基4C購01","0","0","0","--","--","--","--"," ","0.00","32.00","10","33.00","10","1,190.00",
="060236","祥碩凱基4B購01","185,000","5","75,750","0.39","0.44","0.39","0.43","-","0.02","0.39","100","0.49","10","1,665.00",
="060247","聯電元富4A購01","0","0","0","--","--","--","--"," ","0.00","0.21","25","0.22","25","40.60",
="060249","長榮航元富4A購01","0","0","0","--","--","--","--"," ","0.00","0.14","25","0.15","25","39.05",
="060263","T50正2國票49購01","0","0","0","--","--","--","--"," ","0.00","--","0","--","0","259.40",
="060283","長榮富邦4B購01","728,000","19","717,640","0.95","1.02","0.93","0.93","-","0.03","0.93","10","0.94","10","0.00",
="060284","聯詠富邦4A購01","0","0","0","--","--","--","--"," ","0.00","6.35","30","6.60","10","0.00",
="060298","中華群益4C購01","0","0","0","--","--","--","--"," ","0.00","0.01","30","--","0","58.50",
="060303","鴻海群益49購02","0","0","0","--","--","--","--"," ","0.00","--","0","--","0","206.00",
="060306","友訊群益54購01","127,000","6","46,350","0.35","0.38","0.35","0.36","-","0.01","0.36","10","0.46","10","18.05",
="060308","智邦群益4A購01","0","0","0","--","--","--","--"," ","0.00","1.49","1","1.65","10","984.00",
="060313","一詮群益4B購01","0","0","0","--","--","--","--"," ","0.00","--","0","--","0","80.20",
="060320","台灣50元大49購02","0","0","0","--","--","--","--"," ","0.00","--","0","0.05","15","52.50",
="060321","台灣50元大49購03","0","0","0","--","--","--","--"," ","0.00","2.46","100","2.56","10","52.50",
="060322","台灣50元大4A購04","0","0","0","--","--","--","--"," ","0.00","0.53","499","0.63","10","52.50",
="060323","元債2X元大4B購02","0","0","0","--","--","--","--"," ","0.00","0.01","100","0.06","50","7.05",
="060324","元債2X元大56購01","0","0","0","--","--","--","--"," ","0.00","0.45","100","0.46","50","7.05",
="060325","元債2X元大57購01","0","0","0","--","--","--","--"," ","0.00","0.28","100","0.29","50","7.05",
="060326","元日2X元大53購01","2,606,000","13","1,328,970","0.50","0.51","0.50","0.51","+","0.02","0.51","100","0.52","100","5.97",
="060327","元日2X元大56購01","100,000","2","30,000","0.30","0.30","0.30","0.30","X","0.00","0.30","100","0.31","160","5.97",
="060336","中華元大49購02","0","0","0","--","--","--","--"," ","0.00","--","0","0.10","10","58.50",
="060345","鴻準元大4B購03","0","0","0","--","--","--","--"," ","0.00","0.36","499","0.37","10","71.70",
="06034P","臺股指群益4A售06","0","0","0","--","--","--","--"," ","0.00","0.26","499","0.27","499","0.00",
="06035P","臺股指群益4A售07","0","0","0","--","--","--","--"," ","0.00","0.18","499","0.19","499","0.00",
="060360","國泰金元大4C購01","0","0","0","--","--","--","--"," ","0.00","0.64","499","0.65","10","62.30",
="06036P","臺股指群益4A售08","207,000","8","75,270","0.36","0.40","0.36","0.39","+","0.03","0.38","499","0.39","499","0.00",
="060371","祥碩元大49購04","0","0","0","--","--","--","--"," ","0.00","0.12","25","0.20","1","1,665.00",
="060378","緯穎元大4A購03","0","0","0","--","--","--","--"," ","0.00","2.89","250","--","0","2,975.00",
="06037P","臺股指群益54售03","0","0","0","--","--","--","--"," ","0.00","0.72","499","0.73","499","0.00",
="06038P","臺股指群益54售04","10,000","2","6,200","0.62","0.62","0.62","0.62","X","0.00","0.62","494","0.63","499","0.00",
="060394","臺股指元大49購10","0","0","0","--","--","--","--"," ","0.00","0.78","499","0.88","10","0.00",
="060395","臺股指元大4A購05","853,000","4","538,190","0.65","0.65","0.61","0.61","-","0.10","0.57","100","0.67","10","0.00",
="060396","臺股指元大4A購06","50,000","2","37,750","0.76","0.76","0.75","0.75","-","0.12","0.74","100","0.84","10","0.00",
="060397","臺股指元大4A購07","0","0","0","--","--","--","--"," ","0.00","1.09","100","1.19","10","0.00",
="060398","臺股指元大4A購08","0","0","0","--","--","--","--"," ","0.00","1.08","100","1.18","10","0.00",
="06039P","臺股指群益54售05","207,000","7","120,020","0.57","0.58","0.57","0.58","+","0.01","0.58","399","0.59","504","0.00",
="060402","元日2X永豐4C購01","0","0","0","--","--","--","--"," ","0.00","0.14","10","0.15","10","5.97",
="060405","台積電永豐4C購04","0","0","0","--","--","--","--"," ","0.00","1.09","499","1.19","10","1,160.00",
="060416","嘉澤永豐4C購01","4,000","1","440","0.11","0.11","0.11","0.11"," ","0.00","0.10","10","0.11","10","1,465.00",
="060428","玉晶光元富4C購01","296,000","8","268,500","0.91","0.94","0.90","0.90","-","0.02","0.92","25","0.93","25","461.50",
="060429","貿聯元富54購01","47,000","4","93,090","1.94","2.16","1.94","2.07","+","0.09","2.06","25","2.09","25","981.00",
="060442","台積電群益49購07","0","0","0","--","--","--","--"," ","0.00","--","0","--","0","1,160.00",
="060443","台積電群益4C購02","0","0","0","--","--","--","--"," ","0.00","0.02","30","--","0","1,160.00",
="060444","友訊群益4A購01","0","0","0","--","--","--","--"," ","0.00","0.02","10","0.12","10","18.05",
="060445","鴻準群益4C購02","0","0","0","--","--","--","--"," ","0.00","0.69","10","0.79","10","71.70",
="060450","可成群益4B購03","32,000","1","15,680","0.49","0.49","0.49","0.49"," ","0.00","0.46","100","0.47","100","190.00",
="060468","台灣50中信4A購01","0","0","0","--","--","--","--"," ","0.00","0.66","499","0.68","100","0.00",
="060469","鴻海中信4A購01","0","0","0","--","--","--","--"," ","0.00","1.05","499","1.07","100","0.00",
="060470","鴻海中信4C購01","8,000","1","2,720","0.34","0.34","0.34","0.34","-","0.04","0.34","10","0.35","10","0.00",
="060472","台積電中信4C購01","0","0","0","--","--","--","--"," ","0.00","0.19","30","0.20","30","0.00",
="060476","長榮中信4A購01","30,000","1","1,500","0.05","0.05","0.05","0.05","X","0.00","0.04","499","0.05","10","0.00",
="060483","材料中信49購01","0","0","0","--","--","--","--"," ","0.00","0.20","499","0.21","30","0.00",
="060491","T50正2國票4A購01","0","0","0","--","--","--","--"," ","0.00","0.20","25","0.21","10","259.40",
="060500","緯創國票49購01","0","0","0","--","--","--","--"," ","0.00","--","0","0.05","18","115.00",
="060503","亞翔國票49購01","0","0","0","--","--","--","--"," ","0.00","1.29","25","1.32","10","349.50",
="060511","元債2X凱基56購01","0","0","0","--","--","--","--"," ","0.00","0.18","100","0.19","50","7.05",
="060517","台積電凱基4A購10","12,000","2","13,320","1.11","1.11","1.11","1.11","X","0.00","1.01","100","1.02","10","1,160.00",
="060518","台積電凱基4C購04","50,000","2","61,500","1.23","1.23","1.23","1.23","-","0.09","1.12","100","1.13","10","1,160.00",
="060519","漢唐凱基4C購02","0","0","0","--","--","--","--"," ","0.00","17.80","10","18.80","10","1,190.00",
="060536","臺股指凱基4A購07","0","0","0","--","--","--","--"," ","0.00","1.30","100","1.31","10","0.00",
="060537","臺股指凱基4A購08","0","0","0","--","--","--","--"," ","0.00","1.30","100","1.31","10","0.00",
="060538","臺股指凱基4A購09","60,000","4","51,500","0.85","0.86","0.85","0.86","-","0.05","0.77","100","0.78","10","0.00",
="060539","臺股指凱基4A購10","0","0","0","--","--","--","--"," ","0.00","0.28","100","0.29","10","0.00",
="060565","上証2X元大49購01","0","0","0","--","--","--","--"," ","0.00","1.06","499","1.16","10","45.30",
="060567","滬深2X元大49購05","0","0","0","--","--","--","--"," ","0.00","0.99","499","1.09","10","18.32",
="060579","鴻準元大4B購04","0","0","0","--","--","--","--"," ","0.00","0.35","499","0.36","10","71.70",
="060587","可成元大49購01","0","0","0","--","--","--","--"," ","0.00","--","0","0.10","10","190.00",
="060588","可成元大4A購01","0","0","0","--","--","--","--"," ","0.00","0.01","499","0.11","10","190.00",
="060590","長榮元大4B購01","35,000","3","9,900","0.29","0.29","0.28","0.28","-","0.01","0.27","499","0.28","10","188.00",
="060592","大立光元大4B購01","0","0","0","--","--","--","--"," ","0.00","0.06","499","0.07","10","2,395.00",
="060595","日電貿元大49購01","0","0","0","--","--","--","--"," ","0.00","--","0","0.10","10","70.50",
="060606","緯穎元大4A購04","0","0","0","--","--","--","--"," ","0.00","2.40","25","--","0","2,975.00",
="060609","華邦電兆豐4C購01","151,000","8","263,370","1.79","1.79","1.69","1.69","-","0.07","1.68","10","1.69","9","19.60",
="060619","S&P正2國票49購01","0","0","0","--","--","--","--"," ","0.00","0.01","25","0.02","10","105.05",
="060620","川湖國票49購01","0","0","0","--","--","--","--"," ","0.00","5.95","25","6.30","10","2,925.00",
="060627","嘉澤國票49購01","0","0","0","--","--","--","--"," ","0.00","--","0","--","0","1,465.00",
="060636","臺指反中信4A購01","0","0","0","--","--","--","--"," ","0.00","0.34","300","0.35","100","0.00",
="060637","元債2X中信49購02","0","0","0","--","--","--","--"," ","0.00","--","0","0.02","10","0.00",
="060644","聯發科中信4A購01","0","0","0","--","--","--","--"," ","0.00","0.09","499","0.10","30","0.00",
="060667","鴻準凱基4B購01","0","0","0","--","--","--","--"," ","0.00","0.24","100","0.25","50","71.70",
="06067P","聯發科群益4C售01","0","0","0","--","--","--","--"," ","0.00","0.01","30","--","0","0.00",
="060680","亞翔凱基49購01","0","0","0","--","--","--","--"," ","0.00","0.64","100","1.18","9","349.50",
="060683","緯穎凱基4A購01","0","0","0","--","--","--","--"," ","0.00","2.61","100","2.71","10","2,975.00",
="060687","台積電永豐4C購05","0","0","0","--","--","--","--"," ","0.00","1.17","10","1.27","10","1,160.00",
="060689","金像電永豐49購01","0","0","0","--","--","--","--"," ","0.00","10.20","499","--","0","486.00",
="060698","世芯永豐49購02","0","0","0","--","--","--","--"," ","0.00","5.30","499","--","0","4,000.00",
="060702","台積電統一58購02","0","0","0","--","--","--","--"," ","0.00","0.80","10","0.81","10","1,160.00",
="060703","智邦統一54購01","50,000","1","30,000","0.60","0.60","0.60","0.60","-","0.01","0.61","11","0.62","10","984.00",
="060704","奇鋐統一4B購02","13,000","2","18,200","1.40","1.40","1.40","1.40","X","0.00","1.43","10","1.44","10","1,015.00",
="060705","欣巴巴統一54購01","0","0","0","--","--","--","--"," ","0.00","0.07","10","0.10","10","70.70",
="060707","元債2X群益4C購03","0","0","0","--","--","--","--"," ","0.00","0.09","25","0.10","10","7.05",
="06070P","台光電統一4A售03","0","0","0","--","--","--","--"," ","0.00","--","0","0.01","1,116","0.00",
="060712","台積電群益4C購03","0","0","0","--","--","--","--"," ","0.00","--","0","--","0","1,160.00",
="060715","鴻準群益4A購02","0","0","0","--","--","--","--"," ","0.00","--","0","0.26","10","71.70",
="060729","嘉澤群益4A購02","0","0","0","--","--","--","--"," ","0.00","--","0","--","0","1,465.00",
="06072P","神達統一4C售04","1,016,000","7","106,040","0.11","0.12","0.10","0.12","X","0.00","0.12","10","0.13","10","0.00",
="060748","中華元大4C購01","0","0","0","--","--","--","--"," ","0.00","0.12","499","0.13","10","58.50",
="060764","可成元大49購02","0","0","0","--","--","--","--"," ","0.00","0.17","499","0.19","10","190.00",
="060765","鉅祥元大4B購01","435,000","19","415,220","0.85","1.04","0.79","1.00","+","0.17","0.95","499","0.97","10","98.10",
="060767","長榮元大4B購02","0","0","0","--","--","--","--"," ","0.00","0.22","499","0.24","10","188.00",
="060773","緯創元大49購01","0","0","0","--","--","--","--"," ","0.00","0.12","499","0.14","10","115.00",
="06077P","神達元富4C售03","330,000","5","72,310","0.22","0.22","0.21","0.22","-","0.06","0.20","25","0.21","25","0.00",
="060788","緯穎元大4C購01","0","0","0","--","--","--","--"," ","0.00","1.55","25","1.57","10","2,975.00",
="060792","和大元富49購01","0","0","0","--","--","--","--"," ","0.00","--","0","--","0","72.90",
="060808","正崴元富49購02","0","0","0","--","--","--","--"," ","0.00","--","0","0.10","25","48.40",
="060815","乙盛元富4A購01","130,000","14","110,950","0.87","1.00","0.79","0.79","X","0.00","0.82","25","0.83","25","81.40",
="060821","臺股指元富49購10","1,000","1","630","0.63","0.63","0.63","0.63","X","0.00","0.57","25","0.58","25","0.00",
="060823","南亞科兆豐4C購01","0","0","0","--","--","--","--"," ","0.00","3.00","10","3.01","10","46.65",
="060829","香港2X富邦49購01","0","0","0","--","--","--","--"," ","0.00","1.75","100","--","0","0.00",
="060830","元日2X富邦49購01","0","0","0","--","--","--","--"," ","0.00","0.12","100","0.13","100","0.00",
="060834","京元電富邦49購01","76,000","1","22,040","0.29","0.29","0.29","0.29","-","0.03","0.27","10","0.28","10","0.00",
="060839","嘉澤富邦49購01","0","0","0","--","--","--","--"," ","0.00","--","0","0.10","10","0.00",
="060840","貿聯富邦49購01","0","0","0","--","--","--","--"," ","0.00","0.99","30","--","0","0.00",
="060845","長榮航統一4B購02","0","0","0","--","--","--","--"," ","0.00","0.15","10","0.16","10","39.05",
="060849","美時永豐4C購01","0","0","0","--","--","--","--"," ","0.00","0.07","499","0.08","10","193.50",
="060850","鴻海永豐4A購02","0","0","0","--","--","--","--"," ","0.00","0.24","499","0.25","10","206.00",
="060851","台積電永豐51購01","0","0","0","--","--","--","--"," ","0.00","0.74","10","0.84","10","1,160.00",
="060854","一詮永豐49購01","0","0","0","--","--","--","--"," ","0.00","--","0","0.10","10","80.20",
="060870","台灣50中信4C購01","45,000","2","4,500","0.10","0.10","0.10","0.10","-","0.01","0.09","633","0.10","100","0.00",
="060872","元債2X中信4C購01","0","0","0","--","--","--","--"," ","0.00","0.04","499","0.05","100","0.00",
="060882","川湖中信49購01","0","0","0","--","--","--","--"," ","0.00","2.25","499","--","0","0.00",
="060892","創意中信49購01","0","0","0","--","--","--","--"," ","0.00","--","0","0.02","10","0.00",
="060894","材料中信4A購01","0","0","0","--","--","--","--"," ","0.00","--","0","0.02","10","0.00",
="060897","緯穎中信49購01","36,000","3","20,220","0.62","0.62","0.54","0.57","-","0.03","0.53","10","0.55","10","0.00",
="060898","臺指反國票4A購01","0","0","0","--","--","--","--"," ","0.00","0.02","25","0.03","10","3.20",
="060926","川湖凱基49購01","0","0","0","--","--","--","--"," ","0.00","4.96","100","5.25","10","2,925.00",
="060930","友訊凱基4A購01","1,000","1","20","0.02","0.02","0.02","0.02"," ","0.00","0.01","60","0.02","10","18.05",
="060931","技嘉凱基49購02","10,000","1","2,200","0.22","0.22","0.22","0.22","X","0.00","0.21","100","--","0","281.00",
="060933","可成凱基49購01","0","0","0","--","--","--","--"," ","0.00","0.01","100","--","0","190.00",
="060934","鉅祥凱基4B購01","60,000","3","12,240","0.19","0.28","0.19","0.28","+","0.08","0.24","100","0.25","50","98.10",
="060936","長榮凱基4B購05","0","0","0","--","--","--","--"," ","0.00","0.17","100","0.18","30","188.00",
="060952","世紀鋼凱基49購01","0","0","0","--","--","--","--"," ","0.00","0.02","100","--","0","188.00",
="060955","臺股指凱基49購14","0","0","0","--","--","--","--"," ","0.00","0.91","100","--","0","0.00",
="060960","台積電元富49購07","0","0","0","--","--","--","--"," ","0.00","7.90","25","8.40","10","1,160.00",
="060961","台積電元富49購08","0","0","0","--","--","--","--"," ","0.00","4.87","25","4.97","10","1,160.00",
="060962","台積電元富56購01","0","0","0","--","--","--","--"," ","0.00","0.84","25","0.94","10","1,160.00",
="060963","台積電元富5C購01","0","0","0","--","--","--","--"," ","0.00","1.97","25","2.07","10","1,160.00",
="060964","台積電元富5C購02","0","0","0","--","--","--","--"," ","0.00","17.20","25","18.20","10","1,160.00",
="060966","台光電元富4A購03","0","0","0","--","--","--","--"," ","0.00","16.50","25","--","0","1,250.00",
="060973","奇鋐元富4A購04","12,000","2","13,060","1.08","1.13","1.08","1.13","-","0.34","1.17","25","1.20","25","1,015.00",
="060985","台積電元富4A購01","0","0","0","--","--","--","--"," ","0.00","14.50","25","15.50","10","1,160.00",
="060986","技嘉元富4A購01","0","0","0","--","--","--","--"," ","0.00","0.02","25","0.12","10","281.00",
="060987","智邦群益49購01","0","0","0","--","--","--","--"," ","0.00","0.62","499","--","0","984.00",
="06098P","臺股指元大49售15","0","0","0","--","--","--","--"," ","0.00","0.02","100","0.12","10","0.00",
="060992","可成群益4C購01","118,000","2","33,040","0.28","0.28","0.28","0.28","-","0.02","0.27","25","0.28","10","190.00",
="060999","元大金群益4A購01","0","0","0","--","--","--","--"," ","0.00","--","0","--","0","32.65",
="06099P","臺股指元大49售16","0","0","0","--","--","--","--"," ","0.00","0.10","100","0.20","10","0.00",
="061023","中華元大4C購02","0","0","0","--","--","--","--"," ","0.00","0.11","499","0.12","10","58.50",
="061028","智邦元大4C購01","13,000","2","39,410","2.99","3.17","2.99","3.17","+","0.05","3.03","250","3.05","10","984.00",
="06102P","臺股指中信49售04","0","0","0","--","--","--","--"," ","0.00","--","0","0.10","10","0.00",
="061036","京元電元大4C購01","2,583,000","95","1,501,850","0.53","0.63","0.50","0.58","+","0.05","0.57","501","0.58","5","142.00",
="061037","可成元大49購03","0","0","0","--","--","--","--"," ","0.00","0.06","499","0.07","10","190.00",
="061038","可成元大4B購01","410,000","3","135,300","0.33","0.33","0.33","0.33","-","0.01","0.31","499","0.32","10","190.00",
="06103P","臺股指中信49售05","0","0","0","--","--","--","--"," ","0.00","--","0","0.10","10","0.00",
="061046","緯創元大49購02","0","0","0","--","--","--","--"," ","0.00","0.10","499","0.12","10","115.00",
="06104P","臺股指中信49售06","0","0","0","--","--","--","--"," ","0.00","--","0","0.09","11","0.00",
="061058","緯穎元大4C購02","220,000","6","432,400","2.02","2.02","1.95","1.97","+","0.01","1.93","25","1.95","10","2,975.00",
="061061","台光電富邦49購01","0","0","0","--","--","--","--"," ","0.00","7.00","30","--","0","0.00",
="061063","大立光富邦4B購01","0","0","0","--","--","--","--"," ","0.00","0.10","10","0.19","10","0.00",
="061067","緯穎富邦49購03","0","0","0","--","--","--","--"," ","0.00","2.51","30","--","0","0.00",
="061068","川湖統一4B購02","0","0","0","--","--","--","--"," ","0.00","2.18","10","2.28","10","2,925.00",
="061069","長榮航統一4C購01","0","0","0","--","--","--","--"," ","0.00","0.14","10","0.15","10","39.05",
="061070","緯穎統一4B購02","41,000","4","43,180","1.06","1.06","1.02","1.02","-","0.02","1.01","10","1.02","10","2,975.00",
="061071","T50正2中信4C購01","0","0","0","--","--","--","--"," ","0.00","0.15","499","0.16","100","0.00",
="061072","臺指反中信4C購01","0","0","0","--","--","--","--"," ","0.00","0.11","100","0.12","100","0.00",
="061076","世芯中信4C購01","0","0","0","--","--","--","--"," ","0.00","4.38","499","--","0","0.00",
="061079","明泰兆豐4C購01","223,000","4","64,900","0.30","0.30","0.29","0.30","-","0.03","0.29","10","0.30","10","28.45",
="061091","全漢永豐49購01","0","0","0","--","--","--","--"," ","0.00","--","0","0.04","10","57.10",
="061093","奇鋐永豐49購01","0","0","0","--","--","--","--"," ","0.00","3.64","28","3.74","10","1,015.00",
="061097","創意永豐49購01","0","0","0","--","--","--","--"," ","0.00","--","0","--","0","1,350.00",
="061099","世芯永豐49購03","0","0","0","--","--","--","--"," ","0.00","3.03","499","3.13","10","4,000.00",
="061115","凱美國票49購01","0","0","0","--","--","--","--"," ","0.00","0.01","25","0.02","10","59.60",
="061116","凱美國票4A購01","0","0","0","--","--","--","--"," ","0.00","0.01","25","0.02","10","59.60",
="061118","嘉澤國票4A購01","0","0","0","--","--","--","--"," ","0.00","0.02","25","0.03","10","1,465.00",
="061120","A50正2元富4C購02","0","0","0","--","--","--","--"," ","0.00","1.56","25","1.66","10","31.56",
="061121","元債2X元富5C購01","0","0","0","--","--","--","--"," ","0.00","0.63","25","0.64","25","7.05",
="061127","川湖元富4A購05","0","0","0","--","--","--","--"," ","0.00","5.30","1","5.40","25","2,925.00",
="061128","川湖元富4A購06","0","0","0","--","--","--","--"," ","0.00","3.93","25","4.03","25","2,925.00",
="061135","技嘉元富51購01","27,000","1","13,770","0.51","0.51","0.51","0.51","-","0.02","0.50","25","0.51","25","281.00",
="061157","中磊元富4C購01","4,000","1","1,120","0.28","0.28","0.28","0.28","X","0.00","0.26","25","0.27","25","105.50",
="061158","康舒元富4C購01","60,000","3","22,800","0.38","0.38","0.38","0.38","X","0.00","0.37","25","0.38","25","29.10",
="061169","臺股指元富49購11","0","0","0","--","--","--","--"," ","0.00","--","0","0.10","25","0.00",
="061170","臺指反群益4C購01","0","0","0","--","--","--","--"," ","0.00","0.06","25","0.07","10","3.20",
="061171","元債2X群益4C購04","0","0","0","--","--","--","--"," ","0.00","0.10","25","0.11","10","7.05",
="061177","台積電群益4B購10","0","0","0","--","--","--","--"," ","0.00","--","0","--","0","1,160.00",
="061180","瑞昱群益4C購01","152,000","5","79,540","0.51","0.53","0.51","0.52"," ","0.00","0.18","55","0.55","1","545.00",
="061183","可成群益4A購01","0","0","0","--","--","--","--"," ","0.00","0.17","25","0.18","10","190.00",
="061186","長榮群益4C購01","30,000","1","10,200","0.34","0.34","0.34","0.34","X","0.00","0.30","10","0.40","10","188.00",
="061196","中磊群益4A購01","0","0","0","--","--","--","--"," ","0.00","--","0","0.16","10","105.50",
="06119P","臺股指永豐49售04","0","0","0","--","--","--","--"," ","0.00","--","0","0.03","10","0.00",
="061232","世芯元大4C購01","0","0","0","--","--","--","--"," ","0.00","3.79","200","3.85","10","4,000.00",
="061236","晶碩元大4C購01","29,000","2","5,940","0.21","0.21","0.20","0.20","X","0.00","0.20","499","0.21","10","322.00",
="061246","臺指反凱基4A購01","0","0","0","--","--","--","--"," ","0.00","0.01","100","0.02","10","3.20",
="061247","中502X凱基49購01","0","0","0","--","--","--","--"," ","0.00","0.87","100","0.97","10","11.76",
="061253","鴻海凱基49購03","0","0","0","--","--","--","--"," ","0.00","--","0","--","0","206.00",
="061255","台積電凱基4A購14","0","0","0","--","--","--","--"," ","0.00","0.24","100","0.25","10","1,160.00",
="061256","旺宏凱基49購01","0","0","0","--","--","--","--"," ","0.00","--","0","0.10","10","20.10",
="061261","長榮凱基4A購01","0","0","0","--","--","--","--"," ","0.00","0.02","100","0.12","10","188.00",
="061265","元大金凱基4A購01","35,000","1","14,000","0.40","0.40","0.40","0.40","X","0.00","0.39","100","0.40","10","32.65",
="061272","保瑞凱基4A購01","0","0","0","--","--","--","--"," ","0.00","0.08","100","0.09","10","733.00",
="061273","緯穎凱基4B購02","15,000","2","23,050","1.53","1.55","1.53","1.55","X","0.00","1.50","100","1.52","10","2,975.00",
="061282","矽統永豐4A購01","0","0","0","--","--","--","--"," ","0.00","--","0","0.06","10","55.10",
="061283","矽統永豐4A購02","130,000","1","7,800","0.06","0.06","0.06","0.06","X","0.00","0.06","10","0.10","10","55.10",
="061288","長榮永豐4C購01","0","0","0","--","--","--","--"," ","0.00","0.56","499","0.57","10","188.00",
="06128P","臺股指群益49售15","0","0","0","--","--","--","--"," ","0.00","0.02","499","0.03","499","0.00",
="061296","香港2X中信49購01","0","0","0","--","--","--","--"," ","0.00","0.24","499","0.25","30","0.00",
="061297","SGBR2X中信49購01","0","0","0","--","--","--","--"," ","0.00","--","0","0.02","10","0.00",
="06129P","臺股指群益49售16","0","0","0","--","--","--","--"," ","0.00","0.02","499","0.03","499","0.00",
="061302","智原中信4A購01","0","0","0","--","--","--","--"," ","0.00","--","0","0.02","10","0.00",
="061303","祥碩中信49購01","0","0","0","--","--","--","--"," ","0.00","--","0","0.02","10","0.00",
="061306","緯穎中信4A購01","0","0","0","--","--","--","--"," ","0.00","0.39","499","0.40","10","0.00",
="06130P","臺股指群益49售17","0","0","0","--","--","--","--"," ","0.00","0.04","499","0.05","499","0.00",
="061318","川湖統一56購01","97,000","4","106,910","1.09","1.12","1.09","1.11","+","0.01","1.09","10","1.10","10","2,925.00",
="061319","智邦統一4C購02","40,000","1","35,600","0.89","0.89","0.89","0.89"," ","0.00","0.88","10","0.89","10","984.00",
="06131P","臺股指群益49售18","0","0","0","--","--","--","--"," ","0.00","0.05","499","0.06","499","0.00",
="061320","正崴統一4C購03","0","0","0","--","--","--","--"," ","0.00","0.05","10","0.06","10","48.40",
="061321","貿聯統一4C購03","457,000","12","355,410","0.75","0.88","0.75","0.86","+","0.10","0.81","10","0.82","10","981.00",
="061325","元債2X凱基5C購01","0","0","0","--","--","--","--"," ","0.00","0.50","100","0.51","50","7.05",
="06132P","臺股指群益49售19","0","0","0","--","--","--","--"," ","0.00","0.07","499","0.08","499","0.00",
="061337","陽明凱基4C購01","0","0","0","--","--","--","--"," ","0.00","0.07","100","0.08","50","58.80",
="06133P","臺股指群益4C售04","0","0","0","--","--","--","--"," ","0.00","0.20","499","0.21","499","0.00",
="061345","世芯凱基4A購02","12,000","5","49,040","4.28","4.28","4.01","4.08","-","0.18","3.88","100","3.93","10","4,000.00",
="06134P","臺股指群益56售02","5,000","2","3,950","0.79","0.79","0.79","0.79","-","0.01","0.82","499","0.83","499","0.00",
="061351","臺股指凱基49購15","0","0","0","--","--","--","--"," ","0.00","--","0","--","0","0.00",
="061357","川湖國票4A購02","0","0","0","--","--","--","--"," ","0.00","6.05","25","6.35","10","2,925.00",
="061363","緯創國票49購02","0","0","0","--","--","--","--"," ","0.00","--","0","0.02","46","115.00",
="061375","訊芯國票49購01","0","0","0","--","--","--","--"," ","0.00","--","0","--","0","165.00",
="061379","貿聯兆豐4C購01","0","0","0","--","--","--","--"," ","0.00","1.99","10","2.00","10","981.00",
="061388","華新群益4A購01","0","0","0","--","--","--","--"," ","0.00","--","0","0.16","10","23.35",
="061391","台積電群益4C購04","0","0","0","--","--","--","--"," ","0.00","--","0","--","0","1,160.00",
="061405","華擎群益4C購01","0","0","0","--","--","--","--"," ","0.00","0.56","100","0.57","100","281.00",
="061411","世芯群益4A購01","0","0","0","--","--","--","--"," ","0.00","0.65","1","2.18","10","4,000.00",
="061425","華新科元富4A購01","0","0","0","--","--","--","--"," ","0.00","0.03","25","0.10","10","81.80",
="061429","建漢元富4A購02","0","0","0","--","--","--","--"," ","0.00","0.01","25","0.10","10","26.35",
="061431","緯創元富5C購01","79,000","5","490,650","6.10","6.35","6.10","6.35","+","0.15","6.20","25","6.25","25","115.00",
="061434","祥碩元富49購03","0","0","0","--","--","--","--"," ","0.00","--","0","0.10","25","1,665.00",
="061442","天虹元富49購01","0","0","0","--","--","--","--"," ","0.00","--","0","0.10","10","208.50",
="061453","川湖元大4B購01","0","0","0","--","--","--","--"," ","0.00","2.74","300","2.80","10","2,925.00",
="061466","可成元大4C購01","1,082,000","10","468,290","0.44","0.45","0.42","0.42","-","0.02","0.41","509","0.42","10","190.00",
="061487","緯穎元大49購04","0","0","0","--","--","--","--"," ","0.00","0.15","25","0.16","10","2,975.00",
="06149P","聯發科富邦4A售01","0","0","0","--","--","--","--"," ","0.00","0.02","30","0.03","10","0.00",
="061504","鴻海元富4C購02","118,000","12","84,310","0.73","0.73","0.68","0.73","-","0.05","0.72","36","0.73","25","206.00",
="061505","威盛元富4C購01","0","0","0","--","--","--","--"," ","0.00","0.06","25","0.10","10","62.00",
="061510","祥碩元富4A購02","0","0","0","--","--","--","--"," ","0.00","0.28","25","0.29","25","1,665.00",
="061511","祥碩元富4A購03","0","0","0","--","--","--","--"," ","0.00","0.13","25","0.14","25","1,665.00",
="061513","樺漢元富4C購01","728,000","36","501,240","0.68","0.72","0.66","0.68","+","0.06","0.68","5","--","0","326.00",
="061518","牧德統一54購01","71,000","3","52,080","0.73","0.78","0.73","0.78","+","0.08","0.79","10","0.80","10","594.00",
="061519","牧德統一56購01","26,000","6","18,740","0.70","0.74","0.70","0.73","+","0.02","0.76","10","0.77","10","594.00",
="06151P","臺股指富邦49售05","0","0","0","--","--","--","--"," ","0.00","--","0","0.02","45","0.00",
="061520","天虹統一54購01","0","0","0","--","--","--","--"," ","0.00","0.06","10","0.10","10","208.50",
="061521","台達電中信49購01","0","0","0","--","--","--","--"," ","0.00","4.13","499","4.15","10","0.00",
="061522","鴻海中信49購01","0","0","0","--","--","--","--"," ","0.00","--","0","0.02","10","0.00",
="061523","台積電中信49購02","0","0","0","--","--","--","--"," ","0.00","0.62","499","0.65","10","0.00",
="061525","鴻準中信49購01","0","0","0","--","--","--","--"," ","0.00","--","0","--","0","0.00",
="061528","京元電中信49購01","0","0","0","--","--","--","--"," ","0.00","1.16","499","1.18","10","0.00",
="061531","智原中信4A購02","0","0","0","--","--","--","--"," ","0.00","0.73","499","0.74","10","0.00",
="061534","緯創中信49購01","0","0","0","--","--","--","--"," ","0.00","0.05","10","--","0","0.00",
="061539","緯穎中信4B購01","0","0","0","--","--","--","--"," ","0.00","0.30","10","0.31","10","0.00",
="061543","正崴永豐4C購01","0","0","0","--","--","--","--"," ","0.00","0.02","10","0.03","10","48.40",
="061549","緯穎永豐49購01","0","0","0","--","--","--","--"," ","0.00","1.40","10","1.50","10","2,975.00",
="06154P","臺股指中信4B售03","0","0","0","--","--","--","--"," ","0.00","0.45","499","0.46","100","0.00",
="061550","緯穎永豐49購02","0","0","0","--","--","--","--"," ","0.00","0.85","499","0.95","10","2,975.00",
="06155P","臺股指中信4B售04","0","0","0","--","--","--","--"," ","0.00","--","0","0.02","10","0.00",
="061563","皇昌凱基4A購01","188,000","8","211,020","0.97","1.15","0.97","1.14","+","0.30","0.81","10","0.82","10","83.50",
="061597","可成國票49購01","0","0","0","--","--","--","--"," ","0.00","0.09","25","0.10","10","190.00",
="06160P","台積電永豐49售12","0","0","0","--","--","--","--"," ","0.00","0.11","499","0.14","10","0.00",
="061624","川湖元大49購01","0","0","0","--","--","--","--"," ","0.00","3.61","200","--","0","2,925.00",
="061625","川湖元大4B購02","0","0","0","--","--","--","--"," ","0.00","3.11","250","3.17","10","2,925.00",
="061632","大同元大4A購01","2,000","1","260","0.13","0.13","0.13","0.13","X","0.00","0.13","499","0.14","10","40.75",
="061641","大立光元大4A購02","0","0","0","--","--","--","--"," ","0.00","0.01","499","0.11","10","2,395.00",
="061656","緯穎元大49購05","0","0","0","--","--","--","--"," ","0.00","0.13","499","0.14","10","2,975.00",
="061664","中砂群益4C購01","0","0","0","--","--","--","--"," ","0.00","--","0","0.93","10","347.00",
="061674","台積電群益5B購01","0","0","0","--","--","--","--"," ","0.00","0.79","12","--","0","1,160.00",
="061680","仲琦群益4C購01","117,000","6","16,710","0.13","0.16","0.13","0.14","-","0.01","0.14","10","0.17","3","23.80",
="061681","飛宏群益4A購01","0","0","0","--","--","--","--"," ","0.00","--","0","0.01","574","26.10",
="061683","鉅祥群益4C購01","397,000","24","301,040","0.68","0.83","0.68","0.79","+","0.13","0.77","10","0.87","10","98.10",
="061684","長榮群益4A購01","0","0","0","--","--","--","--"," ","0.00","0.26","10","0.36","10","188.00",
="061693","世芯群益49購02","0","0","0","--","--","--","--"," ","0.00","--","0","1.15","10","4,000.00",
="061694","貿聯群益49購01","46,000","12","14,240","0.24","0.37","0.24","0.32","+","0.05","0.01","527","0.37","2","981.00",
="061696","祥碩群益4A購01","0","0","0","--","--","--","--"," ","0.00","0.01","30","0.17","10","1,665.00",
="061708","陽明中信49購01","0","0","0","--","--","--","--"," ","0.00","--","0","0.02","10","0.00",
="06170P","緯創元富4C售01","0","0","0","--","--","--","--"," ","0.00","0.25","25","0.26","25","0.00",
="061722","正崴永豐4A購01","0","0","0","--","--","--","--"," ","0.00","0.01","499","0.03","10","48.40",
="061728","材料永豐49購01","0","0","0","--","--","--","--"," ","0.00","--","0","0.05","10","67.70",
="061733","長榮統一4C購03","0","0","0","--","--","--","--"," ","0.00","0.21","10","0.22","10","188.00",
="061734","陽明統一4C購01","0","0","0","--","--","--","--"," ","0.00","0.07","10","0.08","10","58.80",
="061735","牧德統一53購01","21,000","3","13,650","0.65","0.65","0.65","0.65","+","0.03","0.70","10","0.71","10","594.00",
="061747","台灣50元富4C購01","251,000","3","563,260","2.26","2.26","2.18","2.18","-","0.27","2.06","25","2.16","10","52.50",
="061748","台塑元富4C購01","0","0","0","--","--","--","--"," ","0.00","0.84","25","0.94","10","39.10",
="061760","漢唐元富4C購01","0","0","0","--","--","--","--"," ","0.00","--","0","--","0","1,190.00",
="061766","創意元富4C購05","115,000","7","481,270","4.11","4.38","4.11","4.32","+","0.31","1.27","15","--","0","1,350.00",
="061773","元黃金國票4C購01","100,000","1","120,000","1.20","1.20","1.20","1.20","X","0.00","1.20","25","1.21","10","37.00",
="06177P","台積電凱基5C售02","9,000","3","15,570","1.71","1.76","1.71","1.76","+","0.07","1.79","100","1.80","10","0.00",
="061783","穎崴國票49購02","6,000","1","780","0.13","0.13","0.13","0.13","+","0.03","0.12","25","0.13","10","1,250.00",
="061788","智邦富邦49購01","20,000","2","12,500","0.65","0.65","0.60","0.60","-","0.07","0.59","10","0.60","10","0.00",
="061790","奇鋐富邦49購01","0","0","0","--","--","--","--"," ","0.00","0.85","10","--","0","0.00",
="061793","祥碩富邦49購01","0","0","0","--","--","--","--"," ","0.00","--","0","--","0","0.00",
="061796","保瑞富邦49購01","0","0","0","--","--","--","--"," ","0.00","--","0","--","0","0.00",
="06180P","臺股指凱基49售19","0","0","0","--","--","--","--"," ","0.00","--","0","--","0","0.00",
="061812","緯創凱基4A購01","0","0","0","--","--","--","--"," ","0.00","0.06","100","0.07","30","115.00",
="06181P","臺股指凱基49售20","0","0","0","--","--","--","--"," ","0.00","0.02","100","--","0","0.00",
="061820","祥碩凱基4C購01","0","0","0","--","--","--","--"," ","0.00","0.33","100","0.43","10","1,665.00",
="061826","緯穎凱基4A購02","167,000","6","55,010","0.34","0.34","0.32","0.32","-","0.04","0.32","160","0.33","30","2,975.00",
="06182P","臺股指凱基4C售02","0","0","0","--","--","--","--"," ","0.00","0.78","100","0.79","10","0.00",
="061830","臺股指凱基49購17","0","0","0","--","--","--","--"," ","0.00","0.76","100","--","0","0.00",
="061831","臺股指凱基49購18","0","0","0","--","--","--","--"," ","0.00","0.01","100","--","0","0.00",
="061833","國企2X群益4A購03","0","0","0","--","--","--","--"," ","0.00","1.56","25","1.57","10","10.70",
="061837","東陽群益49購01","0","0","0","--","--","--","--"," ","0.00","--","0","--","0","101.00",
="061856","世芯群益4C購02","1,349,000","92","2,592,130","2.00","2.01","1.82","1.89","-","0.05","1.85","10","1.95","10","4,000.00",
="061861","保瑞群益49購02","0","0","0","--","--","--","--"," ","0.00","0.03","25","0.04","10","733.00",
="061870","元債2X元大4B購03","0","0","0","--","--","--","--"," ","0.00","0.01","499","0.06","50","7.05",
="061871","元債2X元大55購01","0","0","0","--","--","--","--"," ","0.00","0.35","100","0.36","50","7.05",
="061872","美債2X元大53購01","0","0","0","--","--","--","--"," ","0.00","0.13","100","0.14","50","7.03",
="061873","美債2X元大55購01","0","0","0","--","--","--","--"," ","0.00","0.13","100","0.14","50","7.03",
="061894","陽明元大4A購02","0","0","0","--","--","--","--"," ","0.00","--","0","0.10","10","58.80",
="061895","華航元大4C購01","0","0","0","--","--","--","--"," ","0.00","0.13","499","0.14","10","21.25",
="061896","萬海元大4B購01","0","0","0","--","--","--","--"," ","0.00","0.37","499","0.38","10","84.10",
="061901","大立光元大4A購03","0","0","0","--","--","--","--"," ","0.00","0.14","25","0.15","10","2,395.00",
="061908","乙盛元大4A購01","859,000","36","1,037,100","1.11","1.44","1.06","1.26","+","0.40","1.16","25","1.19","10","81.40",
="061930","雲豹兆豐4C購01","0","0","0","--","--","--","--"," ","0.00","0.14","10","0.15","10","130.50",
="061931","陽明統一4C購02","0","0","0","--","--","--","--"," ","0.00","0.03","10","0.04","10","58.80",
="06193P","聚陽群益4A售01","0","0","0","--","--","--","--"," ","0.00","0.44","499","0.54","10","0.00",
="061940","聯發科永豐49購02","0","0","0","--","--","--","--"," ","0.00","0.38","499","0.48","10","1,385.00",
="061957","國企2X凱基4A購01","102,000","11","135,740","1.39","1.39","1.25","1.25","-","0.54","1.23","100","1.24","50","10.70",
="061958","元債2X凱基4B購02","0","0","0","--","--","--","--"," ","0.00","0.01","100","0.11","10","7.05",
="061973","長榮凱基4A購02","0","0","0","--","--","--","--"," ","0.00","0.02","100","0.12","10","188.00",
="06197P","英業達群益4C售01","0","0","0","--","--","--","--"," ","0.00","0.98","100","0.99","100","0.00",
="061981","牧德凱基4A購01","162,000","12","204,590","1.30","1.41","1.21","1.41","+","0.23","1.43","70","1.46","10","594.00",
="061982","材料凱基49購01","0","0","0","--","--","--","--"," ","0.00","--","0","0.10","10","67.70",
="06198P","致茂群益4A售01","0","0","0","--","--","--","--"," ","0.00","0.02","100","--","0","0.00",
="061994","滬深2X元富4C購01","166,000","9","224,130","1.31","1.45","1.31","1.37","-","0.33","1.28","25","1.38","10","18.32",
="062003","明泰元富4C購01","10,000","1","2,600","0.26","0.26","0.26","0.26","X","0.00","0.25","25","0.26","25","28.45",
="062007","辛耘元富4C購01","7,000","1","2,310","0.33","0.33","0.33","0.33","+","0.02","0.37","25","0.38","25","393.50",
="06203P","蔚華科群益4C售01","0","0","0","--","--","--","--"," ","0.00","0.73","10","0.83","10","0.00",
="062040","上証2X群益49購03","0","0","0","--","--","--","--"," ","0.00","0.11","10","0.21","10","45.30",
="062058","創意群益4C購01","198,000","7","105,210","0.53","0.54","0.52","0.52","+","0.02","0.18","55","--","0","1,350.00",
="06205P","日月光群益4A售01","0","0","0","--","--","--","--"," ","0.00","0.51","100","0.52","100","0.00",
="062067","波力群益4A購01","0","0","0","--","--","--","--"," ","0.00","--","0","0.10","10","176.00",
="062071","滬深2X元大49購06","0","0","0","--","--","--","--"," ","0.00","0.10","499","0.11","250","18.32",
="062073","川湖元大49購02","56,000","1","201,040","3.59","3.59","3.59","3.59","X","0.00","3.45","200","3.53","10","2,925.00",
="062076","仁寶元大49購01","0","0","0","--","--","--","--"," ","0.00","--","0","0.10","10","28.10",
="062077","仁寶元大4C購01","0","0","0","--","--","--","--"," ","0.00","0.04","499","0.14","10","28.10",
="062079","智邦元大4A購01","36,000","3","97,390","2.72","2.79","2.61","2.79","-","0.08","2.72","250","2.73","10","984.00",
="062086","聯發科元大4B購01","0","0","0","--","--","--","--"," ","0.00","--","0","--","0","1,385.00",
="062088","全新元大4C購01","360,000","5","87,800","0.28","0.28","0.24","0.24","-","0.05","0.24","90","0.25","10","153.50",
="062093","陽明元大4A購03","0","0","0","--","--","--","--"," ","0.00","--","0","0.10","10","58.80",
="062094","華航元大4A購01","0","0","0","--","--","--","--"," ","0.00","0.09","499","0.10","10","21.25",
="062095","華航元大4C購02","10,000","1","1,000","0.10","0.10","0.10","0.10","X","0.00","0.08","499","0.09","10","21.25",
="062096","萬海元大4B購02","192,000","13","563,960","2.84","2.98","2.84","2.88","+","0.17","2.73","300","2.75","10","84.10",
="062109","材料元大49購01","0","0","0","--","--","--","--"," ","0.00","--","0","0.10","10","67.70",
="062112","訊芯元大49購04","0","0","0","--","--","--","--"," ","0.00","--","0","0.10","10","165.00",
="062118","中興電兆豐4C購01","62,000","3","46,360","0.74","0.75","0.74","0.75","+","0.07","0.75","10","0.76","10","167.00",
="062133","偉訓國票49購01","301,000","12","153,680","0.57","0.57","0.46","0.46","-","0.13","0.44","3","0.48","10","110.00",
="062141","T50反1富邦49購04","0","0","0","--","--","--","--"," ","0.00","--","0","--","0","0.00",
="062142","T50反1富邦49購05","0","0","0","--","--","--","--"," ","0.00","--","0","0.01","75","0.00",
="062143","T50反1富邦4C購02","50,000","1","2,000","0.04","0.04","0.04","0.04"," ","0.00","0.03","6","0.04","100","0.00",
="062154","T50反1中信49購04","6,000","1","180","0.03","0.03","0.03","0.03","X","0.00","0.03","499","0.04","10","0.00",
="062155","T50反1中信4A購02","0","0","0","--","--","--","--"," ","0.00","0.02","300","0.03","10","0.00",
="062156","T50反1中信4C購01","0","0","0","--","--","--","--"," ","0.00","0.05","499","0.06","10","0.00",
="062161","金像電中信4A購01","0","0","0","--","--","--","--"," ","0.00","3.37","499","3.40","10","0.00",
="062162","技嘉中信49購01","0","0","0","--","--","--","--"," ","0.00","0.01","499","0.02","10","0.00",
="062164","聯發科中信49購01","0","0","0","--","--","--","--"," ","0.00","0.18","499","0.19","10","0.00",
="062170","穎崴中信49購01","152,000","4","66,130","0.44","0.47","0.42","0.47","-","0.04","0.48","499","0.50","10","0.00",
="062174","T50反1永豐49購01","0","0","0","--","--","--","--"," ","0.00","--","0","0.05","50","19.79",
="062196","世芯永豐49購04","0","0","0","--","--","--","--"," ","0.00","--","0","--","0","4,000.00",
="062197","世芯永豐4A購03","58,000","5","141,860","2.46","2.46","2.44","2.46","-","0.06","2.29","499","2.32","10","4,000.00",
="062210","T50反1元富49購01","0","0","0","--","--","--","--"," ","0.00","--","0","0.10","10","19.79",
="062211","T50反1元富4C購01","0","0","0","--","--","--","--"," ","0.00","0.81","25","0.82","25","19.79",
="062212","T50反1元富4C購02","0","0","0","--","--","--","--"," ","0.00","0.10","25","0.13","25","19.79",
="062213","T50反1元富5C購01","1,211,000","6","980,880","0.80","0.81","0.80","0.81","+","0.03","0.82","25","0.83","25","19.79",
="062219","華通元富49購01","3,000","1","5,100","1.70","1.70","1.70","1.70","+","0.35","1.46","25","1.49","25","79.30",
="062228","創意元富4C購07","60,000","1","78,600","1.31","1.31","1.31","1.31","+","0.11","0.45","22","1.40","2","1,350.00",
="062232","保瑞元富4C購01","0","0","0","--","--","--","--"," ","0.00","3.06","25","3.13","25","733.00",
="062234","T50反1凱基49購04","0","0","0","--","--","--","--"," ","0.00","--","0","0.03","40","19.79",
="062235","T50反1凱基4A購01","0","0","0","--","--","--","--"," ","0.00","--","0","0.02","10","19.79",
="062238","滬深2X凱基49購03","0","0","0","--","--","--","--"," ","0.00","0.16","10","0.26","10","18.32",
="062243","鴻準凱基4B購02","0","0","0","--","--","--","--"," ","0.00","0.10","100","0.11","50","71.70",
="062256","亞光凱基4A購01","88,000","7","162,740","1.78","2.00","1.75","1.75","-","0.04","1.66","100","1.69","10","164.00",
="062275","T50反1群益4A購01","0","0","0","--","--","--","--"," ","0.00","0.01","100","0.03","10","19.79",
="062276","T50反1群益4C購01","0","0","0","--","--","--","--"," ","0.00","0.03","100","0.04","100","19.79",
="062294","長榮航群益49購01","0","0","0","--","--","--","--"," ","0.00","--","0","0.10","10","39.05",
="062307","臺股指群益4A購03","0","0","0","--","--","--","--"," ","0.00","0.68","499","0.69","499","0.00",
="062308","臺股指群益4A購04","0","0","0","--","--","--","--"," ","0.00","0.34","499","0.35","499","0.00",
="062309","臺股指群益4A購05","1,000","1","20","0.02","0.02","0.02","0.02","X","0.00","0.01","499","0.02","499","0.00",
="062310","臺股指群益54購01","2,000","1","2,400","1.20","1.20","1.20","1.20","-","0.04","1.18","499","1.19","499","0.00",
="062311","臺股指群益54購02","0","0","0","--","--","--","--"," ","0.00","0.73","499","0.74","499","0.00",
="062319","中502X元大49購01","0","0","0","--","--","--","--"," ","0.00","0.61","250","0.62","100","11.76",
="062325","川湖元大49購03","0","0","0","--","--","--","--"," ","0.00","3.04","250","3.11","10","2,925.00",
="062327","智邦元大4A購02","0","0","0","--","--","--","--"," ","0.00","1.28","499","1.30","10","984.00",
="062334","全新元大4C購02","400,000","4","92,000","0.23","0.24","0.22","0.22","-","0.04","0.21","499","0.22","10","153.50",
="06233P","T50正2中信4A售01","0","0","0","--","--","--","--"," ","0.00","0.10","100","0.11","100","0.00",
="062343","智原元大4A購01","0","0","0","--","--","--","--"," ","0.00","0.02","499","0.12","10","158.00",
="062351","材料元大49購02","0","0","0","--","--","--","--"," ","0.00","--","0","0.10","10","67.70",
="062353","乙盛元大4B購02","71,000","8","120,500","1.73","1.84","1.59","1.59","+","0.43","1.55","25","1.60","10","81.40",
="062355","達發元大49購01","0","0","0","--","--","--","--"," ","0.00","--","0","0.10","10","556.00",
="062356","達發元大4C購01","0","0","0","--","--","--","--"," ","0.00","0.16","499","0.17","10","556.00",
="062358","臺股指元大49購11","0","0","0","--","--","--","--"," ","0.00","0.50","499","0.60","10","0.00",
="062386","台積電凱基4A購01","0","0","0","--","--","--","--"," ","0.00","21.60","10","22.60","10","1,160.00",
="062393","神達凱基4A購01","3,095,000","187","2,066,230","0.45","0.80","0.45","0.64","+","0.21","0.60","29","0.70","30","95.90",
="062407","鴻海中信4A購02","200,000","2","58,000","0.29","0.29","0.29","0.29","X","0.00","0.29","100","0.30","100","0.00",
="062408","台積電中信4C購02","0","0","0","--","--","--","--"," ","0.00","0.48","499","0.49","100","0.00",
="062410","聯發科中信49購02","0","0","0","--","--","--","--"," ","0.00","--","0","--","0","0.00",
="062411","聯發科中信4C購01","37,000","1","13,320","0.36","0.36","0.36","0.36","-","0.03","0.35","499","0.36","10","0.00",
="062412","長榮中信4C購01","0","0","0","--","--","--","--"," ","0.00","0.07","10","0.08","10","0.00",
="062419","矽統永豐4C購01","120,000","1","10,800","0.09","0.09","0.09","0.09","X","0.00","0.08","10","0.11","10","55.10",
="062423","皇昌永豐4A購01","3,000","1","1,470","0.49","0.49","0.49","0.49","+","0.21","0.30","10","0.31","10","83.50",
="062429","緯創永豐4C購01","76,000","5","281,890","3.71","3.78","3.68","3.68","-","0.17","3.68","10","3.75","10","115.00",
="06242P","臺股指凱基49售21","0","0","0","--","--","--","--"," ","0.00","--","0","0.02","10","0.00",
="062434","神達永豐4A購01","1,203,000","43","458,400","0.32","0.44","0.32","0.39","+","0.12","0.38","30","0.39","10","95.90",
="062451","鴻海群益5C購01","93,000","3","89,250","0.96","0.96","0.95","0.95","-","0.05","0.96","100","0.97","100","206.00",
="062452","鴻海群益5C購02","275,000","4","223,250","0.81","0.83","0.81","0.83","X","0.00","0.82","100","0.83","100","206.00",
="062453","鴻海群益5C購03","0","0","0","--","--","--","--"," ","0.00","0.74","100","0.75","100","206.00",
="062456","台積電群益58購01","0","0","0","--","--","--","--"," ","0.00","0.48","50","--","0","1,160.00",
="062457","台積電群益58購02","0","0","0","--","--","--","--"," ","0.00","1.25","1","--","0","1,160.00",
="062461","凌陽群益52購01","36,000","8","6,700","0.19","0.22","0.17","0.17","-","0.01","0.17","6","0.18","20","24.45",
="062466","皇昌群益49購01","0","0","0","--","--","--","--"," ","0.00","0.44","499","0.54","10","83.50",
="062468","陽明群益4C購01","0","0","0","--","--","--","--"," ","0.00","0.16","10","0.26","10","58.80",
="062473","景碩群益4A購01","2,000","1","1,600","0.80","0.80","0.80","0.80","X","0.00","0.64","499","0.74","10","113.50",
="062478","台塑化群益4A購01","45,000","6","19,250","0.46","0.46","0.41","0.41","X","0.00","0.36","5","0.41","10","40.75",
="062484","台光電統一4C購01","0","0","0","--","--","--","--"," ","0.00","2.68","10","2.73","10","1,250.00",
="062485","神達統一4C購02","25,000","1","13,500","0.54","0.54","0.54","0.54","X","0.00","0.53","10","0.55","10","95.90",
="062486","神達統一4C購03","113,000","11","77,060","0.65","0.76","0.65","0.69","+","0.09","0.70","10","0.71","10","95.90",
="062487","神達統一52購01","1,435,000","73","806,240","0.57","0.62","0.52","0.57","+","0.07","0.56","10","0.57","10","95.90",
="062488","神達統一53購02","793,000","14","437,970","0.52","0.59","0.52","0.55","+","0.09","0.55","10","0.56","10","95.90",
="062489","神達統一54購01","101,000","2","82,540","0.80","0.83","0.80","0.83","+","0.09","0.83","10","0.86","10","95.90",
="062490","神達統一58購01","256,000","3","238,290","0.92","0.97","0.92","0.93","+","0.10","0.93","10","0.94","10","95.90",
="062491","神達統一5C購01","166,000","7","145,380","0.86","0.90","0.86","0.89","+","0.07","0.89","10","0.90","15","95.90",
="062492","材料統一56購01","0","0","0","--","--","--","--"," ","0.00","0.22","10","0.23","10","67.70",
="062494","台塑元富49購02","0","0","0","--","--","--","--"," ","0.00","--","0","0.08","10","39.10",
="062499","金像電元富4C購01","0","0","0","--","--","--","--"," ","0.00","10.10","25","11.10","25","486.00",
="062501","聯發科元富4A購01","0","0","0","--","--","--","--"," ","0.00","1.23","25","1.33","10","1,385.00",
="062502","聯發科元富4A購02","100,000","2","100,000","0.99","1.01","0.99","1.01","X","0.00","0.96","25","0.98","25","1,385.00",
="062510","神達元富4C購01","441,000","25","701,110","1.50","1.71","1.50","1.53","+","0.25","1.57","25","1.58","25","95.90",
="062511","神達元富4C購02","92,000","8","134,110","1.47","1.47","1.42","1.42","+","0.23","1.46","25","1.47","25","95.90",
="062514","精誠元富4C購01","0","0","0","--","--","--","--"," ","0.00","0.11","25","0.20","10","117.50",
="06251P","世芯群益4C售04","0","0","0","--","--","--","--"," ","0.00","0.56","10","0.66","10","0.00",
="062533","長榮國票49購01","0","0","0","--","--","--","--"," ","0.00","0.01","25","0.02","10","188.00",
="06253P","T50正2元大4B售02","64,000","5","23,100","0.36","0.38","0.36","0.38","X","0.00","0.37","100","0.47","10","0.00",
="062557","上証2X元大49購02","0","0","0","--","--","--","--"," ","0.00","0.27","499","0.28","100","45.30",
="06256P","台塑元富4C售02","809,000","3","431,970","0.54","0.55","0.53","0.55","+","0.11","0.55","25","0.56","25","0.00",
="062571","台積電元大4C購01","0","0","0","--","--","--","--"," ","0.00","--","0","--","0","1,160.00",
="062572","智邦元大4B購01","82,000","7","168,290","2.01","2.10","1.94","2.06","-","0.04","2.01","350","2.03","10","984.00",
="062573","智邦元大4C購02","715,000","10","602,380","0.85","0.87","0.83","0.84","+","0.01","0.82","499","0.83","10","984.00",
="062587","凱基金元大4B購02","0","0","0","--","--","--","--"," ","0.00","0.03","499","0.13","10","15.55",
="062592","嘉澤元大49購01","0","0","0","--","--","--","--"," ","0.00","--","0","0.04","59","1,465.00",
="062595","神達元大4B購03","517,000","29","568,190","0.99","1.21","0.99","1.08","+","0.23","1.08","499","1.11","10","95.90",
="062605","臺股指元大49購12","0","0","0","--","--","--","--"," ","0.00","0.28","499","0.38","10","0.00",
="062606","臺股指元大49購13","0","0","0","--","--","--","--"," ","0.00","0.37","499","0.47","10","0.00",
="062607","臺股指元大49購14","0","0","0","--","--","--","--"," ","0.00","0.60","499","0.70","10","0.00",
="062628","一詮中信49購01","0","0","0","--","--","--","--"," ","0.00","0.44","499","0.45","10","0.00",
="062630","亞光中信4A購01","282,000","5","92,900","0.34","0.35","0.32","0.32","-","0.01","0.31","10","0.32","10","0.00",
="062635","臺股指中信49購01","0","0","0","--","--","--","--"," ","0.00","0.17","499","0.18","10","0.00",
="062636","臺股指中信49購02","0","0","0","--","--","--","--"," ","0.00","--","0","0.02","10","0.00",
="062637","臺股指中信49購03","0","0","0","--","--","--","--"," ","0.00","--","0","0.01","100","0.00",
="062639","上証2X凱基49購01","0","0","0","--","--","--","--"," ","0.00","0.39","100","0.49","10","45.30",
="06263P","臺股指中信4A售03","0","0","0","--","--","--","--"," ","0.00","0.43","499","0.44","100","0.00",
="06264P","臺股指中信4A售04","26,000","2","2,340","0.09","0.09","0.09","0.09","X","0.00","0.09","499","0.10","100","0.00",
="062673","T50反1國票49購02","0","0","0","--","--","--","--"," ","0.00","0.01","25","0.04","10","19.79",
="062681","聯發科統一4C購07","0","0","0","--","--","--","--"," ","0.00","0.32","499","0.33","499","1,385.00",
="062682","富邦金統一4C購01","10,000","1","1,600","0.16","0.16","0.16","0.16","X","0.00","0.16","90","--","0","85.20",
="062683","神達統一4C購05","1,764,000","39","1,270,300","0.69","0.78","0.69","0.74","+","0.11","0.73","10","0.74","10","95.90",
="062684","緯穎統一52購02","263,000","5","166,340","0.65","0.65","0.63","0.63"," ","0.00","0.62","60","0.63","10","2,975.00",
="062687","台積電永豐54購01","0","0","0","--","--","--","--"," ","0.00","3.59","10","3.69","10","1,160.00",
="062693","聯發科永豐4A購01","0","0","0","--","--","--","--"," ","0.00","0.08","499","0.09","10","1,385.00",
="062700","神達永豐4B購01","1,329,000","62","1,989,350","1.47","1.65","1.37","1.50","+","0.32","1.50","10","1.51","10","95.90",
="062701","神達永豐4C購01","931,000","50","1,161,520","1.20","1.39","1.17","1.26","+","0.24","1.27","10","1.28","10","95.90",
="062711","臺股指永豐49購05","0","0","0","--","--","--","--"," ","0.00","0.46","499","0.47","10","0.00",
="062713","台化元富4C購01","187,000","1","140,250","0.75","0.75","0.75","0.75","-","0.05","0.69","25","0.75","25","29.90",
="062723","大同元富4C購01","0","0","0","--","--","--","--"," ","0.00","0.65","25","0.66","25","40.75",
="062727","亞光元富4C購01","8,000","2","9,060","1.11","1.17","1.11","1.17","X","0.00","1.09","25","1.11","25","164.00",
="062728","亞光元富4C購02","216,000","9","177,850","0.84","0.85","0.78","0.79","-","0.02","0.76","25","0.77","25","164.00",
="062729","偉訓元富49購01","1,120,000","10","1,070,210","0.99","0.99","0.87","0.88","-","0.08","0.84","25","0.94","10","110.00",
="062734","力積電元富4C購01","0","0","0","--","--","--","--"," ","0.00","1.03","2","1.12","25","16.05",
="062749","大立光富邦4B購02","40,000","3","24,700","0.63","0.63","0.61","0.61","-","0.02","0.61","10","0.62","10","0.00",
="062756","緯穎富邦49購04","5,000","1","1,000","0.20","0.20","0.20","0.20","X","0.00","0.20","30","0.21","10","0.00",
="062757","臺指反群益4C購02","0","0","0","--","--","--","--"," ","0.00","0.05","25","0.06","10","3.20",
="062771","亞光群益4A購01","252,000","13","177,480","0.70","0.78","0.68","0.68","-","0.05","0.19","52","0.73","2","164.00",
="062773","偉訓群益4A購01","173,000","15","262,350","1.54","1.56","1.43","1.43","-","0.22","0.81","24","1.53","10","110.00",
="062776","嘉澤群益4B購01","0","0","0","--","--","--","--"," ","0.00","0.01","30","--","0","1,465.00",
="062785","臺股指群益49購10","0","0","0","--","--","--","--"," ","0.00","0.77","499","0.78","499","0.00",
="062786","臺股指群益49購11","0","0","0","--","--","--","--"," ","0.00","0.38","499","0.39","499","0.00",
="062787","臺股指群益49購12","0","0","0","--","--","--","--"," ","0.00","0.23","499","0.24","499","0.00",
="062788","臺股指群益49購13","0","0","0","--","--","--","--"," ","0.00","0.03","499","--","0","0.00",
="062789","臺股指群益49購14","0","0","0","--","--","--","--"," ","0.00","0.03","499","0.04","499","0.00",
="06278P","臺股指凱基49售22","0","0","0","--","--","--","--"," ","0.00","0.06","100","0.07","10","0.00",
="062790","臺股指群益4C購03","0","0","0","--","--","--","--"," ","0.00","0.50","504","0.51","499","0.00",
="062791","臺股指群益56購01","2,000","1","2,920","1.46","1.46","1.46","1.46","-","0.06","1.45","499","1.46","497","0.00",
="062795","臺指反元大4A購01","1,000","1","20","0.02","0.02","0.02","0.02","X","0.00","0.03","3","0.12","10","3.20",
="062802","鴻海元大49購01","0","0","0","--","--","--","--"," ","0.00","11.50","50","12.00","10","206.00",
="062804","台積電元大4A購04","0","0","0","--","--","--","--"," ","0.00","--","0","--","0","1,160.00",
="062805","智邦元大4B購02","658,000","19","441,140","0.66","0.70","0.66","0.66"," ","0.00","0.65","509","0.66","10","984.00",
="06280P","台塑群益4B售01","2,000","2","490","0.24","0.25","0.24","0.25","X","0.00","0.25","10","0.35","10","0.00",
="062811","全新元大4A購01","35,000","2","2,850","0.08","0.09","0.08","0.09","-","0.03","0.08","499","0.09","10","153.50",
="062812","華航元大4B購01","0","0","0","--","--","--","--"," ","0.00","0.27","499","0.28","10","21.25",
="062817","亞光元大49購02","20,000","1","6,200","0.31","0.31","0.31","0.31","-","0.04","0.28","25","0.31","10","164.00",
="062824","神達元大4B購04","720,000","51","810,400","1.17","1.21","0.99","1.08","+","0.24","1.09","499","1.11","10","95.90",
="062830","達發元大4A購01","0","0","0","--","--","--","--"," ","0.00","--","0","0.10","10","556.00",
="062840","所羅門中信4A購01","0","0","0","--","--","--","--"," ","0.00","0.09","499","0.10","10","0.00",
="062846","創意中信49購02","0","0","0","--","--","--","--"," ","0.00","--","0","0.02","10","0.00",
="062848","臺股指中信4B購01","0","0","0","--","--","--","--"," ","0.00","0.22","499","0.23","100","0.00",
="062849","臺股指中信4B購02","0","0","0","--","--","--","--"," ","0.00","--","0","0.01","1,316","0.00",
="062851","和大永豐49購01","0","0","0","--","--","--","--"," ","0.00","0.20","499","--","0","72.90",
="062857","創意永豐4C購01","82,000","3","43,460","0.52","0.54","0.52","0.53","+","0.04","0.19","52","--","0","1,350.00",
="062858","世芯永豐49購05","0","0","0","--","--","--","--"," ","0.00","0.45","499","0.55","10","4,000.00",
="062859","世芯永豐4B購03","45,000","2","99,600","2.23","2.23","2.20","2.20","-","0.03","0.75","13","--","0","4,000.00",
="062860","世芯永豐53購01","0","0","0","--","--","--","--"," ","0.00","3.23","499","3.25","10","4,000.00",
="062865","金像電統一4A購02","50,000","3","179,320","3.50","3.69","3.50","3.69","+","0.14","3.68","10","3.71","10","486.00",
="062866","台光電統一4C購02","0","0","0","--","--","--","--"," ","0.00","2.92","10","2.93","10","1,250.00",
="062867","聯發科統一4C購08","0","0","0","--","--","--","--"," ","0.00","0.38","10","0.39","10","1,385.00",
="062868","聯發科統一5C購01","0","0","0","--","--","--","--"," ","0.00","0.68","10","0.69","10","1,385.00",
="062869","亞光統一4C購03","2,210,000","43","962,370","0.41","0.46","0.40","0.40","-","0.01","0.40","30","0.44","2","164.00",
="062870","亞光統一54購01","557,000","12","238,730","0.43","0.45","0.41","0.42","-","0.03","0.41","10","0.42","10","164.00",
="062871","創意統一58購01","5,000","2","2,050","0.41","0.41","0.41","0.41"," ","0.00","0.40","10","0.41","10","1,350.00",
="062881","台積電元富4C購01","0","0","0","--","--","--","--"," ","0.00","0.62","25","0.72","10","1,160.00",
="062882","智邦元富4A購01","755,000","15","749,240","0.96","1.08","0.92","1.00","-","0.04","0.97","25","0.98","25","984.00",
="062883","金像電元富4C購02","1,000","1","4,720","4.72","4.72","4.72","4.72","X","0.00","4.88","25","4.98","25","486.00",
="062885","台光電元富4A購04","10,000","1","95,000","9.50","9.50","9.50","9.50","X","0.00","9.40","25","9.70","25","1,250.00",
="062886","台光電元富4A購05","0","0","0","--","--","--","--"," ","0.00","11.00","25","11.30","25","1,250.00",
="062888","富邦金元富4C購01","4,000","1","7,640","1.91","1.91","1.91","1.91","-","0.07","1.76","25","1.86","10","85.20",
="062889","國泰金元富4C購01","0","0","0","--","--","--","--"," ","0.00","0.56","25","0.57","25","62.30",
="062890","亞光元富4A購01","245,000","8","224,780","0.84","1.00","0.83","0.83","-","0.05","0.79","25","0.80","25","164.00",
="062891","創意元富5C購01","351,000","10","502,850","1.39","1.44","1.39","1.43","+","0.03","1.12","9","1.44","11","1,350.00",
="062892","群創元富4C購01","0","0","0","--","--","--","--"," ","0.00","0.41","25","0.42","25","14.15",
="062893","世芯元富49購04","0","0","0","--","--","--","--"," ","0.00","0.87","25","0.89","25","4,000.00",
="06289P","臺股指元大49售18","0","0","0","--","--","--","--"," ","0.00","0.04","100","0.14","10","0.00",
="062905","川湖凱基49購02","0","0","0","--","--","--","--"," ","0.00","4.98","100","--","0","2,925.00",
="062907","台積電凱基5C購01","3,000","1","3,480","1.16","1.16","1.16","1.16","-","0.09","1.15","100","1.16","7","1,160.00",
="062908","智邦凱基4A購01","167,000","10","379,410","2.27","2.43","2.15","2.43","+","0.13","2.26","45","2.52","15","984.00",
="062917","長榮凱基4A購03","0","0","0","--","--","--","--"," ","0.00","0.08","100","0.09","40","188.00",
="062918","陽明凱基4A購01","0","0","0","--","--","--","--"," ","0.00","0.01","100","0.11","10","58.80",
="062920","亞光凱基49購01","20,000","1","4,200","0.21","0.21","0.21","0.21","-","0.02","0.19","100","0.29","10","164.00",
="06292P","台灣50富邦49售01","0","0","0","--","--","--","--"," ","0.00","--","0","0.05","98","0.00",
="062945","台塑元大4C購01","85,000","13","151,600","1.84","1.84","1.73","1.76","-","0.19","1.72","400","1.74","10","39.10",
="06294P","世芯統一4A售02","0","0","0","--","--","--","--"," ","0.00","0.07","10","0.08","10","0.00",
="062953","金寶元大49購04","0","0","0","--","--","--","--"," ","0.00","--","0","0.10","10","19.05",
="062957","仁寶元大4A購01","46,000","2","7,360","0.16","0.16","0.16","0.16","X","0.00","0.15","499","0.16","10","28.10",
="062960","台積電元大4A購05","0","0","0","--","--","--","--"," ","0.00","0.04","499","0.14","10","1,160.00",
="062967","正崴元大4B購02","0","0","0","--","--","--","--"," ","0.00","0.08","499","0.09","10","48.40",
="062977","華航元大4B購02","5,000","1","2,250","0.45","0.45","0.45","0.45","X","0.00","0.41","499","0.42","10","21.25",
="062984","嘉澤元大49購02","0","0","0","--","--","--","--"," ","0.00","--","0","0.10","10","1,465.00",
="062994","達發元大4A購02","0","0","0","--","--","--","--"," ","0.00","--","0","0.10","10","556.00",
="063010","聯發科群益4C購02","0","0","0","--","--","--","--"," ","0.00","--","0","--","0","1,385.00",
="063027","南電群益4C購01","0","0","0","--","--","--","--"," ","0.00","4.27","5","--","0","226.00",
="063044","一詮富邦49購01","0","0","0","--","--","--","--"," ","0.00","0.03","10","0.10","10","0.00",
="063047","臺股指富邦49購06","0","0","0","--","--","--","--"," ","0.00","0.01","499","0.03","100","0.00",
="063048","臺股指富邦4A購03","0","0","0","--","--","--","--"," ","0.00","--","0","0.03","110","0.00",
="063061","川湖永豐49購02","4,000","1","104,800","26.20","26.20","26.20","26.20","-","0.30","26.70","499","27.70","10","2,925.00",
="063069","創意永豐49購02","0","0","0","--","--","--","--"," ","0.00","--","0","--","0","1,350.00",
="063070","祥碩永豐49購01","0","0","0","--","--","--","--"," ","0.00","--","0","0.03","10","1,665.00",
="063071","迅得永豐49購01","0","0","0","--","--","--","--"," ","0.00","0.07","499","0.08","10","193.50",
="063073","緯穎永豐49購03","0","0","0","--","--","--","--"," ","0.00","0.38","10","--","0","2,975.00",
="063074","上銀統一54購01","0","0","0","--","--","--","--"," ","0.00","0.12","10","0.14","10","215.50",
="063075","鴻海統一4C購07","0","0","0","--","--","--","--"," ","0.00","0.66","10","0.67","10","206.00",
="063076","鴻海統一5C購01","0","0","0","--","--","--","--"," ","0.00","0.63","10","0.64","10","206.00",
="063077","精銳統一54購02","116,000","3","43,980","0.38","0.38","0.37","0.37"," ","0.00","0.38","10","0.39","10","776.00",
="063078","精銳統一56購01","206,000","10","57,780","0.28","0.29","0.27","0.29","-","0.04","0.27","10","0.28","10","776.00",
="063079","緯穎統一54購01","0","0","0","--","--","--","--"," ","0.00","0.57","5","0.68","11","2,975.00",
="063086","亞光國票49購01","55,000","3","47,300","0.86","0.86","0.86","0.86","X","0.00","0.68","25","0.71","10","164.00",
="063087","亞光國票4A購01","210,000","3","103,020","0.51","0.51","0.47","0.47","-","0.03","0.47","23","0.48","10","164.00",
="06308P","臺股指元富49售14","0","0","0","--","--","--","--"," ","0.00","0.02","25","0.10","10","0.00",
="06309P","臺股指元富49售15","0","0","0","--","--","--","--"," ","0.00","--","0","0.10","25","0.00",
="063102","台積電中信4A購01","0","0","0","--","--","--","--"," ","0.00","0.11","499","0.12","100","0.00",
="06310P","臺股指元富49售16","0","0","0","--","--","--","--"," ","0.00","0.01","25","0.10","10","0.00",
="063111","緯穎中信4C購01","175,000","7","55,050","0.32","0.33","0.31","0.31","-","0.02","0.31","10","0.32","10","0.00",
="063122","台積電凱基4B購02","0","0","0","--","--","--","--"," ","0.00","0.46","100","0.47","10","1,160.00",
="063123","台積電凱基53購05","0","0","0","--","--","--","--"," ","0.00","10.30","100","10.40","10","1,160.00",
="063132","華航凱基4B購01","0","0","0","--","--","--","--"," ","0.00","0.08","100","0.09","50","21.25",
="063134","大立光凱基4A購02","0","0","0","--","--","--","--"," ","0.00","0.03","100","0.13","10","2,395.00",
="063136","緯創凱基4A購02","32,000","1","23,360","0.73","0.73","0.73","0.73","X","0.00","0.72","100","--","0","115.00",
="063142","達發凱基4A購01","0","0","0","--","--","--","--"," ","0.00","0.01","100","0.11","10","556.00",
="063145","緯穎凱基49購04","0","0","0","--","--","--","--"," ","0.00","0.37","100","0.47","10","2,975.00",
="063148","元債2X元富5C購02","0","0","0","--","--","--","--"," ","0.00","0.81","25","0.82","25","7.05",
="063153","鴻海元富4C購03","0","0","0","--","--","--","--"," ","0.00","3.07","25","3.12","25","206.00",
="063158","亞光元富49購01","920,000","21","126,400","0.13","0.15","0.13","0.14","-","0.01","0.12","25","0.13","25","164.00",
="063159","亞光元富4A購02","98,000","2","66,960","0.62","0.72","0.62","0.72","+","0.08","0.59","25","0.60","25","164.00",
="063160","亞光元富51購01","454,000","14","262,120","0.56","0.62","0.56","0.57","-","0.01","0.55","30","0.56","25","164.00",
="063161","智原元富4A購01","0","0","0","--","--","--","--"," ","0.00","0.01","25","0.10","10","158.00",
="063164","緯創元富4C購02","0","0","0","--","--","--","--"," ","0.00","5.60","25","6.10","25","115.00",
="063165","創意元富49購02","0","0","0","--","--","--","--"," ","0.00","--","0","--","0","1,350.00",
="063166","創意元富4C購08","0","0","0","--","--","--","--"," ","0.00","--","0","--","0","1,350.00",
="063171","世芯元富49購05","0","0","0","--","--","--","--"," ","0.00","0.28","25","0.29","25","4,000.00",
="063172","世芯元富4C購02","0","0","0","--","--","--","--"," ","0.00","0.82","25","0.83","25","4,000.00",
="063173","世芯元富56購02","9,000","8","15,750","1.81","1.81","1.72","1.72","-","0.05","1.70","25","1.71","25","4,000.00",
="063174","世芯元富5C購01","2,000","1","5,420","2.71","2.71","2.71","2.71","+","0.08","2.61","25","2.62","25","4,000.00",
="063182","聯電群益4A購02","0","0","0","--","--","--","--"," ","0.00","0.30","100","0.31","100","40.60",
="063189","南亞科群益4C購01","19,000","2","104,000","5.45","5.50","5.45","5.50","-","0.25","5.25","25","5.30","10","46.65",
="063196","創意群益49購03","0","0","0","--","--","--","--"," ","0.00","--","0","--","0","1,350.00",
="063201","世芯群益4C購03","0","0","0","--","--","--","--"," ","0.00","0.83","10","0.93","10","4,000.00",
="063202","世芯群益53購01","0","0","0","--","--","--","--"," ","0.00","1.33","10","1.43","10","4,000.00",
="063212","T50反1元大49購04","0","0","0","--","--","--","--"," ","0.00","--","0","0.10","10","19.79",
="063213","T50反1元大49購05","0","0","0","--","--","--","--"," ","0.00","0.01","100","0.02","258","19.79",
="063214","S&P反1元大56購01","2,000,000","6","440,000","0.22","0.22","0.22","0.22","X","0.00","0.22","101","0.23","10","4.56",
="063216","道瓊反元大56購01","0","0","0","--","--","--","--"," ","0.00","0.24","100","0.25","10","5.93",
="063243","一詮元大49購03","0","0","0","--","--","--","--"," ","0.00","--","0","0.10","10","80.20",
="063250","智原元大4B購01","0","0","0","--","--","--","--"," ","0.00","0.07","499","0.08","10","158.00",
="063252","新日興元大49購01","41,000","8","96,090","1.93","2.65","1.93","2.49","X","0.00","--","0","2.73","1","259.00",
="063255","嘉澤元大49購03","0","0","0","--","--","--","--"," ","0.00","--","0","0.10","10","1,465.00",
="063261","達發元大49購02","0","0","0","--","--","--","--"," ","0.00","--","0","0.10","10","556.00",
="063269","上銀元富4C購01","3,000","3","620","0.22","0.22","0.19","0.19"," ","0.00","0.18","25","0.19","25","215.50",
="063270","鴻準元富4C購01","124,000","4","67,620","0.58","0.58","0.54","0.54","-","0.02","0.53","25","0.54","25","71.70",
="063271","陽明元富4C購01","0","0","0","--","--","--","--"," ","0.00","0.37","25","0.38","25","58.80",
="063273","祥碩元富4A購04","0","0","0","--","--","--","--"," ","0.00","0.02","25","0.10","10","1,665.00",
="063275","上銀統一4C購02","0","0","0","--","--","--","--"," ","0.00","0.04","10","0.05","10","215.50",
="063276","上銀統一4C購03","0","0","0","--","--","--","--"," ","0.00","0.04","10","0.05","10","215.50",
="063277","上銀統一52購01","8,000","1","960","0.12","0.12","0.12","0.12","-","0.01","0.11","30","0.12","10","215.50",
="063278","鴻海統一4C購08","3,000","2","2,080","0.70","0.70","0.69","0.69","-","0.04","0.71","10","0.72","10","206.00",
="063279","大立光統一4C購02","200,000","1","44,000","0.22","0.22","0.22","0.22"," ","0.00","0.21","10","0.22","10","2,395.00",
="063280","大立光統一5C購01","40,000","1","21,200","0.53","0.53","0.53","0.53"," ","0.00","0.52","10","0.53","13","2,395.00",
="063281","世芯統一4C購04","142,000","1","126,380","0.89","0.89","0.89","0.89","+","0.05","0.85","10","0.86","10","4,000.00",
="063282","世芯統一52購01","7,000","7","6,490","0.97","0.97","0.91","0.91","-","0.03","0.91","10","0.92","10","4,000.00",
="063283","世芯統一58購02","117,000","2","152,070","1.30","1.30","1.27","1.27","-","0.02","1.25","10","1.26","10","4,000.00",
="063284","世芯統一5C購01","26,000","3","39,960","1.54","1.54","1.51","1.51","X","0.00","1.50","10","1.51","10","4,000.00",
="063285","道瓊2X中信4A購01","0","0","0","--","--","--","--"," ","0.00","0.31","499","0.32","100","0.00",
="063289","華碩中信4A購01","0","0","0","--","--","--","--"," ","0.00","0.67","499","0.69","10","0.00",
="063294","聯詠中信4A購01","22,000","2","14,400","0.66","0.66","0.65","0.65","-","0.04","0.66","499","0.67","10","0.00",
="063296","臺股指中信4A購01","0","0","0","--","--","--","--"," ","0.00","0.20","499","0.21","100","0.00",
="063297","臺股指中信4A購02","0","0","0","--","--","--","--"," ","0.00","0.06","499","0.07","100","0.00",
="063300","宇隆永豐49購01","30,000","2","15,800","0.54","0.54","0.50","0.50","-","0.12","0.47","10","0.57","10","262.00",
="063301","鴻海永豐4A購03","0","0","0","--","--","--","--"," ","0.00","0.84","499","0.87","10","206.00",
="063309","世芯永豐4A購04","0","0","0","--","--","--","--"," ","0.00","0.49","499","0.50","10","4,000.00",
="063310","世芯永豐4C購02","0","0","0","--","--","--","--"," ","0.00","1.06","10","1.07","10","4,000.00",
="063311","世芯永豐4C購03","8,000","2","13,460","1.70","1.70","1.56","1.56","-","0.02","1.53","499","1.54","10","4,000.00",
="063335","美德醫國票49購01","0","0","0","--","--","--","--"," ","0.00","0.05","25","0.06","10","4.94",
="063336","美德醫國票4B購01","0","0","0","--","--","--","--"," ","0.00","0.06","25","0.07","10","4.94",
="063338","T50正2凱基4B購01","0","0","0","--","--","--","--"," ","0.00","1.31","100","1.33","10","259.40",
="06333P","台灣50中信4A售02","0","0","0","--","--","--","--"," ","0.00","0.03","499","0.04","10","0.00",
="063346","台積電凱基4C購05","0","0","0","--","--","--","--"," ","0.00","0.40","100","0.41","10","1,160.00",
="06334P","T50正2中信4A售02","1,000","1","110","0.11","0.11","0.11","0.11","X","0.00","0.10","10","0.11","10","0.00",
="063363","世芯凱基4C購01","0","0","0","--","--","--","--"," ","0.00","0.79","100","0.80","30","4,000.00",
="063364","世芯凱基4C購02","214,000","9","215,450","1.03","1.03","0.97","0.97","-","0.06","0.95","100","0.96","10","4,000.00",
="063369","臺股指凱基49購23","0","0","0","--","--","--","--"," ","0.00","0.01","100","0.02","10","0.00",
="063370","臺股指凱基4C購03","0","0","0","--","--","--","--"," ","0.00","1.46","100","1.47","10","0.00",
="063392","聯電群益4C購01","0","0","0","--","--","--","--"," ","0.00","0.26","25","0.27","10","40.60",
="063408","世芯群益4C購05","0","0","0","--","--","--","--"," ","0.00","1.04","10","1.14","10","4,000.00",
="063417","訊芯群益4C購01","20,000","2","9,500","0.47","0.48","0.47","0.48","-","0.08","0.47","25","0.48","10","165.00",
="063426","元油反元大49購01","0","0","0","--","--","--","--"," ","0.00","--","0","0.10","10","6.68",
="063427","台塑元大49購01","94,000","3","85,050","0.92","0.92","0.85","0.85","-","0.20","0.83","499","0.84","10","39.10",
="063443","台積電元大49購04","70,000","5","42,600","0.63","0.63","0.60","0.60","-","0.09","0.69","1","0.85","66","1,160.00",
="063445","智邦元大49購01","0","0","0","--","--","--","--"," ","0.00","1.16","499","1.19","10","984.00",
="063461","凱基金元大49購01","0","0","0","--","--","--","--"," ","0.00","0.03","499","0.13","10","15.55",
="063462","嘉澤元大49購04","0","0","0","--","--","--","--"," ","0.00","--","0","0.10","10","1,465.00",
="063473","達發元大49購03","0","0","0","--","--","--","--"," ","0.00","0.02","499","0.12","10","556.00",
="063481","臺股指元大49購17","0","0","0","--","--","--","--"," ","0.00","--","0","0.04","10","0.00",
="063482","台塑富邦4A購01","0","0","0","--","--","--","--"," ","0.00","0.54","30","0.64","10","0.00",
="063496","金像電兆豐4C購01","0","0","0","--","--","--","--"," ","0.00","7.80","10","7.85","10","486.00",
="063497","緯創兆豐4C購01","827,000","22","641,880","0.76","0.81","0.76","0.78","-","0.01","0.79","10","0.80","10","115.00",
="063500","緯穎兆豐4C購01","62,000","7","87,680","1.43","1.43","1.39","1.39","-","0.02","1.38","10","1.39","10","2,975.00",
="063502","台積電統一4C購13","0","0","0","--","--","--","--"," ","0.00","0.67","10","0.68","10","1,160.00",
="063503","台積電統一5C購01","0","0","0","--","--","--","--"," ","0.00","0.48","31","0.49","10","1,160.00",
="063507","國巨中信4A購01","73,000","4","12,380","0.17","0.18","0.16","0.17","X","0.00","0.16","520","0.18","10","0.00",
="063516","FBNQ2X國票49購01","0","0","0","--","--","--","--"," ","0.00","0.01","25","0.02","10","144.85",
="06351P","台灣50凱基49售03","0","0","0","--","--","--","--"," ","0.00","--","0","0.10","10","0.00",
="063545","T50反1元富4C購03","0","0","0","--","--","--","--"," ","0.00","0.02","300","0.15","100","19.79",
="063546","FBNQ2X元富4C購01","0","0","0","--","--","--","--"," ","0.00","2.22","25","2.23","25","144.85",
="063547","FBNQ2X元富4C購02","0","0","0","--","--","--","--"," ","0.00","3.60","25","3.61","25","144.85",
="063552","潤泰全元富4C購01","10,000","1","900","0.09","0.09","0.09","0.09","X","0.00","0.08","25","0.10","10","53.60",
="063554","臺股指元富49購13","0","0","0","--","--","--","--"," ","0.00","0.10","25","0.11","25","0.00",
="063555","臺股指元富4B購01","0","0","0","--","--","--","--"," ","0.00","0.24","25","0.25","25","0.00",
="063556","美債2X永豐4B購01","0","0","0","--","--","--","--"," ","0.00","0.27","499","0.28","10","7.03",
="063558","中502X永豐4C購01","13,000","4","18,730","1.45","1.46","1.42","1.42","-","0.22","1.34","10","1.37","10","11.76",
="06355P","臺股指凱基49售24","0","0","0","--","--","--","--"," ","0.00","0.02","100","0.03","10","0.00",
="063561","鴻海永豐4B購01","10,000","1","8,300","0.83","0.83","0.83","0.83","-","0.05","0.82","10","0.83","10","206.00",
="063564","國巨永豐49購01","0","0","0","--","--","--","--"," ","0.00","0.56","10","0.59","10","137.00",
="063569","世芯永豐5A購01","1,000","1","3,400","3.40","3.40","3.40","3.40","X","0.00","3.33","10","3.34","10","4,000.00",
="063588","台積電凱基4C購06","0","0","0","--","--","--","--"," ","0.00","0.92","100","0.93","10","1,160.00",
="063590","聯發科凱基4A購04","0","0","0","--","--","--","--"," ","0.00","0.03","100","0.13","10","1,385.00",
="063593","嘉澤凱基49購01","0","0","0","--","--","--","--"," ","0.00","--","0","0.10","10","1,465.00",
="063598","臻鼎凱基4A購01","4,000","4","12,980","3.14","3.36","3.14","3.36","-","0.74","3.28","100","3.38","10","194.00",
="063606","宇隆群益49購01","0","0","0","--","--","--","--"," ","0.00","0.12","499","0.22","10","262.00",
="063612","台積電群益5C購01","24,000","2","53,200","2.22","2.22","2.20","2.20","-","0.03","1.09","9","--","0","1,160.00",
="063613","台積電群益5C購02","0","0","0","--","--","--","--"," ","0.00","1.65","6","1.86","6","1,160.00",
="063628","鈞興群益49購01","0","0","0","--","--","--","--"," ","0.00","--","0","0.10","10","200.00",
="063639","台塑元大49購02","0","0","0","--","--","--","--"," ","0.00","0.20","499","0.21","10","39.10",
="06363P","美指2X國票4C售01","0","0","0","--","--","--","--"," ","0.00","1.02","25","1.03","10","0.00",
="063681","和大富邦49購01","0","0","0","--","--","--","--"," ","0.00","0.75","10","--","0","0.00",
="063683","上銀富邦49購01","0","0","0","--","--","--","--"," ","0.00","--","0","0.03","10","0.00",
="063688","新日興富邦49購01","455,000","18","164,860","0.35","0.42","0.32","0.33","+","0.16","0.29","10","0.30","10","0.00",
="063690","宇隆永豐49購02","0","0","0","--","--","--","--"," ","0.00","0.93","10","1.03","10","262.00",
="063693","京元電永豐4C購01","0","0","0","--","--","--","--"," ","0.00","1.11","10","1.15","10","142.00",
="063695","全新永豐4C購01","213,000","15","146,920","0.69","0.72","0.66","0.72","-","0.01","0.65","10","0.66","10","153.50",
="063697","陽明永豐4C購01","0","0","0","--","--","--","--"," ","0.00","0.14","10","0.15","10","58.80",
="063698","景碩永豐49購02","0","0","0","--","--","--","--"," ","0.00","1.21","499","1.31","10","113.50",
="063699","緯創永豐4C購02","0","0","0","--","--","--","--"," ","0.00","0.95","10","0.99","10","115.00",
="063700","世芯永豐54購01","207,000","4","489,860","2.38","2.38","2.36","2.36","X","0.00","2.25","10","2.28","10","4,000.00",
="063701","精銳永豐49購01","0","0","0","--","--","--","--"," ","0.00","0.20","10","0.23","10","776.00",
="063702","中磊永豐4C購01","0","0","0","--","--","--","--"," ","0.00","0.32","10","0.33","10","105.50",
="063703","啟碁永豐4C購01","0","0","0","--","--","--","--"," ","0.00","0.36","499","0.37","10","127.00",
="063708","宇隆統一56購01","29,000","3","19,940","0.69","0.69","0.68","0.68","-","0.01","0.66","10","0.67","10","262.00",
="063709","昆盈統一54購01","34,000","3","17,800","0.53","0.53","0.51","0.51","-","0.01","0.50","10","0.51","10","49.85",
="063710","昆盈統一54購02","7,000","4","2,960","0.42","0.43","0.41","0.41","-","0.01","0.40","10","0.41","10","49.85",
="063711","長榮統一4C購04","0","0","0","--","--","--","--"," ","0.00","0.39","10","0.40","10","188.00",
="063712","長榮統一5C購01","1,000","1","410","0.41","0.41","0.41","0.41","X","0.00","0.41","10","0.42","10","188.00",
="063713","精銳統一52購02","0","0","0","--","--","--","--"," ","0.00","0.26","10","0.27","10","776.00",
="063714","中磊統一4C購01","0","0","0","--","--","--","--"," ","0.00","0.13","10","0.14","10","105.50",
="063715","啟碁統一4C購01","0","0","0","--","--","--","--"," ","0.00","0.22","10","0.23","10","127.00",
="063716","啟碁統一54購01","30,000","2","11,900","0.40","0.40","0.38","0.38","-","0.02","0.38","10","0.39","10","127.00",
="063717","S&P正2中信49購01","0","0","0","--","--","--","--"," ","0.00","0.11","499","0.12","100","0.00",
="06371P","世芯國票49售02","0","0","0","--","--","--","--"," ","0.00","0.02","25","0.04","97","0.00",
="063725","世芯中信4A購01","0","0","0","--","--","--","--"," ","0.00","0.28","499","0.29","10","0.00",
="063728","矽力中信49購01","0","0","0","--","--","--","--"," ","0.00","0.85","499","0.86","10","0.00",
="063729","元黃金國票4C購02","300,000","2","1,489,500","4.96","4.97","4.96","4.97","+","0.10","4.95","25","4.96","10","37.00",
="063731","道瓊銅國票4C購01","0","0","0","--","--","--","--"," ","0.00","1.06","25","1.07","10","24.91",
="063750","鈞興國票4A購01","1,158,000","6","80,560","0.07","0.07","0.06","0.07","X","0.00","0.05","25","0.06","10","200.00",
="063751","中磊國票49購01","0","0","0","--","--","--","--"," ","0.00","0.01","25","0.02","10","105.50",
="063753","啟碁國票49購01","0","0","0","--","--","--","--"," ","0.00","0.01","25","0.02","10","127.00",
="063759","元債2X元富5C購03","0","0","0","--","--","--","--"," ","0.00","0.83","25","0.84","25","7.05",
="063760","元日2X元富5C購01","0","0","0","--","--","--","--"," ","0.00","0.91","25","0.92","25","5.97",
="063763","直得元富49購01","0","0","0","--","--","--","--"," ","0.00","0.03","25","0.10","10","89.20",
="063767","台積電元富4C購02","0","0","0","--","--","--","--"," ","0.00","2.22","25","2.32","10","1,160.00",
="063768","友訊元富4C購01","0","0","0","--","--","--","--"," ","0.00","0.12","25","0.13","25","18.05",
="06376P","台灣50富邦49售02","0","0","0","--","--","--","--"," ","0.00","--","0","0.05","98","0.00",
="063771","仲琦元富49購01","0","0","0","--","--","--","--"," ","0.00","--","0","0.10","25","23.80",
="063775","瑞鼎元富49購01","0","0","0","--","--","--","--"," ","0.00","0.01","25","0.10","10","299.00",
="063777","鈞興元富4C購01","948,000","37","395,550","0.39","0.44","0.39","0.39","+","0.01","0.38","58","0.39","25","200.00",
="063781","精銳元富4C購01","0","0","0","--","--","--","--"," ","0.00","0.45","25","0.47","25","776.00",
="06378P","臺股指元富4B售03","30,000","3","23,250","0.79","0.79","0.77","0.77","+","0.06","0.77","50","0.78","25","0.00",
="063795","FBNQ2X凱基4C購01","0","0","0","--","--","--","--"," ","0.00","0.85","100","0.92","30","144.85",
="063797","台塑凱基49購01","0","0","0","--","--","--","--"," ","0.00","0.15","100","0.25","10","39.10",
="06379P","臺股指元富4B售04","2,000","2","1,390","0.69","0.70","0.69","0.70","X","0.00","0.70","25","0.71","25","0.00",
="063802","台積電凱基4C購07","0","0","0","--","--","--","--"," ","0.00","4.11","100","4.21","10","1,160.00",
="06381P","台積電凱基4C售09","1,000","1","1,410","1.41","1.41","1.41","1.41","+","0.09","1.49","100","1.50","10","0.00",
="063825","臺股指凱基49購25","0","0","0","--","--","--","--"," ","0.00","0.10","100","0.11","10","0.00",
="063826","臺股指凱基4B購11","0","0","0","--","--","--","--"," ","0.00","0.03","10","0.04","10","0.00",
="063840","台積電群益5C購03","2,000","2","3,620","1.82","1.82","1.80","1.80","-","0.05","0.82","12","1.97","6","1,160.00",
="063841","台積電群益5C購04","12,000","3","15,880","1.36","1.36","1.31","1.31","-","0.06","1.31","2","1.37","6","1,160.00",
="063851","世芯群益4B購01","4,000","4","3,240","0.85","0.85","0.79","0.79","-","0.04","0.79","10","0.89","10","4,000.00",
="063852","世芯群益4C購06","0","0","0","--","--","--","--"," ","0.00","0.84","10","0.94","10","4,000.00",
="063859","中磊群益49購01","0","0","0","--","--","--","--"," ","0.00","--","0","0.11","10","105.50",
="063866","台塑元大4A購01","245,000","10","139,440","0.62","0.62","0.56","0.56","-","0.15","0.53","499","0.54","10","39.10",
="063886","智原元大4A購02","0","0","0","--","--","--","--"," ","0.00","0.02","499","0.12","10","158.00",
="063899","晶碩元大4A購01","628,000","11","201,320","0.32","0.33","0.31","0.31","+","0.02","0.32","499","0.33","45","322.00",
="06389P","臺股指元大49售20","0","0","0","--","--","--","--"," ","0.00","0.19","100","0.29","10","0.00",
="063900","達發元大4B購01","497,000","4","188,460","0.35","0.38","0.35","0.38","-","0.01","0.37","499","0.38","10","556.00",
="063909","聯電統一4C購01","50,000","3","15,500","0.31","0.31","0.31","0.31","-","0.02","0.31","20","0.40","30","40.60",
="063910","國巨統一4C購01","267,000","7","89,850","0.33","0.35","0.31","0.31","+","0.01","0.31","10","0.32","10","137.00",
="063911","金像電統一4C購02","0","0","0","--","--","--","--"," ","0.00","2.57","10","2.58","10","486.00",
="063912","台光電統一4C購03","0","0","0","--","--","--","--"," ","0.00","2.87","10","2.88","10","1,250.00",
="063913","采鈺統一4C購01","4,000","2","900","0.21","0.24","0.21","0.24","X","0.00","0.23","10","0.24","10","264.00",
="063915","臺指反中信4C購02","6,000","3","2,100","0.35","0.35","0.35","0.35","X","0.00","0.33","300","0.34","100","0.00",
="063917","鴻海中信4C購02","0","0","0","--","--","--","--"," ","0.00","0.36","499","0.37","100","0.00",
="063919","材料中信49購02","0","0","0","--","--","--","--"," ","0.00","--","0","0.02","10","0.00",
="063926","道瓊銀國票4A購01","39,000","5","38,950","0.98","1.00","0.98","1.00","+","0.05","0.99","25","1.00","10","32.63",
="063932","台積電國票4C購01","0","0","0","--","--","--","--"," ","0.00","0.34","25","0.35","10","1,160.00",
="06393P","智邦群益4A售02","0","0","0","--","--","--","--"," ","0.00","--","0","0.10","10","0.00",
="063950","上銀永豐4A購01","0","0","0","--","--","--","--"," ","0.00","0.03","499","0.04","10","215.50",
="063951","英業達永豐4C購01","35,000","2","9,800","0.28","0.28","0.28","0.28","-","0.01","0.27","10","0.28","10","41.35",
="063953","威盛永豐4C購01","0","0","0","--","--","--","--"," ","0.00","0.11","499","0.12","10","62.00",
="063954","友達永豐4C購01","1,000","1","260","0.26","0.26","0.26","0.26","X","0.00","0.24","499","0.25","10","13.05",
="063958","晟銘電永豐49購01","0","0","0","--","--","--","--"," ","0.00","0.12","10","0.13","10","133.00",
="063960","聯詠永豐4A購01","0","0","0","--","--","--","--"," ","0.00","0.14","10","0.15","10","435.00",
="063962","群創永豐4C購01","113,000","10","83,770","0.74","0.81","0.74","0.78","X","0.00","0.78","10","0.79","10","14.15",
="063963","世芯永豐56購01","94,000","7","296,330","3.26","3.26","3.08","3.08","-","0.11","3.06","10","3.08","10","4,000.00",
="063967","世紀鋼永豐4C購01","10,000","2","17,300","1.73","1.73","1.73","1.73","-","0.10","1.72","499","1.75","10","188.00",
="063968","中興電富邦49購01","25,000","4","14,350","0.57","0.58","0.57","0.57","+","0.07","0.57","30","0.58","1","0.00",
="063970","川湖富邦49購01","0","0","0","--","--","--","--"," ","0.00","3.27","30","3.34","10","0.00",
="063975","碩天富邦4A購01","0","0","0","--","--","--","--"," ","0.00","--","0","0.03","10","0.00",
="063977","致新富邦4A購01","0","0","0","--","--","--","--"," ","0.00","0.14","30","0.15","10","0.00",
="063978","上銀兆豐4C購01","0","0","0","--","--","--","--"," ","0.00","0.15","10","0.16","10","215.50",
="063980","美利達兆豐4C購01","46,000","1","7,820","0.17","0.17","0.17","0.17","X","0.00","0.17","10","0.18","10","112.50",
="063981","T50反1元富4C購04","0","0","0","--","--","--","--"," ","0.00","0.03","499","0.11","25","19.79",
="063986","華碩元富4C購01","27,000","3","34,850","1.30","1.30","1.29","1.29","-","0.02","1.27","25","1.37","10","634.00",
="063989","金像電元富49購01","0","0","0","--","--","--","--"," ","0.00","8.70","25","9.20","10","486.00",
="063990","美律元富4C購01","19,000","2","16,800","0.92","0.92","0.88","0.88","-","0.12","0.88","25","0.90","25","107.50",
="063991","聯發科元富49購01","0","0","0","--","--","--","--"," ","0.00","3.51","25","3.61","10","1,385.00",
="063995","智易元富4C購01","0","0","0","--","--","--","--"," ","0.00","4.64","25","4.74","10","236.00",
="063996","啟碁元富4C購01","4,000","3","2,310","0.58","0.58","0.57","0.57","-","0.05","0.54","25","0.56","25","127.00",
="063998","達發元富4C購01","20,000","1","9,000","0.45","0.45","0.45","0.45","-","0.01","0.43","25","0.44","25","556.00",
="063999","臺股指元富4B購02","0","0","0","--","--","--","--"," ","0.00","0.24","25","0.25","25","0.00",
="064014","元債2X凱基5C購02","15,000","1","11,100","0.74","0.74","0.74","0.74","X","0.00","0.74","100","0.75","50","7.05",
="064017","上銀凱基4A購02","0","0","0","--","--","--","--"," ","0.00","--","0","0.10","10","215.50",
="064020","台積電凱基4C購08","0","0","0","--","--","--","--"," ","0.00","7.10","100","7.20","10","1,160.00",
="064035","中磊凱基49購01","0","0","0","--","--","--","--"," ","0.00","--","0","0.02","10","105.50",
="064037","達發凱基49購01","0","0","0","--","--","--","--"," ","0.00","0.01","100","0.11","10","556.00",
="064040","道瓊銅元大4A購01","0","0","0","--","--","--","--"," ","0.00","0.46","499","0.56","100","24.91",
="064041","道瓊2X元大49購01","0","0","0","--","--","--","--"," ","0.00","0.52","100","0.53","10","27.67",
="064067","智原元大4A購03","0","0","0","--","--","--","--"," ","0.00","0.03","499","0.13","10","158.00",
="064073","緯創元大4B購01","848,000","8","398,700","0.47","0.51","0.47","0.51","+","0.03","0.47","499","--","0","115.00",
="064090","臺股指元大49購19","0","0","0","--","--","--","--"," ","0.00","0.88","499","0.98","10","0.00",
="064092","臺指反群益52購01","0","0","0","--","--","--","--"," ","0.00","0.08","25","0.09","10","3.20",
="064097","華新群益49購01","0","0","0","--","--","--","--"," ","0.00","--","0","0.01","40","23.35",
="064115","盟立群益4C購01","300,000","8","39,800","0.13","0.15","0.11","0.13","+","0.01","0.13","10","0.23","10","70.00",
="064118","陽明群益4C購02","0","0","0","--","--","--","--"," ","0.00","0.22","10","0.32","10","58.80",
="064119","陽明群益4C購03","0","0","0","--","--","--","--"," ","0.00","0.13","10","0.23","10","58.80",
="06412P","友訊群益4C售01","0","0","0","--","--","--","--"," ","0.00","0.95","10","1.05","10","0.00",
="064130","精銳群益4A購01","0","0","0","--","--","--","--"," ","0.00","0.07","25","0.08","10","776.00",
="064139","矽創群益4C購01","10,000","1","6,500","0.65","0.65","0.65","0.65","+","0.05","0.63","25","0.64","10","211.50",
="064153","臺股指富邦49購07","0","0","0","--","--","--","--"," ","0.00","0.20","499","0.21","100","0.00",
="064166","上銀元富4C購02","0","0","0","--","--","--","--"," ","0.00","0.27","25","0.28","25","215.50",
="064167","上銀元富4C購03","0","0","0","--","--","--","--"," ","0.00","0.06","25","0.10","10","215.50",
="064168","廣宇元富4C購01","10,000","1","47,000","4.70","4.70","4.70","4.70","+","0.40","2.46","4","4.88","4","60.90",
="064173","台積電元富4C購03","0","0","0","--","--","--","--"," ","0.00","5.70","25","6.20","10","1,160.00",
="064177","上銀統一4B購01","0","0","0","--","--","--","--"," ","0.00","0.01","10","0.02","10","215.50",
="064178","上銀統一54購02","0","0","0","--","--","--","--"," ","0.00","0.09","10","0.18","10","215.50",
="064179","長榮航統一4C購02","0","0","0","--","--","--","--"," ","0.00","0.11","10","0.12","10","39.05",
="064180","晟銘電統一58購01","20,000","1","8,400","0.42","0.42","0.42","0.42","+","0.03","0.38","10","0.39","10","133.00",
="064181","嘉晶統一54購01","0","0","0","--","--","--","--"," ","0.00","0.16","10","0.17","10","36.90",
="064182","上証2X中信4C購01","0","0","0","--","--","--","--"," ","0.00","0.37","100","0.38","100","0.00",
="064183","美時中信49購01","0","0","0","--","--","--","--"," ","0.00","0.49","499","0.50","10","0.00",
="064186","大同中信4A購01","0","0","0","--","--","--","--"," ","0.00","0.87","499","0.88","10","0.00",
="064188","慧洋中信49購01","0","0","0","--","--","--","--"," ","0.00","0.92","499","0.93","10","0.00",
="064189","穎崴中信49購02","0","0","0","--","--","--","--"," ","0.00","1.67","499","1.68","10","0.00",
="06418P","台積電凱基4A售15","4,000","1","1,280","0.32","0.32","0.32","0.32","+","0.03","0.36","100","0.37","10","0.00",
="064190","臺股指中信4B購05","0","0","0","--","--","--","--"," ","0.00","0.05","499","0.06","100","0.00",
="064191","臺股指中信4B購06","0","0","0","--","--","--","--"," ","0.00","--","0","0.01","1,629","0.00",
="064192","S&P正2國票4C購01","0","0","0","--","--","--","--"," ","0.00","0.40","25","0.41","10","105.05",
="064193","道瓊銅國票53購01","0","0","0","--","--","--","--"," ","0.00","1.22","25","1.23","10","24.91",
="064203","世芯國票49購03","0","0","0","--","--","--","--"," ","0.00","0.50","25","0.52","10","4,000.00",
="064207","上銀永豐49購01","0","0","0","--","--","--","--"," ","0.00","--","0","0.03","10","215.50",
="064208","聯電永豐4C購01","10,000","1","4,400","0.44","0.44","0.44","0.44","-","0.06","0.43","499","0.44","10","40.60",
="064210","愛山林永豐49購01","0","0","0","--","--","--","--"," ","0.00","0.04","499","0.05","10","78.00",
="064213","台航永豐49購01","0","0","0","--","--","--","--"," ","0.00","0.27","10","0.28","10","28.10",
="064216","世芯永豐4B購04","54,000","5","76,330","1.42","1.43","1.38","1.43","+","0.01","1.32","10","1.34","10","4,000.00",
="064217","日月光永豐4C購01","0","0","0","--","--","--","--"," ","0.00","0.31","10","0.32","10","147.50",
="064223","訊芯永豐4C購01","0","0","0","--","--","--","--"," ","0.00","0.07","15","0.08","10","165.00",
="06422P","臺股指凱基49售26","0","0","0","--","--","--","--"," ","0.00","0.16","100","0.17","10","0.00",
="064233","元債2X群益4C購05","0","0","0","--","--","--","--"," ","0.00","0.31","25","0.32","10","7.05",
="064234","台塑群益49購01","50,000","1","2,500","0.05","0.05","0.05","0.05","-","0.03","0.05","10","0.15","10","39.10",
="064237","上銀群益4C購01","200,000","2","31,000","0.16","0.16","0.15","0.15","X","0.00","0.15","10","0.25","10","215.50",
="064239","宇隆群益49購02","0","0","0","--","--","--","--"," ","0.00","--","0","--","0","262.00",
="064254","世芯群益4C購07","2,000","1","1,820","0.91","0.91","0.91","0.91","X","0.00","0.91","10","1.01","10","4,000.00",
="064258","泰金寶群益4A購01","0","0","0","--","--","--","--"," ","0.00","0.01","10","0.11","10","6.01",
="064260","T50反1元大4A購01","0","0","0","--","--","--","--"," ","0.00","0.05","100","0.15","10","19.79",
="064261","T50反1元大4A購02","50,000","1","6,500","0.13","0.13","0.13","0.13","X","0.00","0.14","100","0.24","10","19.79",
="064262","T50反1元大4B購01","0","0","0","--","--","--","--"," ","0.00","0.07","100","0.17","10","19.79",
="064263","T50反1元大4C購01","0","0","0","--","--","--","--"," ","0.00","0.07","100","0.17","10","19.79",
="064268","上銀元大49購02","0","0","0","--","--","--","--"," ","0.00","--","0","0.10","10","215.50",
="06427P","T50反1元富4C售05","0","0","0","--","--","--","--"," ","0.00","0.92","25","0.93","25","0.00",
="064284","聯發科元大49購01","0","0","0","--","--","--","--"," ","0.00","--","0","--","0","1,385.00",
="064285","聯發科元大4B購02","25,000","1","5,250","0.21","0.21","0.21","0.21","X","0.00","--","0","--","0","1,385.00",
="064286","聯發科元大4C購01","10,000","1","2,700","0.27","0.27","0.27","0.27","X","0.00","--","0","--","0","1,385.00",
="064293","智原元大4B購02","0","0","0","--","--","--","--"," ","0.00","0.01","499","0.11","10","158.00",
="064303","神達元大4A購01","324,000","23","635,250","1.99","2.80","1.84","1.93","+","0.44","1.92","499","1.95","10","95.90",
="06430P","台積電凱基4C售11","99,000","10","10,890","0.11","0.11","0.11","0.11","X","0.00","0.11","100","0.12","30","0.00",
="064316","臺指反凱基51購01","0","0","0","--","--","--","--"," ","0.00","0.09","100","0.10","10","3.20",
="064319","台塑凱基49購02","0","0","0","--","--","--","--"," ","0.00","0.60","100","0.70","10","39.10",
="064324","上銀凱基49購02","0","0","0","--","--","--","--"," ","0.00","--","0","0.02","50","215.50",
="064326","台積電凱基4C購10","0","0","0","--","--","--","--"," ","0.00","10.20","100","10.30","10","1,160.00",
="064327","友訊凱基4C購01","5,000","1","450","0.09","0.09","0.09","0.09","X","0.00","0.08","100","0.09","50","18.05",
="064331","昆盈凱基4A購01","2,219,000","19","268,450","0.35","0.35","0.12","0.13","-","0.22","0.12","100","0.13","20","49.85",
="064340","智原凱基4A購01","0","0","0","--","--","--","--"," ","0.00","0.02","100","0.12","10","158.00",
="064350","臺股指凱基49購27","0","0","0","--","--","--","--"," ","0.00","0.95","100","0.96","10","0.00",
="064356","盟立國票49購01","0","0","0","--","--","--","--"," ","0.00","0.02","45","0.03","10","70.00",
="064361","第一銅永豐49購01","0","0","0","--","--","--","--"," ","0.00","0.07","10","0.09","10","34.50",
="064362","新光鋼永豐49購01","0","0","0","--","--","--","--"," ","0.00","0.24","499","0.25","10","44.65",
="064367","興勤永豐49購01","10,000","1","2,500","0.25","0.25","0.25","0.25","-","0.01","0.24","10","0.25","10","149.00",
="064369","國建永豐49購01","0","0","0","--","--","--","--"," ","0.00","0.07","10","0.09","10","21.25",
="064370","皇昌永豐49購01","0","0","0","--","--","--","--"," ","0.00","0.48","10","0.58","10","83.50",
="064371","漢唐兆豐4C購01","0","0","0","--","--","--","--"," ","0.00","13.80","10","13.90","10","1,190.00",
="064373","道瓊銀元富4C購01","0","0","0","--","--","--","--"," ","0.00","2.81","25","2.82","25","32.63",
="064374","FANG+元富4C購01","0","0","0","--","--","--","--"," ","0.00","1.65","25","1.66","25","110.85",
="064377","台塑元富4C購03","0","0","0","--","--","--","--"," ","0.00","1.57","25","--","0","39.10",
="064382","鴻海富邦4A購02","5,000","2","11,410","2.25","2.29","2.25","2.29","-","0.11","2.27","30","2.32","10","0.00",
="064383","台積電富邦4A購01","60,000","3","74,000","1.29","1.29","1.18","1.18","-","0.18","1.17","30","1.18","10","0.00",
="064384","南亞科富邦49購01","0","0","0","--","--","--","--"," ","0.00","0.94","10","1.03","10","0.00",
="064386","聯發科富邦4A購02","10,000","1","8,300","0.83","0.83","0.83","0.83","-","0.05","0.82","30","0.85","10","0.00",
="064388","神達富邦4A購01","0","0","0","--","--","--","--"," ","0.00","1.78","30","1.79","10","0.00",
="064389","臻鼎富邦49購01","34,000","6","79,200","2.27","2.47","2.27","2.28","+","0.05","2.30","10","2.40","10","0.00",
="064396","聯發科國泰4C購01","0","0","0","--","--","--","--"," ","0.00","0.75","499","0.77","499","1,385.00",
="064404","盟立統一4C購01","12,000","3","1,930","0.16","0.17","0.16","0.17","+","0.02","0.15","10","0.16","10","70.00",
="064405","神達統一56購01","63,000","4","50,350","0.80","0.80","0.79","0.79","+","0.05","0.79","10","0.80","10","95.90",
="064406","T50反1凱基4A購02","655,000","3","81,150","0.11","0.13","0.11","0.13","+","0.01","0.12","100","0.13","10","19.79",
="064407","T50反1凱基4C購01","0","0","0","--","--","--","--"," ","0.00","0.19","100","0.20","10","19.79",
="06440P","臺股指元大49售21","0","0","0","--","--","--","--"," ","0.00","0.44","100","0.54","10","0.00",
="064415","智邦凱基49購01","0","0","0","--","--","--","--"," ","0.00","1.84","100","1.89","10","984.00",
="064420","陽明凱基49購02","0","0","0","--","--","--","--"," ","0.00","0.08","100","0.09","10","58.80",
="064426","祥碩凱基4C購02","0","0","0","--","--","--","--"," ","0.00","0.12","100","0.22","10","1,665.00",
="064438","臺股指凱基4A購11","0","0","0","--","--","--","--"," ","0.00","0.17","100","0.18","10","0.00",
="064443","上銀元大49購03","0","0","0","--","--","--","--"," ","0.00","--","0","0.10","10","215.50",
="064444","上銀元大4A購02","0","0","0","--","--","--","--"," ","0.00","--","0","0.09","20","215.50",
="064449","聯發科元大49購02","41,000","6","17,280","0.41","0.43","0.40","0.41","-","0.04","0.01","499","0.62","20","1,385.00",
="064450","聯發科元大4C購02","0","0","0","--","--","--","--"," ","0.00","--","0","--","0","1,385.00",
="064454","新日興元大49購02","183,000","9","144,740","0.69","1.16","0.69","1.16","+","0.48","0.01","499","--","0","259.00",
="064464","神達元大4A購02","181,000","17","349,390","1.90","2.10","1.74","1.85","+","0.39","1.92","499","1.95","10","95.90",
="064471","愛普元大4A購01","207,000","3","30,410","0.13","0.16","0.13","0.15","+","0.02","0.14","499","0.15","10","305.50",
="064474","臺股指元大4C購04","0","0","0","--","--","--","--"," ","0.00","0.19","100","0.29","10","0.00",
="064475","臺股指元大4C購05","1,000","1","670","0.67","0.67","0.67","0.67","-","0.07","0.66","100","0.76","10","0.00",
="064483","華新群益49購02","0","0","0","--","--","--","--"," ","0.00","0.37","10","0.47","10","23.35",
="064484","上銀群益4C購02","0","0","0","--","--","--","--"," ","0.00","0.06","10","0.16","10","215.50",
="064496","盟立群益49購01","0","0","0","--","--","--","--"," ","0.00","--","0","0.10","10","70.00",
="06451P","貿聯國票49售01","0","0","0","--","--","--","--"," ","0.00","--","0","0.01","20","0.00",
="064527","瑞昱永豐49購01","0","0","0","--","--","--","--"," ","0.00","0.10","499","0.13","10","545.00",
="064528","台光電永豐49購01","0","0","0","--","--","--","--"," ","0.00","4.99","499","--","0","1,250.00",
="064530","玉晶光永豐49購01","0","0","0","--","--","--","--"," ","0.00","--","0","0.05","10","461.50",
="064531","玉晶光永豐4C購01","66,000","4","16,810","0.26","0.26","0.25","0.25"," ","0.00","0.25","499","0.26","10","461.50",
="064532","融程電永豐49購01","81,000","6","98,730","1.13","1.32","1.13","1.13","+","0.06","1.05","10","--","0","189.00",
="064534","碩天永豐49購01","0","0","0","--","--","--","--"," ","0.00","--","0","0.10","10","225.50",
="064538","永道永豐49購01","0","0","0","--","--","--","--"," ","0.00","--","0","0.03","10","154.50",
="064541","鴻海富邦4C購01","0","0","0","--","--","--","--"," ","0.00","0.79","30","0.80","10","0.00",
="064542","廣宇富邦4A購01","226,000","13","279,430","1.24","1.35","1.19","1.24","+","0.01","1.18","30","1.19","10","0.00",
="064543","台積電富邦4C購01","10,000","1","10,100","1.01","1.01","1.01","1.01","-","0.06","1.00","30","1.01","10","0.00",
="064544","聯發科富邦4C購01","0","0","0","--","--","--","--"," ","0.00","0.21","30","0.22","10","0.00",
="064545","材料富邦49購01","0","0","0","--","--","--","--"," ","0.00","0.10","10","0.11","10","0.00",
="064546","同欣電富邦49購01","0","0","0","--","--","--","--"," ","0.00","--","0","0.10","10","0.00",
="064547","迅得富邦4A購01","0","0","0","--","--","--","--"," ","0.00","0.06","10","0.09","99","0.00",
="064548","緯穎富邦4A購01","90,000","3","35,850","0.40","0.40","0.38","0.38","-","0.01","0.37","30","0.38","5","0.00",
="064549","南電富邦49購01","0","0","0","--","--","--","--"," ","0.00","4.93","30","--","0","0.00",
="06454P","台積電元富4C售04","0","0","0","--","--","--","--"," ","0.00","0.15","25","0.16","25","0.00",
="064552","台塑國票49購01","0","0","0","--","--","--","--"," ","0.00","0.70","25","0.74","10","39.10",
="064554","鴻海國票49購02","0","0","0","--","--","--","--"," ","0.00","0.01","25","0.02","10","206.00",
="064557","廣宇國票49購01","62,000","5","57,220","0.74","1.17","0.74","0.92","-","0.08","0.82","25","0.83","10","60.90",
="064558","海悅國票49購01","0","0","0","--","--","--","--"," ","0.00","--","0","--","0","84.50",
="064559","海悅國票49購02","0","0","0","--","--","--","--"," ","0.00","0.01","25","0.02","10","84.50",
="06455P","臺股指中信49售09","0","0","0","--","--","--","--"," ","0.00","0.31","499","0.32","100","0.00",
="064562","全新國票49購01","0","0","0","--","--","--","--"," ","0.00","--","0","--","0","153.50",
="064565","晟銘電國票49購01","0","0","0","--","--","--","--"," ","0.00","--","0","--","0","133.00",
="064566","奇鋐國票49購01","0","0","0","--","--","--","--"," ","0.00","5.85","25","6.35","10","1,015.00",
="06456P","臺股指中信49售10","12,000","2","580","0.05","0.05","0.04","0.04","X","0.00","0.04","499","0.05","101","0.00",
="064570","景碩國票49購01","0","0","0","--","--","--","--"," ","0.00","0.12","25","0.13","10","113.50",
="064574","中磊國票49購02","0","0","0","--","--","--","--"," ","0.00","--","0","--","0","105.50",
="064577","上銀元富4C購04","0","0","0","--","--","--","--"," ","0.00","0.03","25","0.10","10","215.50",
="06457P","臺股指中信49售11","0","0","0","--","--","--","--"," ","0.00","0.01","499","0.02","10","0.00",
="064580","景碩元富4C購01","233,000","13","284,050","1.15","1.35","1.15","1.26","+","0.01","1.15","25","1.17","25","113.50",
="064583","達發元富49購01","0","0","0","--","--","--","--"," ","0.00","0.02","25","0.10","10","556.00",
="064584","致新元富4C購01","29,000","3","35,910","1.24","1.24","1.19","1.19","-","0.04","1.18","25","1.19","25","233.00",
="064587","T50反1中信4C購02","0","0","0","--","--","--","--"," ","0.00","0.01","3,803","0.02","459","0.00",
="064589","威盛中信49購01","0","0","0","--","--","--","--"," ","0.00","--","0","--","0","0.00",
="06458P","臺股指中信49售12","0","0","0","--","--","--","--"," ","0.00","--","0","0.02","10","0.00",
="064597","臺股指中信49購07","0","0","0","--","--","--","--"," ","0.00","0.35","499","0.36","100","0.00",
="064600","臺股指中信49購08","0","0","0","--","--","--","--"," ","0.00","0.52","499","0.53","100","0.00",
="064603","台塑凱基49購03","0","0","0","--","--","--","--"," ","0.00","--","0","--","0","39.10",
="064604","士電凱基49購01","0","0","0","--","--","--","--"," ","0.00","0.05","100","0.15","10","187.50",
="064606","三陽凱基49購01","0","0","0","--","--","--","--"," ","0.00","--","0","0.10","10","64.50",
="064608","鴻海凱基5C購01","45,000","4","55,600","1.25","1.25","1.22","1.24","-","0.04","1.24","105","1.25","10","206.00",
="064611","台積電凱基49購04","0","0","0","--","--","--","--"," ","0.00","5.30","19","5.80","10","1,160.00",
="064613","佳世達凱基49購01","0","0","0","--","--","--","--"," ","0.00","--","0","0.10","10","32.35",
="064618","全新凱基4C購01","107,000","2","31,700","0.28","0.30","0.28","0.30","-","0.02","0.26","100","0.27","10","153.50",
="064620","大立光凱基49購01","0","0","0","--","--","--","--"," ","0.00","0.10","100","0.11","10","2,395.00",
="064621","嘉晶凱基49購01","0","0","0","--","--","--","--"," ","0.00","--","0","0.10","10","36.90",
="064622","欣興凱基4C購01","93,000","9","29,560","0.31","0.46","0.28","0.34","-","0.04","0.34","15","0.42","10","150.00",
="064623","新日興凱基49購01","82,000","5","158,150","1.75","2.10","1.74","2.10","+","0.33","2.21","100","2.31","10","259.00",
="064627","世芯凱基49購03","0","0","0","--","--","--","--"," ","0.00","0.25","100","0.35","10","4,000.00",
="064631","臺股指凱基4C購04","0","0","0","--","--","--","--"," ","0.00","0.26","100","0.27","10","0.00",
="064632","廣宇統一4C購01","0","0","0","--","--","--","--"," ","0.00","1.19","10","1.20","10","60.90",
="064633","廣宇統一4C購02","483,000","11","440,800","0.88","0.93","0.88","0.90","+","0.03","0.87","10","0.88","10","60.90",
="064634","廣宇統一54購01","238,000","9","207,870","0.88","0.89","0.85","0.85"," ","0.00","0.84","10","0.85","10","60.90",
="064635","威盛統一4C購03","0","0","0","--","--","--","--"," ","0.00","0.05","10","0.06","10","62.00",
="064636","晟銘電統一4C購02","169,000","4","61,810","0.37","0.37","0.31","0.31","-","0.02","0.31","10","0.32","10","133.00",
="064637","玉晶光統一4C購05","0","0","0","--","--","--","--"," ","0.00","0.35","10","0.36","10","461.50",
="064638","玉晶光統一54購01","0","0","0","--","--","--","--"," ","0.00","0.36","10","0.37","10","461.50",
="06463P","臺股指凱基49售28","0","0","0","--","--","--","--"," ","0.00","0.15","100","0.16","10","0.00",
="064640","玉晶光統一56購01","76,000","2","23,560","0.31","0.31","0.31","0.31"," ","0.00","0.31","10","0.32","10","461.50",
="064641","東哥統一4C購01","0","0","0","--","--","--","--"," ","0.00","0.36","10","0.37","10","198.00",
="064642","台積電台新49購01","0","0","0","--","--","--","--"," ","0.00","0.67","10","--","0","0.00",
="064646","緯創元富4A購01","10,000","1","5,300","0.53","0.53","0.53","0.53","-","0.04","0.54","25","0.56","25","115.00",
="06464P","臺股指凱基49售29","0","0","0","--","--","--","--"," ","0.00","0.12","100","0.13","10","0.00",
="064652","鴻海國泰4C購01","0","0","0","--","--","--","--"," ","0.00","1.64","499","1.66","499","206.00",
="064661","元債2X元大4A購02","0","0","0","--","--","--","--"," ","0.00","0.33","100","0.36","50","7.05",
="064662","元債2X元大4C購04","30,000","1","13,500","0.45","0.45","0.45","0.45","X","0.00","0.44","100","0.45","50","7.05",
="064663","元債2X元大53購02","35,000","2","26,250","0.75","0.75","0.75","0.75","+","0.01","0.75","100","0.76","50","7.05",
="064664","元債2X元大54購02","0","0","0","--","--","--","--"," ","0.00","0.64","100","0.65","50","7.05",
="064668","上銀元大4A購03","0","0","0","--","--","--","--"," ","0.00","--","0","0.10","10","215.50",
="064670","鴻海元大49購02","0","0","0","--","--","--","--"," ","0.00","--","0","0.10","10","206.00",
="064671","台積電元大49購05","0","0","0","--","--","--","--"," ","0.00","0.01","499","0.11","10","1,160.00",
="064672","台積電元大4A購06","307,000","12","126,350","0.43","0.43","0.41","0.41","-","0.05","0.41","10","0.43","100","1,160.00",
="064680","聯發科元大49購03","0","0","0","--","--","--","--"," ","0.00","0.03","499","0.13","10","1,385.00",
="064691","碩天元大49購03","0","0","0","--","--","--","--"," ","0.00","--","0","0.10","10","225.50",
="064702","愛普元大4A購02","68,000","5","50,600","0.72","0.77","0.70","0.77","+","0.01","0.77","499","0.80","10","305.50",
="064703","愛普元大4C購01","66,000","6","48,180","0.72","0.76","0.70","0.76","+","0.01","0.76","499","0.78","30","305.50",
="064706","上銀群益4A購01","0","0","0","--","--","--","--"," ","0.00","0.01","10","0.11","10","215.50",
="06470P","台灣50元大49售04","0","0","0","--","--","--","--"," ","0.00","--","0","0.10","10","0.00",
="064717","華新科群益49購01","0","0","0","--","--","--","--"," ","0.00","--","0","--","0","81.80",
="064725","玉晶光群益49購01","0","0","0","--","--","--","--"," ","0.00","--","0","--","0","461.50",
="064726","群創群益49購01","0","0","0","--","--","--","--"," ","0.00","--","0","--","0","14.15",
="064731","六方科群益49購01","0","0","0","--","--","--","--"," ","0.00","--","0","0.01","14","195.50",
="064735","創意元富4B購01","0","0","0","--","--","--","--"," ","0.00","0.01","30","--","0","1,350.00",
="064740","緯穎群益49購01","0","0","0","--","--","--","--"," ","0.00","--","0","--","0","2,975.00",
="064741","台灣50富邦49購03","0","0","0","--","--","--","--"," ","0.00","0.74","100","--","0","0.00",
="064742","台灣50富邦49購04","0","0","0","--","--","--","--"," ","0.00","--","0","0.04","98","0.00",
="064743","和碩富邦49購01","0","0","0","--","--","--","--"," ","0.00","--","0","--","0","0.00",
="064745","臺股指富邦4A購04","0","0","0","--","--","--","--"," ","0.00","--","0","0.03","100","0.00",
="064746","T50正2中信4A購03","0","0","0","--","--","--","--"," ","0.00","0.19","499","0.20","100","0.00",
="064747","美債2X中信49購01","0","0","0","--","--","--","--"," ","0.00","--","0","0.02","10","0.00",
="06474P","智邦群益4C售01","0","0","0","--","--","--","--"," ","0.00","0.02","2","0.09","49","0.00",
="064750","碩天中信49購01","0","0","0","--","--","--","--"," ","0.00","--","0","--","0","0.00",
="064751","世芯中信4A購02","0","0","0","--","--","--","--"," ","0.00","0.44","10","0.46","10","0.00",
="064752","材料中信4A購02","0","0","0","--","--","--","--"," ","0.00","--","0","0.02","10","0.00",
="064760","皇昌國票49購01","0","0","0","--","--","--","--"," ","0.00","0.01","25","0.02","10","83.50",
="064763","迅得國票49購01","0","0","0","--","--","--","--"," ","0.00","0.01","25","0.02","10","193.50",
="064767","元債2X元富61購01","0","0","0","--","--","--","--"," ","0.00","0.90","25","0.91","25","7.05",
="064768","美債2X元富49購03","0","0","0","--","--","--","--"," ","0.00","--","0","0.10","25","7.03",
="064769","美債2X元富57購01","12,000","2","9,240","0.77","0.77","0.77","0.77","+","0.01","0.77","25","0.78","25","7.03",
="064775","鴻海元富51購02","9,000","7","19,820","2.24","2.26","2.15","2.26","-","0.14","2.24","25","2.26","25","206.00",
="064777","立隆電元富4A購01","0","0","0","--","--","--","--"," ","0.00","0.28","25","0.29","25","86.60",
="064778","陽明元富51購01","0","0","0","--","--","--","--"," ","0.00","0.43","25","0.44","25","58.80",
="06477P","台灣50富邦49售05","0","0","0","--","--","--","--"," ","0.00","--","0","0.06","10","0.00",
="064781","FBNQ2X元大49購01","0","0","0","--","--","--","--"," ","0.00","0.09","499","0.19","10","144.85",
="064782","FBNQ2X元大4A購01","0","0","0","--","--","--","--"," ","0.00","0.54","499","0.55","50","144.85",
="064783","元日2X元大51購01","2,516,000","9","1,207,680","0.48","0.48","0.48","0.48","X","0.00","0.48","102","0.49","140","5.97",
="064784","元日2X元大51購02","835,000","2","551,100","0.66","0.66","0.66","0.66","+","0.03","0.66","100","0.67","100","5.97",
="064785","元金2X元大4A購01","0","0","0","--","--","--","--"," ","0.00","4.10","499","--","0","58.65",
="064791","鴻海元大4B購01","1,576,000","11","1,886,060","1.16","1.22","1.16","1.21","-","0.07","1.20","499","1.22","10","206.00",
="064793","台積電元大49購06","0","0","0","--","--","--","--"," ","0.00","--","0","0.10","10","1,160.00",
="064797","金像電元大4B購01","23,000","2","97,660","4.25","4.25","4.22","4.22","-","0.03","4.36","200","--","0","486.00",
="064799","聯發科元大4A購02","0","0","0","--","--","--","--"," ","0.00","0.02","499","0.12","10","1,385.00",
="06479P","台灣50中信49售01","0","0","0","--","--","--","--"," ","0.00","0.01","499","0.02","10","0.00",
="064806","晟銘電元大4A購01","0","0","0","--","--","--","--"," ","0.00","0.02","499","0.12","10","133.00",
="06480P","鴻海中信49售02","0","0","0","--","--","--","--"," ","0.00","--","0","0.02","10","0.00",
="064819","祥碩元大49購05","0","0","0","--","--","--","--"," ","0.00","--","0","0.10","10","1,665.00",
="06481P","台積電中信49售03","0","0","0","--","--","--","--"," ","0.00","--","0","0.02","10","0.00",
="064824","愛普元大4B購01","1,309,000","4","608,480","0.47","0.50","0.44","0.49","+","0.01","0.50","499","0.52","10","305.50",
="064826","愛普元大4B購02","3,310,000","15","255,530","0.07","0.09","0.07","0.09","+","0.01","0.08","499","0.09","10","305.50",
="064827","台塑統一51購01","312,000","12","139,920","0.46","0.46","0.44","0.44","-","0.05","0.43","10","0.44","10","39.10",
="064828","華城統一55購01","0","0","0","--","--","--","--"," ","0.00","0.78","10","0.79","10","618.00",
="064829","華新統一51購01","73,000","5","10,960","0.15","0.16","0.15","0.15"," ","0.00","0.15","10","0.16","10","23.35",
="064830","台光電統一4C購04","0","0","0","--","--","--","--"," ","0.00","3.15","10","3.25","10","1,250.00",
="064831","大立光統一49購05","0","0","0","--","--","--","--"," ","0.00","--","0","0.01","10","2,395.00",
="064832","敦泰統一51購01","55,000","3","7,650","0.14","0.14","0.13","0.13","X","0.00","0.11","10","0.12","10","69.90",
="064833","波力統一51購02","0","0","0","--","--","--","--"," ","0.00","0.09","10","0.10","10","176.00",
="064835","第一銅永豐4A購01","0","0","0","--","--","--","--"," ","0.00","0.02","10","0.03","10","34.50",
="064836","裕隆永豐4A購01","0","0","0","--","--","--","--"," ","0.00","0.03","10","0.04","10","33.45",
="064837","佳世達永豐49購01","6,000","2","2,320","0.40","0.40","0.36","0.36","+","0.20","0.24","10","0.34","10","32.35",
="064838","佳世達永豐51購01","3,108,000","229","2,868,640","0.85","1.16","0.85","0.91","+","0.14","0.90","1","0.91","19","32.35",
="064839","金像電永豐51購01","0","0","0","--","--","--","--"," ","0.00","4.83","499","4.90","10","486.00",
="06483P","長榮中信49售02","0","0","0","--","--","--","--"," ","0.00","0.19","499","0.20","30","0.00",
="064841","台光電永豐4A購01","0","0","0","--","--","--","--"," ","0.00","7.65","499","7.95","10","1,250.00",
="064842","立隆電永豐4A購01","2,000","1","1,920","0.96","0.96","0.96","0.96","X","0.00","0.93","12","0.97","10","86.60",
="064843","華建永豐4A購01","0","0","0","--","--","--","--"," ","0.00","0.01","10","0.03","10","31.30",
="064844","皇翔永豐4A購01","0","0","0","--","--","--","--"," ","0.00","--","0","0.03","10","41.00",
="064846","虹堡永豐4A購01","0","0","0","--","--","--","--"," ","0.00","0.04","10","0.05","10","77.10",
="064847","采鈺永豐4A購01","47,000","3","3,860","0.08","0.09","0.08","0.09","X","0.00","0.07","10","0.09","10","264.00",
="064848","宏全永豐4A購01","0","0","0","--","--","--","--"," ","0.00","0.11","10","0.13","10","138.00",
="064860","緯穎國泰4C購01","1,000","1","980","0.98","0.98","0.98","0.98","-","0.02","0.98","499","0.99","100","2,975.00",
="064862","元債2X群益51購02","0","0","0","--","--","--","--"," ","0.00","0.14","25","0.15","10","7.05",
="06486P","FBNQ2X元大49售02","0","0","0","--","--","--","--"," ","0.00","--","0","0.10","10","0.00",
="064880","晟銘電群益4B購01","0","0","0","--","--","--","--"," ","0.00","0.15","25","0.16","10","133.00",
="064881","智原群益49購01","0","0","0","--","--","--","--"," ","0.00","--","0","--","0","158.00",
="064890","世芯群益4B購02","401,000","4","332,860","0.86","0.86","0.83","0.83","-","0.05","0.83","20","0.93","10","4,000.00",
="064901","巨大第一49購01","0","0","0","--","--","--","--"," ","0.00","--","0","0.06","10","0.00",
="064903","元債2X凱基4B購03","0","0","0","--","--","--","--"," ","0.00","0.39","100","0.40","50","7.05",
="064904","元債2X凱基52購01","0","0","0","--","--","--","--"," ","0.00","0.45","100","0.46","50","7.05",
="064908","台積電凱基49購06","0","0","0","--","--","--","--"," ","0.00","--","0","0.10","10","1,160.00",
="064909","台積電凱基49購07","0","0","0","--","--","--","--"," ","0.00","0.12","100","0.22","10","1,160.00",
="064910","智邦凱基4C購01","0","0","0","--","--","--","--"," ","0.00","2.43","100","2.44","10","984.00",
="064937","T50反1永豐49購02","0","0","0","--","--","--","--"," ","0.00","--","0","0.10","10","19.79",
="064939","潤隆永豐4A購01","0","0","0","--","--","--","--"," ","0.00","0.07","499","0.10","10","30.10",
="064941","三陽永豐4A購01","0","0","0","--","--","--","--"," ","0.00","0.28","499","0.31","10","64.50",
="064943","台達電永豐4A購01","0","0","0","--","--","--","--"," ","0.00","6.10","1","--","0","709.00",
="064944","國巨永豐4A購01","0","0","0","--","--","--","--"," ","0.00","0.20","10","0.22","10","137.00",
="064946","聯發科永豐49購03","0","0","0","--","--","--","--"," ","0.00","--","0","0.10","10","1,385.00",
="064947","立隆電永豐4A購02","0","0","0","--","--","--","--"," ","0.00","0.65","10","0.66","10","86.60",
="064948","一詮永豐51購01","0","0","0","--","--","--","--"," ","0.00","0.14","10","0.15","10","80.20",
="064949","愛山林永豐4C購01","0","0","0","--","--","--","--"," ","0.00","0.13","10","0.14","10","78.00",
="064953","長榮永豐4B購01","0","0","0","--","--","--","--"," ","0.00","0.02","10","0.12","10","188.00",
="064955","緯創永豐4A購01","0","0","0","--","--","--","--"," ","0.00","0.47","10","0.51","10","115.00",
="064956","世芯永豐51購01","0","0","0","--","--","--","--"," ","0.00","0.92","499","0.95","10","4,000.00",
="064959","凌華永豐4A購01","0","0","0","--","--","--","--"," ","0.00","0.22","10","0.23","10","65.40",
="06495P","台灣50凱基49售04","0","0","0","--","--","--","--"," ","0.00","--","0","--","0","0.00",
="064960","帆宣永豐4B購01","0","0","0","--","--","--","--"," ","0.00","6.45","499","--","0","264.00",
="064961","洋基永豐4A購01","68,000","2","30,220","0.47","0.47","0.44","0.44","-","0.19","0.40","10","0.41","10","476.00",
="06496P","台灣50凱基49售05","0","0","0","--","--","--","--"," ","0.00","--","0","--","0","0.00",
="064974","緯穎國泰4C購02","62,000","3","45,880","0.75","0.75","0.73","0.73","-","0.02","0.72","549","0.73","100","2,975.00",
="064975","台灣50富邦49購06","0","0","0","--","--","--","--"," ","0.00","0.44","100","0.45","98","0.00",
="064976","滬深2X富邦4A購03","728,000","11","180,620","0.24","0.29","0.24","0.24","-","0.18","0.23","100","0.24","98","0.00",
="064978","智原富邦49購01","0","0","0","--","--","--","--"," ","0.00","--","0","0.03","10","0.00",
="064979","智原富邦4B購01","0","0","0","--","--","--","--"," ","0.00","0.01","100","0.03","10","0.00",
="06497P","台積電凱基49售05","0","0","0","--","--","--","--"," ","0.00","--","0","0.01","400","0.00",
="064982","劍麟元富51購01","278,000","30","609,830","2.39","2.43","1.86","1.90","-","0.75","1.80","30","1.90","10","113.50",
="064983","楠梓電元富4A購01","0","0","0","--","--","--","--"," ","0.00","10.10","25","--","0","109.50",
="064984","楠梓電元富4A購02","0","0","0","--","--","--","--"," ","0.00","11.60","25","--","0","109.50",
="064985","佳世達元富4A購01","1,154,000","50","371,990","0.27","0.38","0.27","0.29","+","0.05","0.29","15","0.30","25","32.35",
="064986","仲琦元富49購02","0","0","0","--","--","--","--"," ","0.00","--","0","0.10","25","23.80",
="064987","長榮元富61購01","88,000","6","98,720","1.12","1.14","1.09","1.09","+","0.01","1.07","25","1.08","25","188.00",
="064989","昇貿元富4A購01","2,000","2","21,800","10.90","10.90","10.90","10.90","+","3.10","10.90","25","--","0","129.00",
="064991","宏致元富4A購02","0","0","0","--","--","--","--"," ","0.00","2.94","25","3.01","25","73.90",
="064993","時碩元富4A購01","69,000","1","690","0.01","0.01","0.01","0.01","X","0.00","--","0","0.09","10","64.20",
="064994","億豐元富51購01","7,000","1","26,810","3.83","3.83","3.83","3.83","-","0.01","3.72","25","3.74","25","450.00",
="064996","世紀鋼元富51購01","85,000","5","186,850","2.23","2.23","2.16","2.16","-","0.14","2.08","25","2.18","10","188.00",
="064997","中華兆豐49購01","0","0","0","--","--","--","--"," ","0.00","--","0","0.01","10","58.50",
="064998","威盛兆豐51購01","211,000","13","19,470","0.10","0.10","0.09","0.09","-","0.02","0.09","237","0.11","5","62.00",
="064999","一詮兆豐49購01","0","0","0","--","--","--","--"," ","0.00","--","0","0.01","10","80.20",
="065000","士電國票49購01","0","0","0","--","--","--","--"," ","0.00","0.01","25","0.02","10","187.50",
="065001","士電國票4B購01","0","0","0","--","--","--","--"," ","0.00","0.13","25","0.14","10","187.50",
="065004","廣宇國票49購02","0","0","0","--","--","--","--"," ","0.00","4.91","25","--","0","60.90",
="065008","玉晶光國票49購01","0","0","0","--","--","--","--"," ","0.00","0.01","25","0.02","10","461.50",
="065009","玉晶光國票49購02","0","0","0","--","--","--","--"," ","0.00","0.01","25","0.02","10","461.50",
="06500P","FBNQ2X元富51售01","100,000","1","106,000","1.06","1.06","1.06","1.06","X","0.00","1.05","25","1.06","25","0.00",
="065018","瀚宇博國票49購01","0","0","0","--","--","--","--"," ","0.00","4.55","25","4.65","10","81.70",
="065019","瀚宇博國票4B購01","1,000","1","4,150","4.15","4.15","4.15","4.15","+","0.51","3.74","25","3.80","10","81.70",
="065023","上証2X元大4A購01","101,000","2","68,750","0.75","0.75","0.68","0.68","X","0.00","0.66","100","0.67","100","45.30",
="065025","滬深2X元大4A購01","0","0","0","--","--","--","--"," ","0.00","0.45","250","0.46","250","18.32",
="065026","台塑元大49購03","0","0","0","--","--","--","--"," ","0.00","0.82","499","0.92","10","39.10",
="065032","鴻海元大49購03","0","0","0","--","--","--","--"," ","0.00","--","0","0.10","10","206.00",
="065040","金像電元大4C購01","0","0","0","--","--","--","--"," ","0.00","4.73","150","--","0","486.00",
="06505P","上証2X元大49售03","0","0","0","--","--","--","--"," ","0.00","0.11","100","0.21","10","0.00",
="065063","啟碁元大49購01","0","0","0","--","--","--","--"," ","0.00","--","0","0.10","11","127.00",
="065065","啟碁元大51購01","0","0","0","--","--","--","--"," ","0.00","0.28","499","0.29","10","127.00",
="065073","華城統一51購01","10,000","1","4,900","0.49","0.49","0.49","0.49","-","0.01","0.48","10","0.49","10","618.00",
="065074","漢翔統一51購01","1,080,000","50","1,046,310","0.75","1.13","0.75","1.13","+","0.38","1.12","4","--","0","60.00",
="065075","晶心科統一57購01","0","0","0","--","--","--","--"," ","0.00","0.20","10","0.21","10","283.00",
="065076","東哥統一55購01","0","0","0","--","--","--","--"," ","0.00","0.53","10","0.54","10","198.00",
="065088","世紀鋼統一51購01","23,000","1","14,030","0.61","0.61","0.61","0.61"," ","0.00","0.58","10","0.59","10","188.00",
="065104","高股息中信4A購01","0","0","0","--","--","--","--"," ","0.00","0.17","30","0.18","30","0.00",
="065108","道瓊2X中信49購01","0","0","0","--","--","--","--"," ","0.00","--","0","0.02","10","0.00",
="065111","台積電中信4C購03","0","0","0","--","--","--","--"," ","0.00","0.16","100","0.17","100","0.00",
="065112","聯強中信49購01","0","0","0","--","--","--","--"," ","0.00","0.07","499","--","0","0.00",
="065113","台光電中信49購01","1,000","1","7,900","7.90","7.90","7.90","7.90","-","0.85","8.30","499","--","0","0.00",
="065114","長榮中信4A購02","0","0","0","--","--","--","--"," ","0.00","0.02","499","0.03","10","0.00",
="065117","世芯中信49購01","0","0","0","--","--","--","--"," ","0.00","0.05","499","0.06","10","0.00",
="065120","元債2X群益51購03","0","0","0","--","--","--","--"," ","0.00","0.33","25","0.34","10","7.05",
="065121","美債2X群益51購01","0","0","0","--","--","--","--"," ","0.00","0.32","10","0.42","10","7.03",
="065122","台達化群益4A購01","0","0","0","--","--","--","--"," ","0.00","0.03","25","0.04","10","11.75",
="065123","國喬群益49購01","0","0","0","--","--","--","--"," ","0.00","--","0","--","0","9.92",
="065125","力鵬群益49購01","0","0","0","--","--","--","--"," ","0.00","--","0","0.10","10","5.75",
="065129","中纖群益49購01","0","0","0","--","--","--","--"," ","0.00","--","0","--","0","6.66",
="06512P","愛山林群益49售03","0","0","0","--","--","--","--"," ","0.00","0.07","25","0.08","10","0.00",
="065136","智邦群益49購02","0","0","0","--","--","--","--"," ","0.00","--","0","--","0","984.00",
="06513P","台灣50凱基49售06","0","0","0","--","--","--","--"," ","0.00","--","0","--","0","0.00",
="065145","華新科群益4A購01","0","0","0","--","--","--","--"," ","0.00","--","0","0.12","10","81.80",
="065146","京城群益49購01","0","0","0","--","--","--","--"," ","0.00","--","0","0.10","10","42.00",
="065148","愛山林群益49購02","0","0","0","--","--","--","--"," ","0.00","--","0","--","0","78.00",
="065163","彩晶群益4B購01","868,000","6","134,690","0.15","0.17","0.15","0.17","+","0.02","0.16","10","0.26","10","7.68",
="065164","凌華群益49購01","0","0","0","--","--","--","--"," ","0.00","--","0","--","0","65.40",
="065169","潤泰新群益4B購01","0","0","0","--","--","--","--"," ","0.00","0.01","24","0.25","2","29.60",
="065171","FBNQ2X凱基49購02","0","0","0","--","--","--","--"," ","0.00","0.31","100","0.41","10","144.85",
="065172","美指2X凱基49購01","0","0","0","--","--","--","--"," ","0.00","--","0","0.10","10","20.48",
="065173","美債2X凱基57購01","0","0","0","--","--","--","--"," ","0.00","0.43","100","0.44","10","7.03",
="065174","SP黃豆凱基49購01","0","0","0","--","--","--","--"," ","0.00","--","0","0.01","65","20.50",
="065175","元日2X凱基51購01","0","0","0","--","--","--","--"," ","0.00","0.57","100","0.67","10","5.97",
="065177","華榮凱基49購01","1,000","1","810","0.81","0.81","0.81","0.81","-","0.24","0.57","100","0.67","10","29.85",
="065179","川湖凱基4B購02","0","0","0","--","--","--","--"," ","0.00","6.55","100","7.05","10","2,925.00",
="06517P","貿聯凱基49售01","0","0","0","--","--","--","--"," ","0.00","--","0","0.01","1,996","0.00",
="065182","金寶凱基4A購01","0","0","0","--","--","--","--"," ","0.00","0.02","100","0.12","10","19.05",
="065184","鴻海凱基4B購04","0","0","0","--","--","--","--"," ","0.00","0.71","100","0.72","10","206.00",
="065186","智邦凱基49購02","0","0","0","--","--","--","--"," ","0.00","2.32","100","--","0","984.00",
="065193","愛山林凱基49購01","0","0","0","--","--","--","--"," ","0.00","--","0","--","0","78.00",
="065196","玉晶光凱基49購01","0","0","0","--","--","--","--"," ","0.00","--","0","0.10","10","461.50",
="065199","世芯凱基4C購03","0","0","0","--","--","--","--"," ","0.00","1.53","100","1.55","10","4,000.00",
="06519P","上証2X凱基49售03","0","0","0","--","--","--","--"," ","0.00","--","0","0.10","10","0.00",
="065200","瀚宇博凱基49購01","87,000","1","448,050","5.15","5.15","5.15","5.15","X","0.00","5.10","100","--","0","81.70",
="065201","瑞祺凱基49購01","0","0","0","--","--","--","--"," ","0.00","--","0","0.10","10","87.50",
="065203","長華凱基49購01","0","0","0","--","--","--","--"," ","0.00","--","0","0.10","10","39.60",
="065204","東哥凱基49購01","0","0","0","--","--","--","--"," ","0.00","--","0","0.10","10","198.00",
="065205","華邦電第一49購01","0","0","0","--","--","--","--"," ","0.00","2.32","10","2.42","10","0.00",
="065209","精成科富邦49購01","300,000","3","2,655,000","8.80","8.95","8.80","8.95","X","0.00","9.10","12","--","0","0.00",
="065215","晟銘電兆豐49購01","0","0","0","--","--","--","--"," ","0.00","0.02","10","0.03","10","133.00",
="065220","上証2X凱基49購02","0","0","0","--","--","--","--"," ","0.00","0.59","100","0.69","10","45.30",
="065221","滬深2X凱基4B購02","362,000","15","200,290","0.53","0.61","0.50","0.50","-","0.29","0.49","10","0.50","30","18.32",
="065222","美指2X凱基49購02","0","0","0","--","--","--","--"," ","0.00","--","0","0.10","10","20.48",
="065223","道瓊銅凱基51購01","0","0","0","--","--","--","--"," ","0.00","0.53","100","0.63","10","24.91",
="065224","中纖凱基49購01","0","0","0","--","--","--","--"," ","0.00","--","0","0.10","10","6.66",
="065225","新光鋼凱基49購01","0","0","0","--","--","--","--"," ","0.00","0.05","10","0.15","10","44.65",
="065229","精英凱基49購01","0","0","0","--","--","--","--"," ","0.00","--","0","0.10","110","19.95",
="065232","漢唐凱基49購01","6,000","1","132,000","22.00","22.00","22.00","22.00","-","0.70","22.00","10","22.80","2","1,190.00",
="065233","一詮凱基4B購01","0","0","0","--","--","--","--"," ","0.00","0.02","100","0.12","10","80.20",
="065234","華新科凱基4A購01","0","0","0","--","--","--","--"," ","0.00","0.06","10","0.07","10","81.80",
="065235","京城凱基49購01","0","0","0","--","--","--","--"," ","0.00","--","0","0.10","10","42.00",
="065236","王道銀凱基49購01","0","0","0","--","--","--","--"," ","0.00","--","0","0.10","10","9.00",
="065237","晟銘電凱基49購01","0","0","0","--","--","--","--"," ","0.00","0.01","100","0.11","10","133.00",
="065238","日電貿凱基4A購01","0","0","0","--","--","--","--"," ","0.00","0.58","100","0.59","10","70.50",
="065239","世芯凱基4A購03","38,000","4","32,760","0.90","0.90","0.82","0.82","-","0.03","0.75","100","0.76","10","4,000.00",
="065240","炎洲凱基49購01","0","0","0","--","--","--","--"," ","0.00","--","0","0.10","10","15.85",
="065242","材料凱基49購02","0","0","0","--","--","--","--"," ","0.00","--","0","0.10","10","67.70",
="065245","泰金寶凱基49購01","0","0","0","--","--","--","--"," ","0.00","--","0","0.10","10","6.01",
="065246","潤泰新凱基4B購01","0","0","0","--","--","--","--"," ","0.00","--","0","0.10","10","29.60",
="065249","裕隆元富4A購01","0","0","0","--","--","--","--"," ","0.00","--","0","0.09","9","33.45",
="065250","裕隆元富51購01","0","0","0","--","--","--","--"," ","0.00","0.06","25","0.10","10","33.45",
="065252","京元電元富51購01","0","0","0","--","--","--","--"," ","0.00","2.57","25","--","0","142.00",
="065254","華航元富51購01","10,000","1","2,200","0.22","0.22","0.22","0.22","-","0.01","0.21","25","0.22","25","21.25",
="065256","亞航元富51購01","31,000","4","108,200","3.37","3.58","3.37","3.40","+","0.71","2.10","10","3.43","1","62.70",
="065258","奇鋐元富4A購05","0","0","0","--","--","--","--"," ","0.00","6.35","25","6.60","25","1,015.00",
="065259","奇鋐元富4A購06","0","0","0","--","--","--","--"," ","0.00","4.87","25","4.97","25","1,015.00",
="065260","十銓元富51購02","39,000","4","26,420","0.67","0.68","0.67","0.68"," ","0.00","0.67","25","0.68","25","74.00",
="065261","矽力元富51購01","0","0","0","--","--","--","--"," ","0.00","0.21","25","0.22","25","317.00",
="065262","瑞祺元富54購01","5,000","1","3,000","0.60","0.60","0.60","0.60"," ","0.00","0.59","25","0.60","25","87.50",
="065263","元晶元富54購01","45,000","2","25,650","0.57","0.57","0.57","0.57","X","0.00","0.56","25","0.57","25","15.90",
="065266","長華元富51購01","0","0","0","--","--","--","--"," ","0.00","1.37","25","1.38","25","39.60",
="065267","東哥元富55購01","81,000","2","96,390","1.19","1.19","1.19","1.19","X","0.00","1.19","24","1.22","25","198.00",
="065268","元債2X永豐54購01","0","0","0","--","--","--","--"," ","0.00","0.43","60","0.44","10","7.05",
="065273","威盛永豐4A購01","0","0","0","--","--","--","--"," ","0.00","0.04","499","0.06","10","62.00",
="065274","偉詮電永豐4A購01","0","0","0","--","--","--","--"," ","0.00","0.02","10","0.05","10","49.95",
="065275","華新科永豐4A購01","10,000","1","100","0.01","0.01","0.01","0.01","X","0.00","0.01","10","0.03","10","81.80",
="065276","華新科永豐51購01","30,000","3","10,300","0.35","0.35","0.34","0.34"," ","0.00","0.33","10","0.35","210","81.80",
="065279","玉晶光永豐4A購01","0","0","0","--","--","--","--"," ","0.00","0.10","499","0.11","10","461.50",
="065280","碩天永豐4A購01","0","0","0","--","--","--","--"," ","0.00","--","0","0.03","10","225.50",
="065281","炎洲永豐4A購01","0","0","0","--","--","--","--"," ","0.00","0.06","499","0.07","10","15.85",
="065282","東科永豐4A購01","0","0","0","--","--","--","--"," ","0.00","0.02","10","0.08","10","112.00",
="065283","彩晶永豐4A購01","125,000","1","10,000","0.08","0.08","0.08","0.08","+","0.01","0.07","10","0.11","100","7.68",
="065285","穎崴永豐49購01","0","0","0","--","--","--","--"," ","0.00","0.17","10","--","0","1,250.00",
="065286","鼎基永豐4A購01","0","0","0","--","--","--","--"," ","0.00","--","0","0.18","39","111.50",
="065287","潤泰新永豐4A購01","0","0","0","--","--","--","--"," ","0.00","--","0","0.03","19","29.60",
="065288","台塑統一4B購01","0","0","0","--","--","--","--"," ","0.00","0.65","10","0.66","10","39.10",
="065289","台塑統一51購02","30,000","1","18,000","0.60","0.60","0.60","0.60","X","0.00","0.58","10","0.60","20","39.10",
="06528P","緯穎國泰49售01","0","0","0","--","--","--","--"," ","0.00","--","0","0.03","4","0.00",
="065290","士電統一55購01","250,000","6","97,500","0.40","0.40","0.37","0.38","+","0.03","0.37","10","0.38","10","187.50",
="065291","華城統一51購02","978,000","30","703,520","0.74","0.74","0.70","0.70","-","0.02","0.68","16","0.69","10","618.00",
="065292","川湖統一4C購01","0","0","0","--","--","--","--"," ","0.00","2.58","10","2.68","10","2,925.00",
="065293","川湖統一54購02","0","0","0","--","--","--","--"," ","0.00","2.42","10","2.52","10","2,925.00",
="065294","聯電統一4C購02","85,000","2","38,950","0.45","0.46","0.45","0.46","-","0.03","0.44","66","0.45","66","40.60",
="065295","聯電統一51購01","0","0","0","--","--","--","--"," ","0.00","0.35","10","0.36","10","40.60",
="065296","台達電統一4C購01","2,000","1","5,840","2.92","2.92","2.92","2.92","-","0.10","2.92","10","2.93","10","709.00",
="065297","鴻海統一51購04","0","0","0","--","--","--","--"," ","0.00","0.90","10","0.91","10","206.00",
="065298","鴻海統一53購10","0","0","0","--","--","--","--"," ","0.00","0.77","168","0.78","168","206.00",
="065299","鴻海統一57購04","0","0","0","--","--","--","--"," ","0.00","0.84","10","0.85","10","206.00",
="065300","國巨統一51購02","56,000","3","35,840","0.64","0.64","0.64","0.64","X","0.00","0.61","10","0.62","10","137.00",
="065301","鴻準統一51購03","331,000","9","77,880","0.24","0.24","0.23","0.24","+","0.01","0.23","10","0.24","30","71.70",
="065302","英業達統一51購01","0","0","0","--","--","--","--"," ","0.00","0.09","10","0.10","10","41.35",
="065303","燿華統一4B購02","2,293,000","32","391,550","0.17","0.19","0.16","0.18","+","0.01","0.17","30","0.18","9","31.45",
="065304","金像電統一51購01","0","0","0","--","--","--","--"," ","0.00","3.28","10","3.30","10","486.00",
="065305","技嘉統一51購01","0","0","0","--","--","--","--"," ","0.00","0.56","10","0.57","10","281.00",
="065306","漢唐統一51購01","0","0","0","--","--","--","--"," ","0.00","3.73","10","3.74","10","1,190.00",
="065307","京元電統一51購01","1,246,000","34","1,234,600","0.94","1.02","0.94","0.97","+","0.05","0.96","10","0.97","10","142.00",
="065308","全新統一51購01","0","0","0","--","--","--","--"," ","0.00","0.26","10","0.27","10","153.50",
="065309","華新科統一55購01","2,000","1","760","0.38","0.38","0.38","0.38","X","0.00","0.37","10","0.38","8","81.80",
="065310","怡利電統一55購01","211,000","9","90,070","0.41","0.45","0.41","0.43","+","0.02","0.44","10","0.45","20","53.20",
="065311","國建統一51購01","54,000","2","16,660","0.31","0.31","0.30","0.30","X","0.00","0.30","10","0.31","10","21.25",
="065312","凱基金統一51購01","80,000","3","17,700","0.22","0.23","0.21","0.21","-","0.02","0.21","46","--","0","15.55",
="065313","玉山金統一51購01","42,000","5","57,880","1.37","1.39","1.37","1.39","+","0.03","1.36","10","1.37","10","33.60",
="065314","元大金統一51購01","3,000","1","1,320","0.44","0.44","0.44","0.44","X","0.00","0.43","10","0.44","10","32.65",
="065315","智原統一51購01","0","0","0","--","--","--","--"," ","0.00","0.05","10","0.06","10","158.00",
="065316","緯創統一51購01","791,000","20","389,620","0.48","0.50","0.48","0.49","-","0.01","0.49","10","0.50","20","115.00",
="065320","新日興統一51購02","716,000","16","540,060","0.62","0.84","0.62","0.84","+","0.22","0.77","10","0.78","10","259.00",
="065321","玉晶光統一51購01","0","0","0","--","--","--","--"," ","0.00","0.21","10","0.22","10","461.50",
="065322","玉晶光統一51購02","0","0","0","--","--","--","--"," ","0.00","0.28","10","0.29","10","461.50",
="065323","融程電統一55購01","337,000","18","311,650","0.93","0.99","0.89","0.92","-","0.01","0.88","10","0.90","10","189.00",
="065324","嘉澤統一51購01","0","0","0","--","--","--","--"," ","0.00","0.14","10","0.15","10","1,465.00",
="065325","碩天統一51購01","0","0","0","--","--","--","--"," ","0.00","0.02","10","0.03","10","225.50",
="065326","世芯統一49購03","0","0","0","--","--","--","--"," ","0.00","0.52","10","0.53","10","4,000.00",
="065327","世芯統一51購01","2,000","1","1,940","0.97","0.97","0.97","0.97","-","0.03","0.96","10","0.97","10","4,000.00",
="065328","貿聯統一51購01","0","0","0","--","--","--","--"," ","0.00","1.72","10","1.73","10","981.00",
="065329","神達統一4C購06","27,000","3","31,960","1.18","1.20","1.18","1.20","+","0.19","1.17","10","1.20","10","95.90",
="06532P","南亞科元大49售01","0","0","0","--","--","--","--"," ","0.00","--","0","0.10","77","0.00",
="065330","台耀統一55購01","108,000","6","67,140","0.62","0.63","0.61","0.63","+","0.01","0.62","10","0.63","10","68.40",
="065331","台耀統一55購02","0","0","0","--","--","--","--"," ","0.00","0.61","10","0.62","10","68.40",
="065332","虹堡統一55購01","0","0","0","--","--","--","--"," ","0.00","0.37","10","0.38","10","77.10",
="065333","帆宣統一55購01","30,000","2","44,100","1.46","1.49","1.46","1.49","+","0.03","1.48","10","1.49","10","264.00",
="065334","帆宣統一55購02","5,000","1","6,350","1.27","1.27","1.27","1.27","+","0.03","1.26","10","1.28","10","264.00",
="065335","保瑞統一51購02","0","0","0","--","--","--","--"," ","0.00","0.49","10","0.50","10","733.00",
="065336","晶心科統一51購01","0","0","0","--","--","--","--"," ","0.00","0.06","10","0.07","10","283.00",
="065337","緯穎統一51購02","65,000","2","34,450","0.53","0.53","0.53","0.53","+","0.01","0.51","10","0.52","10","2,975.00",
="065338","采鈺統一55購01","0","0","0","--","--","--","--"," ","0.00","0.31","10","0.32","10","264.00",
="065339","南電統一55購01","490,000","12","616,140","1.23","1.35","1.23","1.35","+","0.20","1.38","10","--","0","226.00",
="065340","東哥統一55購02","88,000","1","56,320","0.64","0.64","0.64","0.64","X","0.00","0.63","10","0.64","10","198.00",
="065347","元日2X群益4C購01","0","0","0","--","--","--","--"," ","0.00","0.93","25","0.94","10","5.97",
="065349","新纖群益49購01","50,000","1","500","0.01","0.01","0.01","0.01","-","0.01","0.01","1","0.02","25","15.25",
="065352","裕隆群益49購01","0","0","0","--","--","--","--"," ","0.00","--","0","--","0","33.45",
="065353","裕隆群益49購02","0","0","0","--","--","--","--"," ","0.00","--","0","--","0","33.45",
="065354","三陽群益49購01","0","0","0","--","--","--","--"," ","0.00","--","0","--","0","64.50",
="065360","佳世達群益4B購01","298,000","45","152,500","0.45","0.61","0.45","0.47","+","0.05","0.47","10","0.50","11","32.35",
="065373","晶睿群益49購01","0","0","0","--","--","--","--"," ","0.00","--","0","--","0","99.50",
="065382","訊連群益4B購01","0","0","0","--","--","--","--"," ","0.00","0.22","10","0.32","10","97.70",
="065384","瑞祺群益49購01","0","0","0","--","--","--","--"," ","0.00","--","0","--","0","87.50",
="06538P","臺股指元大4B售06","0","0","0","--","--","--","--"," ","0.00","0.17","100","0.27","10","0.00",
="065391","南電群益49購01","0","0","0","--","--","--","--"," ","0.00","3.18","6","--","0","226.00",
="06539P","臺股指元大4C售07","0","0","0","--","--","--","--"," ","0.00","0.26","100","0.36","10","0.00",
="065402","台灣50元大4B購01","0","0","0","--","--","--","--"," ","0.00","0.96","10","1.05","10","52.50",
="065403","T50反1元大49購06","0","0","0","--","--","--","--"," ","0.00","--","0","0.10","10","19.79",
="065404","T50反1元大4C購02","0","0","0","--","--","--","--"," ","0.00","0.07","100","0.17","10","19.79",
="065405","A50正2元大49購01","0","0","0","--","--","--","--"," ","0.00","1.09","100","1.19","10","31.56",
="065407","國企2X元大49購01","0","0","0","--","--","--","--"," ","0.00","0.86","499","0.87","50","10.70",
="065408","國企2X元大49購02","0","0","0","--","--","--","--"," ","0.00","1.70","499","1.80","10","10.70",
="065411","SGBR2X元大49購01","0","0","0","--","--","--","--"," ","0.00","--","0","0.05","50","11.25",
="065412","台塑元大4B購01","0","0","0","--","--","--","--"," ","0.00","1.58","400","1.59","10","39.10",
="065413","台塑元大4C購02","3,000","1","5,040","1.68","1.68","1.68","1.68","-","0.14","1.62","400","1.63","10","39.10",
="065414","台塑元大51購01","0","0","0","--","--","--","--"," ","0.00","1.16","499","1.17","10","39.10",
="065415","和大元大4A購01","0","0","0","--","--","--","--"," ","0.00","0.41","125","--","0","72.90",
="06541P","迅得國票49售02","0","0","0","--","--","--","--"," ","0.00","0.12","25","0.13","10","0.00",
="065424","金像電元大4C購02","0","0","0","--","--","--","--"," ","0.00","6.50","100","--","0","486.00",
="06542P","台灣50兆豐49售02","0","0","0","--","--","--","--"," ","0.00","0.06","10","0.07","10","0.00",
="06543P","所羅門永豐49售01","0","0","0","--","--","--","--"," ","0.00","0.02","499","0.12","10","0.00",
="065447","啟碁元大51購02","168,000","16","82,420","0.50","0.51","0.48","0.48","-","0.04","0.47","499","0.48","9","127.00",
="065454","臺股指元大4A購10","0","0","0","--","--","--","--"," ","0.00","0.27","100","0.37","10","0.00",
="065455","臺股指元大4C購06","0","0","0","--","--","--","--"," ","0.00","0.24","499","0.34","10","0.00",
="065458","寶齡國票49購01","0","0","0","--","--","--","--"," ","0.00","--","0","--","0","71.10",
="065459","潤隆國票49購01","0","0","0","--","--","--","--"," ","0.00","0.01","25","0.02","10","30.10",
="06545P","大立光富邦49售01","0","0","0","--","--","--","--"," ","0.00","0.32","10","0.33","10","0.00",
="065460","三陽國票4A購01","0","0","0","--","--","--","--"," ","0.00","0.01","25","0.02","10","64.50",
="065461","鴻海國票49購03","0","0","0","--","--","--","--"," ","0.00","0.78","25","0.86","10","206.00",
="065462","台亞國票4A購01","0","0","0","--","--","--","--"," ","0.00","--","0","--","0","22.85",
="065466","華新科國票51購01","0","0","0","--","--","--","--"," ","0.00","0.31","39","0.32","10","81.80",
="065468","愛山林國票4A購01","0","0","0","--","--","--","--"," ","0.00","0.02","25","0.03","10","78.00",
="065469","潤弘國票4B購01","0","0","0","--","--","--","--"," ","0.00","0.85","25","0.87","10","152.00",
="065470","長榮國票4A購01","0","0","0","--","--","--","--"," ","0.00","0.17","25","0.18","10","188.00",
="065477","訊連國票49購01","0","0","0","--","--","--","--"," ","0.00","--","0","--","0","97.70",
="065479","彩晶國票49購01","0","0","0","--","--","--","--"," ","0.00","0.01","25","0.02","10","7.68",
="065481","精成科國票4A購01","0","0","0","--","--","--","--"," ","0.00","14.70","27","--","0","131.00",
="065482","帆宣國票4B購01","0","0","0","--","--","--","--"," ","0.00","5.45","25","5.70","10","264.00",
="065484","南電國票49購01","2,000","1","9,040","4.52","4.52","4.52","4.52","X","0.00","4.66","1","--","0","226.00",
="065485","東哥國票49購01","100,000","2","41,500","0.42","0.42","0.41","0.41","-","0.10","0.40","25","0.42","10","198.00",
="065486","東哥國票4B購01","90,000","3","41,500","0.45","0.47","0.45","0.45","-","0.06","0.44","25","0.46","10","198.00",
="065487","東哥國票51購01","0","0","0","--","--","--","--"," ","0.00","0.88","25","0.89","10","198.00",
="065491","台灣50兆豐49購01","0","0","0","--","--","--","--"," ","0.00","0.95","20","0.96","10","52.50",
="065499","長榮鋼永豐4A購01","0","0","0","--","--","--","--"," ","0.00","0.17","499","0.19","10","90.30",
="065501","聯發科永豐4C購01","13,000","2","8,840","0.68","0.68","0.68","0.68","X","0.00","0.64","10","0.65","10","1,385.00",
="065502","中工永豐49購01","0","0","0","--","--","--","--"," ","0.00","0.13","499","0.18","10","11.25",
="065503","陽明永豐51購01","0","0","0","--","--","--","--"," ","0.00","0.29","10","0.30","10","58.80",
="065504","長榮航永豐4B購01","120,000","1","33,600","0.28","0.28","0.28","0.28","X","0.00","0.27","10","0.28","10","39.05",
="065505","美食永豐49購01","0","0","0","--","--","--","--"," ","0.00","0.05","499","0.09","10","80.80",
="065506","信邦永豐49購01","0","0","0","--","--","--","--"," ","0.00","0.01","10","0.11","10","234.00",
="065509","訊芯永豐51購01","151,000","3","43,800","0.30","0.30","0.29","0.29","-","0.06","0.28","10","0.29","10","165.00",
="06550P","台積電元富51售03","0","0","0","--","--","--","--"," ","0.00","0.51","25","0.52","25","0.00",
="065514","鈺齊永豐49購01","0","0","0","--","--","--","--"," ","0.00","0.05","499","0.15","10","106.50",
="065515","長榮鋼統一51購01","23,000","1","7,360","0.32","0.32","0.32","0.32","X","0.00","0.32","10","0.33","10","90.30",
="065516","長榮鋼統一51購02","12,000","2","4,320","0.36","0.36","0.36","0.36"," ","0.00","0.35","22","0.36","10","90.30",
="065517","光寶科統一51購01","0","0","0","--","--","--","--"," ","0.00","0.95","10","0.96","10","130.00",
="065518","台光電統一51購01","0","0","0","--","--","--","--"," ","0.00","2.41","10","2.42","10","1,250.00",
="065519","漢唐統一51購02","0","0","0","--","--","--","--"," ","0.00","5.30","10","5.80","10","1,190.00",
="065520","京元電統一4C購03","726,000","33","692,680","0.91","1.02","0.90","1.00","+","0.08","0.95","10","0.96","10","142.00",
="065521","陽明統一53購01","0","0","0","--","--","--","--"," ","0.00","0.24","10","0.25","10","58.80",
="065522","華航統一51購01","600,000","4","18,000","0.03","0.03","0.03","0.03"," ","0.00","0.02","280","0.03","10","21.25",
="065523","長榮航統一51購01","0","0","0","--","--","--","--"," ","0.00","0.20","10","0.21","10","39.05",
="065524","雄獅統一51購01","382,000","14","292,800","0.75","0.78","0.75","0.78","+","0.08","0.76","10","0.77","10","159.00",
="065525","欣興統一51購01","3,449,000","74","1,086,590","0.35","0.35","0.29","0.31","-","0.03","0.31","69","0.32","10","150.00",
="065526","建漢統一51購01","73,000","1","17,520","0.24","0.24","0.24","0.24","X","0.00","0.23","10","0.24","10","26.35",
="065527","精成科統一55購01","23,000","2","59,800","2.60","2.60","2.60","2.60","+","0.41","2.60","10","--","0","131.00",
="065528","樺漢統一51購01","352,000","9","171,390","0.49","0.50","0.48","0.50","+","0.06","0.47","10","0.48","10","326.00",
="065529","矽力統一51購02","670,000","5","66,500","0.11","0.11","0.09","0.09","-","0.02","0.09","10","0.10","10","317.00",
="06552P","所羅門國票49售01","0","0","0","--","--","--","--"," ","0.00","--","0","--","0","0.00",
="065530","泓德統一51購01","0","0","0","--","--","--","--"," ","0.00","0.11","10","0.12","10","160.00",
="065531","南電統一51購01","15,000","3","28,340","1.79","2.10","1.79","2.04","+","0.45","2.04","10","--","0","226.00",
="065532","鈺齊統一51購01","0","0","0","--","--","--","--"," ","0.00","0.18","10","0.19","10","106.50",
="065533","世紀鋼統一4C購03","0","0","0","--","--","--","--"," ","0.00","--","0","--","0","188.00",
="065534","群光富邦49購01","0","0","0","--","--","--","--"," ","0.00","--","0","--","0","0.00",
="065535","漢唐富邦49購01","0","0","0","--","--","--","--"," ","0.00","8.65","10","--","0","0.00",
="065537","裕民富邦49購01","0","0","0","--","--","--","--"," ","0.00","0.10","10","--","0","0.00",
="065538","玉晶光富邦49購01","0","0","0","--","--","--","--"," ","0.00","0.03","10","--","0","0.00",
="065539","玉晶光富邦4A購01","64,000","1","28,160","0.44","0.44","0.44","0.44","-","0.02","0.43","10","0.44","10","0.00",
="065541","迅得富邦4A購02","0","0","0","--","--","--","--"," ","0.00","0.01","100","0.10","10","0.00",
="065546","大立光國泰51購01","99,000","2","117,810","1.19","1.19","1.19","1.19","-","0.08","1.21","499","--","0","2,395.00",
="065551","川湖元富51購01","0","0","0","--","--","--","--"," ","0.00","2.77","25","2.82","25","2,925.00",
="065554","國巨元富51購01","90,000","5","87,600","1.01","1.01","0.91","0.96","+","0.06","0.91","25","0.94","25","137.00",
="065558","台積電元富49購09","0","0","0","--","--","--","--"," ","0.00","3.04","25","3.14","10","1,160.00",
="065561","漢唐元富4A購01","0","0","0","--","--","--","--"," ","0.00","19.00","25","20.00","25","1,190.00",
="065573","皇昌元富4B購02","21,000","1","24,780","1.18","1.18","1.18","1.18","+","0.16","0.94","25","0.95","25","83.50",
="065574","長榮元富51購02","56,000","2","42,270","0.75","0.76","0.75","0.76","+","0.05","0.69","25","0.70","25","188.00",
="065576","大立光元富51購01","0","0","0","--","--","--","--"," ","0.00","0.40","25","0.41","25","2,395.00",
="065577","世芯元富51購01","0","0","0","--","--","--","--"," ","0.00","1.94","25","1.96","25","4,000.00",
="06557P","南亞科凱基49售01","0","0","0","--","--","--","--"," ","0.00","--","0","0.10","10","0.00",
="065582","泓德元富4A購01","0","0","0","--","--","--","--"," ","0.00","0.08","25","0.10","10","160.00",
="065584","滬深2X國票49購01","0","0","0","--","--","--","--"," ","0.00","0.02","15","--","0","18.32",
="065586","道瓊銀國票51購01","509,000","2","773,580","1.51","1.52","1.51","1.52","+","0.06","1.51","25","1.52","10","32.63",
="065592","欣興國票49購01","0","0","0","--","--","--","--"," ","0.00","0.06","25","0.07","10","150.00",
="065598","海華國票49購01","0","0","0","--","--","--","--"," ","0.00","3.48","25","--","0","100.00",
="06559P","台塑元大49售04","0","0","0","--","--","--","--"," ","0.00","--","0","0.10","10","0.00",
="065611","志強國票49購01","0","0","0","--","--","--","--"," ","0.00","--","0","--","0","105.50",
="065615","FBNQ2X群益49購02","0","0","0","--","--","--","--"," ","0.00","--","0","--","0","144.85",
="065621","長榮鋼群益49購01","0","0","0","--","--","--","--"," ","0.00","0.08","25","0.09","10","90.30",
="065622","長榮鋼群益49購02","0","0","0","--","--","--","--"," ","0.00","--","0","--","0","90.30",
="065623","鴻海群益49購03","0","0","0","--","--","--","--"," ","0.00","--","0","0.60","10","206.00",
="065624","鴻海群益49購04","0","0","0","--","--","--","--"," ","0.00","--","0","--","0","206.00",
="065625","所羅門群益49購01","0","0","0","--","--","--","--"," ","0.00","--","0","--","0","162.00",
="065627","輔信群益49購01","0","0","0","--","--","--","--"," ","0.00","--","0","--","0","19.30",
="065628","圓剛群益49購01","1,000","1","10","0.01","0.01","0.01","0.01","-","0.02","0.01","10","0.11","10","46.70",
="065631","亞航群益49購01","0","0","0","--","--","--","--"," ","0.00","3.10","10","--","0","62.70",
="065635","揚明光群益49購01","0","0","0","--","--","--","--"," ","0.00","--","0","--","0","59.70",
="065647","精成科群益49購01","0","0","0","--","--","--","--"," ","0.00","8.00","2","--","0","131.00",
="065652","台灣50凱基4B購01","42,000","2","41,560","0.99","0.99","0.98","0.98","-","0.06","0.90","100","0.91","50","52.50",
="065653","T50反1凱基51購01","0","0","0","--","--","--","--"," ","0.00","0.12","100","0.13","10","19.79",
="065654","SGBR2X凱基49購02","0","0","0","--","--","--","--"," ","0.00","--","0","0.10","10","11.25",
="065655","台塑凱基49購04","0","0","0","--","--","--","--"," ","0.00","1.19","100","--","0","39.10",
="065657","中砂凱基4C購01","18,000","4","28,000","1.55","1.59","1.53","1.55","X","0.00","1.53","100","1.55","10","347.00",
="065664","台積電凱基49購08","0","0","0","--","--","--","--"," ","0.00","--","0","0.10","10","1,160.00",
="065666","所羅門凱基4B購01","20,000","3","2,200","0.13","0.13","0.10","0.10","-","0.03","0.09","100","0.10","30","162.00",
="065670","陽明凱基4C購02","40,000","1","5,200","0.13","0.13","0.13","0.13","X","0.00","0.11","100","0.12","50","58.80",
="06567P","台積電凱基49售09","0","0","0","--","--","--","--"," ","0.00","0.05","100","0.15","10","0.00",
="065681","中租凱基49購01","0","0","0","--","--","--","--"," ","0.00","--","0","--","0","115.50",
="065689","南電凱基49購01","0","0","0","--","--","--","--"," ","0.00","3.85","499","--","0","226.00",
="065691","泰金寶凱基4B購01","0","0","0","--","--","--","--"," ","0.00","--","0","0.02","50","6.01",
="065696","台塑元大4B購02","24,000","3","14,560","0.64","0.64","0.60","0.60","X","0.00","0.58","499","0.59","10","39.10",
="065697","台塑元大4C購03","0","0","0","--","--","--","--"," ","0.00","1.21","499","1.23","10","39.10",
="065699","台塑元大51購02","38,000","3","50,510","1.33","1.33","1.32","1.32","-","0.24","1.25","499","1.27","10","39.10",
="065708","廣宇元大49購01","10,000","1","43,900","4.39","4.39","4.39","4.39","+","0.40","4.08","200","4.18","10","60.90",
="065709","廣宇元大51購01","22,000","5","68,710","3.18","3.21","3.03","3.12","+","0.18","2.99","250","3.03","10","60.90",
="065716","所羅門元大49購01","0","0","0","--","--","--","--"," ","0.00","--","0","0.10","10","162.00",
="065717","所羅門元大4A購01","0","0","0","--","--","--","--"," ","0.00","0.03","499","0.10","5","162.00",
="065719","所羅門元大4B購01","3,277,000","36","395,960","0.15","0.15","0.10","0.11","-","0.02","0.10","1,244","0.12","10","162.00",
="065720","所羅門元大51購01","147,000","4","41,650","0.30","0.30","0.27","0.27","-","0.05","0.26","499","0.27","10","162.00",
="065722","金像電元大4A購01","0","0","0","--","--","--","--"," ","0.00","35.00","10","--","0","486.00",
="065732","偉訓元大4B購01","2,191,000","41","1,031,290","0.47","0.50","0.41","0.41","-","0.09","0.41","504","0.44","10","110.00",
="065757","神達元大4A購03","484,000","38","915,680","1.86","2.08","1.40","1.82","+","0.40","1.89","499","1.93","10","95.90",
="065779","台積電富邦49購03","0","0","0","--","--","--","--"," ","0.00","0.80","30","0.84","10","0.00",
="065781","台積電富邦4B購01","0","0","0","--","--","--","--"," ","0.00","0.86","30","0.89","10","0.00",
="065785","台積電富邦4C購02","3,000","1","2,280","0.76","0.76","0.76","0.76","-","0.04","0.74","30","0.76","10","0.00",
="065788","台積電富邦51購01","10,000","1","8,000","0.80","0.80","0.80","0.80","X","0.00","0.78","30","0.80","10","0.00",
="065790","所羅門富邦4A購01","0","0","0","--","--","--","--"," ","0.00","0.05","30","0.07","10","0.00",
="065792","美食富邦49購01","0","0","0","--","--","--","--"," ","0.00","0.27","10","0.28","10","0.00",
="065793","緯穎富邦4A購02","0","0","0","--","--","--","--"," ","0.00","0.50","30","0.51","10","0.00",
="065797","聯發科國泰4C購02","0","0","0","--","--","--","--"," ","0.00","0.86","499","0.96","100","1,385.00",
="065805","英業達國票49購01","0","0","0","--","--","--","--"," ","0.00","0.01","25","0.02","10","41.35",
="065809","亞航國票49購01","28,000","6","85,770","3.18","3.28","2.39","2.39","-","0.40","2.39","26","2.49","10","62.70",
="065814","嘉澤國票49購02","0","0","0","--","--","--","--"," ","0.00","0.01","25","0.02","10","1,465.00",
="065817","緯穎國票49購01","0","0","0","--","--","--","--"," ","0.00","0.02","25","0.03","10","2,975.00",
="065821","南亞統一51購01","9,000","5","13,710","1.61","1.61","1.50","1.50","-","0.34","1.49","10","1.50","10","43.00",
="065822","台化統一51購01","63,000","8","52,410","0.85","0.85","0.79","0.79","-","0.07","0.79","9","0.80","11","29.90",
="065823","中興電統一51購01","0","0","0","--","--","--","--"," ","0.00","0.31","10","0.32","10","167.00",
="065824","大亞統一51購01","0","0","0","--","--","--","--"," ","0.00","0.23","10","0.24","10","43.00",
="065825","上銀統一53購01","0","0","0","--","--","--","--"," ","0.00","0.10","10","0.11","10","215.50",
="065826","國巨統一51購03","0","0","0","--","--","--","--"," ","0.00","0.36","10","0.37","10","137.00",
="065827","台積電統一51購04","0","0","0","--","--","--","--"," ","0.00","1.32","10","1.34","10","1,160.00",
="065828","宏碁統一51購01","0","0","0","--","--","--","--"," ","0.00","0.06","10","0.07","10","29.95",
="065829","所羅門統一51購01","21,000","2","7,130","0.33","0.34","0.33","0.34","-","0.03","0.31","10","0.32","10","162.00",
="065830","致茂統一51購01","10,000","1","9,700","0.97","0.97","0.97","0.97","+","0.01","0.97","10","0.98","10","556.00",
="065831","瑞昱統一51購01","0","0","0","--","--","--","--"," ","0.00","0.24","10","0.25","10","545.00",
="065832","台光電統一54購01","15,000","1","43,950","2.93","2.93","2.93","2.93","-","0.11","2.89","10","2.94","10","1,250.00",
="065833","全新統一51購02","0","0","0","--","--","--","--"," ","0.00","0.22","10","0.23","10","153.50",
="065834","長榮航統一53購01","0","0","0","--","--","--","--"," ","0.00","0.17","10","0.18","10","39.05",
="065835","聯詠統一51購01","0","0","0","--","--","--","--"," ","0.00","0.17","10","0.18","10","435.00",
="065836","健鼎統一4C購01","8,000","1","15,200","1.90","1.90","1.90","1.90","-","0.07","1.83","10","1.85","10","318.00",
="065837","玉晶光統一51購03","0","0","0","--","--","--","--"," ","0.00","0.25","10","0.26","10","461.50",
="065838","敦泰統一51購02","0","0","0","--","--","--","--"," ","0.00","0.21","10","0.22","10","69.90",
="065839","辛耘統一51購02","3,000","1","1,380","0.46","0.46","0.46","0.46","X","0.00","0.47","10","0.48","10","393.50",
="065840","精成科統一51購01","5,000","3","13,950","2.79","2.79","2.79","2.79","X","0.00","2.74","10","--","0","131.00",
="065841","精成科統一51購02","10,000","2","26,700","2.67","2.67","2.67","2.67","+","0.54","2.62","10","--","0","131.00",
="065842","精成科統一51購03","0","0","0","--","--","--","--"," ","0.00","2.10","10","--","0","131.00",
="065843","同欣電統一51購02","0","0","0","--","--","--","--"," ","0.00","0.15","10","0.16","10","112.50",
="065844","泓德統一51購02","0","0","0","--","--","--","--"," ","0.00","0.20","10","0.21","10","160.00",
="065845","泓德統一55購01","671,000","3","258,420","0.40","0.40","0.38","0.38","-","0.04","0.38","10","0.39","10","160.00",
="065846","南電統一51購02","35,000","2","67,700","1.78","2.05","1.78","2.05","+","0.47","2.07","10","--","0","226.00",
="065847","勤誠統一51購02","0","0","0","--","--","--","--"," ","0.00","2.69","10","2.70","10","613.00",
="065848","世紀鋼統一55購03","39,000","2","29,640","0.76","0.76","0.76","0.76","-","0.01","0.74","10","0.75","10","188.00",
="065850","所羅門中信49購01","0","0","0","--","--","--","--"," ","0.00","--","0","0.02","10","0.00",
="065853","T50反1永豐4B購01","0","0","0","--","--","--","--"," ","0.00","0.04","10","--","0","19.79",
="065855","上銀永豐4B購01","0","0","0","--","--","--","--"," ","0.00","0.12","499","0.13","10","215.50",
="065856","上銀永豐51購01","5,000","1","1,550","0.31","0.31","0.31","0.31","+","0.01","0.29","10","0.30","10","215.50",
="065864","所羅門永豐4C購01","263,000","8","108,230","0.45","0.46","0.39","0.39","-","0.06","0.36","10","0.37","10","162.00",
="065865","陽明永豐51購02","0","0","0","--","--","--","--"," ","0.00","0.51","499","0.52","10","58.80",
="065866","萬海永豐49購01","0","0","0","--","--","--","--"," ","0.00","0.11","10","0.15","10","84.10",
="065868","晟銘電永豐4A購01","0","0","0","--","--","--","--"," ","0.00","0.14","499","0.15","10","133.00",
="065871","訊芯永豐51購02","5,000","1","900","0.18","0.18","0.18","0.18","X","0.00","0.17","10","0.18","10","165.00",
="065881","元金2X凱基49購01","0","0","0","--","--","--","--"," ","0.00","4.28","10","4.38","10","58.65",
="065882","道瓊銀凱基4B購01","190,000","1","191,900","1.01","1.01","1.01","1.01","X","0.00","1.01","100","1.03","10","32.63",
="065883","道瓊銅凱基4C購01","0","0","0","--","--","--","--"," ","0.00","0.66","100","0.67","50","24.91",
="065887","和大凱基4A購01","44,000","2","15,740","0.28","0.46","0.28","0.46","X","0.00","0.51","100","--","0","72.90",
="065889","上銀凱基4C購01","0","0","0","--","--","--","--"," ","0.00","0.07","100","0.08","50","215.50",
="065890","中華凱基4C購01","0","0","0","--","--","--","--"," ","0.00","0.14","100","0.24","10","58.50",
="065895","鴻海凱基49購04","0","0","0","--","--","--","--"," ","0.00","0.03","100","--","0","206.00",
="065896","台積電凱基49購10","0","0","0","--","--","--","--"," ","0.00","--","0","0.10","10","1,160.00",
="065898","台光電凱基49購02","0","0","0","--","--","--","--"," ","0.00","9.55","100","--","0","1,250.00",
="065912","科妍元富51購01","4,000","2","1,300","0.33","0.33","0.32","0.32","-","0.02","0.31","25","0.32","25","91.40",
="065919","漢唐元富51購01","0","0","0","--","--","--","--"," ","0.00","--","0","--","0","1,190.00",
="065922","全新元富51購01","251,000","5","219,120","0.87","0.88","0.85","0.88","-","0.04","0.81","25","0.83","25","153.50",
="065927","奇鋐元富4A購07","0","0","0","--","--","--","--"," ","0.00","7.45","25","7.70","25","1,015.00",
="065928","欣興元富51購01","471,000","12","354,720","0.78","0.79","0.70","0.77"," ","0.00","0.76","25","0.77","25","150.00",
="065930","揚明光元富51購01","60,000","2","55,500","0.93","0.93","0.92","0.92","-","0.07","0.88","25","0.98","10","59.70",
="065932","世芯元富51購02","3,000","1","5,850","1.95","1.95","1.95","1.95","+","0.09","1.80","25","1.81","25","4,000.00",
="065934","貿聯元富51購01","1,000","1","4,060","4.06","4.06","4.06","4.06","X","0.00","--","0","--","0","981.00",
="065939","訊芯元富51購01","0","0","0","--","--","--","--"," ","0.00","0.19","25","0.20","25","165.00",
="065940","伊雲谷元富51購01","0","0","0","--","--","--","--"," ","0.00","0.05","25","0.09","36","77.60",
="065946","臺股指元富56購01","0","0","0","--","--","--","--"," ","0.00","0.41","25","0.42","25","0.00",
="065947","香港2X元大49購01","0","0","0","--","--","--","--"," ","0.00","2.70","100","--","0","16.40",
="06594P","台積電統一49售15","0","0","0","--","--","--","--"," ","0.00","0.12","10","0.13","10","0.00",
="065961","所羅門元大4A購02","0","0","0","--","--","--","--"," ","0.00","0.13","499","0.14","10","162.00",
="065970","一詮元大51購01","0","0","0","--","--","--","--"," ","0.00","0.06","499","0.07","10","80.20",
="065971","陽明元大4A購04","0","0","0","--","--","--","--"," ","0.00","0.15","499","0.16","10","58.80",
="065978","群創元大4A購01","373,000","14","59,420","0.13","0.20","0.13","0.19","X","0.00","0.19","40","0.20","10","14.15",
="065981","神達元大4A購04","0","0","0","--","--","--","--"," ","0.00","4.46","200","--","0","95.90",
="065988","泰金寶元大4A購01","0","0","0","--","--","--","--"," ","0.00","--","0","0.10","10","6.01",
="065989","SGBR2X群益51購01","0","0","0","--","--","--","--"," ","0.00","0.07","25","0.10","30","11.25",
="06598P","健策群益4B售01","0","0","0","--","--","--","--"," ","0.00","0.03","10","--","0","0.00",
="066001","國巨群益4B購01","221,000","3","19,990","0.10","0.10","0.09","0.09","-","0.01","0.09","100","0.10","100","137.00",
="066011","所羅門群益49購02","0","0","0","--","--","--","--"," ","0.00","--","0","--","0","162.00",
="066012","矽統群益49購01","0","0","0","--","--","--","--"," ","0.00","--","0","--","0","55.10",
="066046","精成科群益51購01","0","0","0","--","--","--","--"," ","0.00","10.30","2","--","0","131.00",
="066050","健鼎兆豐49購01","0","0","0","--","--","--","--"," ","0.00","3.78","10","3.79","10","318.00",
="066051","洋基兆豐49購01","0","0","0","--","--","--","--"," ","0.00","0.71","10","0.72","10","476.00",
="066052","直得元富49購02","0","0","0","--","--","--","--"," ","0.00","--","0","0.10","25","89.20",
="066053","直得元富51購01","9,000","3","2,020","0.22","0.23","0.22","0.22","X","0.00","0.21","25","0.22","25","89.20",
="066054","鴻海元富51購03","20,000","1","47,200","2.36","2.36","2.36","2.36","-","0.17","2.42","25","2.47","25","206.00",
="066057","華晶科元富4A購01","21,000","2","28,690","1.49","1.49","1.36","1.36","-","0.14","1.35","25","1.37","25","50.30",
="066058","華晶科元富51購01","117,000","10","228,970","2.06","2.08","1.95","1.95","-","0.14","1.93","25","1.95","25","50.30",
="066063","材料元富4A購01","0","0","0","--","--","--","--"," ","0.00","0.07","25","0.10","10","67.70",
="066076","菱光元富4A購01","24,000","5","12,340","0.50","0.53","0.49","0.53","+","0.01","0.49","25","0.50","25","61.50",
="066077","菱光元富51購01","188,000","17","162,420","0.83","0.92","0.82","0.82","-","0.03","0.82","25","0.83","25","61.50",
="066080","和大富邦4B購01","15,000","1","6,000","0.40","0.40","0.40","0.40","X","0.00","0.43","10","--","0","0.00",
="066082","台積電富邦49購04","0","0","0","--","--","--","--"," ","0.00","0.34","30","0.36","10","0.00",
="066083","台積電富邦4B購02","50,000","1","24,500","0.49","0.49","0.49","0.49","-","0.02","0.46","30","0.47","10","0.00",
="066084","台積電富邦51購02","0","0","0","--","--","--","--"," ","0.00","0.62","30","0.63","10","0.00",
="066085","台積電富邦51購03","101,000","9","54,090","0.55","0.55","0.53","0.53","-","0.04","0.52","60","0.53","10","0.00",
="066086","欣興富邦4A購01","270,000","13","98,080","0.35","0.38","0.33","0.38","+","0.04","0.36","30","0.37","10","0.00",
="066087","健策富邦49購01","0","0","0","--","--","--","--"," ","0.00","0.43","30","0.45","10","0.00",
="066096","鴻海凱基49購05","0","0","0","--","--","--","--"," ","0.00","1.53","66","2.98","5","206.00",
="066097","鴻海凱基5C購02","5,000","1","8,700","1.74","1.74","1.74","1.74","X","0.00","1.74","100","1.75","10","206.00",
="066105","聯發科凱基4C購05","0","0","0","--","--","--","--"," ","0.00","0.17","100","0.18","10","1,385.00",
="066114","精成科凱基49購01","0","0","0","--","--","--","--"," ","0.00","7.85","499","--","0","131.00",
="066115","精成科凱基49購02","0","0","0","--","--","--","--"," ","0.00","6.20","499","--","0","131.00",
="066117","洋基凱基49購01","0","0","0","--","--","--","--"," ","0.00","0.19","10","0.29","10","476.00",
="066119","台塑統一51購03","73,000","7","48,710","0.67","0.68","0.64","0.66","-","0.06","0.63","10","0.64","10","39.10",
="06611P","台灣50富邦49售07","0","0","0","--","--","--","--"," ","0.00","0.01","100","--","0","0.00",
="066120","南亞統一51購02","41,000","6","70,130","1.76","1.76","1.67","1.67","-","0.39","1.64","10","1.65","10","43.00",
="066121","台化統一51購02","30,000","3","19,750","0.66","0.67","0.64","0.64","-","0.10","0.63","10","0.64","10","29.90",
="066123","和大統一51購01","626,000","7","203,050","0.23","0.37","0.23","0.37","+","0.13","0.34","16","0.46","30","72.90",
="066124","直得統一4C購01","0","0","0","--","--","--","--"," ","0.00","0.07","10","0.08","10","89.20",
="066125","直得統一51購01","0","0","0","--","--","--","--"," ","0.00","0.13","10","0.14","10","89.20",
="066126","直得統一51購02","0","0","0","--","--","--","--"," ","0.00","0.10","10","0.11","10","89.20",
="066127","直得統一53購01","0","0","0","--","--","--","--"," ","0.00","0.17","10","0.18","10","89.20",
="066128","直得統一55購01","0","0","0","--","--","--","--"," ","0.00","0.45","10","0.46","10","89.20",
="066129","直得統一59購01","0","0","0","--","--","--","--"," ","0.00","0.30","10","0.31","10","89.20",
="066130","直得統一61購01","0","0","0","--","--","--","--"," ","0.00","0.29","10","0.30","10","89.20",
="066132","為升統一51購01","601,000","32","205,360","0.30","0.37","0.29","0.36","+","0.03","0.34","10","0.35","10","102.00",
="066133","國巨統一51購04","4,194,000","17","1,345,930","0.34","0.35","0.32","0.32"," ","0.00","0.32","15","--","0","137.00",
="066134","華碩統一4B購03","10,000","1","2,900","0.29","0.29","0.29","0.29","X","0.00","0.28","10","0.29","10","634.00",
="066135","所羅門統一51購02","8,000","1","3,120","0.39","0.39","0.39","0.39","-","0.04","0.39","10","0.40","10","162.00",
="066136","所羅門統一51購03","55,000","1","25,300","0.46","0.46","0.46","0.46","X","0.00","0.40","108","0.41","108","162.00",
="066137","所羅門統一51購04","0","0","0","--","--","--","--"," ","0.00","0.37","10","0.38","10","162.00",
="066138","所羅門統一53購03","0","0","0","--","--","--","--"," ","0.00","0.34","108","0.35","108","162.00",
="066139","所羅門統一57購01","147,000","4","63,440","0.43","0.44","0.42","0.42","-","0.02","0.41","10","0.42","10","162.00",
="066140","技嘉統一4B購03","66,000","3","44,380","0.68","0.68","0.66","0.66","-","0.06","0.64","10","0.65","10","281.00",
="066141","聯發科統一61購01","29,000","8","17,340","0.60","0.61","0.59","0.59","-","0.02","0.58","10","0.59","10","1,385.00",
="066142","中信金統一4B購01","791,000","4","533,910","0.67","0.68","0.67","0.68","-","0.01","0.65","10","0.66","10","41.80",
="066143","大立光統一55購01","0","0","0","--","--","--","--"," ","0.00","0.24","10","0.25","10","2,395.00",
="066144","華晶科統一51購02","2,000","2","1,530","0.80","0.80","0.73","0.73","-","0.05","0.75","10","0.76","10","50.30",
="066145","華晶科統一51購03","20,000","1","15,200","0.76","0.76","0.76","0.76","-","0.04","0.75","10","0.76","10","50.30",
="066146","華晶科統一51購04","0","0","0","--","--","--","--"," ","0.00","0.80","10","0.81","10","50.30",
="066147","華晶科統一51購05","0","0","0","--","--","--","--"," ","0.00","0.98","10","0.99","10","50.30",
="066148","華晶科統一54購01","0","0","0","--","--","--","--"," ","0.00","1.00","10","1.01","10","50.30",
="066149","華晶科統一55購01","5,000","3","4,140","0.86","0.86","0.81","0.81","-","0.04","0.81","10","0.82","10","50.30",
="066150","華擎統一51購01","0","0","0","--","--","--","--"," ","0.00","0.41","10","0.42","10","281.00",
="066151","嘉澤統一51購02","0","0","0","--","--","--","--"," ","0.00","0.38","10","0.39","10","1,465.00",
="066152","嘉澤統一57購01","46,000","1","15,180","0.33","0.33","0.33","0.33","-","0.01","0.33","10","0.34","10","1,465.00",
="066153","精成科統一51購04","77,000","6","181,950","2.25","2.40","2.25","2.40","+","0.43","2.36","20","2.45","20","131.00",
="066154","同欣電統一51購03","0","0","0","--","--","--","--"," ","0.00","0.13","10","0.14","10","112.50",
="066155","緯穎統一51購03","0","0","0","--","--","--","--"," ","0.00","0.60","10","0.61","10","2,975.00",
="066158","洋基統一51購01","321,000","8","316,040","0.99","0.99","0.92","0.92","-","0.07","0.86","10","0.87","10","476.00",
="066160","泓德統一51購03","0","0","0","--","--","--","--"," ","0.00","0.24","10","0.25","10","160.00",
="066170","泓德統一55購02","0","0","0","--","--","--","--"," ","0.00","0.35","10","0.36","10","160.00",
="066180","台塑永豐4A購01","40,000","3","34,000","0.91","0.91","0.83","0.83","X","0.00","0.82","10","0.83","10","39.10",
="066183","直得永豐49購01","0","0","0","--","--","--","--"," ","0.00","--","0","0.10","10","89.20",
="066188","技嘉永豐4A購01","0","0","0","--","--","--","--"," ","0.00","0.43","499","0.44","10","281.00",
="06618P","聯發科國泰49售01","0","0","0","--","--","--","--"," ","0.00","0.05","499","0.11","10","0.00",
="066192","華晶科永豐49購01","4,000","1","8,640","2.16","2.16","2.16","2.16","-","0.27","1.99","499","2.07","10","50.30",
="066193","華晶科永豐4A購01","14,000","4","22,230","1.83","1.89","1.51","1.58","-","0.27","1.60","10","1.63","10","50.30",
="066194","緯創永豐4B購01","74,000","6","306,810","4.06","4.29","4.06","4.29","-","0.05","4.19","10","4.29","10","115.00",
="066197","精成科永豐51購01","6,000","3","42,900","7.15","7.15","7.15","7.15","+","2.35","7.15","10","--","0","131.00",
="066202","元債2X群益51購04","0","0","0","--","--","--","--"," ","0.00","0.34","25","0.35","10","7.05",
="066205","上銀群益49購01","0","0","0","--","--","--","--"," ","0.00","--","0","--","0","215.50",
="066207","鴻海群益49購05","0","0","0","--","--","--","--"," ","0.00","--","0","--","0","206.00",
="066211","所羅門群益49購03","0","0","0","--","--","--","--"," ","0.00","0.01","10","--","0","162.00",
="066213","台光電群益51購01","1,000","1","3,700","3.70","3.70","3.70","3.70","-","0.06","--","0","3.56","10","1,250.00",
="066220","世芯群益51購01","10,000","1","11,900","1.19","1.19","1.19","1.19","+","0.03","1.12","10","1.22","10","4,000.00",
="066223","台耀群益49購01","0","0","0","--","--","--","--"," ","0.00","--","0","--","0","68.40",
="06622P","和椿國票49售02","0","0","0","--","--","--","--"," ","0.00","0.01","25","0.05","10","0.00",
="066232","志強群益49購01","0","0","0","--","--","--","--"," ","0.00","--","0","--","0","105.50",
="066234","泓德群益49購01","0","0","0","--","--","--","--"," ","0.00","--","0","--","0","160.00",
="066236","直得國票49購01","0","0","0","--","--","--","--"," ","0.00","0.01","25","0.02","10","89.20",
="066237","為升國票49購01","0","0","0","--","--","--","--"," ","0.00","--","0","0.05","103","102.00",
="066243","技嘉國票49購01","0","0","0","--","--","--","--"," ","0.00","0.17","25","0.18","10","281.00",
="066246","景碩國票49購02","17,000","1","1,020","0.06","0.06","0.06","0.06","-","0.03","0.05","25","0.06","10","113.50",
="066247","健策國票49購01","3,000","1","720","0.24","0.24","0.24","0.24","-","0.10","0.27","25","0.30","10","1,905.00",
="066250","精成科國票49購01","13,000","2","93,900","7.30","7.30","7.20","7.20","+","2.99","7.30","28","--","0","131.00",
="066258","和大元大51購01","33,000","4","13,350","0.33","0.53","0.33","0.53","+","0.17","0.52","125","0.95","6","72.90",
="066263","華通元大51購01","153,000","16","356,110","2.07","2.51","2.06","2.22","+","0.08","2.19","350","2.22","10","79.30",
="066265","台積電元大4B購01","0","0","0","--","--","--","--"," ","0.00","0.01","499","--","0","1,160.00",
="066276","陽明元大4A購05","0","0","0","--","--","--","--"," ","0.00","--","0","0.10","10","58.80",
="06627P","鴻海統一53售11","0","0","0","--","--","--","--"," ","0.00","0.37","10","0.38","10","0.00",
="066281","世芯元大4A購03","165,000","6","183,150","1.18","1.18","1.09","1.09"," ","0.00","1.04","499","1.05","10","4,000.00",
="066289","精成科元大4A購01","91,000","6","720,950","7.95","7.95","7.90","7.95","+","2.65","7.95","102","--","0","131.00",
="06628P","台積電統一4B售03","10,000","1","1,800","0.18","0.18","0.18","0.18","X","0.00","0.17","10","0.18","13","0.00",
="066290","精成科元大51購01","91,000","8","828,100","9.50","9.50","8.90","9.35","+","1.80","9.50","25","10.10","1","131.00",
="066297","矽力元大4C購01","0","0","0","--","--","--","--"," ","0.00","0.13","499","0.14","10","317.00",
="06629P","台積電統一51售06","10,000","1","3,300","0.33","0.33","0.33","0.33","X","0.00","0.33","10","0.34","10","0.00",
="066307","台灣50中信4A購03","1,000","1","20","0.02","0.02","0.02","0.02","X","0.00","--","0","0.02","10","0.00",
="066309","台積電中信4B購02","0","0","0","--","--","--","--"," ","0.00","0.07","499","0.08","300","0.00",
="06630P","聯發科統一49售07","0","0","0","--","--","--","--"," ","0.00","0.03","10","0.04","10","0.00",
="066312","臺股指中信4B購07","0","0","0","--","--","--","--"," ","0.00","--","0","0.01","191","0.00",
="066313","台灣50永豐51購01","0","0","0","--","--","--","--"," ","0.00","6.95","499","7.05","10","52.50",
="066315","道瓊銀永豐49購01","0","0","0","--","--","--","--"," ","0.00","1.93","10","2.00","10","32.63",
="066316","鴻海永豐4B購02","0","0","0","--","--","--","--"," ","0.00","0.98","10","1.08","10","206.00",
="066317","鴻海永豐4B購03","0","0","0","--","--","--","--"," ","0.00","0.43","10","0.44","10","206.00",
="066318","華碩永豐4A購01","25,000","1","12,750","0.51","0.51","0.51","0.51","X","0.00","0.49","499","0.59","10","634.00",
="066319","漢唐永豐49購01","0","0","0","--","--","--","--"," ","0.00","27.00","499","--","0","1,190.00",
="06631P","聯發科統一51售01","0","0","0","--","--","--","--"," ","0.00","0.44","499","0.45","499","0.00",
="066320","京元電永豐4A購01","23,000","4","49,760","2.02","2.30","2.02","2.21","X","0.00","2.07","10","2.17","10","142.00",
="066321","全新永豐4A購01","23,000","1","27,140","1.18","1.18","1.18","1.18","X","0.00","1.22","499","1.32","10","153.50",
="066323","奇鋐永豐4A購02","228,000","9","2,408,400","11.80","11.80","10.30","10.50","-","1.30","10.30","11","10.90","10","1,015.00",
="066327","健策永豐4A購01","0","0","0","--","--","--","--"," ","0.00","3.83","499","3.93","10","1,905.00",
="066328","日月光永豐4A購01","3,000","1","540","0.18","0.18","0.18","0.18","X","0.00","0.17","10","0.18","10","147.50",
="066329","訊芯永豐54購01","0","0","0","--","--","--","--"," ","0.00","0.16","10","0.17","10","165.00",
="06632P","滬深2X元大4A售03","0","0","0","--","--","--","--"," ","0.00","0.04","499","0.09","50","0.00",
="066337","京鼎兆豐49購01","0","0","0","--","--","--","--"," ","0.00","--","0","0.01","10","290.00",
="066338","同欣電兆豐4A購01","0","0","0","--","--","--","--"," ","0.00","--","0","0.01","10","112.50",
="066341","矽創兆豐49購01","0","0","0","--","--","--","--"," ","0.00","0.07","10","0.08","10","211.50",
="066342","國巨富邦4A購01","0","0","0","--","--","--","--"," ","0.00","0.16","30","0.17","10","0.00",
="066343","聯發科富邦49購03","0","0","0","--","--","--","--"," ","0.00","0.12","30","0.13","10","0.00",
="066344","聯發科富邦4B購01","78,000","2","31,200","0.40","0.40","0.40","0.40","-","0.01","0.39","30","0.41","10","0.00",
="066345","聯發科富邦51購01","0","0","0","--","--","--","--"," ","0.00","0.66","30","0.69","10","0.00",
="066346","華晶科富邦49購01","0","0","0","--","--","--","--"," ","0.00","0.65","10","--","0","0.00",
="066347","康舒富邦49購01","0","0","0","--","--","--","--"," ","0.00","0.04","30","0.06","10","0.00",
="066356","漢唐元富51購02","0","0","0","--","--","--","--"," ","0.00","10.20","25","11.20","25","1,190.00",
="066357","南亞科元富4A購01","0","0","0","--","--","--","--"," ","0.00","6.50","25","6.65","25","46.65",
="066358","聯發科元富4A購03","0","0","0","--","--","--","--"," ","0.00","0.79","25","0.81","25","1,385.00",
="066359","聯發科元富4A購04","0","0","0","--","--","--","--"," ","0.00","0.52","25","0.54","25","1,385.00",
="066360","聯發科元富4A購05","0","0","0","--","--","--","--"," ","0.00","0.45","25","0.46","25","1,385.00",
="066362","晟銘電元富51購01","466,000","9","381,010","0.92","0.92","0.75","0.75","-","0.05","0.73","25","0.74","25","133.00",
="066364","玉晶光元富51購03","20,000","2","12,300","0.62","0.62","0.61","0.61","X","0.00","0.61","25","0.62","25","461.50",
="066365","世芯元富51購03","0","0","0","--","--","--","--"," ","0.00","1.62","25","1.63","25","4,000.00",
="066368","臻鼎元富51購01","0","0","0","--","--","--","--"," ","0.00","5.65","25","5.80","25","194.00",
="066370","洋基元富51購01","15,000","3","22,770","1.58","1.58","1.37","1.37","-","0.28","1.34","25","1.44","10","476.00",
="066372","臺股指元富4A購01","0","0","0","--","--","--","--"," ","0.00","0.49","25","0.50","25","0.00",
="066384","鴻海國票49購04","0","0","0","--","--","--","--"," ","0.00","0.07","25","0.08","10","206.00",
="06638P","美費半群益4B售01","0","0","0","--","--","--","--"," ","0.00","0.31","25","0.32","10","0.00",
="066393","台積電國票49購02","0","0","0","--","--","--","--"," ","0.00","0.03","25","0.04","10","1,160.00",
="066396","台積電國票4A購02","0","0","0","--","--","--","--"," ","0.00","0.02","25","0.03","10","1,160.00",
="066399","微星國票49購01","0","0","0","--","--","--","--"," ","0.00","--","0","0.01","100","136.50",
="066403","晟銘電國票49購02","0","0","0","--","--","--","--"," ","0.00","0.01","25","0.02","10","133.00",
="066404","晟銘電國票4A購01","0","0","0","--","--","--","--"," ","0.00","0.15","25","0.16","10","133.00",
="066405","晟銘電國票4A購02","0","0","0","--","--","--","--"," ","0.00","0.02","25","0.03","10","133.00",
="066406","晟銘電國票4B購01","0","0","0","--","--","--","--"," ","0.00","0.16","25","0.17","10","133.00",
="066414","和椿國票49購01","1,000","1","1,150","1.15","1.15","1.15","1.15","X","0.00","1.02","25","1.12","10","147.00",
="066415","緯穎國票49購02","200,000","1","4,000","0.02","0.02","0.02","0.02"," ","0.00","0.01","25","0.02","10","2,975.00",
="066417","南亞統一4C購01","89,000","3","164,690","1.87","1.87","1.72","1.72","-","0.25","1.70","10","1.71","10","43.00",
="066418","中砂統一51購01","5,000","1","3,000","0.60","0.60","0.60","0.60","+","0.06","0.59","10","0.60","10","347.00",
="066419","直得統一57購01","0","0","0","--","--","--","--"," ","0.00","0.25","10","0.26","10","89.20",
="066420","鴻海統一61購01","210,000","3","151,300","0.73","0.73","0.72","0.72","-","0.04","0.73","10","0.74","10","206.00",
="066421","國巨統一51購05","16,000","2","5,130","0.33","0.33","0.32","0.32","-","0.01","0.32","10","0.33","10","137.00",
="066422","台積電統一51購05","0","0","0","--","--","--","--"," ","0.00","0.61","10","0.62","10","1,160.00",
="066423","台積電統一61購01","10,000","1","5,000","0.50","0.50","0.50","0.50","X","0.00","0.50","225","0.53","50","1,160.00",
="066424","英業達統一4B購03","10,000","1","1,400","0.14","0.14","0.14","0.14","X","0.00","0.14","10","0.15","10","41.35",
="066425","漢唐統一51購03","0","0","0","--","--","--","--"," ","0.00","3.90","10","3.95","10","1,190.00",
="066426","聯發科統一53購03","50,000","2","12,500","0.25","0.25","0.25","0.25","X","0.00","0.24","10","0.25","10","1,385.00",
="066427","全新統一53購02","0","0","0","--","--","--","--"," ","0.00","0.32","10","0.33","10","153.50",
="066428","智原統一4C購03","0","0","0","--","--","--","--"," ","0.00","0.05","10","0.06","10","158.00",
="066429","嘉澤統一57購02","0","0","0","--","--","--","--"," ","0.00","0.28","10","0.29","10","1,465.00",
="066430","世芯統一51購02","146,000","5","129,810","0.88","0.90","0.87","0.87","-","0.02","0.86","10","0.88","10","4,000.00",
="066432","日月光統一51購01","0","0","0","--","--","--","--"," ","0.00","0.14","10","0.15","10","147.50",
="066433","日月光統一51購02","0","0","0","--","--","--","--"," ","0.00","0.15","10","0.16","10","147.50",
="066434","日月光統一57購01","55,000","1","17,050","0.31","0.31","0.31","0.31","-","0.02","0.30","10","0.31","10","147.50",
="066435","日月光統一61購01","0","0","0","--","--","--","--"," ","0.00","0.40","10","0.41","10","147.50",
="066436","祥碩統一53購01","0","0","0","--","--","--","--"," ","0.00","0.17","10","0.18","10","1,665.00",
="066437","台塑化統一4C購01","0","0","0","--","--","--","--"," ","0.00","0.70","10","0.71","10","40.75",
="066438","鼎基統一53購01","0","0","0","--","--","--","--"," ","0.00","0.15","10","--","0","111.50",
="066439","洋基統一51購02","64,000","2","49,920","0.78","0.78","0.78","0.78","-","0.03","0.71","10","0.72","10","476.00",
="066440","洋基統一57購01","0","0","0","--","--","--","--"," ","0.00","0.72","10","0.73","10","476.00",
="066441","泓德統一51購04","0","0","0","--","--","--","--"," ","0.00","0.16","65","0.17","10","160.00",
="066442","南電統一51購03","228,000","25","341,230","1.26","1.76","1.25","1.76","+","0.51","1.70","1","--","0","226.00",
="066447","滬深2X元大4A購02","0","0","0","--","--","--","--"," ","0.00","1.74","100","1.84","10","18.32",
="066448","滬深2X元大4B購01","40,000","2","54,000","1.36","1.36","1.34","1.34","X","0.00","1.31","250","1.32","250","18.32",
="066452","華通元大51購02","1,956,000","119","3,486,680","1.56","2.03","1.56","1.72","+","0.09","1.69","451","1.72","10","79.30",
="066455","台積電元大49購07","0","0","0","--","--","--","--"," ","0.00","--","0","0.10","10","1,160.00",
="066456","台積電元大4B購02","20,000","1","1,000","0.05","0.05","0.05","0.05","-","0.02","0.04","499","0.07","8","1,160.00",
="066460","所羅門元大4C購01","326,000","11","178,770","0.54","0.57","0.48","0.48","-","0.11","0.48","499","0.49","10","162.00",
="066474","晟銘電元大4B購01","0","0","0","--","--","--","--"," ","0.00","0.03","499","0.13","10","133.00",
="066483","世芯元大4A購04","50,000","5","54,800","1.15","1.15","1.06","1.06","+","0.01","0.99","499","1.02","10","4,000.00",
="066484","材料元大4B購01","0","0","0","--","--","--","--"," ","0.00","0.07","499","0.08","10","67.70",
="066485","和椿元大4A購01","487,000","47","300,600","0.55","0.73","0.54","0.63","+","0.07","0.62","25","0.65","24","147.00",
="066486","啟碁元大4C購01","0","0","0","--","--","--","--"," ","0.00","0.23","499","0.24","10","127.00",
="066487","力積電元大49購01","0","0","0","--","--","--","--"," ","0.00","--","0","0.10","10","16.05",
="066489","元債2X群益51購05","310,000","4","133,300","0.43","0.43","0.43","0.43","X","0.00","0.42","25","0.43","10","7.05",
="066491","中興電群益4A購01","0","0","0","--","--","--","--"," ","0.00","0.14","25","0.15","10","167.00",
="066494","直得群益49購01","0","0","0","--","--","--","--"," ","0.00","--","0","--","0","89.20",
="066498","鴻海群益51購02","40,000","2","22,400","0.58","0.58","0.54","0.54","-","0.08","0.57","100","0.58","100","206.00",
="06649P","臺股指凱基4A售12","225,000","3","105,550","0.43","0.47","0.43","0.47","+","0.04","0.48","100","0.49","10","0.00",
="066503","台積電群益4A購17","0","0","0","--","--","--","--"," ","0.00","--","0","--","0","1,160.00",
="066504","台積電群益51購01","0","0","0","--","--","--","--"," ","0.00","--","0","--","0","1,160.00",
="066507","聯發科群益4B購01","0","0","0","--","--","--","--"," ","0.00","0.01","5","--","0","1,385.00",
="066508","聯發科群益51購01","0","0","0","--","--","--","--"," ","0.00","--","0","--","0","1,385.00",
="066513","健策群益49購01","0","0","0","--","--","--","--"," ","0.00","--","0","--","0","1,905.00",
="066518","亞翔群益49購01","0","0","0","--","--","--","--"," ","0.00","2.69","499","--","0","349.50",
="066521","同欣電群益4A購01","0","0","0","--","--","--","--"," ","0.00","--","0","--","0","112.50",
="066524","緯穎群益4A購01","0","0","0","--","--","--","--"," ","0.00","0.03","22","0.38","10","2,975.00",
="066525","永道群益49購01","0","0","0","--","--","--","--"," ","0.00","--","0","--","0","154.50",
="066526","菱光群益4B購01","316,000","8","146,200","0.46","0.52","0.46","0.48","-","0.01","0.46","25","0.47","10","61.50",
="066531","台塑凱基51購01","1,000","1","1,910","1.91","1.91","1.91","1.91","X","0.00","1.69","100","1.79","10","39.10",
="066535","鴻海凱基49購06","0","0","0","--","--","--","--"," ","0.00","0.01","100","--","0","206.00",
="066536","鴻海凱基49購07","5,000","1","550","0.11","0.11","0.11","0.11","X","0.00","0.11","100","--","0","206.00",
="066538","台積電凱基54購05","0","0","0","--","--","--","--"," ","0.00","0.81","100","0.82","10","1,160.00",
="066540","華邦電凱基49購01","0","0","0","--","--","--","--"," ","0.00","0.20","10","0.30","10","19.60",
="066546","微星凱基49購01","0","0","0","--","--","--","--"," ","0.00","--","0","0.10","10","136.50",
="066574","美債2X元富57購02","0","0","0","--","--","--","--"," ","0.00","0.83","25","0.84","25","7.03",
="066578","所羅門元富57購01","59,000","4","78,160","1.31","1.40","1.31","1.31","-","0.05","1.23","25","1.25","25","162.00",
="066589","華通國票49購01","181,000","17","180,250","0.92","1.43","0.79","1.07","+","0.19","1.04","25","1.06","10","79.30",
="06658P","世芯國票4A售02","0","0","0","--","--","--","--"," ","0.00","0.09","25","0.10","10","0.00",
="066591","微星國票4A購01","0","0","0","--","--","--","--"," ","0.00","--","0","--","0","136.50",
="066592","群光國票49購01","0","0","0","--","--","--","--"," ","0.00","--","0","--","0","137.00",
="066593","長榮國票4A購02","0","0","0","--","--","--","--"," ","0.00","0.18","25","0.19","10","188.00",
="066595","奇鋐國票49購02","0","0","0","--","--","--","--"," ","0.00","8.75","25","9.25","10","1,015.00",
="066598","智易國票49購01","0","0","0","--","--","--","--"," ","0.00","0.32","25","0.34","10","236.00",
="066599","世芯國票49購04","0","0","0","--","--","--","--"," ","0.00","0.42","25","0.43","10","4,000.00",
="06659P","世芯國泰49售01","0","0","0","--","--","--","--"," ","0.00","--","0","--","0","0.00",
="066600","世芯國票4A購01","0","0","0","--","--","--","--"," ","0.00","1.38","25","1.40","10","4,000.00",
="066601","jpp國票49購01","30,000","4","72,350","2.34","2.57","2.31","2.31","+","0.41","2.21","25","2.31","20","276.00",
="066606","裕慶國票49購01","0","0","0","--","--","--","--"," ","0.00","--","0","--","0","156.50",
="06660P","所羅門富邦49售01","0","0","0","--","--","--","--"," ","0.00","0.01","100","0.05","10","0.00",
="066619","中環富邦49購01","131,000","1","24,890","0.19","0.19","0.19","0.19","+","0.06","0.16","30","0.17","10","0.00",
="06661P","技嘉富邦49售01","0","0","0","--","--","--","--"," ","0.00","0.04","30","0.05","10","0.00",
="066620","全新富邦49購01","91,000","2","34,480","0.37","0.38","0.37","0.38","-","0.05","0.34","10","0.35","10","0.00",
="066622","慧洋富邦49購01","27,000","1","7,290","0.27","0.27","0.27","0.27","-","0.02","0.24","30","0.50","1","0.00",
="066624","景碩富邦4A購01","299,000","5","67,610","0.19","0.27","0.19","0.23","-","0.02","0.21","10","0.22","10","0.00",
="066626","祥碩富邦49購02","0","0","0","--","--","--","--"," ","0.00","--","0","--","0","0.00",
="066627","矽力富邦4A購01","0","0","0","--","--","--","--"," ","0.00","0.25","10","0.26","10","0.00",
="066628","緯穎富邦49購05","0","0","0","--","--","--","--"," ","0.00","0.05","30","0.06","10","0.00",
="066629","南電富邦4A購01","351,000","25","792,580","1.83","3.00","1.77","2.84","+","1.01","2.85","31","3.40","1","0.00",
="06662P","聯發科富邦49售04","0","0","0","--","--","--","--"," ","0.00","0.23","30","0.24","10","0.00",
="066630","元債2X永豐61購01","49,000","1","25,970","0.53","0.53","0.53","0.53","+","0.01","0.52","10","0.53","10","7.05",
="066633","台積電永豐4A購04","0","0","0","--","--","--","--"," ","0.00","5.55","499","6.05","10","1,160.00",
="066635","技嘉永豐51購01","20,000","1","144,000","7.20","7.20","7.20","7.20","+","0.05","6.90","10","7.40","10","281.00",
="066639","世芯永豐49購06","0","0","0","--","--","--","--"," ","0.00","--","0","--","0","4,000.00",
="06663P","聯發科富邦51售02","0","0","0","--","--","--","--"," ","0.00","0.44","30","0.45","10","0.00",
="066640","世芯永豐4A購05","0","0","0","--","--","--","--"," ","0.00","1.19","23","3.50","5","4,000.00",
="066641","訊芯永豐4B購01","0","0","0","--","--","--","--"," ","0.00","0.20","10","0.21","10","165.00",
="066643","力智永豐4A購01","0","0","0","--","--","--","--"," ","0.00","0.03","499","0.06","10","188.50",
="066644","中興電統一4C購01","166,000","6","83,000","0.50","0.50","0.50","0.50","+","0.04","0.50","10","0.51","10","167.00",
="066645","華碩統一59購01","241,000","5","130,340","0.55","0.55","0.54","0.54","-","0.01","0.54","10","0.55","10","634.00",
="066646","南亞科統一51購01","0","0","0","--","--","--","--"," ","0.00","2.63","10","2.65","10","46.65",
="066647","聯發科統一51購02","0","0","0","--","--","--","--"," ","0.00","0.18","10","0.19","10","1,385.00",
="066648","聯發科統一51購03","0","0","0","--","--","--","--"," ","0.00","0.30","499","0.31","499","1,385.00",
="066649","皇昌統一51購02","0","0","0","--","--","--","--"," ","0.00","0.29","10","0.30","10","83.50",
="06664P","聯發科富邦51售03","0","0","0","--","--","--","--"," ","0.00","0.38","30","0.39","10","0.00",
="066650","日電貿統一51購01","0","0","0","--","--","--","--"," ","0.00","0.47","10","0.48","10","70.50",
="066651","景碩統一51購03","391,000","9","150,120","0.37","0.42","0.37","0.42","+","0.01","0.37","10","0.38","10","113.50",
="066652","辛耘統一51購03","228,000","7","74,990","0.33","0.36","0.32","0.36","+","0.04","0.36","10","0.37","10","393.50",
="066653","健策統一51購01","41,000","4","37,900","0.93","0.93","0.90","0.92","-","0.01","0.91","10","0.92","10","1,905.00",
="066654","祥碩統一59購01","55,000","1","22,000","0.40","0.40","0.40","0.40","-","0.01","0.39","10","0.40","10","1,665.00",
="066655","盛群統一51購01","0","0","0","--","--","--","--"," ","0.00","0.11","10","0.12","10","39.70",
="066656","盛群統一53購01","0","0","0","--","--","--","--"," ","0.00","0.16","10","0.17","10","39.70",
="066657","緯穎統一51購04","7,000","2","2,660","0.38","0.38","0.38","0.38"," ","0.00","0.37","10","0.38","10","2,975.00",
="066658","永道統一51購01","0","0","0","--","--","--","--"," ","0.00","0.04","10","0.05","10","154.50",
="066659","臺股指統一51購01","0","0","0","--","--","--","--"," ","0.00","0.48","10","0.58","10","0.00",
="066666","滬深2X凱基4A購04","0","0","0","--","--","--","--"," ","0.00","1.94","10","1.95","50","18.32",
="066667","元債2X凱基4B購04","178,000","8","69,050","0.39","0.40","0.38","0.40","+","0.02","0.39","125","0.40","50","7.05",
="066675","台積電凱基4B購03","0","0","0","--","--","--","--"," ","0.00","0.34","100","0.35","10","1,160.00",
="066676","所羅門凱基49購01","0","0","0","--","--","--","--"," ","0.00","0.09","100","0.19","10","162.00",
="066681","聯發科凱基4A購05","0","0","0","--","--","--","--"," ","0.00","0.05","100","0.15","10","1,385.00",
="066682","聯發科凱基51購01","0","0","0","--","--","--","--"," ","0.00","0.43","100","0.44","10","1,385.00",
="066685","景碩凱基49購01","0","0","0","--","--","--","--"," ","0.00","0.02","100","0.10","100","113.50",
="066688","玉晶光凱基49購02","0","0","0","--","--","--","--"," ","0.00","0.01","10","0.11","10","461.50",
="06668P","美費半凱基4B售01","20,000","1","8,200","0.41","0.41","0.41","0.41","X","0.00","0.40","10","0.41","30","0.00",
="066695","世芯凱基4A購04","546,000","8","740,660","1.47","1.47","1.34","1.34","-","0.12","1.32","100","1.33","10","4,000.00",
="06669P","台積電凱基4B售04","70,000","2","39,860","0.56","0.58","0.56","0.58","+","0.03","0.17","58","1.28","80","0.00",
="066718","華碩群益49購01","0","0","0","--","--","--","--"," ","0.00","--","0","--","0","634.00",
="066719","致茂群益4B購01","180,000","17","333,070","1.86","1.92","1.80","1.90","-","0.10","--","0","--","0","556.00",
="066720","燿華群益49購01","0","0","0","--","--","--","--"," ","0.00","--","0","0.17","2","31.45",
="066723","聯發科群益49購01","0","0","0","--","--","--","--"," ","0.00","--","0","--","0","1,385.00",
="066726","大立光群益57購01","0","0","0","--","--","--","--"," ","0.00","0.83","10","0.93","10","2,395.00",
="066736","來億群益49購01","0","0","0","--","--","--","--"," ","0.00","--","0","--","0","243.50",
="066738","元債2X元大4A購03","0","0","0","--","--","--","--"," ","0.00","0.12","100","0.14","50","7.05",
="066739","元債2X元大58購01","4,000","2","4,460","1.11","1.12","1.11","1.12","+","0.03","1.11","100","1.12","50","7.05",
="066740","元債2X元大59購01","0","0","0","--","--","--","--"," ","0.00","0.87","499","0.88","50","7.05",
="066742","元債2X元大5A購01","0","0","0","--","--","--","--"," ","0.00","0.74","499","0.75","50","7.05",
="066746","上銀元大4A購04","0","0","0","--","--","--","--"," ","0.00","--","0","0.07","30","215.50",
="066752","台積電元大51購02","229,000","5","52,670","0.23","0.23","0.23","0.23","-","0.06","0.22","92","0.29","17","1,160.00",
="066756","所羅門元大4C購02","138,000","3","101,450","0.83","0.83","0.72","0.72","-","0.10","0.70","499","0.71","10","162.00",
="066765","聯發科元大4A購03","0","0","0","--","--","--","--"," ","0.00","--","0","0.10","41","1,385.00",
="066775","世芯元大4B購02","36,000","3","36,980","1.08","1.08","0.98","0.98","-","0.06","0.96","499","0.98","10","4,000.00",
="066779","啟碁元大4C購02","337,000","6","140,890","0.42","0.45","0.41","0.41","-","0.06","0.40","499","0.41","10","127.00",
="066781","緯穎元大4B購01","2,084,000","16","833,520","0.42","0.42","0.39","0.39","-","0.02","0.38","30","0.40","15","2,975.00",
="066789","元債2X永豐54購02","97,000","5","60,810","0.62","0.63","0.62","0.63","+","0.01","0.62","10","0.63","10","7.05",
="066791","大同永豐51購01","0","0","0","--","--","--","--"," ","0.00","0.35","10","0.36","10","40.75",
="066792","聯發科永豐54購01","180,000","3","182,240","1.01","1.08","1.01","1.03","-","0.07","1.01","10","1.02","10","1,385.00",
="066793","皇昌永豐4A購02","0","0","0","--","--","--","--"," ","0.00","0.21","499","0.22","10","83.50",
="066794","奇鋐永豐4C購01","0","0","0","--","--","--","--"," ","0.00","4.93","499","5.15","10","1,015.00",
="066795","玉晶光永豐51購01","10,000","1","5,900","0.59","0.59","0.59","0.59","-","0.02","0.60","10","0.61","10","461.50",
="066796","貿聯永豐51購01","0","0","0","--","--","--","--"," ","0.00","2.68","499","2.73","10","981.00",
="066801","皇昌國票4A購01","2,000","1","1,100","0.55","0.55","0.55","0.55","+","0.01","0.50","25","0.52","10","83.50",
="066804","中興電統一51購02","55,000","2","25,350","0.47","0.47","0.46","0.46","+","0.03","0.47","10","0.48","10","167.00",
="066805","和大統一55購01","90,000","3","43,400","0.52","0.52","0.48","0.52","X","0.00","0.48","10","--","0","72.90",
="066806","華通統一51購01","1,185,000","40","843,300","0.69","0.74","0.64","0.64","+","0.04","0.62","15","0.63","10","79.30",
="066807","友訊統一55購01","0","0","0","--","--","--","--"," ","0.00","0.25","10","0.26","10","18.05",
="066808","金像電統一51購02","1,000","1","3,070","3.07","3.07","3.07","3.07","-","0.14","3.21","10","3.24","10","486.00",
="066809","群光統一51購01","0","0","0","--","--","--","--"," ","0.00","0.17","10","0.18","10","137.00",
="066810","和碩統一51購01","231,000","6","18,480","0.08","0.08","0.08","0.08","X","0.00","0.06","60","0.07","10","70.60",
="066811","祥碩統一49購01","0","0","0","--","--","--","--"," ","0.00","0.01","10","0.02","10","1,665.00",
="066812","穎崴統一51購01","933,000","17","382,100","0.43","0.46","0.38","0.46","+","0.02","0.44","10","0.45","10","1,250.00",
="066813","洋基統一51購03","0","0","0","--","--","--","--"," ","0.00","0.54","10","0.55","10","476.00",
="066815","元債2X凱基57購01","0","0","0","--","--","--","--"," ","0.00","1.00","100","1.01","50","7.05",
="066816","元債2X凱基59購01","0","0","0","--","--","--","--"," ","0.00","0.81","100","0.82","50","7.05",
="066820","華通凱基51購01","1,617,000","57","2,639,930","1.45","1.73","1.42","1.51","+","0.11","1.51","67","1.52","10","79.30",
="066822","台積電凱基4C購12","0","0","0","--","--","--","--"," ","0.00","0.85","100","0.86","10","1,160.00",
="066834","長榮凱基49購02","0","0","0","--","--","--","--"," ","0.00","0.21","100","--","0","188.00",
="066842","台表科凱基49購01","0","0","0","--","--","--","--"," ","0.00","0.02","100","0.12","10","107.50",
="066844","迅得凱基49購01","0","0","0","--","--","--","--"," ","0.00","0.03","100","0.13","10","193.50",
="066845","訊芯凱基49購01","0","0","0","--","--","--","--"," ","0.00","--","0","0.10","10","165.00",
="066846","穎崴凱基49購02","0","0","0","--","--","--","--"," ","0.00","0.02","100","0.12","10","1,250.00",
="066852","元債2X元富61購02","0","0","0","--","--","--","--"," ","0.00","0.96","25","0.97","25","7.05",
="066858","鴻海元富4A購03","0","0","0","--","--","--","--"," ","0.00","1.84","25","1.87","25","206.00",
="06685P","台積電凱基49售11","0","0","0","--","--","--","--"," ","0.00","0.02","100","0.12","10","0.00",
="066870","聯發科元富4A購06","0","0","0","--","--","--","--"," ","0.00","0.07","25","0.10","10","1,385.00",
="066871","聯發科元富54購03","0","0","0","--","--","--","--"," ","0.00","0.93","25","0.94","25","1,385.00",
="066872","聯發科元富5A購02","0","0","0","--","--","--","--"," ","0.00","3.45","25","3.55","10","1,385.00",
="066885","一詮元富51購01","0","0","0","--","--","--","--"," ","0.00","0.20","25","0.21","25","80.20",
="066894","道瓊反群益53購01","30,000","1","12,300","0.41","0.41","0.41","0.41"," ","0.00","0.39","25","0.42","10","5.93",
="066895","FBNQ2X群益51購01","5,000","1","2,900","0.58","0.58","0.58","0.58","X","0.00","0.58","25","0.59","10","144.85",
="066896","元債2X群益51購06","2,000","1","1,020","0.51","0.51","0.51","0.51","+","0.01","0.50","25","0.51","10","7.05",
="066901","大亞群益4B購01","349,000","16","133,850","0.37","0.41","0.36","0.36","+","0.02","0.36","25","0.37","10","43.00",
="066902","上銀群益49購02","0","0","0","--","--","--","--"," ","0.00","--","0","0.10","10","215.50",
="066904","劍麟群益4B購01","15,000","2","36,000","2.40","2.40","2.40","2.40","+","0.03","1.92","10","2.40","10","113.50",
="066913","聯發科群益49購02","0","0","0","--","--","--","--"," ","0.00","--","0","--","0","1,385.00",
="066915","國產群益4C購01","0","0","0","--","--","--","--"," ","0.00","0.21","10","0.31","10","37.75",
="066918","文曄群益4A購01","0","0","0","--","--","--","--"," ","0.00","0.01","10","0.19","6","123.00",
="066919","晶技群益4C購01","0","0","0","--","--","--","--"," ","0.00","0.11","30","--","0","88.60",
="066920","健鼎群益4B購01","0","0","0","--","--","--","--"," ","0.00","1.93","2","3.45","10","318.00",
="066921","景碩群益51購01","168,000","5","110,070","0.61","0.71","0.61","0.64","-","0.02","0.26","38","--","0","113.50",
="066926","和碩群益51購01","0","0","0","--","--","--","--"," ","0.00","0.09","10","0.19","10","70.60",
="066928","亞翔群益49購02","0","0","0","--","--","--","--"," ","0.00","--","0","--","0","349.50",
="066930","鈺邦群益49購01","0","0","0","--","--","--","--"," ","0.00","--","0","--","0","178.00",
="066931","力智群益49購01","0","0","0","--","--","--","--"," ","0.00","--","0","--","0","188.50",
="066935","裕慶群益51購01","0","0","0","--","--","--","--"," ","0.00","0.05","30","--","0","156.50",
="066940","盟立富邦49購01","0","0","0","--","--","--","--"," ","0.00","--","0","--","0","0.00",
="066941","聯詠富邦49購01","5,000","2","210","0.05","0.05","0.04","0.04","X","0.00","0.04","30","0.05","10","0.00",
="066942","聯詠富邦4B購01","0","0","0","--","--","--","--"," ","0.00","0.27","30","0.28","10","0.00",
="066943","健鼎富邦49購01","0","0","0","--","--","--","--"," ","0.00","2.51","30","2.57","10","0.00",
="066944","日電貿富邦4A購01","0","0","0","--","--","--","--"," ","0.00","0.76","30","0.79","10","0.00",
="066945","台灣50元大49購05","0","0","0","--","--","--","--"," ","0.00","0.07","100","0.17","10","52.50",
="066946","T50反1元大4C購03","0","0","0","--","--","--","--"," ","0.00","0.17","100","0.27","10","19.79",
="066948","美債2X元大4A購01","10,000","1","3,900","0.39","0.39","0.39","0.39","+","0.01","0.38","110","0.39","50","7.03",
="066949","美債2X元大57購01","221,000","5","165,640","0.74","0.75","0.74","0.75","X","0.00","0.74","100","0.75","50","7.03",
="066954","上銀元大4A購05","0","0","0","--","--","--","--"," ","0.00","--","0","0.10","10","215.50",
="06695P","台灣50元大49售06","0","0","0","--","--","--","--"," ","0.00","--","0","0.04","10","0.00",
="066962","京元電元大4B購01","983,000","19","703,960","0.65","0.75","0.65","0.75","+","0.08","0.74","3","0.75","8","142.00",
="066970","緯創元大49購03","0","0","0","--","--","--","--"," ","0.00","0.27","499","0.30","10","115.00",
="066971","緯創元大4B購02","213,000","2","89,460","0.42","0.42","0.42","0.42","X","0.00","0.42","499","--","0","115.00",
="066974","世芯元大4B購03","0","0","0","--","--","--","--"," ","0.00","0.96","499","0.98","10","4,000.00",
="066980","啟碁元大4A購01","0","0","0","--","--","--","--"," ","0.00","0.56","499","0.57","10","127.00",
="066982","臺股指元大4B購07","11,000","2","10,880","1.08","1.08","0.98","0.98","-","0.11","0.97","100","1.07","10","0.00",
="066988","元金2X凱基51購01","0","0","0","--","--","--","--"," ","0.00","1.85","100","1.95","10","58.65",
="066993","上銀凱基49購03","0","0","0","--","--","--","--"," ","0.00","--","0","0.10","10","215.50",
="066996","台積電凱基4B購05","0","0","0","--","--","--","--"," ","0.00","0.33","100","0.34","10","1,160.00",
="066999","致茂凱基4A購02","0","0","0","--","--","--","--"," ","0.00","4.71","100","4.81","10","556.00",
="067001","技嘉凱基4B購01","0","0","0","--","--","--","--"," ","0.00","0.97","100","0.98","10","281.00",
="067008","大立光凱基49購02","0","0","0","--","--","--","--"," ","0.00","--","0","0.10","10","2,395.00",
="067013","啟碁凱基4C購01","9,000","2","8,760","0.98","0.98","0.96","0.96","X","0.00","0.92","100","0.93","10","127.00",
="067014","鈺邦凱基49購01","10,000","1","11,100","1.11","1.11","1.11","1.11","X","0.00","0.73","100","--","0","178.00",
="067017","永道凱基49購01","0","0","0","--","--","--","--"," ","0.00","--","0","0.10","10","154.50",
="067018","臺股指凱基4C購05","27,000","4","43,110","1.63","1.63","1.57","1.57","-","0.13","1.56","100","1.57","10","0.00",
="067019","台塑統一51購04","3,000","2","3,460","1.15","1.16","1.15","1.16","-","0.10","1.14","10","1.15","10","39.10",
="067020","一詮統一57購01","0","0","0","--","--","--","--"," ","0.00","0.24","10","0.25","10","80.20",
="067021","長榮統一51購01","777,000","8","420,470","0.52","0.56","0.52","0.53","+","0.01","0.50","10","0.51","10","188.00",
="067022","陽明統一51購01","0","0","0","--","--","--","--"," ","0.00","0.47","10","0.48","10","58.80",
="067023","萬海統一51購01","30,000","1","18,600","0.62","0.62","0.62","0.62","X","0.00","0.60","10","0.61","10","84.10",
="067024","大立光統一51購03","0","0","0","--","--","--","--"," ","0.00","0.26","10","0.27","10","2,395.00",
="067025","奇鋐統一51購01","25,000","3","59,000","2.45","2.45","2.30","2.30","-","0.14","2.33","10","2.37","10","1,015.00",
="067026","景碩統一53購01","421,000","9","268,560","0.61","0.69","0.61","0.64","-","0.01","0.60","10","0.61","10","113.50",
="067027","新唐統一55購01","0","0","0","--","--","--","--"," ","0.00","0.14","10","0.15","10","61.70",
="067028","保瑞統一55購01","0","0","0","--","--","--","--"," ","0.00","0.59","10","0.60","10","733.00",
="067029","永道統一51購02","0","0","0","--","--","--","--"," ","0.00","0.03","10","0.04","10","154.50",
="06702P","臺股指元大4B售08","226,000","5","101,300","0.43","0.46","0.43","0.46","+","0.03","0.07","55","0.56","10","0.00",
="067030","永道統一53購03","0","0","0","--","--","--","--"," ","0.00","0.09","10","0.10","10","154.50",
="067035","元債2X永豐51購01","0","0","0","--","--","--","--"," ","0.00","0.38","60","0.39","10","7.05",
="067037","鴻準永豐51購01","0","0","0","--","--","--","--"," ","0.00","6.10","10","6.20","10","71.70",
="067038","京元電永豐51購01","4,000","3","59,900","14.90","15.60","14.70","15.60","+","0.90","15.20","10","15.60","10","142.00",
="067039","聯發科永豐4A購02","0","0","0","--","--","--","--"," ","0.00","0.20","10","0.21","10","1,385.00",
="067040","陽明永豐4B購01","37,000","4","135,900","3.60","3.89","3.56","3.56","-","0.02","3.45","10","3.55","10","58.80",
="067045","景碩永豐51購01","62,000","4","74,780","1.14","1.31","1.14","1.31","+","0.06","1.14","10","1.15","10","113.50",
="067046","緯創永豐4A購02","0","0","0","--","--","--","--"," ","0.00","1.13","10","1.20","10","115.00",
="067050","亞翔永豐49購01","0","0","0","--","--","--","--"," ","0.00","2.57","10","2.67","10","349.50",
="067051","保瑞永豐49購01","0","0","0","--","--","--","--"," ","0.00","0.52","10","0.57","10","733.00",
="067052","永道永豐51購01","60,000","6","4,200","0.07","0.07","0.07","0.07","X","0.00","0.07","40","0.11","10","154.50",
="067055","元債2X群益51購07","2,000","1","1,080","0.54","0.54","0.54","0.54","+","0.01","0.53","25","0.54","10","7.05",
="067059","鴻海群益5C購04","0","0","0","--","--","--","--"," ","0.00","1.33","100","1.34","100","206.00",
="067060","鴻海群益61購01","50,000","5","54,650","1.07","1.10","1.07","1.10","X","0.00","1.08","100","1.09","100","206.00",
="067063","所羅門群益4B購01","211,000","6","112,000","0.52","0.60","0.50","0.50","-","0.08","0.14","71","--","0","162.00",
="067065","聯發科群益4B購02","0","0","0","--","--","--","--"," ","0.00","--","0","--","0","1,385.00",
="067073","大立光群益49購02","0","0","0","--","--","--","--"," ","0.00","--","0","--","0","2,395.00",
="067077","景碩群益51購02","2,000","1","1,060","0.53","0.53","0.53","0.53","X","0.00","0.17","10","--","0","113.50",
="067085","中砂兆豐49購01","10,000","1","4,400","0.44","0.44","0.44","0.44","+","0.10","0.40","10","0.41","10","347.00",
="067086","光寶科兆豐51購01","481,000","20","1,049,950","2.15","2.21","2.15","2.21","-","0.09","2.15","10","2.16","10","130.00",
="067087","台積電兆豐4B購01","13,000","1","4,550","0.35","0.35","0.35","0.35","-","0.01","0.09","111","--","0","1,160.00",
="067088","南亞科兆豐51購01","0","0","0","--","--","--","--"," ","0.00","5.55","10","5.60","10","46.65",
="06708P","鴻海凱基49售08","0","0","0","--","--","--","--"," ","0.00","0.01","100","--","0","0.00",
="067090","和碩兆豐51購01","0","0","0","--","--","--","--"," ","0.00","0.31","10","0.32","10","70.60",
="067091","訊芯兆豐49購01","0","0","0","--","--","--","--"," ","0.00","--","0","0.01","10","165.00",
="067092","力積電兆豐4B購01","32,000","3","20,470","0.64","0.64","0.63","0.64","+","0.04","0.63","10","0.64","10","16.05",
="067095","世紀鋼兆豐51購01","0","0","0","--","--","--","--"," ","0.00","1.69","10","1.70","10","188.00",
="067097","華城元富51購01","29,000","3","59,580","2.04","2.08","2.04","2.08","+","0.02","1.96","25","1.99","25","618.00",
="067098","直得元富4A購01","0","0","0","--","--","--","--"," ","0.00","0.01","25","0.10","10","89.20",
="067099","宇隆元富4A購01","0","0","0","--","--","--","--"," ","0.00","0.41","25","0.51","10","262.00",
="067112","滬深2X國票4B購01","54,000","3","20,250","0.37","0.38","0.37","0.38","-","0.17","0.36","25","0.37","10","18.32",
="067124","台塑國票49購02","0","0","0","--","--","--","--"," ","0.00","3.34","25","3.44","10","39.10",
="06712P","台灣50永豐4A售01","76,000","6","152,480","1.91","2.12","1.91","2.06","+","0.17","2.09","10","2.12","10","0.00",
="067139","和大元大49購01","0","0","0","--","--","--","--"," ","0.00","1.29","6","1.56","5","72.90",
="067141","台積電元大4B購03","30,000","3","7,150","0.24","0.24","0.23","0.23","X","0.00","--","0","--","0","1,160.00",
="067142","台積電元大4B購04","0","0","0","--","--","--","--"," ","0.00","0.01","499","--","0","1,160.00",
="067143","台積電元大4B購05","0","0","0","--","--","--","--"," ","0.00","--","0","0.50","20","1,160.00",
="067144","智邦元大4A購03","99,000","10","260,200","2.61","2.77","2.50","2.67","-","0.10","2.61","300","2.62","10","984.00",
="06714P","台積電永豐51售02","19,000","1","11,590","0.61","0.61","0.61","0.61","+","0.03","0.18","55","--","0","0.00",
="067158","聯發科元大51購01","20,000","1","2,800","0.14","0.14","0.14","0.14","X","0.00","--","0","1.00","4","1,385.00",
="067163","大立光元大4A購04","0","0","0","--","--","--","--"," ","0.00","0.07","499","0.08","10","2,395.00",
="067171","神達元大51購01","371,000","31","1,827,000","4.75","5.20","4.69","5.00","+","0.80","4.92","200","4.97","10","95.90",
="067172","材料元大4B購02","0","0","0","--","--","--","--"," ","0.00","0.18","499","0.19","10","67.70",
="067173","啟碁元大4A購02","1,000","1","240","0.24","0.24","0.24","0.24","-","0.03","0.22","499","0.23","10","127.00",
="067178","臺股指元大4C購08","0","0","0","--","--","--","--"," ","0.00","0.04","499","0.14","10","0.00",
="067179","台塑富邦49購01","0","0","0","--","--","--","--"," ","0.00","1.30","30","--","0","0.00",
="06717P","金像電群益4B售01","0","0","0","--","--","--","--"," ","0.00","--","0","0.01","100","0.00",
="067180","聯電富邦4B購01","0","0","0","--","--","--","--"," ","0.00","0.64","30","0.70","10","0.00",
="067181","聯電富邦4B購02","0","0","0","--","--","--","--"," ","0.00","0.23","30","0.24","10","0.00",
="067183","鴻海富邦4B購01","0","0","0","--","--","--","--"," ","0.00","1.49","30","1.56","10","0.00",
="067184","鴻海富邦4B購02","100,000","2","89,000","0.89","0.89","0.89","0.89","-","0.07","0.89","30","0.90","10","0.00",
="067185","國泰金富邦49購01","0","0","0","--","--","--","--"," ","0.00","0.14","30","0.15","10","0.00",
="067186","正文富邦49購01","0","0","0","--","--","--","--"," ","0.00","0.04","80","0.14","1","0.00",
="067187","元債2X富邦4B購03","1,000","1","1,180","1.18","1.18","1.18","1.18","+","0.02","1.17","100","1.18","100","0.00",
="067188","達興統一51購01","0","0","0","--","--","--","--"," ","0.00","2.40","10","2.50","10","387.00",
="067189","達興統一53購03","182,000","13","486,210","2.58","2.72","2.48","2.70","+","0.26","2.58","10","2.59","10","387.00",
="06718P","瑞昱群益51售01","0","0","0","--","--","--","--"," ","0.00","0.11","30","--","0","0.00",
="067190","達興統一55購01","47,000","5","104,670","2.19","2.26","2.19","2.23","+","0.28","2.20","10","2.21","10","387.00",
="067192","元黃金凱基4B購01","0","0","0","--","--","--","--"," ","0.00","1.64","100","1.65","10","37.00",
="067199","台積電凱基49購12","0","0","0","--","--","--","--"," ","0.00","0.10","100","0.20","10","1,160.00",
="067222","上証2X永豐51購01","0","0","0","--","--","--","--"," ","0.00","2.10","10","2.20","10","45.30",
="067223","元債2X永豐59購01","0","0","0","--","--","--","--"," ","0.00","1.07","10","1.08","10","7.05",
="067224","台積電永豐51購03","10,000","1","98,000","9.80","9.80","9.80","9.80","-","0.50","9.00","10","9.80","10","1,160.00",
="067225","億光永豐49購01","0","0","0","--","--","--","--"," ","0.00","--","0","0.05","49","68.30",
="067226","長榮永豐49購01","0","0","0","--","--","--","--"," ","0.00","0.44","499","0.50","10","188.00",
="067227","長榮航永豐51購01","7,000","5","15,610","2.27","2.27","2.14","2.14","-","0.02","2.12","10","2.14","10","39.05",
="067229","景碩永豐51購02","45,000","6","211,270","4.52","4.97","4.52","4.97","+","0.37","4.36","499","4.45","10","113.50",
="06722P","大立光群益49售03","0","0","0","--","--","--","--"," ","0.00","--","0","0.11","10","0.00",
="067234","道瓊銀元富51購01","0","0","0","--","--","--","--"," ","0.00","1.64","25","1.66","25","32.63",
="067235","中砂元富51購01","104,000","3","256,060","2.27","2.64","2.27","2.64","+","0.53","2.45","25","2.55","10","347.00",
="067239","長榮元富51購03","132,000","7","136,540","1.03","1.04","1.00","1.00","+","0.02","0.96","25","0.97","25","188.00",
="06723P","嘉澤群益49售01","0","0","0","--","--","--","--"," ","0.00","0.01","5","0.28","10","0.00",
="067245","亞翔元富4A購02","0","0","0","--","--","--","--"," ","0.00","4.61","25","4.71","25","349.50",
="067251","統一國票49購01","0","0","0","--","--","--","--"," ","0.00","0.01","25","--","0","77.70",
="067253","台積電國票49購03","0","0","0","--","--","--","--"," ","0.00","0.43","25","0.44","10","1,160.00",
="067262","健策國票49購02","10,000","1","11,900","1.19","1.19","1.19","1.19","-","0.60","1.51","25","1.61","10","1,905.00",
="067265","中租國票49購01","0","0","0","--","--","--","--"," ","0.00","0.01","25","0.02","10","115.50",
="067269","來億國票49購01","0","0","0","--","--","--","--"," ","0.00","--","0","0.25","50","243.50",
="067271","裕慶國票49購02","0","0","0","--","--","--","--"," ","0.00","--","0","--","0","156.50",
="067272","臺股指國票49購01","0","0","0","--","--","--","--"," ","0.00","0.03","499","0.04","499","0.00",
="067279","長榮兆豐49購01","0","0","0","--","--","--","--"," ","0.00","0.49","10","0.50","10","188.00",
="06727P","訊芯群益49售01","0","0","0","--","--","--","--"," ","0.00","--","0","--","0","0.00",
="067280","香港2X群益4A購02","0","0","0","--","--","--","--"," ","0.00","0.19","2","--","0","16.40",
="067288","致茂群益49購01","0","0","0","--","--","--","--"," ","0.00","2.02","7","4.28","4","556.00",
="067300","世芯群益49購03","0","0","0","--","--","--","--"," ","0.00","--","0","--","0","4,000.00",
="067303","亞翔群益49購03","0","0","0","--","--","--","--"," ","0.00","--","0","--","0","349.50",
="067310","天虹群益49購01","0","0","0","--","--","--","--"," ","0.00","--","0","--","0","208.50",
="067311","臺股指群益4A購09","0","0","0","--","--","--","--"," ","0.00","0.81","499","0.82","499","0.00",
="067312","臺股指群益4A購10","0","0","0","--","--","--","--"," ","0.00","0.69","499","0.70","499","0.00",
="067318","台塑元大4A購03","0","0","0","--","--","--","--"," ","0.00","2.45","300","2.49","10","39.10",
="067326","鴻海元大4A購03","0","0","0","--","--","--","--"," ","0.00","0.64","499","0.66","10","206.00",
="067343","奇鋐元大49購05","0","0","0","--","--","--","--"," ","0.00","--","0","3.48","10","1,015.00",
="067346","欣興元大4B購05","851,000","16","589,880","0.60","0.71","0.60","0.68","-","0.03","0.67","4","0.68","79","150.00",
="067348","緯創元大4B購03","1,178,000","9","625,040","0.54","0.55","0.53","0.55","+","0.01","0.52","100","--","0","115.00",
="067353","世芯元大51購01","133,000","6","317,490","2.46","2.46","2.28","2.35","-","0.05","2.28","300","2.30","10","4,000.00",
="06735P","台塑元大4A售02","0","0","0","--","--","--","--"," ","0.00","--","0","0.10","10","0.00",
="067365","臺股指元大49購22","0","0","0","--","--","--","--"," ","0.00","1.00","499","1.10","10","0.00",
="067367","臺股指元大4C購09","0","0","0","--","--","--","--"," ","0.00","0.75","100","0.85","10","0.00",
="067376","聯電富邦49購01","0","0","0","--","--","--","--"," ","0.00","0.04","30","0.05","10","0.00",
="067377","鴻海富邦49購03","0","0","0","--","--","--","--"," ","0.00","1.89","30","1.98","10","0.00",
="067378","鴻海富邦4B購03","0","0","0","--","--","--","--"," ","0.00","1.87","30","1.94","10","0.00",
="067379","台積電富邦49購05","0","0","0","--","--","--","--"," ","0.00","0.30","30","0.31","10","0.00",
="067380","台積電富邦49購06","0","0","0","--","--","--","--"," ","0.00","0.20","30","0.21","10","0.00",
="067382","長榮富邦49購02","10,000","1","2,500","0.25","0.25","0.25","0.25","X","0.00","0.22","10","0.23","10","0.00",
="067389","台塑元富51購01","0","0","0","--","--","--","--"," ","0.00","0.97","25","0.98","25","39.10",
="067390","科妍元富51購02","10,000","1","2,900","0.29","0.29","0.29","0.29","X","0.00","0.29","25","0.30","25","91.40",
="067392","國巨元富51購02","0","0","0","--","--","--","--"," ","0.00","2.23","25","2.28","25","137.00",
="067398","奇鋐元富4A購08","0","0","0","--","--","--","--"," ","0.00","12.40","25","12.80","25","1,015.00",
="067399","世芯元富51購04","106,000","5","257,380","2.44","2.44","2.28","2.28","-","0.08","2.24","25","2.25","25","4,000.00",
="067403","惠特元富4A購01","0","0","0","--","--","--","--"," ","0.00","--","0","0.10","10","62.30",
="067404","惠特元富51購01","0","0","0","--","--","--","--"," ","0.00","0.05","5","0.09","20","62.30",
="067405","台塑統一51購05","0","0","0","--","--","--","--"," ","0.00","0.95","10","0.96","10","39.10",
="067406","台塑統一51購06","40,000","3","25,350","0.64","0.65","0.62","0.62","-","0.10","0.62","10","0.63","10","39.10",
="067407","台化統一4C購01","26,000","3","15,240","0.59","0.59","0.56","0.57","-","0.05","0.56","10","0.57","10","29.90",
="067408","台化統一51購03","51,000","1","46,410","0.91","0.91","0.91","0.91","-","0.03","0.87","10","0.88","10","29.90",
="067409","鴻海統一51購05","0","0","0","--","--","--","--"," ","0.00","1.20","10","1.21","10","206.00",
="067410","台積電統一51購07","0","0","0","--","--","--","--"," ","0.00","0.73","10","0.74","10","1,160.00",
="067411","奇鋐統一51購02","0","0","0","--","--","--","--"," ","0.00","2.82","10","2.92","10","1,015.00",
="067412","達興統一51購02","6,000","2","19,440","3.19","3.25","3.19","3.25","+","0.54","3.18","10","3.26","10","387.00",
="067413","台塑化統一51購01","0","0","0","--","--","--","--"," ","0.00","0.57","10","0.58","10","40.75",
="067414","永道統一51購03","0","0","0","--","--","--","--"," ","0.00","0.05","10","0.06","10","154.50",
="067417","台灣50永豐4B購01","0","0","0","--","--","--","--"," ","0.00","17.40","10","18.00","10","52.50",
="067419","台塑永豐49購01","1,000","1","3,860","3.86","3.86","3.86","3.86","-","0.89","3.68","499","3.78","10","39.10",
="067422","潤泰全永豐51購01","0","0","0","--","--","--","--"," ","0.00","0.14","10","0.17","10","53.60",
="067423","奇鋐永豐51購01","0","0","0","--","--","--","--"," ","0.00","4.33","10","4.43","10","1,015.00",
="067426","玉晶光永豐4B購01","54,000","6","116,150","2.06","2.20","2.06","2.20","+","0.17","2.08","10","2.11","10","461.50",
="067427","嘉澤永豐4B購01","10,000","2","28,900","2.89","2.89","2.89","2.89","+","0.19","2.77","499","2.87","10","1,465.00",
="067429","神達永豐51購01","94,000","12","313,810","3.15","3.45","3.15","3.37","+","0.57","3.37","10","3.39","70","95.90",
="06742P","台塑凱基49售05","0","0","0","--","--","--","--"," ","0.00","--","0","0.10","10","0.00",
="067430","材料永豐49購02","0","0","0","--","--","--","--"," ","0.00","0.01","10","0.06","23","67.70",
="067433","永道永豐4A購01","0","0","0","--","--","--","--"," ","0.00","0.01","499","0.03","10","154.50",
="067436","台積電台新49購02","0","0","0","--","--","--","--"," ","0.00","0.25","10","--","0","0.00",
="067446","惠特國票49購01","0","0","0","--","--","--","--"," ","0.00","--","0","--","0","62.30",
="067455","台灣50凱基49購07","0","0","0","--","--","--","--"," ","0.00","1.72","100","--","0","52.50",
="067456","台灣50凱基4B購02","7,000","7","550","0.08","0.08","0.07","0.08","X","0.00","0.07","101","0.08","50","52.50",
="067457","台塑凱基4B購01","0","0","0","--","--","--","--"," ","0.00","1.11","100","1.21","10","39.10",
="06747P","迅得凱基49售02","0","0","0","--","--","--","--"," ","0.00","--","0","--","0","0.00",
="067482","力智凱基49購01","0","0","0","--","--","--","--"," ","0.00","--","0","0.10","10","188.50",
="067489","臺股指凱基4A購13","45,000","5","43,700","0.98","1.01","0.90","0.94","-","0.38","0.92","100","0.93","10","0.00",
="06748P","台光電永豐49售02","0","0","0","--","--","--","--"," ","0.00","--","0","0.04","10","0.00",
="067490","臺股指凱基4B購13","0","0","0","--","--","--","--"," ","0.00","0.14","10","0.15","10","0.00",
="067491","滬深2X元大4C購01","0","0","0","--","--","--","--"," ","0.00","1.98","100","2.08","10","18.32",
="067492","滬深2X元大51購01","105,000","8","144,850","1.37","1.46","1.34","1.34","-","0.30","1.34","221","1.35","250","18.32",
="067494","元油反元大4A購01","0","0","0","--","--","--","--"," ","0.00","0.26","100","0.31","10","6.68",
="067496","SGBR2X元大49購02","0","0","0","--","--","--","--"," ","0.00","--","0","0.10","10","11.25",
="067498","台塑元大4A購04","83,000","4","67,270","0.84","0.84","0.81","0.81","-","0.31","0.79","499","0.80","10","39.10",
="067504","鴻海元大4A購04","0","0","0","--","--","--","--"," ","0.00","1.52","450","1.56","10","206.00",
="067508","威盛元大49購07","0","0","0","--","--","--","--"," ","0.00","--","0","0.10","10","62.00",
="067514","大立光元大4A購05","248,000","3","85,420","0.35","0.35","0.34","0.34","-","0.03","0.34","25","0.35","10","2,395.00",
="067516","奇鋐元大49購06","0","0","0","--","--","--","--"," ","0.00","--","0","8.20","10","1,015.00",
="067517","奇鋐元大4B購01","0","0","0","--","--","--","--"," ","0.00","--","0","8.10","10","1,015.00",
="067521","欣興元大4B購06","1,232,000","25","313,980","0.24","0.29","0.24","0.26","-","0.03","0.26","9","0.27","10","150.00",
="067524","臻鼎元大4A購01","0","0","0","--","--","--","--"," ","0.00","3.19","250","3.80","5","194.00",
="067528","保瑞元大49購01","0","0","0","--","--","--","--"," ","0.00","0.06","499","0.07","10","733.00",
="067532","台塑群益49購02","94,000","3","152,640","1.68","1.68","1.47","1.47","X","0.00","1.43","499","--","0","39.10",
="06753P","道瓊指國票4A售01","0","0","0","--","--","--","--"," ","0.00","0.24","25","0.25","10","0.00",
="067547","群創群益49購02","0","0","0","--","--","--","--"," ","0.00","--","0","0.14","10","14.15",
="067549","同欣電群益49購01","0","0","0","--","--","--","--"," ","0.00","--","0","--","0","112.50",
="067552","泰金寶群益49購01","0","0","0","--","--","--","--"," ","0.00","--","0","0.10","10","6.01",
="06755P","中興電群益49售01","0","0","0","--","--","--","--"," ","0.00","--","0","0.02","549","0.00",
="067563","大成鋼兆豐4A購01","7,000","2","7,180","1.06","1.06","0.98","0.98","-","0.14","0.97","10","0.98","7","38.60",
="067565","台泥富邦49購01","0","0","0","--","--","--","--"," ","0.00","--","0","0.03","10","0.00",
="067566","華新富邦49購01","20,000","1","1,800","0.09","0.09","0.09","0.09","X","0.00","0.07","30","0.08","10","0.00",
="067567","台玻富邦49購01","0","0","0","--","--","--","--"," ","0.00","7.80","30","8.30","10","0.00",
="067568","中鴻富邦49購01","0","0","0","--","--","--","--"," ","0.00","0.10","30","0.11","10","0.00",
="067569","台達電富邦49購01","0","0","0","--","--","--","--"," ","0.00","6.35","30","6.60","10","0.00",
="067570","廣宇富邦49購01","0","0","0","--","--","--","--"," ","0.00","3.22","30","3.27","10","0.00",
="067571","華泰富邦49購01","33,000","6","30,620","0.82","1.03","0.82","1.03","+","0.09","0.92","30","0.93","10","0.00",
="067572","友達富邦49購01","0","0","0","--","--","--","--"," ","0.00","0.13","30","0.14","10","0.00",
="067574","精成科富邦4A購01","0","0","0","--","--","--","--"," ","0.00","5.30","13","--","0","0.00",
="067576","台塑化富邦49購01","0","0","0","--","--","--","--"," ","0.00","0.49","10","0.50","10","0.00",
="067577","力智富邦49購01","0","0","0","--","--","--","--"," ","0.00","--","0","0.10","10","0.00",
="067578","至上富邦49購01","0","0","0","--","--","--","--"," ","0.00","--","0","0.03","10","0.00",
="067579","勤誠富邦49購01","0","0","0","--","--","--","--"," ","0.00","7.00","30","7.50","10","0.00",
="06757P","臺股指群益4A售11","40,000","1","2,000","0.05","0.05","0.05","0.05","X","0.00","0.04","549","0.05","499","0.00",
="067580","百和富邦49購01","0","0","0","--","--","--","--"," ","0.00","--","0","0.03","10","0.00",
="067581","臺股指富邦49購08","0","0","0","--","--","--","--"," ","0.00","0.09","499","0.10","100","0.00",
="067589","元債2X元富61購03","0","0","0","--","--","--","--"," ","0.00","1.05","25","1.06","25","7.05",
="06758P","臺股指群益4A售12","0","0","0","--","--","--","--"," ","0.00","0.08","499","0.09","499","0.00",
="067594","台塑元富49購03","0","0","0","--","--","--","--"," ","0.00","0.51","25","0.61","10","39.10",
="067595","台塑元富51購02","9,000","9","14,480","1.80","1.80","1.39","1.39","X","0.00","1.36","25","1.37","25","39.10",
="067609","台塑化元富4A購01","0","0","0","--","--","--","--"," ","0.00","1.52","25","1.54","25","40.75",
="06760P","台灣50元大49售07","0","0","0","--","--","--","--"," ","0.00","0.05","100","0.15","10","0.00",
="067610","台塑化元富51購01","11,000","3","15,550","1.44","1.44","1.39","1.40","-","0.17","1.39","25","1.40","25","40.75",
="067612","台塑中信4A購01","363,000","16","428,090","1.20","1.23","1.06","1.06","-","0.33","1.06","6","1.09","10","0.00",
="067615","台塑統一51購07","0","0","0","--","--","--","--"," ","0.00","0.40","10","0.41","10","39.10",
="067616","台塑統一61購01","0","0","0","--","--","--","--"," ","0.00","0.50","10","0.51","10","39.10",
="067617","南亞統一51購03","21,000","4","23,020","1.13","1.13","1.06","1.06","-","0.27","1.07","10","1.08","10","43.00",
="067618","南亞統一51購04","114,000","6","172,420","1.57","1.57","1.42","1.42","-","0.21","1.42","10","1.44","10","43.00",
="067619","南亞統一51購05","0","0","0","--","--","--","--"," ","0.00","1.68","10","1.78","10","43.00",
="06761P","台灣50元大49售08","0","0","0","--","--","--","--"," ","0.00","0.06","100","0.16","10","0.00",
="067620","南亞統一53購01","79,000","7","91,530","1.20","1.20","1.10","1.10","-","0.18","1.11","10","1.12","10","43.00",
="067621","台化統一51購04","10,000","1","7,000","0.70","0.70","0.70","0.70","-","0.06","0.69","10","0.70","10","29.90",
="067622","宇隆統一51購01","101,000","5","73,240","0.74","0.74","0.71","0.72","+","0.03","0.66","10","0.67","10","262.00",
="067627","鴻海統一51購06","10,000","2","12,800","1.27","1.29","1.27","1.29","-","0.04","1.29","168","1.30","168","206.00",
="067629","台積電統一51購08","0","0","0","--","--","--","--"," ","0.00","0.52","10","0.53","10","1,160.00",
="067630","台積電統一57購10","0","0","0","--","--","--","--"," ","0.00","0.77","10","0.78","10","1,160.00",
="067631","金像電統一51購03","0","0","0","--","--","--","--"," ","0.00","4.62","10","4.67","10","486.00",
="067632","大立光統一51購04","0","0","0","--","--","--","--"," ","0.00","0.50","10","0.51","10","2,395.00",
="067633","奇鋐統一4C購03","11,000","1","36,520","3.32","3.32","3.32","3.32","-","0.05","3.12","10","3.13","10","1,015.00",
="067634","中磊統一51購01","5,000","1","800","0.16","0.16","0.16","0.16","X","0.00","0.15","10","0.16","10","105.50",
="067635","鈺邦統一51購01","441,000","9","729,080","1.80","1.85","1.56","1.69","-","0.24","1.56","10","1.66","10","178.00",
="067636","台塑化統一51購02","0","0","0","--","--","--","--"," ","0.00","0.58","10","0.59","10","40.75",
="067637","台塑化統一51購03","12,000","1","10,200","0.85","0.85","0.85","0.85","-","0.12","0.84","10","0.85","10","40.75",
="067638","來億統一51購01","0","0","0","--","--","--","--"," ","0.00","0.04","10","0.05","10","243.50",
="067639","來億統一51購02","1,000","1","100","0.10","0.10","0.10","0.10","X","0.00","0.02","10","0.03","10","243.50",
="067640","來億統一55購01","0","0","0","--","--","--","--"," ","0.00","0.05","10","0.10","10","243.50",
="067641","來億統一57購01","36,000","3","3,600","0.10","0.10","0.10","0.10","X","0.00","0.09","10","0.10","10","243.50",
="067642","世紀鋼統一51購02","436,000","11","306,680","0.71","0.71","0.67","0.67","-","0.06","0.67","10","0.68","10","188.00",
="067643","T50正2永豐49購01","0","0","0","--","--","--","--"," ","0.00","0.39","499","0.40","10","259.40",
="067644","台塑永豐51購01","10,000","1","35,300","3.53","3.53","3.53","3.53","X","0.00","3.34","10","3.36","10","39.10",
="067646","南亞永豐4A購01","0","0","0","--","--","--","--"," ","0.00","7.95","499","8.10","10","43.00",
="067647","台化永豐49購01","28,000","2","17,440","0.63","0.63","0.62","0.62","-","0.13","0.58","10","0.61","10","29.90",
="067648","技嘉永豐4B購01","0","0","0","--","--","--","--"," ","0.00","2.49","499","2.59","10","281.00",
="06764P","臺股指元大4A售11","0","0","0","--","--","--","--"," ","0.00","0.08","100","0.18","10","0.00",
="067657","祥碩永豐4A購01","50,000","1","5,000","0.10","0.10","0.10","0.10","-","0.02","0.09","10","0.11","10","1,665.00",
="067659","臺股指永豐4B購04","0","0","0","--","--","--","--"," ","0.00","0.20","499","0.21","10","0.00",
="06765P","臺股指元大4A售12","0","0","0","--","--","--","--"," ","0.00","0.25","100","0.35","10","0.00",
="067660","臺股指永豐4B購05","0","0","0","--","--","--","--"," ","0.00","0.19","499","0.20","10","0.00",
="067661","臺股指永豐4B購06","0","0","0","--","--","--","--"," ","0.00","1.16","499","1.17","10","0.00",
="067662","滬深2X凱基4C購01","0","0","0","--","--","--","--"," ","0.00","2.23","10","2.24","50","18.32",
="067663","滬深2X凱基51購01","0","0","0","--","--","--","--"," ","0.00","1.32","10","1.33","50","18.32",
="067664","元油反凱基4A購01","0","0","0","--","--","--","--"," ","0.00","0.50","100","0.51","50","6.68",
="067665","台塑凱基4B購02","0","0","0","--","--","--","--"," ","0.00","0.27","100","0.37","10","39.10",
="067683","臻鼎凱基4A購02","5,000","1","25,000","5.00","5.00","5.00","5.00","-","0.50","5.00","100","5.20","20","194.00",
="067690","電子類凱基49購01","0","0","0","--","--","--","--"," ","0.00","2.19","10","2.20","10","0.00",
="067691","S&P反1元大4A購01","0","0","0","--","--","--","--"," ","0.00","0.03","100","0.13","10","4.56",
="067692","S&P反1元大51購01","0","0","0","--","--","--","--"," ","0.00","0.04","100","0.09","10","4.56",
="067693","元金反元大4A購01","0","0","0","--","--","--","--"," ","0.00","--","0","0.02","1,088","7.48",
="067695","FB越南元大4A購01","0","0","0","--","--","--","--"," ","0.00","3.13","100","3.23","10","16.09",
="067704","鴻海元大4A購05","45,000","5","46,800","1.04","1.04","1.04","1.04","-","0.07","1.05","499","1.09","10","206.00",
="067707","台積電元大4A購07","0","0","0","--","--","--","--"," ","0.00","--","0","--","0","1,160.00",
="067713","聯發科元大4B購03","0","0","0","--","--","--","--"," ","0.00","--","0","--","0","1,385.00",
="067719","奇鋐元大49購07","0","0","0","--","--","--","--"," ","0.00","--","0","--","0","1,015.00",
="067720","奇鋐元大4B購02","0","0","0","--","--","--","--"," ","0.00","--","0","8.50","10","1,015.00",
="067734","台塑群益49購03","0","0","0","--","--","--","--"," ","0.00","0.11","10","0.21","10","39.10",
="067735","台化群益4B購01","253,000","7","283,620","1.06","1.18","1.06","1.08","-","0.15","1.07","10","1.17","10","29.90",
="067737","中鋼群益4B購01","0","0","0","--","--","--","--"," ","0.00","0.24","10","0.34","10","20.15",
="067738","友達群益4B購01","136,000","3","11,990","0.08","0.09","0.08","0.09"," ","0.00","0.01","529","0.10","12","13.05",
="067742","穎崴群益49購01","0","0","0","--","--","--","--"," ","0.00","0.20","499","0.30","10","1,250.00",
="067744","來億群益49購02","0","0","0","--","--","--","--"," ","0.00","--","0","--","0","243.50",
="067745","台塑富邦49購02","0","0","0","--","--","--","--"," ","0.00","0.01","100","0.08","10","0.00",
="067746","南亞富邦49購01","0","0","0","--","--","--","--"," ","0.00","1.57","10","1.67","10","0.00",
="067747","大立光富邦49購02","0","0","0","--","--","--","--"," ","0.00","0.23","10","0.24","10","0.00",
="067748","達發富邦49購01","0","0","0","--","--","--","--"," ","0.00","0.06","30","0.07","10","0.00",
="067749","愛普富邦49購01","10,000","1","5,500","0.55","0.55","0.55","0.55"," ","0.00","0.59","30","0.62","10","0.00",
="067759","台塑統一51購08","33,000","9","79,140","2.48","2.48","2.36","2.39","-","0.25","2.35","10","2.36","10","39.10",
="067760","川湖統一51購03","0","0","0","--","--","--","--"," ","0.00","2.95","10","2.98","10","2,925.00",
="067761","金像電統一4B購02","2,000","1","10,300","5.15","5.15","5.15","5.15","X","0.00","5.30","10","5.55","10","486.00",
="067762","技嘉統一51購02","47,000","2","36,150","0.77","0.77","0.75","0.75","-","0.02","0.74","10","0.75","10","281.00",
="067763","南亞科統一4B購01","0","0","0","--","--","--","--"," ","0.00","2.22","10","2.28","10","46.65",
="067764","南亞科統一51購02","0","0","0","--","--","--","--"," ","0.00","1.80","10","1.81","10","46.65",
="067765","京元電統一51購02","102,000","10","84,950","0.81","0.88","0.80","0.86","+","0.06","0.84","10","0.85","10","142.00",
="067766","飛宏統一4C購01","0","0","0","--","--","--","--"," ","0.00","0.08","10","--","0","26.10",
="067767","神基統一4B購02","120,000","5","123,800","0.96","1.10","0.96","1.08","+","0.21","1.07","10","1.13","10","157.00",
="067768","神基統一51購01","1,125,000","25","1,060,240","0.97","1.06","0.93","1.01","+","0.17","1.00","10","1.01","10","157.00",
="067769","奇鋐統一4B購03","0","0","0","--","--","--","--"," ","0.00","3.74","10","3.84","10","1,015.00",
="067770","世芯統一4C購05","1,000","1","1,120","1.12","1.12","1.12","1.12","+","0.01","1.13","10","1.14","10","4,000.00",
="067771","來億統一51購03","0","0","0","--","--","--","--"," ","0.00","0.02","10","0.03","10","243.50",
="067772","來億統一53購01","10,000","1","400","0.04","0.04","0.04","0.04","X","0.00","0.03","10","--","0","243.50",
="067779","科妍國票4A購01","0","0","0","--","--","--","--"," ","0.00","0.01","25","0.02","10","91.40",
="067782","巨大國票49購01","0","0","0","--","--","--","--"," ","0.00","0.01","25","0.02","10","104.50",
="067787","香港2X元富51購01","0","0","0","--","--","--","--"," ","0.00","2.00","25","2.10","10","16.40",
="06778P","台積電凱基5B售03","0","0","0","--","--","--","--"," ","0.00","5.65","100","5.70","10","0.00",
="067790","國巨元富51購03","160,000","3","206,000","1.32","1.32","1.28","1.28","-","0.02","1.28","25","1.32","25","137.00",
="067792","皇昌元富51購01","2,000","1","2,060","1.03","1.03","1.03","1.03","+","0.08","0.99","25","1.00","25","83.50",
="067794","神基元富4A購01","145,000","16","261,180","1.59","2.11","1.53","1.78","+","0.34","1.80","25","1.84","25","157.00",
="067797","玉晶光元富4A購01","0","0","0","--","--","--","--"," ","0.00","0.48","25","0.49","25","461.50",
="067807","日月光元富51購01","37,000","2","23,780","0.65","0.65","0.64","0.64","-","0.08","0.61","25","0.63","25","147.50",
="067808","材料元富51購01","100,000","1","20,000","0.20","0.20","0.20","0.20","+","0.02","0.18","25","0.19","25","67.70",
="067810","台塑化元富51購02","0","0","0","--","--","--","--"," ","0.00","1.05","25","1.06","25","40.75",
="067813","永道元富4A購01","0","0","0","--","--","--","--"," ","0.00","--","0","0.10","25","154.50",
="067814","中鴻永豐4A購01","20,000","1","2,600","0.13","0.13","0.13","0.13","X","0.00","0.12","10","0.13","10","16.15",
="067815","川湖永豐4A購01","0","0","0","--","--","--","--"," ","0.00","15.40","10","16.40","10","2,925.00",
="067820","鴻準永豐4B購01","10,000","1","5,700","0.57","0.57","0.57","0.57","X","0.00","0.53","10","0.54","10","71.70",
="067822","神基永豐49購01","47,000","7","103,900","2.05","2.30","2.05","2.19","+","0.35","2.16","47","2.19","10","157.00",
="067826","辛耘永豐49購01","84,000","5","88,310","0.99","1.14","0.85","1.14","+","0.16","1.17","10","1.19","10","393.50",
="067829","南電永豐49購01","0","0","0","--","--","--","--"," ","0.00","4.83","499","--","0","226.00",
="067830","巨大永豐49購01","0","0","0","--","--","--","--"," ","0.00","--","0","0.03","10","104.50",
="067831","世紀鋼永豐4B購01","99,000","6","861,050","8.75","8.75","8.65","8.65","-","0.65","8.45","10","8.65","10","188.00",
="067834","S&P反1凱基51購01","0","0","0","--","--","--","--"," ","0.00","0.04","110","0.13","100","4.56",
="067836","台泥凱基49購01","0","0","0","--","--","--","--"," ","0.00","--","0","0.02","315","22.80",
="067844","上銀凱基49購04","0","0","0","--","--","--","--"," ","0.00","--","0","0.10","10","215.50",
="067852","全新凱基49購01","0","0","0","--","--","--","--"," ","0.00","0.01","100","0.02","10","153.50",
="067859","迅得凱基4B購01","0","0","0","--","--","--","--"," ","0.00","0.14","100","0.15","50","193.50",
="067863","來億凱基49購01","0","0","0","--","--","--","--"," ","0.00","--","0","0.10","10","243.50",
="067864","裕慶凱基49購01","0","0","0","--","--","--","--"," ","0.00","--","0","0.10","10","156.50",
="067870","台塑群益4B購02","160,000","2","127,200","0.80","0.80","0.79","0.79","X","0.00","0.76","10","0.86","10","39.10",
="06787P","聯電群益49售02","0","0","0","--","--","--","--"," ","0.00","--","0","--","0","0.00",
="067884","訊芯群益4B購01","100,000","1","4,000","0.04","0.04","0.04","0.04","-","0.01","0.03","25","0.04","10","165.00",
="067886","穎崴群益4B購01","113,000","2","116,230","1.02","1.03","1.02","1.03","-","0.01","0.40","25","--","0","1,250.00",
="067888","巨大群益51購01","0","0","0","--","--","--","--"," ","0.00","0.01","20","--","0","104.50",
="06788P","台達電群益49售01","0","0","0","--","--","--","--"," ","0.00","--","0","--","0","0.00",
="067891","T50正2元大49購02","0","0","0","--","--","--","--"," ","0.00","0.54","499","0.64","10","259.40",
="067892","T50正2元大4A購01","0","0","0","--","--","--","--"," ","0.00","0.57","499","0.67","10","259.40",
="067893","T50正2元大4C購02","0","0","0","--","--","--","--"," ","0.00","1.15","100","1.25","10","259.40",
="067894","滬深2X元大55購01","62,000","9","266,940","4.24","4.47","4.24","4.42","-","0.45","4.24","250","4.25","250","18.32",
="067895","滬深2X元大56購01","1,000","1","3,980","3.98","3.98","3.98","3.98","X","0.00","3.96","250","3.97","250","18.32",
="067896","滬深2X元大57購01","29,000","6","114,600","3.81","3.99","3.80","3.90","-","0.39","3.74","250","3.75","250","18.32",
="067897","元債2X元大61購01","10,000","1","9,100","0.91","0.91","0.91","0.91","+","0.01","0.91","100","0.92","50","7.05",
="067898","美債2X元大61購01","10,000","2","8,400","0.84","0.84","0.84","0.84","X","0.00","0.84","100","0.85","50","7.03",
="067912","聯發科元大4B購04","40,000","1","9,600","0.24","0.24","0.24","0.24","-","0.02","0.01","499","--","0","1,385.00",
="067920","奇鋐元大4B購03","1,000","1","7,500","7.50","7.50","7.50","7.50","X","0.00","7.70","100","--","0","1,015.00",
="067925","矽力元大49購01","0","0","0","--","--","--","--"," ","0.00","--","0","0.10","10","317.00",
="067930","臺股指元大4B購09","0","0","0","--","--","--","--"," ","0.00","0.19","499","0.29","10","0.00",
="067931","臺股指元大4C購10","0","0","0","--","--","--","--"," ","0.00","0.86","100","0.96","10","0.00",
="067932","中砂富邦49購01","1,000","1","410","0.41","0.41","0.41","0.41","X","0.00","0.39","10","0.48","10","0.00",
="067933","海悅富邦49購01","0","0","0","--","--","--","--"," ","0.00","--","0","0.10","10","0.00",
="067934","佳能富邦49購01","0","0","0","--","--","--","--"," ","0.00","1.66","30","1.70","10","0.00",
="067936","穎崴富邦4A購01","130,000","2","32,500","0.25","0.25","0.25","0.25","+","0.02","0.26","10","0.27","10","0.00",
="067946","台達電永豐49購01","0","0","0","--","--","--","--"," ","0.00","15.40","499","--","0","709.00",
="067947","國巨永豐4B購01","45,000","6","40,160","0.89","0.95","0.84","0.84","X","0.00","0.81","10","0.84","10","137.00",
="067949","智邦永豐49購01","0","0","0","--","--","--","--"," ","0.00","3.66","499","3.76","10","984.00",
="067950","金像電永豐4B購01","0","0","0","--","--","--","--"," ","0.00","92.50","499","95.50","10","486.00",
="067951","佳能永豐4A購01","105,000","6","333,330","3.20","3.27","3.07","3.21","-","0.26","1.12","17","--","0","80.80",
="067956","玉晶光永豐4B購02","190,000","10","163,190","0.86","0.91","0.82","0.86","-","0.04","0.87","10","0.88","10","461.50",
="067958","創意永豐4A購01","0","0","0","--","--","--","--"," ","0.00","1.82","5","--","0","1,350.00",
="067959","創意永豐4B購01","0","0","0","--","--","--","--"," ","0.00","0.52","38","1.08","1","1,350.00",
="067961","創意永豐4C購02","214,000","8","434,720","1.98","2.06","1.98","1.98","+","0.01","0.95","21","--","0","1,350.00",
="067962","創意永豐51購01","0","0","0","--","--","--","--"," ","0.00","0.57","17","2.86","3","1,350.00",
="067964","辛耘永豐4B購01","509,000","2","376,360","0.74","0.74","0.71","0.71","+","0.05","0.74","10","0.75","1","393.50",
="067971","台塑統一51購10","32,000","4","20,340","0.64","0.64","0.62","0.62","-","0.09","0.61","10","0.62","10","39.10",
="067972","南亞統一51購06","30,000","2","42,200","1.42","1.42","1.38","1.38","-","0.14","1.27","10","1.28","10","43.00",
="067974","台化統一51購05","0","0","0","--","--","--","--"," ","0.00","0.52","10","0.53","10","29.90",
="067975","中砂統一4C購02","716,000","26","641,230","0.85","0.95","0.85","0.91","+","0.06","0.90","10","0.91","10","347.00",
="067976","光寶科統一4C購01","1,511,000","32","1,492,160","0.96","1.01","0.96","1.00","-","0.01","0.96","50","0.97","10","130.00",
="067977","台達電統一51購01","95,000","11","233,700","2.47","2.47","2.40","2.44","-","0.12","2.38","10","2.41","10","709.00",
="067978","鴻海統一4C購09","0","0","0","--","--","--","--"," ","0.00","1.23","10","1.24","10","206.00",
="067979","致茂統一51購02","61,000","5","79,280","1.28","1.30","1.28","1.30","+","0.01","1.34","10","1.35","10","556.00",
="067980","佳能統一51購01","0","0","0","--","--","--","--"," ","0.00","0.96","10","0.97","10","80.80",
="067981","聯發科統一4C購09","102,000","2","34,630","0.33","0.34","0.33","0.34","-","0.01","0.32","15","0.33","10","1,385.00",
="067982","鉅祥統一54購01","488,000","25","436,380","0.84","0.91","0.84","0.91","+","0.07","0.89","10","0.90","10","98.10",
="067983","神基統一4C購01","552,000","13","761,310","1.38","1.51","1.31","1.40","+","0.21","1.40","10","1.43","10","157.00",
="067984","創意統一51購02","52,000","1","26,520","0.51","0.51","0.51","0.51","+","0.02","0.50","10","0.51","10","1,350.00",
="067985","辛耘統一51購04","0","0","0","--","--","--","--"," ","0.00","0.46","10","0.47","10","393.50",
="067986","祥碩統一51購01","60,000","2","9,500","0.16","0.16","0.15","0.15","X","0.00","0.14","10","0.15","10","1,665.00",
="067987","保瑞統一51購03","0","0","0","--","--","--","--"," ","0.00","0.54","10","0.55","10","733.00",
="067993","台灣50群益51購01","8,000","2","2,580","0.34","0.34","0.32","0.32","-","0.04","0.30","118","0.31","100","52.50",
="067995","台泥群益49購01","0","0","0","--","--","--","--"," ","0.00","--","0","--","0","22.80",
="068001","佳能群益49購01","0","0","0","--","--","--","--"," ","0.00","--","0","2.27","10","80.80",
="068002","瑞昱群益49購01","0","0","0","--","--","--","--"," ","0.00","--","0","--","0","545.00",
="068003","南亞科群益49購01","0","0","0","--","--","--","--"," ","0.00","--","0","4.60","10","46.65",
="068004","美律群益49購01","0","0","0","--","--","--","--"," ","0.00","0.06","166","0.37","10","107.50",
="068009","創意群益49購04","0","0","0","--","--","--","--"," ","0.00","--","0","0.27","10","1,350.00",
="06800P","鴻海富邦49售04","0","0","0","--","--","--","--"," ","0.00","--","0","0.03","10","0.00",
="068012","世芯群益51購02","0","0","0","--","--","--","--"," ","0.00","1.32","10","1.42","10","4,000.00",
="068016","鈺齊群益49購01","0","0","0","--","--","--","--"," ","0.00","--","0","0.11","10","106.50",
="068018","S&P正2元大49購01","0","0","0","--","--","--","--"," ","0.00","0.34","100","0.40","10","105.05",
="06801P","神達富邦49售01","0","0","0","--","--","--","--"," ","0.00","--","0","0.05","10","0.00",
="068020","中興電元大4A購01","264,000","7","107,980","0.40","0.41","0.38","0.41","+","0.05","0.41","499","0.42","10","167.00",
="068021","中興電元大4B購01","728,000","14","348,480","0.49","0.49","0.46","0.49","+","0.06","0.49","499","0.50","10","167.00",
="06802P","臺股指富邦4B售04","0","0","0","--","--","--","--"," ","0.00","0.05","499","0.07","100","0.00",
="068031","聯發科元大4B購05","0","0","0","--","--","--","--"," ","0.00","--","0","--","0","1,385.00",
="068032","長榮元大49購03","151,000","10","730,250","4.96","5.25","4.61","4.61","+","0.03","4.34","150","4.44","10","188.00",
="06803P","鴻海國票4A售02","0","0","0","--","--","--","--"," ","0.00","--","0","0.07","305","0.00",
="068042","創意元大4B購03","450,000","3","153,860","0.33","0.35","0.33","0.34","+","0.02","0.01","499","0.40","20","1,350.00",
="068053","T50正2凱基49購02","0","0","0","--","--","--","--"," ","0.00","1.05","100","1.06","10","259.40",
="068054","T50正2凱基4A購03","51,000","7","35,420","0.75","0.75","0.67","0.67","X","0.00","0.68","100","0.69","10","259.40",
="068055","滬深2X凱基55購01","499,000","1","1,626,740","3.26","3.26","3.26","3.26","X","0.00","3.25","10","--","0","18.32",
="068056","滬深2X凱基56購01","0","0","0","--","--","--","--"," ","0.00","3.50","10","3.51","50","18.32",
="068057","元債2X凱基5C購03","0","0","0","--","--","--","--"," ","0.00","0.76","100","0.77","50","7.05",
="068058","美債2X凱基5C購01","3,000","3","2,380","0.79","0.80","0.79","0.80","+","0.01","0.80","100","0.81","10","7.03",
="068059","元日2X凱基59購01","0","0","0","--","--","--","--"," ","0.00","0.52","100","0.53","50","5.97",
="068060","道瓊銅凱基4B購01","4,000","1","360","0.09","0.09","0.09","0.09","X","0.00","0.09","100","0.19","10","24.91",
="068075","大立光凱基56購01","0","0","0","--","--","--","--"," ","0.00","1.07","100","1.08","10","2,395.00",
="068077","奇鋐凱基49購04","0","0","0","--","--","--","--"," ","0.00","9.00","100","9.50","10","1,015.00",
="068078","智原凱基4A購02","0","0","0","--","--","--","--"," ","0.00","0.01","100","0.11","10","158.00",
="068079","欣興凱基49購01","0","0","0","--","--","--","--"," ","0.00","0.03","100","0.13","10","150.00",
="068081","創意凱基4C購01","167,000","7","188,300","1.16","1.16","1.09","1.09","+","0.01","1.08","100","1.10","10","1,350.00",
="068082","日月光凱基4B購01","0","0","0","--","--","--","--"," ","0.00","0.13","499","0.14","40","147.50",
="06808P","T50正2元富49售01","0","0","0","--","--","--","--"," ","0.00","--","0","0.10","10","0.00",
="068115","創意元富51購01","31,000","2","117,000","3.87","3.87","3.76","3.76","-","0.15","1.37","7","--","0","1,350.00",
="068122","富世達元富51購01","0","0","0","--","--","--","--"," ","0.00","6.05","25","6.25","25","1,145.00",
="068129","台塑兆豐49購01","0","0","0","--","--","--","--"," ","0.00","0.07","10","0.08","10","39.10",
="068130","華城兆豐4A購01","100,000","2","135,000","1.35","1.35","1.35","1.35","X","0.00","1.20","10","1.21","10","618.00",
="068132","力積電兆豐4B購02","50,000","2","9,000","0.18","0.18","0.18","0.18","X","0.00","0.17","10","0.18","10","16.05",
="068134","台化富邦49購01","83,000","9","40,990","0.51","0.51","0.49","0.51","-","0.09","0.47","10","0.80","3","0.00",
="068135","微星富邦4A購01","0","0","0","--","--","--","--"," ","0.00","0.04","30","0.05","10","0.00",
="068136","台光電富邦4A購01","0","0","0","--","--","--","--"," ","0.00","6.45","30","6.65","10","0.00",
="068137","飛宏富邦4A購01","0","0","0","--","--","--","--"," ","0.00","--","0","0.01","462","0.00",
="068138","瑞軒富邦4A購01","0","0","0","--","--","--","--"," ","0.00","0.03","10","0.10","10","0.00",
="068139","美食富邦4B購01","0","0","0","--","--","--","--"," ","0.00","0.03","10","0.10","10","0.00",
="06813P","T50正2永豐51售01","0","0","0","--","--","--","--"," ","0.00","0.61","10","0.62","10","0.00",
="068140","奇鋐富邦49購02","0","0","0","--","--","--","--"," ","0.00","--","0","--","0","0.00",
="068141","德律富邦4A購01","0","0","0","--","--","--","--"," ","0.00","2.36","30","2.40","10","0.00",
="068143","嘉澤富邦4A購01","0","0","0","--","--","--","--"," ","0.00","0.27","10","0.28","10","0.00",
="068144","辛耘富邦4C購01","210,000","10","64,200","0.29","0.32","0.29","0.32","+","0.04","0.32","30","0.33","10","0.00",
="068145","日月光富邦4A購01","0","0","0","--","--","--","--"," ","0.00","0.14","30","0.15","10","0.00",
="068146","中租富邦49購01","0","0","0","--","--","--","--"," ","0.00","0.04","30","0.06","60","0.00",
="068148","台塑統一52購01","66,000","2","13,200","0.20","0.20","0.20","0.20","-","0.02","0.19","10","0.20","10","39.10",
="068149","台塑統一54購01","67,000","6","30,740","0.48","0.48","0.45","0.46","-","0.05","0.45","13","0.46","10","39.10",
="06814P","臺股指永豐4B售01","0","0","0","--","--","--","--"," ","0.00","0.27","499","0.28","10","0.00",
="068150","南亞統一52購01","1,950,000","82","1,667,720","0.90","0.90","0.80","0.81","-","0.14","0.80","20","0.81","10","43.00",
="068151","台化統一52購01","0","0","0","--","--","--","--"," ","0.00","0.45","10","0.46","10","29.90",
="068152","宇隆統一52購01","0","0","0","--","--","--","--"," ","0.00","0.68","10","0.69","10","262.00",
="068153","光寶科統一54購01","1,041,000","20","931,820","0.88","0.91","0.88","0.90","-","0.04","0.89","10","0.90","10","130.00",
="068154","友訊統一52購01","10,000","1","2,400","0.24","0.24","0.24","0.24","+","0.01","0.23","10","0.24","10","18.05",
="068155","南亞科統一52購01","0","0","0","--","--","--","--"," ","0.00","1.50","10","1.51","10","46.65",
="068156","立隆電統一51購01","0","0","0","--","--","--","--"," ","0.00","0.23","10","0.24","10","86.60",
="068157","立隆電統一52購01","90,000","5","33,150","0.37","0.37","0.36","0.36"," ","0.00","0.36","10","0.37","10","86.60",
="068158","立隆電統一55購01","0","0","0","--","--","--","--"," ","0.00","0.37","10","0.38","10","86.60",
="068159","神基統一52購01","889,000","28","820,310","0.91","1.01","0.88","0.96","+","0.11","0.95","10","0.96","10","157.00",
="06815P","臺股指永豐4B售02","0","0","0","--","--","--","--"," ","0.00","0.70","10","0.71","10","0.00",
="068160","奇鋐統一4C購04","0","0","0","--","--","--","--"," ","0.00","2.63","10","2.73","10","1,015.00",
="068161","奇鋐統一55購01","68,000","6","156,120","2.35","2.35","2.19","2.19","-","0.17","2.20","10","2.25","10","1,015.00",
="068164","創意統一52購02","351,000","4","203,050","0.57","0.59","0.57","0.58","-","0.03","0.56","10","0.57","10","1,350.00",
="068165","創意統一52購03","379,000","13","174,450","0.70","0.70","0.43","0.45","+","0.01","0.44","10","0.45","10","1,350.00",
="068166","力積電統一52購01","1,000","1","180","0.18","0.18","0.18","0.18","X","0.00","0.18","10","0.19","10","16.05",
="068167","力積電統一55購01","55,000","1","23,100","0.42","0.42","0.42","0.42","X","0.00","0.41","10","0.42","10","16.05",
="068168","富世達統一52購01","8,000","5","11,870","1.46","1.53","1.46","1.51","-","0.01","1.50","10","1.51","10","1,145.00",
="068169","富世達統一54購01","0","0","0","--","--","--","--"," ","0.00","2.42","10","2.47","10","1,145.00",
="06816P","臺股指永豐4B售03","0","0","0","--","--","--","--"," ","0.00","0.11","10","0.12","10","0.00",
="068170","富世達統一54購02","0","0","0","--","--","--","--"," ","0.00","2.27","10","2.32","10","1,145.00",
="068171","富世達統一5A購01","30,000","1","64,200","2.14","2.14","2.14","2.14","-","0.01","2.14","10","2.18","10","1,145.00",
="068172","富世達統一62購01","0","0","0","--","--","--","--"," ","0.00","1.19","10","1.20","10","1,145.00",
="068173","富世達統一62購02","0","0","0","--","--","--","--"," ","0.00","1.11","10","1.12","10","1,145.00",
="068174","鈺齊統一52購01","0","0","0","--","--","--","--"," ","0.00","0.15","10","0.16","10","106.50",
="068176","道瓊銅永豐4B購01","0","0","0","--","--","--","--"," ","0.00","0.23","10","0.33","10","24.91",
="068177","鴻海永豐4A購04","179,000","5","173,630","0.97","0.97","0.97","0.97","-","0.12","0.99","10","1.03","10","206.00",
="068179","立隆電永豐49購01","0","0","0","--","--","--","--"," ","0.00","--","0","0.10","10","86.60",
="06817P","台塑凱基49售06","3,000","1","150","0.05","0.05","0.05","0.05","X","0.00","0.06","10","0.16","10","0.00",
="068180","皇昌永豐49購02","0","0","0","--","--","--","--"," ","0.00","0.04","499","0.14","10","83.50",
="068185","緯創永豐49購01","0","0","0","--","--","--","--"," ","0.00","0.11","499","0.15","10","115.00",
="068186","緯創永豐4C購03","31,000","2","174,900","5.40","5.70","5.40","5.70","+","0.05","5.40","10","5.55","10","115.00",
="068187","創意永豐49購03","0","0","0","--","--","--","--"," ","0.00","--","0","--","0","1,350.00",
="068188","辛耘永豐49購02","0","0","0","--","--","--","--"," ","0.00","0.16","499","0.18","10","393.50",
="068189","和碩永豐49購01","0","0","0","--","--","--","--"," ","0.00","--","0","0.10","10","70.60",
="06818P","聯電凱基49售03","0","0","0","--","--","--","--"," ","0.00","0.09","10","0.19","10","0.00",
="068191","泰金寶永豐49購01","0","0","0","--","--","--","--"," ","0.00","--","0","0.04","10","6.01",
="068192","泰金寶永豐4C購01","0","0","0","--","--","--","--"," ","0.00","0.04","10","0.05","10","6.01",
="068194","鴻海元富52購01","0","0","0","--","--","--","--"," ","0.00","3.14","25","3.24","25","206.00",
="068195","鴻海元富52購02","0","0","0","--","--","--","--"," ","0.00","3.00","25","3.10","25","206.00",
="068196","佳能元富49購02","0","0","0","--","--","--","--"," ","0.00","0.92","25","0.95","25","80.80",
="068203","亞翔元富4B購01","81,000","5","196,870","2.58","2.58","2.33","2.37","-","0.22","2.23","25","2.24","25","349.50",
="068205","佳能國泰49購01","0","0","0","--","--","--","--"," ","0.00","3.91","499","3.97","10","80.80",
="068206","緯創國泰49購01","0","0","0","--","--","--","--"," ","0.00","0.04","10","0.10","10","115.00",
="068207","世芯國泰49購02","0","0","0","--","--","--","--"," ","0.00","1.67","499","1.73","10","4,000.00",
="068208","T50正2群益49購01","0","0","0","--","--","--","--"," ","0.00","--","0","--","0","259.40",
="068210","元債2X群益52購01","0","0","0","--","--","--","--"," ","0.00","0.40","25","0.41","10","7.05",
="068211","元日2X群益51購01","9,000","3","8,510","0.94","0.95","0.94","0.95","+","0.03","0.95","25","0.96","10","5.97",
="068213","中興電群益4B購01","542,000","9","436,820","0.81","0.81","0.79","0.80","+","0.08","0.81","100","0.84","100","167.00",
="068217","台積電群益49購08","0","0","0","--","--","--","--"," ","0.00","--","0","--","0","1,160.00",
="068218","台積電群益49購09","0","0","0","--","--","--","--"," ","0.00","--","0","--","0","1,160.00",
="068219","台積電群益4C購05","0","0","0","--","--","--","--"," ","0.00","0.14","30","--","0","1,160.00",
="068220","威盛群益4A購03","0","0","0","--","--","--","--"," ","0.00","--","0","--","0","62.00",
="068231","富世達群益4A購01","0","0","0","--","--","--","--"," ","0.00","--","0","3.69","10","1,145.00",
="068232","永道群益4A購01","0","0","0","--","--","--","--"," ","0.00","--","0","0.11","10","154.50",
="068233","臺指反國票4A購02","0","0","0","--","--","--","--"," ","0.00","0.06","25","0.07","10","3.20",
="068234","臺指反國票52購01","0","0","0","--","--","--","--"," ","0.00","0.08","25","0.09","10","3.20",
="068237","東元國票49購01","0","0","0","--","--","--","--"," ","0.00","4.32","25","--","0","68.50",
="068238","國巨國票4A購01","10,000","1","9,700","0.97","0.97","0.97","0.97","X","0.00","0.85","25","0.87","10","137.00",
="068240","金像電國票49購01","0","0","0","--","--","--","--"," ","0.00","18.20","25","19.20","10","486.00",
="068241","佳能國票49購01","105,000","5","37,950","0.32","0.48","0.26","0.48","-","0.17","0.33","25","0.35","10","80.80",
="068244","聯發科國票49購01","0","0","0","--","--","--","--"," ","0.00","--","0","0.30","50","1,385.00",
="068245","聯發科國票49購02","0","0","0","--","--","--","--"," ","0.00","--","0","--","0","1,385.00",
="068246","立隆電國票49購01","0","0","0","--","--","--","--"," ","0.00","--","0","3.15","2","86.60",
="068247","華南金國票49購01","0","0","0","--","--","--","--"," ","0.00","--","0","--","0","27.80",
="068248","大立光國票4A購01","0","0","0","--","--","--","--"," ","0.00","0.01","25","0.02","10","2,395.00",
="068249","奇鋐國票49購03","0","0","0","--","--","--","--"," ","0.00","10.70","25","--","0","1,015.00",
="068250","德律國票4B購01","0","0","0","--","--","--","--"," ","0.00","3.78","25","3.88","10","206.00",
="068251","緯創國票4A購01","0","0","0","--","--","--","--"," ","0.00","0.14","524","0.16","10","115.00",
="068252","創意國票49購01","0","0","0","--","--","--","--"," ","0.00","0.02","25","0.03","10","1,350.00",
="068253","神達國票49購02","0","0","0","--","--","--","--"," ","0.00","6.80","25","7.30","10","95.90",
="068254","神達國票4A購01","0","0","0","--","--","--","--"," ","0.00","6.45","25","6.95","10","95.90",
="068256","保瑞國票49購01","0","0","0","--","--","--","--"," ","0.00","0.19","25","0.21","10","733.00",
="068259","台虹國票49購01","0","0","0","--","--","--","--"," ","0.00","--","0","--","0","51.80",
="068262","鈺齊國票4A購01","0","0","0","--","--","--","--"," ","0.00","0.01","25","0.02","10","106.50",
="068263","台灣50凱基52購01","15,000","5","9,960","0.70","0.70","0.64","0.64","-","0.10","0.63","150","0.64","45","52.50",
="068264","T50反1凱基49購05","0","0","0","--","--","--","--"," ","0.00","0.02","100","--","0","19.79",
="068265","台泥凱基4A購01","0","0","0","--","--","--","--"," ","0.00","--","0","0.10","10","22.80",
="068272","台積電凱基49購13","0","0","0","--","--","--","--"," ","0.00","--","0","0.10","10","1,160.00",
="068273","台積電凱基4A購16","0","0","0","--","--","--","--"," ","0.00","0.22","100","0.23","10","1,160.00",
="068276","南亞科凱基4A購01","0","0","0","--","--","--","--"," ","0.00","4.72","100","4.81","10","46.65",
="068281","緯創凱基4C購01","93,000","4","85,870","0.91","0.93","0.91","0.93","-","0.02","0.92","100","0.94","10","115.00",
="068282","緯創凱基4C購02","0","0","0","--","--","--","--"," ","0.00","0.40","100","0.41","10","115.00",
="068285","世芯凱基4C購04","0","0","0","--","--","--","--"," ","0.00","3.26","100","3.32","10","4,000.00",
="068288","富世達凱基49購01","0","0","0","--","--","--","--"," ","0.00","4.81","100","4.91","10","1,145.00",
="068289","世紀鋼凱基49購02","0","0","0","--","--","--","--"," ","0.00","0.61","100","--","0","188.00",
="068297","中興電元大4B購02","404,000","14","294,810","0.72","0.75","0.70","0.74","+","0.08","0.73","499","0.75","10","167.00",
="068301","鴻海元大4B購02","0","0","0","--","--","--","--"," ","0.00","0.99","499","1.00","10","206.00",
="068304","台積電元大51購03","0","0","0","--","--","--","--"," ","0.00","--","0","--","0","1,160.00",
="068314","長榮航元大4A購01","0","0","0","--","--","--","--"," ","0.00","--","0","0.10","10","39.05",
="06831P","長榮富邦49售03","0","0","0","--","--","--","--"," ","0.00","--","0","0.05","10","0.00",
="068336","美債2X永豐54購01","0","0","0","--","--","--","--"," ","0.00","0.64","10","0.65","10","7.03",
="068337","和大永豐49購02","0","0","0","--","--","--","--"," ","0.00","1.76","6","--","0","72.90",
="06833P","台塑統一51售09","5,000","2","1,600","0.32","0.32","0.32","0.32","+","0.01","0.33","10","0.34","10","0.00",
="068340","大成鋼永豐4A購01","0","0","0","--","--","--","--"," ","0.00","1.89","499","1.99","10","38.60",
="068341","宇隆永豐4B購01","18,000","9","17,860","1.05","1.05","0.92","0.95","X","0.00","0.86","10","0.96","10","262.00",
="068343","立隆電永豐4B購01","466,000","6","233,590","0.49","0.52","0.47","0.49"," ","0.00","0.48","10","0.49","10","86.60",
="068344","長榮永豐54購01","1,048,000","20","2,030,300","1.84","2.01","1.84","1.85","-","0.03","1.82","10","1.87","30","188.00",
="068345","奇鋐永豐49購02","0","0","0","--","--","--","--"," ","0.00","16.10","499","16.90","10","1,015.00",
="068346","德律永豐49購01","0","0","0","--","--","--","--"," ","0.00","4.66","499","--","0","206.00",
="068347","偉訓永豐4B購01","0","0","0","--","--","--","--"," ","0.00","1.19","499","1.23","10","110.00",
="068348","聯詠永豐49購01","0","0","0","--","--","--","--"," ","0.00","0.02","499","0.06","10","435.00",
="06834P","南亞科統一51售03","1,000","1","50","0.05","0.05","0.05","0.05","X","0.00","0.04","230","0.05","64","0.00",
="068350","材料永豐4A購01","0","0","0","--","--","--","--"," ","0.00","0.04","10","0.05","10","67.70",
="068351","精成科永豐4A購01","0","0","0","--","--","--","--"," ","0.00","9.35","499","--","0","131.00",
="068353","力積電永豐4C購01","0","0","0","--","--","--","--"," ","0.00","0.13","499","0.14","10","16.05",
="068356","國企2X富邦4B購01","22,000","3","29,940","1.36","1.37","1.36","1.37","X","0.00","1.21","100","1.25","10","0.00",
="068358","上銀富邦4C購01","0","0","0","--","--","--","--"," ","0.00","0.17","30","0.18","10","0.00",
="068359","威盛富邦4C購01","0","0","0","--","--","--","--"," ","0.00","0.14","30","0.15","10","0.00",
="068360","皇昌富邦4A購01","0","0","0","--","--","--","--"," ","0.00","0.39","10","0.49","10","0.00",
="068361","陽明富邦49購01","0","0","0","--","--","--","--"," ","0.00","0.29","10","--","0","0.00",
="068362","德律富邦4A購02","2,000","1","4,720","2.36","2.36","2.36","2.36","-","0.07","2.33","30","2.38","10","0.00",
="068363","文曄富邦4A購01","736,000","19","319,480","0.41","0.45","0.41","0.45"," ","0.00","0.43","30","0.45","10","0.00",
="068365","創意富邦4C購01","59,000","3","34,810","0.59","0.59","0.59","0.59","+","0.01","0.58","30","0.59","10","0.00",
="068367","創意富邦4C購02","117,000","5","58,030","0.46","0.51","0.46","0.47","+","0.03","0.47","30","0.48","10","0.00",
="068371","達興富邦4A購01","0","0","0","--","--","--","--"," ","0.00","3.05","10","3.15","10","0.00",
="068372","同欣電富邦49購02","0","0","0","--","--","--","--"," ","0.00","0.02","10","0.15","100","0.00",
="068373","力積電富邦4A購01","0","0","0","--","--","--","--"," ","0.00","0.15","30","0.16","10","0.00",
="068374","台虹富邦4A購01","0","0","0","--","--","--","--"," ","0.00","0.40","30","0.41","10","0.00",
="068375","臺股指富邦4C購03","0","0","0","--","--","--","--"," ","0.00","0.41","499","0.42","100","0.00",
="068376","臺股指富邦4C購04","0","0","0","--","--","--","--"," ","0.00","0.15","499","0.16","100","0.00",
="068377","華新統一52購01","713,000","20","178,890","0.24","0.27","0.24","0.25","+","0.02","0.25","10","0.26","110","23.35",
="068378","大成鋼統一52購01","120,000","6","59,400","0.48","0.51","0.48","0.49","-","0.05","0.49","20","0.50","10","38.60",
="068379","聯電統一51購02","19,000","2","8,550","0.45","0.45","0.45","0.45","-","0.03","0.44","66","0.45","66","40.60",
="068380","華通統一52購01","420,000","13","275,350","0.58","0.69","0.58","0.61","+","0.03","0.60","10","0.61","8","79.30",
="068381","鴻海統一62購01","2,000","2","1,350","0.68","0.68","0.67","0.67","X","0.00","0.68","15","0.69","10","206.00",
="068382","台積電統一62購01","15,000","2","8,100","0.54","0.54","0.54","0.54","-","0.02","0.52","10","0.53","10","1,160.00",
="068383","台積電統一62購02","0","0","0","--","--","--","--"," ","0.00","0.68","10","0.69","10","1,160.00",
="068384","佳能統一58購01","293,000","9","265,920","0.91","0.95","0.90","0.95","+","0.02","0.92","10","0.93","10","80.80",
="068385","南亞科統一52購02","0","0","0","--","--","--","--"," ","0.00","1.31","10","1.32","10","46.65",
="068386","聯發科統一62購01","0","0","0","--","--","--","--"," ","0.00","0.48","10","0.49","10","1,385.00",
="068387","立隆電統一52購02","0","0","0","--","--","--","--"," ","0.00","0.24","10","0.25","10","86.60",
="068388","長榮統一62購01","75,000","4","42,020","0.56","0.57","0.56","0.56","+","0.01","0.54","10","0.55","10","188.00",
="068390","陽明統一52購01","10,000","1","5,100","0.51","0.51","0.51","0.51","X","0.00","0.49","10","0.50","10","58.80",
="068391","陽明統一62購01","1,000","1","490","0.49","0.49","0.49","0.49","X","0.00","0.49","10","0.50","10","58.80",
="068392","大立光統一4A購04","0","0","0","--","--","--","--"," ","0.00","0.12","10","0.13","10","2,395.00",
="068393","大立光統一62購01","0","0","0","--","--","--","--"," ","0.00","0.36","10","0.37","10","2,395.00",
="068394","創意統一56購01","29,000","3","21,660","0.73","0.75","0.73","0.75","+","0.03","0.73","10","0.74","10","1,350.00",
="068395","群創統一51購01","1,000","1","650","0.65","0.65","0.65","0.65","X","0.00","0.54","10","0.64","10","14.15",
="068396","嘉澤統一51購03","51,000","2","6,130","0.12","0.13","0.12","0.13","X","0.00","0.11","60","0.12","10","1,465.00",
="068397","牧德統一52購01","168,000","23","250,110","1.44","1.58","1.43","1.58","+","0.24","1.58","8","--","0","594.00",
="068398","日月光統一52購01","0","0","0","--","--","--","--"," ","0.00","0.18","10","0.19","10","147.50",
="068399","達興統一54購01","306,000","35","524,400","1.70","1.79","1.59","1.73","+","0.14","1.68","10","1.69","10","387.00",
="068400","啟碁統一52購01","0","0","0","--","--","--","--"," ","0.00","0.32","10","0.33","10","127.00",
="068401","訊芯統一54購01","0","0","0","--","--","--","--"," ","0.00","0.10","10","0.11","10","165.00",
="068402","鼎基統一54購01","7,000","1","2,310","0.33","0.33","0.33","0.33","X","0.00","0.33","3","--","0","111.50",
="068403","力積電統一52購02","0","0","0","--","--","--","--"," ","0.00","0.29","10","0.30","10","16.05",
="068404","力積電統一54購01","0","0","0","--","--","--","--"," ","0.00","0.15","10","0.16","10","16.05",
="068405","富世達統一52購02","0","0","0","--","--","--","--"," ","0.00","1.52","10","1.53","10","1,145.00",
="068406","富世達統一52購03","0","0","0","--","--","--","--"," ","0.00","1.61","10","1.66","10","1,145.00",
="068407","富世達統一54購03","0","0","0","--","--","--","--"," ","0.00","1.58","10","1.59","10","1,145.00",
="068408","富世達統一56購01","0","0","0","--","--","--","--"," ","0.00","1.27","10","1.28","10","1,145.00",
="068409","富世達統一58購01","0","0","0","--","--","--","--"," ","0.00","1.08","10","1.09","10","1,145.00",
="06840P","聯發科永豐49售04","0","0","0","--","--","--","--"," ","0.00","0.67","499","0.69","10","0.00",
="068410","鈺齊統一52購02","0","0","0","--","--","--","--"," ","0.00","0.17","10","0.18","10","106.50",
="068414","大成鋼元富52購01","0","0","0","--","--","--","--"," ","0.00","5.90","25","6.40","10","38.60",
="068419","宏致元富4B購01","116,000","7","133,730","1.36","1.36","1.13","1.15","-","0.15","1.15","25","1.16","25","73.90",
="068422","亞翔元富4B購02","0","0","0","--","--","--","--"," ","0.00","1.71","25","1.74","25","349.50",
="068428","台達電國票49購01","0","0","0","--","--","--","--"," ","0.00","14.20","25","15.20","10","709.00",
="068430","聯發科國票4A購01","0","0","0","--","--","--","--"," ","0.00","0.06","25","0.07","10","1,385.00",
="068431","亞航國票49購02","0","0","0","--","--","--","--"," ","0.00","5.65","25","--","0","62.70",
="068432","美食國票4B購01","0","0","0","--","--","--","--"," ","0.00","0.01","25","0.02","10","80.80",
="068433","嘉澤國票4A購02","0","0","0","--","--","--","--"," ","0.00","0.04","25","0.05","10","1,465.00",
="068436","鈺齊國票4B購01","0","0","0","--","--","--","--"," ","0.00","0.04","25","0.05","10","106.50",
="068437","玉晶光國泰49購01","0","0","0","--","--","--","--"," ","0.00","0.15","499","--","0","461.50",
="068438","辛耘國泰49購01","0","0","0","--","--","--","--"," ","0.00","0.24","499","--","0","393.50",
="068439","T50正2凱基49購03","0","0","0","--","--","--","--"," ","0.00","--","0","--","0","259.40",
="068440","臺指反凱基4A購02","0","0","0","--","--","--","--"," ","0.00","0.02","100","0.03","10","3.20",
="068441","元債2X凱基52購02","0","0","0","--","--","--","--"," ","0.00","0.62","100","0.63","50","7.05",
="068443","科技息凱基49購01","0","0","0","--","--","--","--"," ","0.00","0.01","100","0.02","10","17.94",
="068444","台積電凱基4C購13","0","0","0","--","--","--","--"," ","0.00","0.18","100","0.19","10","1,160.00",
="068449","萬海凱基4C購01","58,000","6","153,860","2.59","2.69","2.59","2.69","+","0.16","2.55","100","2.56","10","84.10",
="068450","大立光凱基4B購01","0","0","0","--","--","--","--"," ","0.00","0.12","100","0.13","30","2,395.00",
="068451","緯創凱基49購01","0","0","0","--","--","--","--"," ","0.00","--","0","--","0","115.00",
="068452","中磊凱基4A購01","800,000","2","40,000","0.05","0.05","0.05","0.05","X","0.00","0.05","100","0.15","10","105.50",
="068453","矽力凱基4A購02","0","0","0","--","--","--","--"," ","0.00","0.01","10","0.11","10","317.00",
="068459","泰金寶凱基49購02","0","0","0","--","--","--","--"," ","0.00","--","0","0.10","10","6.01",
="06845P","T50正2凱基4A售02","0","0","0","--","--","--","--"," ","0.00","0.01","10","0.02","10","0.00",
="068461","台灣50群益4C購01","0","0","0","--","--","--","--"," ","0.00","0.23","100","0.24","100","52.50",
="068462","T50正2群益4A購01","202,000","6","31,860","0.18","0.18","0.15","0.15","-","0.05","0.15","25","0.16","10","259.40",
="068464","中鋼群益49購01","0","0","0","--","--","--","--"," ","0.00","--","0","--","0","20.15",
="068466","南亞科群益49購02","0","0","0","--","--","--","--"," ","0.00","--","0","--","0","46.65",
="068475","美食群益4A購01","0","0","0","--","--","--","--"," ","0.00","--","0","0.10","10","80.80",
="068476","大立光群益49購04","0","0","0","--","--","--","--"," ","0.00","--","0","--","0","2,395.00",
="068479","創意群益49購06","0","0","0","--","--","--","--"," ","0.00","--","0","--","0","1,350.00",
="06847P","台塑凱基4A售01","0","0","0","--","--","--","--"," ","0.00","0.02","10","0.03","50","0.00",
="068480","創意群益49購07","0","0","0","--","--","--","--"," ","0.00","0.02","499","--","0","1,350.00",
="068482","世芯群益4A購02","0","0","0","--","--","--","--"," ","0.00","--","0","1.01","10","4,000.00",
="068483","神達群益49購02","0","0","0","--","--","--","--"," ","0.00","--","0","--","0","95.90",
="068484","洋基群益4A購01","10,000","1","4,000","0.40","0.40","0.40","0.40","-","0.08","0.29","499","0.39","10","476.00",
="068486","力積電群益4A購01","0","0","0","--","--","--","--"," ","0.00","0.01","25","0.03","10","16.05",
="068488","鈺齊群益4A購01","0","0","0","--","--","--","--"," ","0.00","0.01","499","0.11","10","106.50",
="068506","長榮元大4A購01","0","0","0","--","--","--","--"," ","0.00","0.63","499","0.65","10","188.00",
="068507","萬海元大4A購02","0","0","0","--","--","--","--"," ","0.00","1.85","400","1.89","10","84.10",
="068508","長榮航元大4A購02","0","0","0","--","--","--","--"," ","0.00","0.03","499","0.13","10","39.05",
="068510","大立光元大51購01","0","0","0","--","--","--","--"," ","0.00","0.14","499","0.15","10","2,395.00",
="068511","大立光元大52購01","106,000","7","58,100","0.56","0.56","0.54","0.54","-","0.02","0.53","25","0.54","10","2,395.00",
="068516","碩天元大51購01","0","0","0","--","--","--","--"," ","0.00","0.19","509","0.20","10","225.50",
="068518","世芯元大49購05","0","0","0","--","--","--","--"," ","0.00","0.06","499","0.16","10","4,000.00",
="068519","世芯元大4A購05","0","0","0","--","--","--","--"," ","0.00","0.34","499","0.36","10","4,000.00",
="068531","大成鋼國泰49購01","0","0","0","--","--","--","--"," ","0.00","2.06","10","2.12","10","38.60",
="068532","立隆電國泰49購01","0","0","0","--","--","--","--"," ","0.00","0.01","499","--","0","86.60",
="068533","台塑富邦4A購02","0","0","0","--","--","--","--"," ","0.00","0.23","30","0.29","10","0.00",
="068536","台積電富邦4C購05","10,000","1","3,900","0.39","0.39","0.39","0.39","X","0.00","0.36","30","0.37","10","0.00",
="068537","台積電富邦4C購06","30,000","1","11,100","0.37","0.37","0.37","0.37","X","0.00","0.36","30","0.37","10","0.00",
="068538","友訊富邦49購01","0","0","0","--","--","--","--"," ","0.00","--","0","0.03","10","0.00",
="068539","可成富邦4A購01","0","0","0","--","--","--","--"," ","0.00","0.03","30","0.04","10","0.00",
="068540","美食富邦4B購02","28,000","3","10,360","0.37","0.37","0.37","0.37","-","0.02","0.37","10","0.38","10","0.00",
="068541","佳必琪富邦4A購01","0","0","0","--","--","--","--"," ","0.00","1.20","30","1.21","10","0.00",
="068542","力積電富邦4A購02","0","0","0","--","--","--","--"," ","0.00","0.04","30","0.05","10","0.00",
="068543","力積電富邦4C購01","0","0","0","--","--","--","--"," ","0.00","0.14","30","0.15","10","0.00",
="068544","美時兆豐4A購01","0","0","0","--","--","--","--"," ","0.00","--","0","0.01","10","193.50",
="068545","台積電兆豐4A購01","0","0","0","--","--","--","--"," ","0.00","0.13","10","0.14","10","1,160.00",
="068547","奇鋐兆豐4A購01","0","0","0","--","--","--","--"," ","0.00","6.40","10","6.45","10","1,015.00",
="068548","智原兆豐4A購01","0","0","0","--","--","--","--"," ","0.00","0.03","10","0.04","10","158.00",
="068549","緯創兆豐52購01","756,000","22","532,860","0.70","0.73","0.68","0.73","+","0.01","0.72","20","0.73","19","115.00",
="068551","天虹兆豐52購01","0","0","0","--","--","--","--"," ","0.00","0.17","10","0.18","10","208.50",
="068553","上証2X國票49購01","139,000","3","13,900","0.10","0.10","0.10","0.10","-","0.33","0.09","25","0.10","10","45.30",
="068556","上証2X國票4B購01","100,000","1","80,000","0.80","0.80","0.80","0.80","X","0.00","0.79","25","0.80","10","45.30",
="068558","滬深2X國票4B購02","0","0","0","--","--","--","--"," ","0.00","0.47","25","0.48","10","18.32",
="068559","華城國票49購01","0","0","0","--","--","--","--"," ","0.00","0.84","25","0.91","10","618.00",
="068560","中砂國票49購01","0","0","0","--","--","--","--"," ","0.00","0.04","25","0.05","10","347.00",
="068562","亞德客國票49購01","0","0","0","--","--","--","--"," ","0.00","--","0","--","0","800.00",
="068564","威盛國票49購01","0","0","0","--","--","--","--"," ","0.00","--","0","--","0","62.00",
="068566","欣興國票49購02","0","0","0","--","--","--","--"," ","0.00","0.37","25","0.39","10","150.00",
="068568","祥碩國票49購01","0","0","0","--","--","--","--"," ","0.00","0.01","25","0.02","10","1,665.00",
="068569","志強國票4A購01","0","0","0","--","--","--","--"," ","0.00","--","0","--","0","105.50",
="068571","力積電國票49購01","0","0","0","--","--","--","--"," ","0.00","--","0","--","0","16.05",
="068572","南電國票49購02","0","0","0","--","--","--","--"," ","0.00","5.80","25","--","0","226.00",
="068573","T50正2群益51購01","0","0","0","--","--","--","--"," ","0.00","0.66","25","0.67","10","259.40",
="068574","元債2X群益52購02","0","0","0","--","--","--","--"," ","0.00","0.41","25","0.42","10","7.05",
="068576","台積電群益52購01","0","0","0","--","--","--","--"," ","0.00","0.06","30","--","0","1,160.00",
="068577","致茂群益4C購01","20,000","2","38,400","1.92","1.92","1.92","1.92","-","0.01","1.39","7","--","0","556.00",
="068579","聯發科群益4B購03","0","0","0","--","--","--","--"," ","0.00","--","0","--","0","1,385.00",
="068586","世芯群益49購04","0","0","0","--","--","--","--"," ","0.00","--","0","0.48","10","4,000.00",
="068588","中磊群益4B購01","9,000","2","2,490","0.28","0.28","0.27","0.27"," ","0.00","0.26","100","0.27","100","105.50",
="068590","精成科群益49購02","0","0","0","--","--","--","--"," ","0.00","6.40","4","--","0","131.00",
="068591","力積電群益4A購02","0","0","0","--","--","--","--"," ","0.00","0.03","25","0.04","10","16.05",
="068592","力積電群益4C購01","0","0","0","--","--","--","--"," ","0.00","0.16","100","0.17","100","16.05",
="068599","上銀元大51購01","0","0","0","--","--","--","--"," ","0.00","0.22","499","0.23","10","215.50",
="068607","智邦元大49購02","0","0","0","--","--","--","--"," ","0.00","2.40","300","2.46","10","984.00",
="06860P","臺股指元大4A售13","150,000","2","49,000","0.32","0.34","0.32","0.34","+","0.03","0.34","100","0.44","10","0.00",
="068610","台光電元大4C購01","0","0","0","--","--","--","--"," ","0.00","--","0","--","0","1,250.00",
="068612","陽明元大4A購06","0","0","0","--","--","--","--"," ","0.00","3.33","250","3.40","10","58.80",
="068613","萬海元大4A購03","115,000","6","213,570","1.79","1.89","1.79","1.89","+","0.09","1.73","450","1.74","10","84.10",
="068615","大立光元大51購02","539,000","8","256,780","0.50","0.50","0.47","0.48","-","0.01","0.47","25","0.48","10","2,395.00",
="068616","大立光元大52購02","10,000","1","3,000","0.30","0.30","0.30","0.30","X","0.00","0.29","25","0.30","10","2,395.00",
="06861P","臺股指元大4C售11","55,000","1","15,950","0.29","0.29","0.29","0.29","+","0.02","0.28","150","0.38","10","0.00",
="068630","材料元大4C購01","45,000","7","22,250","0.46","0.51","0.46","0.48"," ","0.00","0.47","499","0.48","10","67.70",
="068638","中興電統一52購01","103,000","14","56,600","0.55","0.55","0.53","0.55","+","0.05","0.55","10","0.56","13","167.00",
="068639","華城統一56購02","112,000","2","108,880","0.99","0.99","0.95","0.95","-","0.02","0.94","10","0.95","10","618.00",
="068640","美時統一58購01","0","0","0","--","--","--","--"," ","0.00","0.36","10","0.37","10","193.50",
="068641","川湖統一52購01","0","0","0","--","--","--","--"," ","0.00","2.17","10","2.18","10","2,925.00",
="068642","聯電統一52購01","47,000","8","23,600","0.50","0.52","0.50","0.50","-","0.01","0.49","60","0.50","10","40.60",
="068643","聯電統一54購01","0","0","0","--","--","--","--"," ","0.00","0.59","10","0.60","10","40.60",
="068644","仁寶統一52購01","0","0","0","--","--","--","--"," ","0.00","0.07","10","0.08","10","28.10",
="068645","台積電統一62購03","0","0","0","--","--","--","--"," ","0.00","0.55","10","0.56","10","1,160.00",
="068646","藍天統一52購01","0","0","0","--","--","--","--"," ","0.00","0.17","10","0.18","10","41.95",
="068647","聯發科統一62購02","0","0","0","--","--","--","--"," ","0.00","0.61","10","0.62","10","1,385.00",
="068648","立隆電統一5A購01","0","0","0","--","--","--","--"," ","0.00","0.33","10","0.34","10","86.60",
="068649","國泰金統一52購01","189,000","3","120,760","0.64","0.64","0.62","0.62","-","0.03","0.62","140","--","0","62.30",
="06864P","永道永豐4A售02","0","0","0","--","--","--","--"," ","0.00","2.25","499","2.31","10","0.00",
="068650","神基統一51購02","464,000","9","626,080","1.32","1.42","1.25","1.42","+","0.20","1.36","10","1.38","10","157.00",
="068651","聯詠統一51購02","0","0","0","--","--","--","--"," ","0.00","0.14","10","0.15","10","435.00",
="068652","智原統一52購02","100,000","1","4,000","0.04","0.04","0.04","0.04"," ","0.00","0.03","162","0.04","10","158.00",
="068653","創意統一52購04","239,000","2","96,250","0.38","0.41","0.38","0.41","+","0.03","0.40","10","0.41","10","1,350.00",
="068654","碩天統一52購01","0","0","0","--","--","--","--"," ","0.00","0.12","10","0.13","10","225.50",
="068655","日月光統一51購03","0","0","0","--","--","--","--"," ","0.00","0.23","10","0.24","10","147.50",
="068656","達興統一53購04","241,000","4","436,300","1.82","1.96","1.80","1.96","+","0.29","1.82","10","1.88","10","387.00",
="068657","鼎基統一52購01","0","0","0","--","--","--","--"," ","0.00","0.21","10","--","0","111.50",
="068658","緯穎統一52購03","96,000","7","72,020","0.76","0.76","0.75","0.75","X","0.00","0.73","10","0.74","10","2,975.00",
="068659","力積電統一52購03","0","0","0","--","--","--","--"," ","0.00","0.23","10","0.24","10","16.05",
="06865P","南亞統一51售07","161,000","9","21,150","0.13","0.15","0.13","0.15","+","0.03","0.14","10","0.15","29","0.00",
="068660","力積電統一54購02","0","0","0","--","--","--","--"," ","0.00","0.23","10","0.24","10","16.05",
="068661","力積電統一54購03","0","0","0","--","--","--","--"," ","0.00","0.25","10","0.26","10","16.05",
="068662","力積電統一58購01","0","0","0","--","--","--","--"," ","0.00","0.32","10","0.33","10","16.05",
="068663","力積電中信49購01","0","0","0","--","--","--","--"," ","0.00","--","0","--","0","0.00",
="068666","台灣50永豐49購02","0","0","0","--","--","--","--"," ","0.00","1.22","499","1.31","10","52.50",
="068667","中興電永豐4A購01","30,000","3","156,000","5.20","5.20","5.20","5.20","+","0.46","5.20","20","5.70","10","167.00",
="068668","華城永豐4A購01","340,000","15","185,930","0.53","0.61","0.52","0.52","-","0.12","0.50","10","0.51","10","618.00",
="068669","中砂永豐4B購01","0","0","0","--","--","--","--"," ","0.00","5.75","10","5.95","10","347.00",
="068670","聯電永豐49購01","0","0","0","--","--","--","--"," ","0.00","1.76","499","1.86","10","40.60",
="068672","台積電永豐62購01","0","0","0","--","--","--","--"," ","0.00","1.48","3","1.54","10","1,160.00",
="068673","鴻準永豐4B購02","18,000","5","14,710","0.80","0.87","0.79","0.79","-","0.08","0.79","10","0.81","10","71.70",
="068674","威盛永豐49購01","0","0","0","--","--","--","--"," ","0.00","--","0","0.10","10","62.00",
="068675","聯發科永豐4B購02","39,000","2","21,840","0.56","0.56","0.56","0.56","X","0.00","0.57","499","0.60","10","1,385.00",
="068676","皇昌永豐4C購01","10,000","1","20,300","2.03","2.03","2.03","2.03","+","0.33","1.70","499","1.72","10","83.50",
="068677","陽明永豐49購01","20,000","2","28,300","1.36","1.47","1.36","1.47","X","0.00","1.32","499","1.42","10","58.80",
="068678","長榮航永豐4B購02","0","0","0","--","--","--","--"," ","0.00","0.15","499","0.16","10","39.05",
="068679","奇鋐永豐51購02","0","0","0","--","--","--","--"," ","0.00","8.30","499","8.60","10","1,015.00",
="06867P","創意群益49售05","0","0","0","--","--","--","--"," ","0.00","0.04","499","0.14","10","0.00",
="068680","智原永豐49購01","0","0","0","--","--","--","--"," ","0.00","--","0","0.01","10","158.00",
="068681","世芯永豐51購02","20,000","3","55,340","2.72","2.80","2.72","2.79","+","0.02","1.15","18","--","0","4,000.00",
="068683","保瑞永豐4A購01","0","0","0","--","--","--","--"," ","0.00","2.31","499","2.41","10","733.00",
="068686","力積電永豐4A購01","0","0","0","--","--","--","--"," ","0.00","0.05","10","0.06","108","16.05",
="068687","佳能元富49購03","0","0","0","--","--","--","--"," ","0.00","0.05","30","--","0","80.80",
="06868P","亞翔群益49售04","0","0","0","--","--","--","--"," ","0.00","--","0","--","0","0.00",
="068693","廣宇凱基49購01","0","0","0","--","--","--","--"," ","0.00","5.80","100","--","0","60.90",
="068695","台積電凱基4A購17","0","0","0","--","--","--","--"," ","0.00","0.01","100","0.11","10","1,160.00",
="068696","台積電凱基5A購01","0","0","0","--","--","--","--"," ","0.00","2.46","100","2.47","10","1,160.00",
="068698","京元電凱基49購02","0","0","0","--","--","--","--"," ","0.00","1.29","100","--","0","142.00",
="068699","聯發科凱基4C購06","0","0","0","--","--","--","--"," ","0.00","0.29","100","0.30","10","1,385.00",
="068700","長榮凱基49購03","0","0","0","--","--","--","--"," ","0.00","0.01","100","--","0","188.00",
="068701","長榮航凱基49購01","0","0","0","--","--","--","--"," ","0.00","--","0","0.10","10","39.05",
="068709","世芯凱基4A購06","14,000","3","30,400","2.18","2.18","2.09","2.09","-","0.03","1.95","100","1.98","10","4,000.00",
="068710","神達凱基49購01","0","0","0","--","--","--","--"," ","0.00","5.90","100","6.40","10","95.90",
="068715","力積電凱基4A購01","0","0","0","--","--","--","--"," ","0.00","--","0","0.10","10","16.05",
="068716","臺股指凱基4C購07","0","0","0","--","--","--","--"," ","0.00","0.09","10","0.10","10","0.00",
="068718","電子類凱基49購02","0","0","0","--","--","--","--"," ","0.00","0.05","10","0.06","10","0.00",
="068719","敬鵬兆豐4A購01","1,055,000","32","695,620","0.42","0.92","0.42","0.92","+","0.47","0.92","9","--","0","40.70",
="068720","亞翔兆豐4A購01","0","0","0","--","--","--","--"," ","0.00","1.80","10","1.81","10","349.50",
="068723","中興電群益4B購02","150,000","2","112,500","0.75","0.75","0.75","0.75","X","0.00","0.76","499","0.80","2","167.00",
="068729","金寶群益49購01","0","0","0","--","--","--","--"," ","0.00","--","0","--","0","19.05",
="068731","仁寶群益4B購01","0","0","0","--","--","--","--"," ","0.00","--","0","--","0","28.10",
="068735","一詮群益52購01","0","0","0","--","--","--","--"," ","0.00","--","0","--","0","80.20",
="068744","臺股指群益4A購13","0","0","0","--","--","--","--"," ","0.00","1.63","499","1.64","499","0.00",
="068747","T50正2凱基51購01","6,000","5","9,800","1.67","1.67","1.57","1.60","-","0.18","1.59","101","1.60","10","259.40",
="068749","東元凱基49購01","0","0","0","--","--","--","--"," ","0.00","4.73","100","4.83","10","68.50",
="068751","大成鋼凱基4A購01","477,000","9","86,060","0.18","0.19","0.17","0.17","-","0.07","0.16","110","0.26","10","38.60",
="068753","台積電凱基4A購18","13,000","1","7,280","0.56","0.56","0.56","0.56","X","0.00","0.50","100","0.51","10","1,160.00",
="068754","華碩凱基4A購01","0","0","0","--","--","--","--"," ","0.00","0.09","10","0.19","10","634.00",
="068755","微星凱基51購01","0","0","0","--","--","--","--"," ","0.00","0.04","100","0.05","5","136.50",
="068757","欣興凱基4C購02","0","0","0","--","--","--","--"," ","0.00","1.66","1","1.75","10","150.00",
="068758","世芯凱基52購01","0","0","0","--","--","--","--"," ","0.00","3.79","100","3.89","10","4,000.00",
="068759","日月光凱基49購02","0","0","0","--","--","--","--"," ","0.00","--","0","--","0","147.50",
="068762","材料凱基4C購01","0","0","0","--","--","--","--"," ","0.00","0.24","100","0.34","10","67.70",
="068765","立積凱基4A購01","0","0","0","--","--","--","--"," ","0.00","0.01","100","0.05","20","158.00",
="068773","臺股指凱基4C購08","0","0","0","--","--","--","--"," ","0.00","2.40","100","2.41","10","0.00",
="068774","旺宏國泰49購01","0","0","0","--","--","--","--"," ","0.00","0.93","499","0.99","10","20.10",
="068775","德律國泰49購01","0","0","0","--","--","--","--"," ","0.00","8.90","499","9.20","10","206.00",
="068776","精銳國泰49購01","0","0","0","--","--","--","--"," ","0.00","0.11","499","--","0","776.00",
="068777","立積國泰49購01","0","0","0","--","--","--","--"," ","0.00","--","0","--","0","158.00",
="068778","立積國泰49購02","0","0","0","--","--","--","--"," ","0.00","--","0","--","0","158.00",
="068779","精成科國泰49購01","0","0","0","--","--","--","--"," ","0.00","13.50","501","--","0","131.00",
="068781","鴻海富邦4A購03","0","0","0","--","--","--","--"," ","0.00","1.66","30","1.73","10","0.00",
="068782","威盛富邦4A購01","0","0","0","--","--","--","--"," ","0.00","0.04","30","0.07","10","0.00",
="068783","華擎富邦4A購01","0","0","0","--","--","--","--"," ","0.00","0.99","30","1.05","10","0.00",
="068784","精銳富邦4A購01","0","0","0","--","--","--","--"," ","0.00","0.13","30","0.14","10","0.00",
="068785","材料富邦49購02","0","0","0","--","--","--","--"," ","0.00","0.01","100","--","0","0.00",
="068790","立積富邦4A購01","0","0","0","--","--","--","--"," ","0.00","0.03","10","0.10","210","0.00",
="068791","昇陽半富邦49購01","0","0","0","--","--","--","--"," ","0.00","0.24","30","0.25","10","0.00",
="068793","泰金寶富邦4A購01","0","0","0","--","--","--","--"," ","0.00","0.02","10","0.10","10","0.00",
="068801","和大國票49購01","1,018,000","13","234,310","0.07","0.49","0.07","0.49","+","0.37","0.55","25","--","0","72.90",
="068802","中砂國票49購02","200,000","1","22,000","0.11","0.11","0.11","0.11","X","0.00","0.12","25","0.13","10","347.00",
="068803","大成鋼國票49購01","0","0","0","--","--","--","--"," ","0.00","--","0","--","0","38.60",
="068804","宇隆國票49購01","0","0","0","--","--","--","--"," ","0.00","1.92","25","2.02","10","262.00",
="068805","鴻海國票49購06","0","0","0","--","--","--","--"," ","0.00","0.26","25","0.29","10","206.00",
="068808","佳能國票4A購01","0","0","0","--","--","--","--"," ","0.00","3.47","25","3.57","10","80.80",
="068809","聯發科國票4B購01","0","0","0","--","--","--","--"," ","0.00","0.04","25","0.05","10","1,385.00",
="068810","長榮國票49購02","0","0","0","--","--","--","--"," ","0.00","0.48","25","0.51","10","188.00",
="068812","萬海國票49購01","0","0","0","--","--","--","--"," ","0.00","1.40","25","1.45","10","84.10",
="068813","大立光國票4B購01","0","0","0","--","--","--","--"," ","0.00","0.03","25","0.04","10","2,395.00",
="068814","奇鋐國票49購04","0","0","0","--","--","--","--"," ","0.00","18.60","25","19.60","10","1,015.00",
="068815","智原國票4A購01","0","0","0","--","--","--","--"," ","0.00","--","0","--","0","158.00",
="068816","緯創國票49購04","0","0","0","--","--","--","--"," ","0.00","0.01","25","0.02","10","115.00",
="068817","創意國票4A購01","0","0","0","--","--","--","--"," ","0.00","0.16","25","0.18","10","1,350.00",
="068819","緯穎國票49購03","0","0","0","--","--","--","--"," ","0.00","2.88","25","2.98","10","2,975.00",
="068821","聯發科凱基4C購01","13,000","5","72,300","5.60","5.60","5.55","5.55","-","0.25","5.45","50","5.50","10","1,385.00",
="068822","力積電國票49購02","0","0","0","--","--","--","--"," ","0.00","0.01","25","0.02","10","16.05",
="068823","力積電國票4A購01","0","0","0","--","--","--","--"," ","0.00","0.04","25","0.05","10","16.05",
="068824","力積電國票4B購01","709,000","3","28,360","0.04","0.04","0.04","0.04","X","0.00","0.03","25","0.04","10","16.05",
="068826","羅昇國票49購01","0","0","0","--","--","--","--"," ","0.00","--","0","--","0","114.50",
="068827","世紀鋼國票49購02","0","0","0","--","--","--","--"," ","0.00","1.64","25","1.74","10","188.00",
="068828","華城統一51購03","385,000","6","381,410","0.99","1.00","0.99","0.99"," ","0.00","0.93","10","0.94","10","618.00",
="068829","華邦電統一52購01","1,000","1","1,090","1.09","1.09","1.09","1.09","-","0.05","1.07","10","1.08","10","19.60",
="068830","華碩統一52購01","0","0","0","--","--","--","--"," ","0.00","0.42","10","0.43","10","634.00",
="068831","藍天統一58購01","0","0","0","--","--","--","--"," ","0.00","0.30","10","0.31","10","41.95",
="068832","大同統一52購01","15,000","1","4,950","0.33","0.33","0.33","0.33","-","0.01","0.33","10","0.34","10","40.75",
="068833","大同統一52購02","0","0","0","--","--","--","--"," ","0.00","0.33","10","0.34","10","40.75",
="068834","微星統一52購01","0","0","0","--","--","--","--"," ","0.00","0.03","10","0.07","5","136.50",
="068835","聯發科統一52購01","0","0","0","--","--","--","--"," ","0.00","0.30","108","0.31","108","1,385.00",
="068836","聯發科統一56購02","21,000","1","11,760","0.56","0.56","0.56","0.56","-","0.02","0.56","10","0.58","10","1,385.00",
="068837","聯發科統一62購03","0","0","0","--","--","--","--"," ","0.00","0.68","10","0.70","10","1,385.00",
="068838","智易統一52購01","80,000","9","72,800","0.96","0.96","0.87","0.88","-","0.12","0.85","10","0.86","10","236.00",
="068839","精銳統一51購02","0","0","0","--","--","--","--"," ","0.00","0.27","10","0.28","10","776.00",
="068840","精銳統一62購01","233,000","4","139,600","0.60","0.60","0.58","0.60","+","0.03","0.60","10","0.61","10","776.00",
="068841","立積統一52購01","0","0","0","--","--","--","--"," ","0.00","0.30","10","--","0","158.00",
="068842","立積統一52購02","0","0","0","--","--","--","--"," ","0.00","0.15","10","0.20","10","158.00",
="068843","立積統一52購03","0","0","0","--","--","--","--"," ","0.00","0.14","10","--","0","158.00",
="068844","立積統一52購04","0","0","0","--","--","--","--"," ","0.00","0.15","10","--","0","158.00",
="068845","立積統一58購01","185,000","14","107,880","0.54","0.66","0.54","0.66","+","0.12","0.64","10","0.67","10","158.00",
="068846","立積統一62購01","0","0","0","--","--","--","--"," ","0.00","0.55","10","0.60","1","158.00",
="068847","立積統一62購02","27,000","3","11,240","0.39","0.46","0.39","0.46","+","0.07","0.46","10","--","0","158.00",
="068848","亞翔統一52購01","71,000","1","88,040","1.24","1.24","1.24","1.24","-","0.02","1.14","10","1.15","10","349.50",
="068849","昇陽半統一54購01","424,000","22","383,170","0.86","0.94","0.86","0.92","+","0.02","0.91","10","0.92","10","152.50",
="068850","昇陽半統一62購01","58,000","7","49,380","0.82","0.86","0.82","0.84","+","0.01","0.83","10","0.84","10","152.50",
="068851","鈺齊統一52購03","0","0","0","--","--","--","--"," ","0.00","0.12","10","0.13","10","106.50",
="068852","健策中信49購01","0","0","0","--","--","--","--"," ","0.00","2.07","499","--","0","0.00",
="068858","鴻海永豐49購07","0","0","0","--","--","--","--"," ","0.00","1.60","499","1.70","10","206.00",
="068859","鴻海永豐4A購05","0","0","0","--","--","--","--"," ","0.00","1.39","499","1.49","10","206.00",
="068860","鴻海永豐4B購04","0","0","0","--","--","--","--"," ","0.00","2.25","499","2.35","10","206.00",
="068861","聯強永豐49購01","1,000","1","30","0.03","0.03","0.03","0.03","X","0.00","0.01","509","--","0","65.50",
="068862","所羅門永豐49購02","0","0","0","--","--","--","--"," ","0.00","0.50","10","0.60","10","162.00",
="068863","微星永豐49購01","0","0","0","--","--","--","--"," ","0.00","--","0","0.10","10","136.50",
="068864","微星永豐4A購01","0","0","0","--","--","--","--"," ","0.00","0.03","499","0.04","10","136.50",
="068865","威盛永豐49購02","0","0","0","--","--","--","--"," ","0.00","--","0","0.10","10","62.00",
="068871","世芯永豐4A購06","0","0","0","--","--","--","--"," ","0.00","--","0","--","0","4,000.00",
="068872","神達永豐49購01","519,000","6","2,240,540","4.30","4.34","4.19","4.23","+","1.23","4.32","499","4.42","10","95.90",
="068874","精銳永豐4C購01","477,000","5","184,010","0.37","0.40","0.37","0.40","+","0.08","0.38","10","0.39","10","776.00",
="068877","昇陽半永豐49購01","0","0","0","--","--","--","--"," ","0.00","1.74","58","1.84","10","152.50",
="068878","昇陽半永豐4A購01","0","0","0","--","--","--","--"," ","0.00","0.67","10","0.70","10","152.50",
="068879","勤誠永豐4A購01","0","0","0","--","--","--","--"," ","0.00","20.70","499","21.70","10","613.00",
="06887P","臺股指凱基4C售06","0","0","0","--","--","--","--"," ","0.00","0.35","150","0.36","10","0.00",
="068886","楠梓電元富49購01","28,000","3","326,200","11.50","15.70","11.50","15.70","+","2.10","11.70","10","--","0","109.50",
="068887","聯發科元富4A購07","0","0","0","--","--","--","--"," ","0.00","0.63","25","0.65","25","1,385.00",
="068888","聯發科元富4A購08","0","0","0","--","--","--","--"," ","0.00","0.31","25","0.32","25","1,385.00",
="068892","立積元富52購01","726,000","6","222,320","0.26","0.52","0.26","0.52","+","0.24","0.44","25","0.52","9","158.00",
="068895","上銀元大51購02","0","0","0","--","--","--","--"," ","0.00","0.22","499","0.23","10","215.50",
="068903","台光電元大4C購02","0","0","0","--","--","--","--"," ","0.00","--","0","--","0","1,250.00",
="068904","聯發科元大4C購03","20,000","2","1,700","0.08","0.09","0.08","0.09","-","0.01","0.08","548","0.09","10","1,385.00",
="068906","長榮元大49購04","0","0","0","--","--","--","--"," ","0.00","0.13","499","0.14","10","188.00",
="068907","長榮元大4A購02","20,000","1","4,400","0.22","0.22","0.22","0.22","X","0.00","0.18","499","0.19","10","188.00",
="068908","陽明元大49購03","0","0","0","--","--","--","--"," ","0.00","0.52","499","0.54","10","58.80",
="068923","精銳元大4A購01","0","0","0","--","--","--","--"," ","0.00","0.48","499","0.49","10","776.00",
="068924","精銳元大4B購01","0","0","0","--","--","--","--"," ","0.00","0.50","499","0.51","10","776.00",
="068925","精銳元大52購01","237,000","6","155,010","0.61","0.67","0.61","0.67","+","0.01","0.65","499","0.66","10","776.00",
="068926","材料元大4C購02","0","0","0","--","--","--","--"," ","0.00","0.29","499","0.30","10","67.70",
="068927","立積元大49購01","0","0","0","--","--","--","--"," ","0.00","--","0","--","0","158.00",
="068928","立積元大4A購01","0","0","0","--","--","--","--"," ","0.00","--","0","--","0","158.00",
="06892P","台積電富邦4C售03","0","0","0","--","--","--","--"," ","0.00","0.06","30","0.07","10","0.00",
="068939","立積元大4B購01","0","0","0","--","--","--","--"," ","0.00","0.03","125","0.06","5","158.00",
="06893P","台積電富邦4C售04","0","0","0","--","--","--","--"," ","0.00","0.04","30","0.05","10","0.00",
="068942","訊芯元大49購05","0","0","0","--","--","--","--"," ","0.00","--","0","0.10","10","165.00",
="068944","穎崴元大4B購01","396,000","11","186,060","0.51","0.51","0.44","0.44","-","0.09","0.45","100","0.70","10","1,250.00",
="068955","台灣50富邦4A購03","0","0","0","--","--","--","--"," ","0.00","1.62","100","1.67","10","0.00",
="068956","鴻準富邦49購02","0","0","0","--","--","--","--"," ","0.00","0.10","10","--","0","0.00",
="068957","華碩富邦4A購01","0","0","0","--","--","--","--"," ","0.00","0.02","30","0.03","10","0.00",
="068958","大同富邦49購02","0","0","0","--","--","--","--"," ","0.00","0.01","100","0.03","10","0.00",
="068959","一詮富邦4A購01","0","0","0","--","--","--","--"," ","0.00","0.28","10","0.29","10","0.00",
="06895P","佳能永豐49售01","0","0","0","--","--","--","--"," ","0.00","--","0","0.06","10","0.00",
="068960","神基富邦4A購01","26,000","4","31,520","1.15","1.33","1.15","1.33","+","0.31","1.25","30","1.28","10","0.00",
="068962","智原富邦4A購01","0","0","0","--","--","--","--"," ","0.00","0.05","30","0.06","10","0.00",
="068963","智原富邦4C購01","0","0","0","--","--","--","--"," ","0.00","0.16","30","0.17","10","0.00",
="068964","欣興富邦4B購01","0","0","0","--","--","--","--"," ","0.00","0.87","30","0.88","10","0.00",
="068965","建漢富邦4A購01","0","0","0","--","--","--","--"," ","0.00","0.02","30","0.05","10","0.00",
="068966","創意富邦4A購02","153,000","1","74,970","0.49","0.49","0.49","0.49"," ","0.00","0.45","30","0.46","10","0.00",
="068967","創意富邦4A購03","123,000","3","39,860","0.32","0.33","0.32","0.33","+","0.02","0.30","30","0.31","10","0.00",
="068968","創意富邦4C購03","776,000","13","280,200","0.35","0.38","0.35","0.36","+","0.01","0.35","110","0.36","10","0.00",
="068969","創意富邦4C購04","147,000","4","83,790","0.57","0.57","0.57","0.57","+","0.02","0.54","30","0.55","10","0.00",
="068970","亞翔富邦4A購01","9,000","1","14,760","1.64","1.64","1.64","1.64","-","0.05","1.41","30","1.45","10","0.00",
="068971","南電富邦4B購01","0","0","0","--","--","--","--"," ","0.00","3.00","35","--","0","0.00",
="068972","鈺齊富邦4A購01","0","0","0","--","--","--","--"," ","0.00","0.01","100","0.05","10","0.00",
="068979","鴻海兆豐4B購01","0","0","0","--","--","--","--"," ","0.00","1.33","20","1.34","10","206.00",
="068980","台積電兆豐4C購01","0","0","0","--","--","--","--"," ","0.00","0.87","9","0.92","9","1,160.00",
="068981","旺宏兆豐52購01","619,000","19","752,570","1.23","1.23","1.20","1.22","-","0.07","1.22","20","1.23","20","20.10",
="068984","文曄兆豐4A購01","273,000","6","255,010","0.90","0.96","0.90","0.96","+","0.01","0.91","10","0.92","10","123.00",
="068985","辛耘兆豐52購01","122,000","11","161,930","1.30","1.37","1.29","1.36","+","0.14","1.36","10","1.37","10","393.50",
="068986","精銳兆豐4A購01","0","0","0","--","--","--","--"," ","0.00","0.27","10","0.28","10","776.00",
="068987","致伸兆豐4A購01","0","0","0","--","--","--","--"," ","0.00","0.22","10","0.23","10","82.30",
="068988","立積兆豐52購01","90,000","5","29,140","0.32","0.36","0.32","0.36","X","0.00","0.42","10","0.50","1","158.00",
="068989","上銀國泰49購01","0","0","0","--","--","--","--"," ","0.00","--","0","--","0","215.50",
="06898P","台積電群益4A售18","0","0","0","--","--","--","--"," ","0.00","0.03","499","0.13","10","0.00",
="068990","鴻海國泰49購01","0","0","0","--","--","--","--"," ","0.00","4.36","499","--","0","206.00",
="068991","鴻海國泰51購01","0","0","0","--","--","--","--"," ","0.00","3.48","499","3.58","100","206.00",
="068992","威盛國泰49購01","0","0","0","--","--","--","--"," ","0.00","--","0","--","0","62.00",
="068993","陽明國泰49購01","0","0","0","--","--","--","--"," ","0.00","0.54","499","0.60","10","58.80",
="068994","穎崴國泰49購01","1,000","1","520","0.52","0.52","0.52","0.52","X","0.00","0.82","10","--","0","1,250.00",
="068995","緯穎國泰49購02","0","0","0","--","--","--","--"," ","0.00","5.20","499","5.50","10","2,975.00",
="068996","緯穎國泰49購03","0","0","0","--","--","--","--"," ","0.00","5.15","499","5.45","10","2,975.00",
="068997","T50正2國票49購02","0","0","0","--","--","--","--"," ","0.00","0.04","25","0.05","10","259.40",
="068998","T50正2國票4A購02","6,000","1","9,660","1.61","1.61","1.61","1.61","-","0.04","1.47","25","1.48","10","259.40",
="06899P","台積電群益4A售19","0","0","0","--","--","--","--"," ","0.00","--","0","0.20","10","0.00",
="069000","道瓊反國票4B購01","90,000","2","7,250","0.08","0.09","0.08","0.09","+","0.01","0.08","25","0.09","10","5.93",
="069001","元金反國票4A購01","500,000","51","10,000","0.02","0.02","0.02","0.02","X","0.00","0.01","125","0.02","10","7.48",
="069002","和大國票49購02","0","0","0","--","--","--","--"," ","0.00","1.40","25","--","0","72.90",
="069004","瑞昱國票49購01","0","0","0","--","--","--","--"," ","0.00","0.01","25","0.02","10","545.00",
="069005","德律國票49購01","0","0","0","--","--","--","--"," ","0.00","3.83","25","3.93","10","206.00",
="069006","偉訓國票49購02","0","0","0","--","--","--","--"," ","0.00","2.87","25","2.97","10","110.00",
="069008","精銳國票49購01","95,000","7","2,250","0.03","0.03","0.02","0.03","+","0.01","0.02","25","0.03","10","776.00",
="069010","祥碩國票49購02","0","0","0","--","--","--","--"," ","0.00","0.01","25","0.02","10","1,665.00",
="069011","祥碩國票4A購01","0","0","0","--","--","--","--"," ","0.00","0.01","25","0.02","10","1,665.00",
="069012","jpp國票4A購01","13,000","4","57,530","4.08","4.47","4.08","4.28","+","0.49","4.21","25","4.31","10","276.00",
="069013","邁達特國票49購01","0","0","0","--","--","--","--"," ","0.00","0.01","25","0.02","10","55.50",
="069014","啟碁國票4A購01","0","0","0","--","--","--","--"," ","0.00","--","0","--","0","127.00",
="069015","伊雲谷國票49購01","0","0","0","--","--","--","--"," ","0.00","--","0","--","0","77.60",
="069016","永道國票49購02","0","0","0","--","--","--","--"," ","0.00","0.01","25","0.02","10","154.50",
="069017","昇陽半國票49購01","10,000","1","1,000","0.10","0.10","0.10","0.10","-","0.09","0.14","25","0.16","10","152.50",
="069021","聯詠中信49購01","0","0","0","--","--","--","--"," ","0.00","--","0","0.02","10","0.00",
="069022","世芯中信4A購03","40,000","1","5,600","0.14","0.14","0.14","0.14","X","0.00","0.13","10","0.14","10","0.00",
="069024","香港2X永豐52購01","2,000","2","3,030","1.54","1.54","1.49","1.49","-","0.35","1.48","10","1.49","9","16.40",
="069025","大成鋼永豐4A購02","0","0","0","--","--","--","--"," ","0.00","0.14","10","0.17","10","38.60",
="069026","上銀永豐4B購02","0","0","0","--","--","--","--"," ","0.00","0.01","10","0.03","10","215.50",
="069027","川湖永豐4A購02","0","0","0","--","--","--","--"," ","0.00","7.10","499","--","0","2,925.00",
="069028","台積電永豐49購13","0","0","0","--","--","--","--"," ","0.00","0.03","499","0.06","10","1,160.00",
="069029","華碩永豐49購01","0","0","0","--","--","--","--"," ","0.00","--","0","0.05","10","634.00",
="06902P","景碩群益49售01","0","0","0","--","--","--","--"," ","0.00","--","0","--","0","0.00",
="069033","創意永豐4B購02","100,000","1","56,000","0.56","0.56","0.56","0.56","+","0.02","0.01","499","--","0","1,350.00",
="069034","世芯永豐4B購05","8,000","1","25,440","3.18","3.18","3.18","3.18","+","0.03","3.00","499","3.02","10","4,000.00",
="069035","世芯永豐4C購04","271,000","12","561,730","2.13","2.14","2.04","2.06","-","0.10","2.03","10","2.06","10","4,000.00",
="069036","材料永豐4B購01","0","0","0","--","--","--","--"," ","0.00","0.21","499","0.22","10","67.70",
="069037","立積永豐4B購01","0","0","0","--","--","--","--"," ","0.00","0.03","10","--","0","158.00",
="069038","立積永豐52購01","185,000","15","77,180","0.37","0.58","0.36","0.58","+","0.22","0.57","10","--","0","158.00",
="069039","愛普永豐4A購01","90,000","3","45,300","0.48","0.53","0.48","0.51","+","0.04","0.50","10","0.51","10","305.50",
="069041","T50反1凱基4A購03","0","0","0","--","--","--","--"," ","0.00","--","0","0.02","10","19.79",
="069042","臺指反凱基52購01","0","0","0","--","--","--","--"," ","0.00","0.04","110","0.05","10","3.20",
="069049","仁寶凱基49購01","0","0","0","--","--","--","--"," ","0.00","--","0","0.10","10","28.10",
="069050","台積電凱基4A購19","18,000","1","13,140","0.73","0.73","0.73","0.73","X","0.00","0.67","100","0.68","10","1,160.00",
="069051","致茂凱基4A購03","0","0","0","--","--","--","--"," ","0.00","5.70","100","6.20","10","556.00",
="069053","美律凱基4A購01","175,000","6","124,000","0.71","0.71","0.66","0.66","X","0.00","0.68","100","0.70","10","107.50",
="069055","萬海凱基4A購04","47,000","6","106,720","2.19","2.36","2.16","2.16","-","0.01","2.10","100","2.11","10","84.10",
="069057","德律凱基4A購01","4,000","2","13,040","3.26","3.26","3.26","3.26","-","0.39","3.26","100","3.34","10","206.00",
="069059","智原凱基4C購01","0","0","0","--","--","--","--"," ","0.00","0.02","100","0.05","200","158.00",
="069061","創意凱基4A購02","0","0","0","--","--","--","--"," ","0.00","0.08","100","0.10","10","1,350.00",
="069062","世芯凱基49購04","0","0","0","--","--","--","--"," ","0.00","0.34","100","0.44","10","4,000.00",
="069063","神達凱基49購02","0","0","0","--","--","--","--"," ","0.00","4.73","100","4.83","10","95.90",
="069066","同欣電凱基4A購01","0","0","0","--","--","--","--"," ","0.00","0.17","100","--","0","112.50",
="069067","保瑞凱基4A購02","0","0","0","--","--","--","--"," ","0.00","0.21","10","0.22","10","733.00",
="069069","鈺齊凱基4A購01","0","0","0","--","--","--","--"," ","0.00","--","0","0.10","10","106.50",
="06906P","健策國票49售03","0","0","0","--","--","--","--"," ","0.00","--","0","--","0","0.00",
="069071","臺股指凱基4A購15","0","0","0","--","--","--","--"," ","0.00","1.97","100","1.98","10","0.00",
="069078","聯發科凱基4C購02","0","0","0","--","--","--","--"," ","0.00","6.85","50","7.35","10","1,385.00",
="06907P","訊芯國票49售02","0","0","0","--","--","--","--"," ","0.00","1.90","25","2.00","10","0.00",
="069082","台積電元大4B購06","0","0","0","--","--","--","--"," ","0.00","--","0","--","0","1,160.00",
="069093","威盛元大49購08","0","0","0","--","--","--","--"," ","0.00","--","0","0.10","10","62.00",
="069094","聯發科元大4C購04","0","0","0","--","--","--","--"," ","0.00","--","0","--","0","1,385.00",
="069096","緯創元大4C購01","68,000","7","66,660","0.96","1.01","0.96","0.99","-","0.01","0.98","499","1.01","10","115.00",
="069099","創意元大51購01","1,762,000","12","672,870","0.38","0.43","0.38","0.43","+","0.06","0.38","15","0.43","18","1,350.00",
="069102","貿聯元大49購01","0","0","0","--","--","--","--"," ","0.00","4.44","200","4.54","10","981.00",
="069108","立積元大49購02","0","0","0","--","--","--","--"," ","0.00","--","0","--","0","158.00",
="069109","立積元大4A購02","0","0","0","--","--","--","--"," ","0.00","0.01","499","--","0","158.00",
="069110","立積元大4B購02","0","0","0","--","--","--","--"," ","0.00","0.03","125","0.09","70","158.00",
="069116","訊芯元大49購06","0","0","0","--","--","--","--"," ","0.00","--","0","0.10","10","165.00",
="069119","緯穎元大4A購05","60,000","2","95,910","1.58","1.61","1.58","1.61","-","0.03","1.50","25","1.53","10","2,975.00",
="069124","聯電群益49購03","0","0","0","--","--","--","--"," ","0.00","--","0","--","0","40.60",
="069132","瑞昱群益4A購01","0","0","0","--","--","--","--"," ","0.00","--","0","--","0","545.00",
="069135","萬海群益4A購05","0","0","0","--","--","--","--"," ","0.00","1.06","499","1.16","10","84.10",
="069137","奇鋐群益52購01","0","0","0","--","--","--","--"," ","0.00","--","0","19.70","10","1,015.00",
="069139","創意群益4A購02","0","0","0","--","--","--","--"," ","0.00","0.10","499","0.20","10","1,350.00",
="069140","世芯群益49購05","0","0","0","--","--","--","--"," ","0.00","--","0","0.77","10","4,000.00",
="069141","世芯群益49購06","0","0","0","--","--","--","--"," ","0.00","--","0","0.58","10","4,000.00",
="069149","jpp群益49購01","10,000","1","54,500","5.45","5.45","5.45","5.45","X","0.00","--","0","5.95","10","276.00",
="069150","邁達特群益49購01","0","0","0","--","--","--","--"," ","0.00","--","0","0.05","20","55.50",
="069152","精成科群益52購01","0","0","0","--","--","--","--"," ","0.00","2.81","6","--","0","131.00",
="069153","穎崴群益4C購01","266,000","9","302,430","1.20","1.29","1.09","1.29","+","0.05","1.07","1","--","0","1,250.00",
="069154","泰金寶群益4C購01","0","0","0","--","--","--","--"," ","0.00","0.12","10","0.22","10","6.01",
="069155","華城統一52購01","14,000","1","15,400","1.10","1.10","1.10","1.10","+","0.06","1.04","10","1.05","10","618.00",
="069156","大成鋼統一52購02","60,000","2","20,900","0.35","0.35","0.34","0.34","X","0.00","0.32","10","0.33","10","38.60",
="069157","大成鋼統一52購03","807,000","15","293,770","0.38","0.38","0.36","0.36","-","0.04","0.35","10","0.36","10","38.60",
="069158","大成鋼統一52購04","0","0","0","--","--","--","--"," ","0.00","0.50","10","0.51","10","38.60",
="069159","光寶科統一52購02","676,000","15","566,160","0.82","0.85","0.82","0.85","-","0.01","0.83","10","0.84","10","130.00",
="069160","鴻海統一52購01","0","0","0","--","--","--","--"," ","0.00","0.98","10","0.99","10","206.00",
="069161","台積電統一52購06","0","0","0","--","--","--","--"," ","0.00","0.72","10","0.73","10","1,160.00",
="069162","台積電統一52購07","0","0","0","--","--","--","--"," ","0.00","0.68","10","0.69","10","1,160.00",
="069164","台積電統一5C購02","0","0","0","--","--","--","--"," ","0.00","0.73","10","0.74","10","1,160.00",
="069165","台積電統一62購04","0","0","0","--","--","--","--"," ","0.00","0.69","10","0.70","10","1,160.00",
="069166","宏碁統一52購01","0","0","0","--","--","--","--"," ","0.00","0.25","10","0.26","10","29.95",
="069167","宏碁統一52購02","235,000","7","26,950","0.12","0.12","0.11","0.11","-","0.02","0.10","30","0.11","10","29.95",
="069168","華碩統一52購02","0","0","0","--","--","--","--"," ","0.00","0.40","10","0.41","10","634.00",
="069169","華碩統一52購03","128,000","2","40,950","0.32","0.32","0.31","0.31","-","0.03","0.30","10","0.31","9","634.00",
="069170","技嘉統一52購02","0","0","0","--","--","--","--"," ","0.00","1.05","10","1.06","10","281.00",
="069171","微星統一51購02","0","0","0","--","--","--","--"," ","0.00","0.11","10","0.12","10","136.50",
="069172","聯發科統一52購02","0","0","0","--","--","--","--"," ","0.00","0.58","10","0.59","10","1,385.00",
="069173","長榮統一52購01","155,000","4","87,270","0.55","0.59","0.55","0.56","+","0.01","0.54","10","0.55","10","188.00",
="069174","萬海統一52購01","574,000","14","612,480","1.04","1.09","1.04","1.06","+","0.04","1.02","10","1.03","10","84.10",
="069175","大立光統一56購01","0","0","0","--","--","--","--"," ","0.00","0.32","10","0.33","10","2,395.00",
="069176","奇鋐統一52購02","0","0","0","--","--","--","--"," ","0.00","2.99","10","3.00","10","1,015.00",
="069177","智原統一51購02","0","0","0","--","--","--","--"," ","0.00","0.06","10","0.07","10","158.00",
="069178","欣興統一52購02","2,487,000","41","1,758,830","0.70","0.75","0.60","0.72","-","0.02","0.70","10","0.71","10","150.00",
="069179","緯創統一52購01","0","0","0","--","--","--","--"," ","0.00","0.64","10","0.65","10","115.00",
="069180","新日興統一52購01","49,000","3","29,100","0.58","0.60","0.58","0.60","X","0.00","0.62","10","0.63","10","259.00",
="069185","創意統一5A購01","36,000","2","30,240","0.84","0.84","0.84","0.84","-","0.03","0.84","10","0.85","10","1,350.00",
="069187","牧德統一52購02","0","0","0","--","--","--","--"," ","0.00","1.55","10","1.56","10","594.00",
="069188","辛耘統一52購01","122,000","4","90,680","0.72","0.75","0.72","0.75","+","0.06","0.75","10","0.76","10","393.50",
="069190","世芯統一53購02","1,579,000","11","1,311,390","0.85","0.85","0.81","0.84"," ","0.00","0.81","10","0.82","10","4,000.00",
="069194","日月光統一52購02","52,000","2","16,650","0.32","0.33","0.32","0.33","-","0.02","0.31","10","0.32","10","147.50",
="069195","日月光統一52購03","155,000","3","58,900","0.38","0.38","0.38","0.38","-","0.03","0.36","10","0.37","10","147.50",
="069199","精銳統一4C購01","37,000","3","15,530","0.42","0.43","0.39","0.43","+","0.08","0.41","10","0.42","10","776.00",
="069200","精銳統一52購03","0","0","0","--","--","--","--"," ","0.00","0.38","10","0.39","10","776.00",
="069205","立積統一52購05","0","0","0","--","--","--","--"," ","0.00","0.27","10","--","0","158.00",
="069206","立積統一54購01","0","0","0","--","--","--","--"," ","0.00","0.13","10","--","0","158.00",
="069207","立積統一56購01","0","0","0","--","--","--","--"," ","0.00","0.32","10","--","0","158.00",
="069208","立積統一58購02","0","0","0","--","--","--","--"," ","0.00","0.31","10","--","0","158.00",
="069209","中磊統一52購01","0","0","0","--","--","--","--"," ","0.00","0.19","10","0.20","10","105.50",
="069210","亞翔統一52購02","75,000","2","97,900","1.31","1.31","1.24","1.24","-","0.08","1.20","10","1.21","10","349.50",
="069211","迅得統一52購01","0","0","0","--","--","--","--"," ","0.00","0.41","10","0.42","10","193.50",
="069212","昇陽半統一54購02","659,000","28","480,180","0.70","0.75","0.67","0.73","+","0.02","0.72","10","0.73","10","152.50",
="069213","羅昇統一53購01","144,000","6","83,730","0.57","0.60","0.57","0.60"," ","0.00","0.58","10","0.59","10","114.50",
="069220","大成鋼元富49購02","2,000","1","300","0.15","0.15","0.15","0.15","-","0.17","0.15","8","0.20","10","38.60",
="069221","大成鋼元富52購02","179,000","9","617,400","3.42","3.53","3.33","3.33","-","0.20","3.17","25","3.27","10","38.60",
="069223","鴻海元富52購03","0","0","0","--","--","--","--"," ","0.00","3.43","25","3.49","25","206.00",
="069228","台積電元富62購01","0","0","0","--","--","--","--"," ","0.00","15.30","25","16.30","10","1,160.00",
="069232","聯發科元富4A購09","0","0","0","--","--","--","--"," ","0.00","0.38","25","0.39","25","1,385.00",
="069238","精銳元富52購01","171,000","16","311,810","1.88","1.95","1.72","1.95","+","0.31","0.81","61","--","0","776.00",
="069239","力成元富52購01","149,000","4","182,740","1.24","1.24","1.22","1.22","-","0.03","1.22","10","1.29","10","118.50",
="069246","臺股指元富52購01","0","0","0","--","--","--","--"," ","0.00","0.74","25","0.75","25","0.00",
="069247","滬深2X富邦49購01","0","0","0","--","--","--","--"," ","0.00","1.21","100","--","0","0.00",
="069248","滬深2X富邦4B購02","0","0","0","--","--","--","--"," ","0.00","1.65","100","1.66","10","0.00",
="069249","川湖富邦4A購01","0","0","0","--","--","--","--"," ","0.00","3.67","30","3.77","10","0.00",
="06924P","精成科永豐49售01","0","0","0","--","--","--","--"," ","0.00","--","0","0.03","100","0.00",
="069252","中磊富邦4B購01","0","0","0","--","--","--","--"," ","0.00","0.02","10","0.10","10","0.00",
="069255","欣興第一49購01","0","0","0","--","--","--","--"," ","0.00","5.05","10","5.10","10","0.00",
="069257","聯電兆豐4A購01","0","0","0","--","--","--","--"," ","0.00","0.52","10","0.53","10","40.60",
="069259","健策兆豐49購01","0","0","0","--","--","--","--"," ","0.00","2.58","10","--","0","1,905.00",
="06925P","迅得永豐4A售01","0","0","0","--","--","--","--"," ","0.00","0.15","10","0.16","10","0.00",
="069260","晶心科兆豐4A購01","0","0","0","--","--","--","--"," ","0.00","--","0","0.01","10","283.00",
="069261","上銀國泰49購02","0","0","0","--","--","--","--"," ","0.00","--","0","--","0","215.50",
="069262","華通國泰49購01","0","0","0","--","--","--","--"," ","0.00","2.60","499","--","0","79.30",
="069263","台積電國泰49購01","0","0","0","--","--","--","--"," ","0.00","0.96","499","1.02","10","1,160.00",
="069264","技嘉國泰49購01","0","0","0","--","--","--","--"," ","0.00","1.51","499","1.57","10","281.00",
="069265","奇鋐國泰49購01","0","0","0","--","--","--","--"," ","0.00","12.80","10","13.40","10","1,015.00",
="069266","健策國泰49購01","0","0","0","--","--","--","--"," ","0.00","6.25","499","--","0","1,905.00",
="069267","世芯國泰49購03","0","0","0","--","--","--","--"," ","0.00","1.26","499","1.32","10","4,000.00",
="069268","材料國泰49購01","0","0","0","--","--","--","--"," ","0.00","--","0","--","0","67.70",
="06926P","臺股指富邦49售09","0","0","0","--","--","--","--"," ","0.00","--","0","--","0","0.00",
="06927P","臺股指富邦49售10","0","0","0","--","--","--","--"," ","0.00","--","0","--","0","0.00",
="069280","凱美元富4B購01","0","0","0","--","--","--","--"," ","0.00","0.05","25","0.10","10","59.60",
="069281","瑞昱元富49購01","0","0","0","--","--","--","--"," ","0.00","0.02","25","0.10","10","545.00",
="069282","聯發科元富4A購10","0","0","0","--","--","--","--"," ","0.00","0.24","25","0.25","25","1,385.00",
="069283","聯發科元富4A購11","0","0","0","--","--","--","--"," ","0.00","0.17","25","0.18","25","1,385.00",
="069284","聯發科元富4A購12","0","0","0","--","--","--","--"," ","0.00","0.67","25","0.77","10","1,385.00",
="069285","聯發科元富5A購03","70,000","4","76,670","1.11","1.11","1.08","1.09","-","0.03","1.08","25","1.09","25","1,385.00",
="069287","皇昌元富49購01","0","0","0","--","--","--","--"," ","0.00","--","0","0.10","25","83.50",
="06928P","力積電統一4C售01","0","0","0","--","--","--","--"," ","0.00","0.70","10","0.71","10","0.00",
="069291","智原元富4A購02","50,000","1","2,000","0.04","0.04","0.04","0.04","X","0.00","0.04","25","0.10","10","158.00",
="069293","創意元富52購01","67,000","3","138,650","2.05","2.07","2.05","2.07","X","0.00","0.93","30","--","0","1,350.00",
="069296","世芯元富49購06","0","0","0","--","--","--","--"," ","0.00","0.51","25","0.53","25","4,000.00",
="069297","世芯元富4B購06","0","0","0","--","--","--","--"," ","0.00","1.45","25","1.48","25","4,000.00",
="069299","穎崴元富4B購01","101,000","2","89,990","0.89","0.99","0.89","0.99","+","0.07","0.34","29","0.99","3","1,250.00",
="069300","穎崴元富4B購02","69,000","1","39,330","0.57","0.57","0.57","0.57","X","0.00","0.11","1","--","0","1,250.00",
="069303","昇陽半元富49購01","0","0","0","--","--","--","--"," ","0.00","2.60","25","2.68","25","152.50",
="069304","昇陽半元富49購02","109,000","2","106,280","1.04","1.04","0.92","0.92","-","0.17","1.13","25","1.17","25","152.50",
="069305","台泥國票4A購01","0","0","0","--","--","--","--"," ","0.00","--","0","--","0","22.80",
="069306","華友聯國票4B購01","0","0","0","--","--","--","--"," ","0.00","0.01","25","0.02","10","71.30",
="069307","致茂國票49購02","0","0","0","--","--","--","--"," ","0.00","10.10","25","10.60","10","556.00",
="069308","萬海國票49購02","0","0","0","--","--","--","--"," ","0.00","--","0","5.30","10","84.10",
="069310","神基國票4B購01","119,000","4","192,080","1.56","2.06","1.56","1.81","+","0.37","1.79","25","1.84","10","157.00",
="069312","嘉澤國票4A購03","0","0","0","--","--","--","--"," ","0.00","0.16","25","0.17","10","1,465.00",
="069313","智易國票4A購01","0","0","0","--","--","--","--"," ","0.00","0.78","25","0.79","10","236.00",
="069314","宏致國票49購01","0","0","0","--","--","--","--"," ","0.00","2.10","25","2.20","10","73.90",
="069315","世芯國票49購05","10,000","8","19,230","1.92","2.09","1.79","1.95","-","0.10","1.80","25","1.83","10","4,000.00",
="069316","世芯國票4A購03","0","0","0","--","--","--","--"," ","0.00","0.86","25","0.88","10","4,000.00",
="069317","貿聯國票4A購01","44,000","9","328,150","7.35","7.50","7.35","7.50","X","0.00","7.30","25","7.55","10","981.00",
="069319","神達國票4A購02","35,000","4","200,500","5.60","6.10","5.60","6.10","+","1.48","5.55","25","6.05","10","95.90",
="06931P","智原國票49售01","1,000","1","450","0.45","0.45","0.45","0.45","X","0.00","0.47","25","0.49","10","0.00",
="069320","精銳國票49購02","0","0","0","--","--","--","--"," ","0.00","0.01","25","0.02","10","776.00",
="069321","材料國票49購01","8,000","8","80","0.01","0.01","0.01","0.01","X","0.00","--","0","0.01","172","67.70",
="069323","乙盛國票49購02","0","0","0","--","--","--","--"," ","0.00","2.27","25","2.37","10","81.40",
="069324","中磊國票4C購01","0","0","0","--","--","--","--"," ","0.00","0.12","25","0.13","10","105.50",
="069325","亞翔國票4A購01","72,000","4","180,410","2.61","2.61","2.19","2.19","-","0.44","2.12","25","2.13","10","349.50",
="069327","帝寶國票4A購01","0","0","0","--","--","--","--"," ","0.00","--","0","--","0","146.00",
="069328","昇陽半國票4A購01","90,000","4","118,300","1.31","1.33","1.31","1.33","+","0.14","1.24","25","1.31","10","152.50",
="069329","寶成國票49購01","0","0","0","--","--","--","--"," ","0.00","--","0","0.01","279","28.70",
="069336","中砂凱基4A購01","71,000","11","153,410","2.04","2.33","2.04","2.18","X","0.00","2.14","100","2.16","10","347.00",
="069338","鴻海凱基5B購01","0","0","0","--","--","--","--"," ","0.00","3.00","100","3.02","10","206.00",
="069339","鴻海凱基5B購02","0","0","0","--","--","--","--"," ","0.00","3.25","100","3.26","10","206.00",
="069340","台積電凱基5B購04","1,000","1","2,300","2.30","2.30","2.30","2.30","X","0.00","2.35","100","2.36","10","1,160.00",
="069341","華碩凱基52購01","0","0","0","--","--","--","--"," ","0.00","0.63","10","0.73","10","634.00",
="069343","聯發科凱基49購02","0","0","0","--","--","--","--"," ","0.00","--","0","0.03","100","1,385.00",
="069344","大立光凱基4A購03","0","0","0","--","--","--","--"," ","0.00","0.01","100","0.11","10","2,395.00",
="069345","奇鋐凱基49購05","0","0","0","--","--","--","--"," ","0.00","11.70","100","12.70","10","1,015.00",
="069346","欣興凱基4C購03","69,000","4","116,760","1.64","1.78","1.64","1.72","+","0.04","1.66","100","1.68","10","150.00",
="069347","緯創凱基4C購03","40,000","1","46,000","1.15","1.15","1.15","1.15","X","0.00","1.14","100","1.16","10","115.00",
="069349","世芯凱基51購01","0","0","0","--","--","--","--"," ","0.00","2.10","100","2.12","10","4,000.00",
="06934P","台積電凱基49售14","0","0","0","--","--","--","--"," ","0.00","0.17","100","0.27","10","0.00",
="069351","精銳凱基4B購01","170,000","5","58,400","0.34","0.37","0.34","0.37","+","0.08","0.37","100","0.38","10","776.00",
="069352","精銳凱基4C購01","0","0","0","--","--","--","--"," ","0.00","0.11","100","0.12","10","776.00",
="069353","材料凱基52購01","0","0","0","--","--","--","--"," ","0.00","0.35","100","0.45","10","67.70",
="069354","立積凱基49購01","0","0","0","--","--","--","--"," ","0.00","--","0","--","0","158.00",
="069355","立積凱基4A購02","0","0","0","--","--","--","--"," ","0.00","0.01","100","--","0","158.00",
="069356","亞翔凱基4C購01","67,000","15","184,890","2.83","2.87","2.65","2.65","-","0.42","2.63","100","2.65","8","349.50",
="069357","精成科凱基4C購01","0","0","0","--","--","--","--"," ","0.00","6.10","499","--","0","131.00",
="069358","啟碁凱基4A購01","0","0","0","--","--","--","--"," ","0.00","0.04","100","0.05","10","127.00",
="069360","迅得凱基4A購01","0","0","0","--","--","--","--"," ","0.00","0.05","100","0.06","10","193.50",
="069361","穎崴凱基4B購01","191,000","9","98,690","0.51","0.57","0.47","0.57","+","0.05","0.56","100","0.66","10","1,250.00",
="069365","T50正2永豐4C購02","0","0","0","--","--","--","--"," ","0.00","1.67","10","1.70","10","259.40",
="069367","滬深2X永豐49購01","0","0","0","--","--","--","--"," ","0.00","2.69","499","2.79","10","18.32",
="069368","滬深2X永豐4A購01","0","0","0","--","--","--","--"," ","0.00","3.19","499","3.29","10","18.32",
="06936P","世芯凱基4A售05","0","0","0","--","--","--","--"," ","0.00","0.02","10","0.12","10","0.00",
="069370","國巨永豐49購02","0","0","0","--","--","--","--"," ","0.00","--","0","0.05","10","137.00",
="069371","致茂永豐52購01","0","0","0","--","--","--","--"," ","0.00","6.90","499","7.15","10","556.00",
="069376","世芯永豐49購07","0","0","0","--","--","--","--"," ","0.00","0.09","499","0.19","10","4,000.00",
="069377","貿聯永豐4A購01","0","0","0","--","--","--","--"," ","0.00","10.80","499","11.80","10","981.00",
="069378","精銳永豐52購01","0","0","0","--","--","--","--"," ","0.00","0.31","499","0.32","10","776.00",
="069379","立積永豐52購02","0","0","0","--","--","--","--"," ","0.00","0.17","10","--","0","158.00",
="06937P","佳能群益4C售01","0","0","0","--","--","--","--"," ","0.00","0.04","10","0.14","10","0.00",
="069381","帝寶永豐49購01","0","0","0","--","--","--","--"," ","0.00","--","0","0.03","10","146.00",
="069382","美利達永豐49購01","0","0","0","--","--","--","--"," ","0.00","--","0","0.03","10","112.50",
="069383","世紀鋼永豐4A購01","0","0","0","--","--","--","--"," ","0.00","1.34","499","1.36","10","188.00",
="069384","大成鋼統一52購05","18,000","2","12,420","0.69","0.69","0.69","0.69","-","0.03","0.68","10","0.69","10","38.60",
="069385","大成鋼統一53購01","0","0","0","--","--","--","--"," ","0.00","0.39","10","0.40","10","38.60",
="069386","上銀統一4C購04","0","0","0","--","--","--","--"," ","0.00","0.11","10","0.12","10","215.50",
="069387","鴻海統一52購02","190,000","1","178,600","0.94","0.94","0.94","0.94","-","0.07","0.96","10","0.97","10","206.00",
="069388","鴻海統一56購04","0","0","0","--","--","--","--"," ","0.00","1.22","168","1.23","168","206.00",
="069389","台積電統一54購02","10,000","1","6,500","0.65","0.65","0.65","0.65","-","0.03","0.62","10","0.63","10","1,160.00",
="069390","華邦電統一52購02","101,000","12","129,440","1.29","1.31","1.24","1.24","-","0.02","1.22","10","1.23","10","19.60",
="069391","技嘉統一62購01","0","0","0","--","--","--","--"," ","0.00","0.74","10","0.75","10","281.00",
="069392","微星統一52購02","0","0","0","--","--","--","--"," ","0.00","0.12","10","0.13","10","136.50",
="069393","瑞昱統一52購01","0","0","0","--","--","--","--"," ","0.00","0.33","10","0.34","10","545.00",
="069394","瑞昱統一52購02","0","0","0","--","--","--","--"," ","0.00","0.39","10","0.40","10","545.00",
="069395","威盛統一52購02","0","0","0","--","--","--","--"," ","0.00","0.08","10","0.09","10","62.00",
="069396","聯發科統一53購04","0","0","0","--","--","--","--"," ","0.00","0.42","10","0.43","10","1,385.00",
="069397","陽明統一52購02","112,000","4","41,660","0.39","0.39","0.37","0.37","+","0.01","0.36","25","0.37","10","58.80",
="069398","聯詠統一52購01","0","0","0","--","--","--","--"," ","0.00","0.12","10","0.13","40","435.00",
="069399","智原統一56購01","0","0","0","--","--","--","--"," ","0.00","0.11","20","0.15","10","158.00",
="069400","智原統一58購01","90,000","2","19,900","0.22","0.23","0.22","0.23","+","0.01","0.23","10","--","0","158.00",
="069401","欣興統一52購03","1,607,000","30","1,117,450","0.70","0.74","0.64","0.69","-","0.02","0.68","20","0.69","10","150.00",
="069402","緯創統一62購01","117,000","6","74,150","0.63","0.65","0.63","0.64","-","0.01","0.64","10","0.65","10","115.00",
="069403","玉晶光統一53購01","0","0","0","--","--","--","--"," ","0.00","0.53","10","0.54","10","461.50",
="069404","群創統一52購01","230,000","18","145,480","0.55","0.70","0.55","0.66","+","0.15","0.66","10","0.67","10","14.15",
="069405","群創統一52購02","582,000","17","335,710","0.49","0.62","0.49","0.60","+","0.15","0.60","10","0.61","10","14.15",
="069406","辛耘統一52購02","1,000","1","620","0.62","0.62","0.62","0.62"," ","0.00","0.69","10","0.70","10","393.50",
="069407","世芯統一52購02","16,000","3","12,950","0.82","0.82","0.80","0.80","X","0.00","0.80","10","0.81","10","4,000.00",
="069408","日月光統一58購01","34,000","2","14,610","0.43","0.43","0.42","0.42","-","0.02","0.41","10","0.42","10","147.50",
="069409","精銳統一52購04","0","0","0","--","--","--","--"," ","0.00","0.41","10","0.42","10","776.00",
="069410","精銳統一52購05","0","0","0","--","--","--","--"," ","0.00","0.31","10","0.32","10","776.00",
="069411","精銳統一55購01","0","0","0","--","--","--","--"," ","0.00","0.32","10","0.33","10","776.00",
="069412","啟碁統一52購02","50,000","1","16,000","0.32","0.32","0.32","0.32","-","0.02","0.31","10","0.32","10","127.00",
="069413","愛普統一52購01","0","0","0","--","--","--","--"," ","0.00","0.40","10","0.41","10","305.50",
="069414","鼎基統一52購02","0","0","0","--","--","--","--"," ","0.00","0.09","10","--","0","111.50",
="069415","永道統一52購01","93,000","3","13,020","0.14","0.14","0.14","0.14","X","0.00","0.13","10","0.14","10","154.50",
="069416","泓德統一58購01","75,000","3","28,270","0.38","0.38","0.37","0.37","-","0.03","0.36","10","0.37","10","160.00",
="069417","昇陽半統一52購01","0","0","0","--","--","--","--"," ","0.00","1.03","10","1.04","10","152.50",
="069418","羅昇統一52購01","21,000","1","9,030","0.43","0.43","0.43","0.43","X","0.00","0.42","10","0.43","10","114.50",
="069419","羅昇統一56購01","58,000","2","26,100","0.45","0.45","0.45","0.45","-","0.05","0.45","10","0.46","10","114.50",
="069420","羅昇統一58購01","0","0","0","--","--","--","--"," ","0.00","0.45","10","0.46","10","114.50",
="069421","台塑群益53購01","0","0","0","--","--","--","--"," ","0.00","--","0","0.91","10","39.10",
="069427","仁寶群益4C購01","150,000","3","10,500","0.07","0.07","0.07","0.07","X","0.00","0.01","529","--","0","28.10",
="069431","致茂群益52購01","181,000","17","467,960","2.59","2.63","2.55","2.63","-","0.05","--","0","--","0","556.00",
="069432","凱美群益4A購01","0","0","0","--","--","--","--"," ","0.00","0.01","30","--","0","59.60",
="069433","瑞昱群益49購02","0","0","0","--","--","--","--"," ","0.00","--","0","--","0","545.00",
="069435","威盛群益4A購04","0","0","0","--","--","--","--"," ","0.00","--","0","0.11","10","62.00",
="069436","輔信群益49購02","0","0","0","--","--","--","--"," ","0.00","--","0","0.20","10","19.30",
="069437","萬海群益49購01","0","0","0","--","--","--","--"," ","0.00","0.60","499","0.70","10","84.10",
="069440","大立光群益4A購01","0","0","0","--","--","--","--"," ","0.00","0.01","110","0.11","10","2,395.00",
="069444","創意群益4A購03","80,000","8","38,600","0.42","0.50","0.42","0.49","+","0.13","0.45","50","0.47","10","1,350.00",
="069446","世芯群益49購07","0","0","0","--","--","--","--"," ","0.00","--","0","0.41","10","4,000.00",
="069447","精銳群益4A購02","0","0","0","--","--","--","--"," ","0.00","0.02","25","0.03","10","776.00",
="069449","中磊群益49購02","0","0","0","--","--","--","--"," ","0.00","--","0","--","0","105.50",
="069451","啟碁群益4A購01","0","0","0","--","--","--","--"," ","0.00","--","0","--","0","127.00",
="069453","帝寶群益49購01","0","0","0","--","--","--","--"," ","0.00","--","0","--","0","146.00",
="069456","台灣50元大4C購01","220,000","2","223,200","1.02","1.02","0.96","0.96","-","0.14","0.92","100","1.02","10","52.50",
="069457","道瓊銀元大4B購01","6,000","6","5,840","0.96","0.98","0.96","0.98","+","0.04","0.97","100","0.98","100","32.63",
="069466","台積電元大4B購07","250,000","5","75,000","0.31","0.31","0.29","0.29","-","0.05","0.01","499","--","0","1,160.00",
="069470","大同元大4B購01","0","0","0","--","--","--","--"," ","0.00","0.38","499","0.39","10","40.75",
="069473","聯發科元大4C購05","0","0","0","--","--","--","--"," ","0.00","--","0","0.27","5","1,385.00",
="069474","聯發科元大51購02","0","0","0","--","--","--","--"," ","0.00","--","0","--","0","1,385.00",
="069475","長榮元大49購05","0","0","0","--","--","--","--"," ","0.00","0.03","499","0.13","10","188.00",
="069483","緯創元大4C購02","111,000","6","73,040","0.65","0.66","0.65","0.66","-","0.05","0.66","499","--","0","115.00",
="069505","上証2X永豐49購01","0","0","0","--","--","--","--"," ","0.00","0.20","499","0.21","10","45.30",
="069506","元債2X永豐58購01","0","0","0","--","--","--","--"," ","0.00","0.51","499","0.52","10","7.05",
="069508","台積電永豐49購14","0","0","0","--","--","--","--"," ","0.00","0.10","499","0.20","10","1,160.00",
="069509","台積電永豐49購15","0","0","0","--","--","--","--"," ","0.00","0.08","499","0.18","10","1,160.00",
="06950P","鴻海國票49售05","0","0","0","--","--","--","--"," ","0.00","--","0","--","0","0.00",
="069510","長榮永豐4A購01","187,000","2","127,290","0.69","0.69","0.67","0.67","+","0.06","0.58","10","0.61","10","188.00",
="069511","萬海永豐4A購01","51,000","3","85,400","1.56","1.72","1.56","1.72","+","0.14","1.53","499","1.54","10","84.10",
="069512","偉訓永豐4A購01","20,000","2","18,000","0.90","0.90","0.90","0.90","X","0.00","0.82","499","0.86","10","110.00",
="069514","緯創永豐49購02","48,000","7","219,050","4.50","4.67","4.50","4.50","-","0.12","4.39","23","4.49","10","115.00",
="069515","立積永豐49購01","0","0","0","--","--","--","--"," ","0.00","0.01","499","--","0","158.00",
="069516","迅得永豐4B購01","0","0","0","--","--","--","--"," ","0.00","0.21","499","0.22","10","193.50",
="069518","中502X元富52購01","185,000","20","366,320","2.01","2.01","1.87","1.87","X","0.00","1.84","25","1.94","10","11.76",
="069520","A50正2國票49購01","0","0","0","--","--","--","--"," ","0.00","1.92","25","1.96","10","31.56",
="069522","永光國票49購01","0","0","0","--","--","--","--"," ","0.00","--","0","--","0","18.60",
="069523","台玻國票49購01","0","0","0","--","--","--","--"," ","0.00","11.50","25","12.50","1","34.55",
="069524","輔信國票49購01","0","0","0","--","--","--","--"," ","0.00","--","0","0.01","120","19.30",
="069525","美律國票4A購01","960,000","2","28,800","0.03","0.03","0.03","0.03","-","0.02","0.03","25","0.04","10","107.50",
="069526","日電貿國票49購01","0","0","0","--","--","--","--"," ","0.00","0.54","25","0.55","10","70.50",
="069527","TPK國票49購01","0","0","0","--","--","--","--"," ","0.00","0.04","25","0.05","10","41.20",
="069528","邁達特國票4A購01","0","0","0","--","--","--","--"," ","0.00","0.08","25","0.09","10","55.50",
="069529","台郡國票49購01","0","0","0","--","--","--","--"," ","0.00","0.01","25","0.02","10","68.00",
="069530","百和國票49購01","0","0","0","--","--","--","--"," ","0.00","0.01","25","0.02","10","54.00",
="069531","華城國泰49購01","0","0","0","--","--","--","--"," ","0.00","2.72","499","2.78","10","618.00",
="069532","堤維西國泰49購01","0","0","0","--","--","--","--"," ","0.00","--","0","0.01","150","42.05",
="069533","台積電國泰49購02","0","0","0","--","--","--","--"," ","0.00","0.81","499","0.87","10","1,160.00",
="069534","所羅門國泰49購01","1,000","1","900","0.90","0.90","0.90","0.90","-","0.68","0.83","10","--","0","162.00",
="069535","奇鋐國泰49購02","0","0","0","--","--","--","--"," ","0.00","15.40","10","16.00","10","1,015.00",
="069536","緯創國泰49購02","0","0","0","--","--","--","--"," ","0.00","1.03","499","--","0","115.00",
="069537","創意國泰49購01","0","0","0","--","--","--","--"," ","0.00","0.48","10","--","0","1,350.00",
="069538","矽力國泰49購01","0","0","0","--","--","--","--"," ","0.00","--","0","--","0","317.00",
="069539","微星兆豐49購01","0","0","0","--","--","--","--"," ","0.00","--","0","0.01","10","136.50",
="069540","智原兆豐4A購02","0","0","0","--","--","--","--"," ","0.00","--","0","0.01","20","158.00",
="069541","新日興兆豐49購01","0","0","0","--","--","--","--"," ","0.00","0.52","10","0.53","10","259.00",
="069542","精銳兆豐4A購02","0","0","0","--","--","--","--"," ","0.00","0.07","10","0.08","10","776.00",
="069543","八貫群益4A購01","140,000","2","3,400","0.03","0.03","0.01","0.01","-","0.01","--","0","--","0","90.00",
="069544","中興電群益4B購03","1,000","1","820","0.82","0.82","0.82","0.82","X","0.00","0.29","30","0.93","10","167.00",
="069545","勤美群益49購01","0","0","0","--","--","--","--"," ","0.00","0.01","25","0.03","10","24.90",
="069546","中砂群益49購01","0","0","0","--","--","--","--"," ","0.00","0.04","2","1.27","10","347.00",
="069548","鴻海群益49購06","0","0","0","--","--","--","--"," ","0.00","0.44","499","--","0","206.00",
="069551","威盛群益4A購05","0","0","0","--","--","--","--"," ","0.00","--","0","0.10","10","62.00",
="069553","美律群益49購02","0","0","0","--","--","--","--"," ","0.00","--","0","--","0","107.50",
="069555","皇昌群益4A購01","0","0","0","--","--","--","--"," ","0.00","--","0","0.29","10","83.50",
="069559","奇鋐群益4A購01","0","0","0","--","--","--","--"," ","0.00","--","0","4.84","10","1,015.00",
="069560","欣興群益4A購01","25,000","1","24,250","0.97","0.97","0.97","0.97","-","0.04","0.24","41","1.05","10","150.00",
="069564","材料群益4C購01","0","0","0","--","--","--","--"," ","0.00","0.13","10","0.23","10","67.70",
="069565","邁達特群益4A購01","25,000","1","1,000","0.04","0.04","0.04","0.04"," ","0.00","0.03","10","0.13","10","55.50",
="069566","精成科群益4C購01","0","0","0","--","--","--","--"," ","0.00","2.15","7","--","0","131.00",
="069568","穎崴群益52購01","375,000","13","490,310","1.31","1.39","1.18","1.39","+","0.05","0.85","11","--","0","1,250.00",
="069570","FANG+統一51購01","0","0","0","--","--","--","--"," ","0.00","1.49","499","1.51","499","110.85",
="069571","東陽統一51購01","1,000","1","220","0.22","0.22","0.22","0.22","+","0.02","0.21","10","0.22","10","101.00",
="069572","堤維西統一52購01","161,000","4","15,490","0.09","0.10","0.09","0.09","+","0.02","0.08","60","0.09","10","42.05",
="069573","上銀統一52購02","0","0","0","--","--","--","--"," ","0.00","0.12","10","0.13","10","215.50",
="069574","宇隆統一54購02","55,000","4","38,830","0.70","0.71","0.70","0.71"," ","0.00","0.66","10","0.67","10","262.00",
="069575","國巨統一52購01","25,000","1","14,250","0.57","0.57","0.57","0.57","X","0.00","0.54","10","0.55","10","137.00",
="069576","國巨統一58購01","40,000","6","34,100","0.87","0.87","0.83","0.83","-","0.01","0.83","10","0.84","10","137.00",
="069577","台積電統一5A購02","0","0","0","--","--","--","--"," ","0.00","0.93","10","0.94","10","1,160.00",
="069578","友訊統一52購02","0","0","0","--","--","--","--"," ","0.00","0.20","10","0.21","10","18.05",
="069579","瑞昱統一52購03","43,000","3","20,330","0.47","0.49","0.47","0.48","+","0.01","0.47","10","0.49","10","545.00",
="069580","台光電統一58購01","0","0","0","--","--","--","--"," ","0.00","3.60","10","3.64","10","1,250.00",
="069581","威盛統一52購03","0","0","0","--","--","--","--"," ","0.00","0.09","10","0.10","10","62.00",
="069582","威盛統一52購04","0","0","0","--","--","--","--"," ","0.00","0.14","10","0.15","10","62.00",
="069583","長榮統一58購01","0","0","0","--","--","--","--"," ","0.00","0.85","10","0.86","10","188.00",
="069584","陽明統一52購03","19,000","1","10,830","0.57","0.57","0.57","0.57","X","0.00","0.52","10","0.53","10","58.80",
="069585","萬海統一52購02","129,000","5","102,900","0.77","0.81","0.77","0.80","+","0.03","0.77","10","0.78","10","84.10",
="069586","萬海統一58購01","44,000","2","48,940","1.11","1.13","1.11","1.13","X","0.00","1.09","10","1.10","10","84.10",
="069587","富邦金統一51購01","76,000","7","49,920","0.67","0.67","0.64","0.64","-","0.03","0.62","10","0.63","10","85.20",
="069588","大立光統一62購02","0","0","0","--","--","--","--"," ","0.00","0.51","10","0.52","10","2,395.00",
="069589","鴻海元富4C購01","0","0","0","--","--","--","--"," ","0.00","15.90","25","16.90","10","206.00",
="069590","緯創統一52購02","377,000","12","251,440","0.66","0.69","0.66","0.68","-","0.01","0.68","10","0.69","10","115.00",
="069591","新日興統一52購02","534,000","9","355,260","0.53","0.71","0.53","0.65","+","0.13","0.65","10","0.66","10","259.00",
="069592","新日興統一52購03","685,000","19","542,080","0.70","0.89","0.70","0.86","+","0.16","0.88","10","0.89","10","259.00",
="069593","新日興統一5A購01","100,000","5","72,120","0.67","0.75","0.67","0.74","+","0.08","0.75","10","0.76","10","259.00",
="069595","智易統一51購01","168,000","12","159,390","0.99","1.00","0.86","0.86","-","0.16","0.85","10","0.86","9","236.00",
="069596","健策統一52購01","0","0","0","--","--","--","--"," ","0.00","1.33","10","1.34","10","1,905.00",
="069597","精銳統一5A購01","122,000","2","51,240","0.42","0.42","0.42","0.42","-","0.03","0.42","10","0.43","10","776.00",
="069598","材料統一52購02","0","0","0","--","--","--","--"," ","0.00","0.23","10","0.24","10","67.70",
="069599","材料統一58購01","0","0","0","--","--","--","--"," ","0.00","0.28","10","0.29","10","67.70",
="069600","臻鼎統一52購01","0","0","0","--","--","--","--"," ","0.00","2.60","10","2.70","10","194.00",
="069601","崇越統一52購01","1,000","1","500","0.50","0.50","0.50","0.50","X","0.00","0.39","10","0.50","8","294.50",
="069602","崇越統一52購02","50,000","1","21,000","0.42","0.42","0.42","0.42","X","0.00","0.41","10","0.42","10","294.50",
="069603","樺漢統一51購02","382,000","16","222,540","0.57","0.60","0.57","0.58","+","0.03","0.57","10","0.58","10","326.00",
="069604","樺漢統一52購01","141,000","3","68,540","0.48","0.50","0.48","0.50","+","0.06","0.48","10","0.49","10","326.00",
="069605","樺漢統一58購01","863,000","22","623,000","0.71","0.74","0.71","0.74","+","0.04","0.71","10","0.72","10","326.00",
="069606","鈺邦統一52購02","118,000","3","130,020","1.20","1.20","1.02","1.05","-","0.18","1.02","10","1.05","10","178.00",
="069607","晶心科統一52購02","0","0","0","--","--","--","--"," ","0.00","0.11","10","0.12","10","283.00",
="069608","晶心科統一52購03","0","0","0","--","--","--","--"," ","0.00","0.05","10","0.06","10","283.00",
="069609","晶心科統一58購01","0","0","0","--","--","--","--"," ","0.00","0.15","10","0.16","10","283.00",
="069610","志強統一52購01","0","0","0","--","--","--","--"," ","0.00","0.16","10","0.17","10","105.50",
="069611","昇陽半統一5A購01","62,000","3","44,220","0.71","0.72","0.71","0.72","-","0.02","0.70","40","0.71","10","152.50",
="069612","羅昇統一52購02","12,000","1","4,800","0.40","0.40","0.40","0.40"," ","0.00","0.39","10","0.40","10","114.50",
="069613","羅昇統一52購03","295,000","7","91,600","0.29","0.32","0.29","0.31"," ","0.00","0.30","10","0.31","10","114.50",
="069616","神基第一49購01","0","0","0","--","--","--","--"," ","0.00","4.83","10","4.84","10","0.00",
="069618","上銀凱基4B購01","0","0","0","--","--","--","--"," ","0.00","0.07","100","0.08","50","215.50",
="069620","鴻海凱基5B購03","6,000","1","20,280","3.38","3.38","3.38","3.38","-","0.17","3.45","100","3.46","10","206.00",
="069622","台積電凱基4B購06","0","0","0","--","--","--","--"," ","0.00","1.47","100","1.48","10","1,160.00",
="069623","智邦凱基4B購01","54,000","9","102,760","1.86","2.02","1.82","1.89","-","0.04","1.89","10","--","0","984.00",
="069624","致茂凱基4C購01","0","0","0","--","--","--","--"," ","0.00","2.83","100","2.93","10","556.00",
="069628","盟立凱基4A購01","65,000","2","22,600","0.35","0.35","0.34","0.34","+","0.05","0.30","10","0.31","30","70.00",
="069631","萬海凱基49購02","0","0","0","--","--","--","--"," ","0.00","0.61","100","0.71","10","84.10",
="069633","奇鋐凱基4C購01","0","0","0","--","--","--","--"," ","0.00","8.25","100","8.75","10","1,015.00",
="069637","創意凱基4A購03","115,000","2","27,750","0.24","0.25","0.24","0.25","+","0.02","0.23","100","0.24","10","1,350.00",
="069642","乙盛凱基49購01","0","0","0","--","--","--","--"," ","0.00","2.13","10","2.23","10","81.40",
="069643","祥碩凱基4B購02","40,000","2","5,800","0.15","0.15","0.14","0.14","-","0.02","0.13","100","0.23","10","1,665.00",
="069644","中磊凱基49購02","0","0","0","--","--","--","--"," ","0.00","--","0","0.10","10","105.50",
="069645","訊芯凱基49購02","0","0","0","--","--","--","--"," ","0.00","--","0","0.10","10","165.00",
="069646","志強凱基4A購01","0","0","0","--","--","--","--"," ","0.00","--","0","0.10","10","105.50",
="069648","T50正2元大4C購03","0","0","0","--","--","--","--"," ","0.00","1.33","100","1.42","40","259.40",
="069649","T50反1元大49購07","0","0","0","--","--","--","--"," ","0.00","--","0","0.10","10","19.79",
="069650","滬深2X元大4A購05","0","0","0","--","--","--","--"," ","0.00","2.69","100","2.79","10","18.32",
="069651","滬深2X元大4B購03","0","0","0","--","--","--","--"," ","0.00","2.02","100","2.12","10","18.32",
="069653","臺指反元大4B購01","0","0","0","--","--","--","--"," ","0.00","0.02","150","0.08","50","3.20",
="069661","台積電元大51購04","0","0","0","--","--","--","--"," ","0.00","0.47","50","--","0","1,160.00",
="069665","京元電元大4C購02","282,000","8","394,840","1.37","1.53","1.33","1.53","+","0.13","1.45","499","1.49","10","142.00",
="069666","聯發科元大51購03","0","0","0","--","--","--","--"," ","0.00","--","0","--","0","1,385.00",
="069683","亞翔元大4C購01","20,000","2","57,200","2.88","2.88","2.84","2.84","-","0.06","2.57","250","2.58","10","349.50",
="06968P","力積電元大4C售01","0","0","0","--","--","--","--"," ","0.00","0.37","499","0.38","200","0.00",
="069695","中砂富邦49購02","0","0","0","--","--","--","--"," ","0.00","1.39","10","--","0","0.00",
="069696","華通富邦49購02","275,000","15","161,900","0.58","0.64","0.58","0.64","+","0.03","0.69","30","0.71","10","0.00",
="06969P","長榮統一4A售04","0","0","0","--","--","--","--"," ","0.00","0.01","76","0.02","10","0.00",
="069700","矽統富邦4A購01","0","0","0","--","--","--","--"," ","0.00","0.03","10","0.12","10","0.00",
="069702","技嘉富邦4A購01","136,000","3","121,870","0.90","0.90","0.89","0.89","-","0.06","0.87","30","0.88","10","0.00",
="069703","技嘉富邦4C購01","325,000","16","329,840","1.02","1.02","0.99","0.99","-","0.02","0.99","30","1.00","10","0.00",
="069704","億光富邦4A購01","0","0","0","--","--","--","--"," ","0.00","0.07","30","0.08","10","0.00",
="069709","萬海富邦49購01","0","0","0","--","--","--","--"," ","0.00","0.18","30","0.19","10","0.00",
="06970P","陽明統一4A售02","0","0","0","--","--","--","--"," ","0.00","0.12","10","0.13","10","0.00",
="069710","新日興富邦4B購01","321,000","5","110,670","0.30","0.35","0.30","0.32","+","0.12","0.31","10","0.32","9","0.00",
="069711","玉晶光富邦49購02","0","0","0","--","--","--","--"," ","0.00","0.36","10","--","0","0.00",
="069712","貿聯富邦4A購01","0","0","0","--","--","--","--"," ","0.00","2.15","30","2.19","10","0.00",
="069713","材料富邦4B購01","0","0","0","--","--","--","--"," ","0.00","--","0","0.10","10","0.00",
="069715","矽力富邦4A購02","60,000","1","3,000","0.05","0.05","0.05","0.05","X","0.00","0.04","10","0.10","10","0.00",
="069717","志強富邦4A購01","0","0","0","--","--","--","--"," ","0.00","--","0","0.10","10","0.00",
="06971P","萬海統一4A售03","0","0","0","--","--","--","--"," ","0.00","0.04","10","0.05","10","0.00",
="069724","鴻海兆豐52購01","279,000","7","301,420","1.09","1.10","1.06","1.08","-","0.05","1.09","10","1.10","10","206.00",
="069725","可成兆豐4A購01","0","0","0","--","--","--","--"," ","0.00","0.12","10","0.13","10","190.00",
="069726","精成科兆豐4A購01","0","0","0","--","--","--","--"," ","0.00","4.23","10","--","0","131.00",
="069727","T50反1富邦4A購02","0","0","0","--","--","--","--"," ","0.00","--","0","0.02","100","0.00",
="069728","臺指反富邦52購01","0","0","0","--","--","--","--"," ","0.00","0.05","30","0.06","10","0.00",
="069729","元債2X富邦52購01","0","0","0","--","--","--","--"," ","0.00","0.55","100","0.56","98","0.00",
="06972P","力積電中信49售02","0","0","0","--","--","--","--"," ","0.00","0.50","499","--","0","0.00",
="069730","川湖富邦49購02","0","0","0","--","--","--","--"," ","0.00","4.28","30","--","0","0.00",
="069731","長榮富邦4A購01","168,000","3","65,160","0.40","0.40","0.37","0.37","+","0.02","0.35","10","0.36","10","0.00",
="069732","大立光富邦4A購01","0","0","0","--","--","--","--"," ","0.00","0.28","10","0.29","10","0.00",
="069733","智原富邦4A購02","0","0","0","--","--","--","--"," ","0.00","--","0","0.03","10","0.00",
="069735","華晶科富邦49購02","0","0","0","--","--","--","--"," ","0.00","1.02","10","--","0","0.00",
="069737","群創富邦4A購01","1,490,000","47","919,550","0.56","0.76","0.51","0.73","+","0.27","0.72","30","0.73","5","0.00",
="069738","群創富邦4C購01","1,969,000","33","1,261,740","0.61","0.75","0.58","0.73","+","0.20","0.72","30","0.73","10","0.00",
="069739","辛耘富邦4A購01","976,000","21","565,570","0.54","0.68","0.54","0.65","+","0.05","0.66","30","0.67","10","0.00",
="06973P","台灣50永豐49售01","0","0","0","--","--","--","--"," ","0.00","--","0","0.05","10","0.00",
="069744","日電貿元富4A購01","0","0","0","--","--","--","--"," ","0.00","0.49","25","0.50","25","70.50",
="069746","世芯元富49購07","0","0","0","--","--","--","--"," ","0.00","0.03","25","0.10","10","4,000.00",
="069747","台郡元富4A購01","230,000","1","25,300","0.11","0.11","0.11","0.11","-","0.02","0.09","25","0.15","20","68.00",
="069750","道瓊銀國票52購01","20,000","4","25,280","1.26","1.27","1.26","1.27","+","0.05","1.26","25","1.27","10","32.63",
="069751","中502X國票4B購01","126,000","10","92,990","0.77","0.78","0.69","0.69","-","0.28","0.68","25","0.69","10","11.76",
="069752","鴻海國票4B購02","26,000","4","37,790","1.44","1.49","1.44","1.49","-","0.10","1.46","25","1.52","10","206.00",
="069753","華泰國票49購01","210,000","3","33,200","0.10","0.22","0.10","0.22","+","0.04","0.14","25","0.15","10","44.70",
="069754","藍天國票49購01","0","0","0","--","--","--","--"," ","0.00","0.01","25","0.02","10","41.95",
="069755","奇鋐國票49購05","0","0","0","--","--","--","--"," ","0.00","9.65","25","10.30","10","1,015.00",
="069757","新日興國票49購01","145,000","8","16,450","0.12","0.37","0.10","0.37","+","0.23","0.24","25","0.25","10","259.00",
="069758","新日興國票4A購01","81,000","8","25,540","0.25","0.42","0.25","0.31","+","0.13","0.29","25","0.31","10","259.00",
="069759","京鼎國票49購01","0","0","0","--","--","--","--"," ","0.00","--","0","--","0","290.00",
="06975P","台光電凱基49售03","0","0","0","--","--","--","--"," ","0.00","--","0","0.10","40","0.00",
="069760","創意國票4A購02","300,000","1","63,000","0.21","0.21","0.21","0.21","X","0.00","0.19","25","0.20","10","1,350.00",
="069761","神達國票49購03","1,526,000","43","1,968,160","1.20","1.71","1.08","1.25","+","0.48","1.32","25","1.60","1","95.90",
="069762","神達國票4B購01","5,000","1","17,550","3.51","3.51","3.51","3.51","+","0.72","3.53","25","3.62","10","95.90",
="069763","精銳國票49購03","0","0","0","--","--","--","--"," ","0.00","0.01","25","0.02","10","776.00",
="069765","訊芯國票49購03","0","0","0","--","--","--","--"," ","0.00","0.01","25","0.02","10","165.00",
="069766","昇陽半國票4A購02","3,000","1","1,980","0.66","0.66","0.66","0.66","+","0.05","0.62","25","0.63","10","152.50",
="069768","國巨國泰49購01","0","0","0","--","--","--","--"," ","0.00","0.24","499","0.30","10","137.00",
="069769","微星國泰49購01","0","0","0","--","--","--","--"," ","0.00","--","0","--","0","136.50",
="069770","美律國泰49購01","0","0","0","--","--","--","--"," ","0.00","0.07","10","0.13","10","107.50",
="069771","聯發科國泰49購02","0","0","0","--","--","--","--"," ","0.00","--","0","--","0","1,385.00",
="069772","皇昌國泰49購01","0","0","0","--","--","--","--"," ","0.00","0.19","499","0.25","10","83.50",
="069773","欣興國泰49購01","0","0","0","--","--","--","--"," ","0.00","2.07","499","2.13","10","150.00",
="069776","臺股指中信4A購05","0","0","0","--","--","--","--"," ","0.00","--","0","0.02","342","0.00",
="069777","堤維西統一51購01","1,000","1","90","0.09","0.09","0.09","0.09","+","0.01","0.08","10","0.09","10","42.05",
="069778","堤維西統一52購02","58,000","2","6,960","0.12","0.12","0.12","0.12","X","0.00","0.11","10","0.12","10","42.05",
="069779","堤維西統一52購03","0","0","0","--","--","--","--"," ","0.00","0.18","10","0.19","10","42.05",
="069780","上銀統一52購03","0","0","0","--","--","--","--"," ","0.00","0.09","10","0.10","10","215.50",
="069781","川湖統一52購02","1,000","1","2,580","2.58","2.58","2.58","2.58","-","0.02","2.59","10","2.60","10","2,925.00",
="069782","友訊統一58購01","43,000","2","15,280","0.36","0.36","0.35","0.35"," ","0.00","0.34","10","0.35","10","18.05",
="069783","旺宏統一52購01","0","0","0","--","--","--","--"," ","0.00","0.31","10","0.32","10","20.10",
="069784","鴻準統一58購01","300,000","11","106,860","0.34","0.36","0.34","0.34","-","0.01","0.34","10","0.35","10","71.70",
="069785","致茂統一52購01","0","0","0","--","--","--","--"," ","0.00","2.20","10","2.23","10","556.00",
="069786","威盛統一52購05","0","0","0","--","--","--","--"," ","0.00","0.13","10","0.14","10","62.00",
="069787","威盛統一52購06","0","0","0","--","--","--","--"," ","0.00","0.15","10","0.16","10","62.00",
="069788","威盛統一58購02","0","0","0","--","--","--","--"," ","0.00","0.23","10","0.24","10","62.00",
="069789","美律統一52購01","128,000","8","41,100","0.33","0.33","0.31","0.31","-","0.05","0.31","80","0.32","10","107.50",
="069790","美律統一52購02","163,000","6","79,380","0.50","0.50","0.48","0.48","-","0.05","0.48","10","0.49","10","107.50",
="069791","義隆統一52購01","0","0","0","--","--","--","--"," ","0.00","0.15","10","0.16","10","120.00",
="069792","皇昌統一52購03","7,000","1","1,680","0.24","0.24","0.24","0.24"," ","0.00","0.23","10","0.24","10","83.50",
="069793","偉訓統一52購01","224,000","9","142,030","0.61","0.64","0.60","0.60","-","0.03","0.60","10","0.61","10","110.00",
="069794","華晶科統一58購01","10,000","1","7,900","0.79","0.79","0.79","0.79","-","0.03","0.78","10","0.79","10","50.30",
="069795","京鼎統一52購01","328,000","5","83,400","0.26","0.27","0.25","0.27","-","0.01","0.26","10","0.27","10","290.00",
="069796","定穎控統一52購01","0","0","0","--","--","--","--"," ","0.00","2.67","10","2.77","10","106.00",
="069797","精銳統一56購02","0","0","0","--","--","--","--"," ","0.00","0.29","10","0.30","10","776.00",
="069798","精成科統一52購01","0","0","0","--","--","--","--"," ","0.00","2.63","10","--","0","131.00",
="069799","精成科統一58購01","333,000","18","434,610","1.22","1.40","1.22","1.35","+","0.22","1.33","10","1.40","9","131.00",
="069800","台郡統一58購01","422,000","7","175,120","0.43","0.43","0.40","0.40","-","0.01","0.40","10","0.41","10","68.00",
="069801","啟碁統一52購03","4,000","1","1,080","0.27","0.27","0.27","0.27","-","0.01","0.26","10","0.27","10","127.00",
="069802","迅得統一53購02","0","0","0","--","--","--","--"," ","0.00","0.22","10","0.23","10","193.50",
="069803","鼎基統一56購01","0","0","0","--","--","--","--"," ","0.00","0.13","10","--","0","111.50",
="069804","志強統一52購02","0","0","0","--","--","--","--"," ","0.00","0.12","10","0.13","10","105.50",
="069805","志強統一56購01","0","0","0","--","--","--","--"," ","0.00","0.19","10","0.20","10","105.50",
="069806","美利達統一52購01","0","0","0","--","--","--","--"," ","0.00","0.07","10","0.08","10","112.50",
="069807","百和統一52購01","0","0","0","--","--","--","--"," ","0.00","0.15","10","0.16","10","54.00",
="069808","美時永豐52購01","0","0","0","--","--","--","--"," ","0.00","0.08","499","0.09","10","193.50",
="06980P","中砂群益52售01","0","0","0","--","--","--","--"," ","0.00","0.25","10","0.35","10","0.00",
="069810","上銀永豐49購02","0","0","0","--","--","--","--"," ","0.00","--","0","0.10","10","215.50",
="069811","聯發科永豐54購02","30,000","1","12,600","0.42","0.42","0.42","0.42","-","0.01","0.40","10","0.41","10","1,385.00",
="069812","長榮永豐53購01","36,000","4","23,260","0.65","0.66","0.62","0.62"," ","0.00","0.60","10","0.61","10","188.00",
="069813","智原永豐4A購01","0","0","0","--","--","--","--"," ","0.00","0.01","499","0.03","10","158.00",
="069814","新日興永豐4A購01","80,000","7","81,150","0.82","1.46","0.82","1.42","+","0.60","0.19","52","--","0","259.00",
="069815","京鼎永豐49購01","0","0","0","--","--","--","--"," ","0.00","0.08","10","0.18","10","290.00",
="069816","嘉澤永豐4A購01","0","0","0","--","--","--","--"," ","0.00","0.27","10","0.28","10","1,465.00",
="069817","健策永豐4A購02","0","0","0","--","--","--","--"," ","0.00","25.40","499","26.40","10","1,905.00",
="069818","世芯永豐4B購06","161,000","12","98,920","0.65","0.65","0.57","0.57","-","0.03","0.55","10","0.56","10","4,000.00",
="069819","神達永豐52購01","64,000","9","154,790","2.34","2.52","2.34","2.38","+","0.28","2.39","10","2.40","5","95.90",
="06981P","臺股指群益4A售14","0","0","0","--","--","--","--"," ","0.00","0.06","499","--","0","0.00",
="069820","精銳永豐4B購01","0","0","0","--","--","--","--"," ","0.00","0.45","499","0.46","10","776.00",
="069821","材料永豐4C購01","60,000","2","12,300","0.21","0.21","0.20","0.20"," ","0.00","0.19","10","0.20","10","67.70",
="069822","立積永豐4B購02","4,000","1","120","0.03","0.03","0.03","0.03","X","0.00","0.03","10","0.06","10","158.00",
="069824","祥碩永豐4B購01","0","0","0","--","--","--","--"," ","0.00","0.07","10","0.12","10","1,665.00",
="069825","精成科永豐49購02","0","0","0","--","--","--","--"," ","0.00","7.65","499","--","0","131.00",
="069826","精成科永豐4B購01","5,000","3","14,960","3.21","3.21","2.75","3.00","+","0.78","2.93","2","--","0","131.00",
="069827","勤誠永豐4C購01","0","0","0","--","--","--","--"," ","0.00","10.70","499","11.70","10","613.00",
="069828","堤維西群益49購01","0","0","0","--","--","--","--"," ","0.00","--","0","--","0","42.05",
="069831","鴻海群益59購01","0","0","0","--","--","--","--"," ","0.00","0.90","100","0.91","100","206.00",
="069832","鴻海群益5A購02","0","0","0","--","--","--","--"," ","0.00","1.00","100","1.01","100","206.00",
="069833","鴻海群益5B購01","0","0","0","--","--","--","--"," ","0.00","1.16","100","1.17","100","206.00",
="069834","鴻海群益62購01","0","0","0","--","--","--","--"," ","0.00","1.24","100","1.25","100","206.00",
="069835","國巨群益4A購01","2,000","1","1,720","0.86","0.86","0.86","0.86","+","0.03","0.79","25","0.81","10","137.00",
="069836","致茂群益52購02","12,000","3","28,540","2.38","2.38","2.36","2.36"," ","0.00","1.82","10","--","0","556.00",
="069837","佳能群益4B購01","240,000","12","272,290","1.14","1.20","1.05","1.20","-","0.05","1.15","10","1.25","10","80.80",
="06983P","台積電凱基49售15","0","0","0","--","--","--","--"," ","0.00","--","0","0.10","10","0.00",
="069842","怡利電群益4A購01","50,000","1","2,500","0.05","0.05","0.05","0.05","X","0.00","0.06","5","0.17","10","53.20",
="069844","奇鋐群益54購01","2,000","1","5,200","2.60","2.60","2.60","2.60","X","0.00","2.50","2","2.62","10","1,015.00",
="069850","世芯群益52購01","0","0","0","--","--","--","--"," ","0.00","1.01","10","1.11","10","4,000.00",
="069854","中磊群益49購03","0","0","0","--","--","--","--"," ","0.00","--","0","--","0","105.50",
="069855","精成科群益49購03","0","0","0","--","--","--","--"," ","0.00","3.66","5","--","0","131.00",
="069856","精成科群益49購04","0","0","0","--","--","--","--"," ","0.00","2.46","7","--","0","131.00",
="069858","啟碁群益4A購02","0","0","0","--","--","--","--"," ","0.00","--","0","--","0","127.00",
="069862","T50反1凱基49購06","0","0","0","--","--","--","--"," ","0.00","--","0","--","0","19.79",
="069864","滬深2X凱基4B購04","0","0","0","--","--","--","--"," ","0.00","3.44","10","3.45","50","18.32",
="069866","臺指反凱基4B購01","0","0","0","--","--","--","--"," ","0.00","0.03","100","0.04","10","3.20",
="069869","永光凱基49購01","0","0","0","--","--","--","--"," ","0.00","--","0","0.10","10","18.60",
="06986P","臺股指凱基4C售09","0","0","0","--","--","--","--"," ","0.00","0.75","100","0.76","10","0.00",
="069870","宇隆凱基49購01","0","0","0","--","--","--","--"," ","0.00","0.15","100","0.25","10","262.00",
="069872","台積電凱基49購16","0","0","0","--","--","--","--"," ","0.00","0.07","100","0.17","10","1,160.00",
="069874","威盛凱基4A購05","0","0","0","--","--","--","--"," ","0.00","--","0","0.02","50","62.00",
="069875","美律凱基49購01","0","0","0","--","--","--","--"," ","0.00","0.01","100","--","0","107.50",
="069878","偉訓凱基4C購01","9,000","1","13,680","1.52","1.52","1.52","1.52","-","0.05","1.42","100","1.52","10","110.00",
="069883","TPK凱基49購01","16,000","1","7,520","0.47","0.47","0.47","0.47","+","0.10","0.43","10","0.53","10","41.20",
="069884","神達凱基4A購02","653,000","53","2,132,850","2.65","3.45","2.65","3.08","+","0.77","3.10","33","3.12","10","95.90",
="069886","材料凱基49購03","0","0","0","--","--","--","--"," ","0.00","--","0","0.10","10","67.70",
="069887","祥碩凱基49購03","0","0","0","--","--","--","--"," ","0.00","--","0","0.10","10","1,665.00",
="06988P","聯電國票49售01","0","0","0","--","--","--","--"," ","0.00","0.01","25","0.05","10","0.00",
="069892","台虹凱基49購01","0","0","0","--","--","--","--"," ","0.00","0.06","10","0.16","10","51.80",
="069894","百和凱基49購01","0","0","0","--","--","--","--"," ","0.00","--","0","--","0","54.00",
="069896","S&P正2元大4B購01","0","0","0","--","--","--","--"," ","0.00","0.50","499","0.53","10","105.05",
="069899","上銀元大4A購06","0","0","0","--","--","--","--"," ","0.00","--","0","0.10","10","215.50",
="06989P","微星國票49售02","0","0","0","--","--","--","--"," ","0.00","1.47","25","1.55","10","0.00",
="069904","台積電元大51購05","0","0","0","--","--","--","--"," ","0.00","--","0","--","0","1,160.00",
="06990P","威盛國票49售02","0","0","0","--","--","--","--"," ","0.00","1.59","25","1.67","10","0.00",
="069910","長榮元大49購06","0","0","0","--","--","--","--"," ","0.00","0.23","499","0.24","10","188.00",
="069912","欣興元大4B購07","490,000","22","512,160","1.09","1.10","0.95","1.05","-","0.04","1.04","3","1.05","10","150.00",
="069916","創意元大4C購01","0","0","0","--","--","--","--"," ","0.00","0.01","499","--","0","1,350.00",
="06991P","緯創國票49售03","0","0","0","--","--","--","--"," ","0.00","--","0","0.10","100","0.00",
="069920","世芯元大4B購04","970,000","20","431,300","0.48","0.49","0.43","0.44","-","0.04","0.42","499","0.44","10","4,000.00",
="069925","材料元大52購01","0","0","0","--","--","--","--"," ","0.00","0.31","499","0.32","10","67.70",
="069928","亞翔元大4C購02","0","0","0","--","--","--","--"," ","0.00","2.68","250","2.73","10","349.50",
="06992P","牧德國票49售01","0","0","0","--","--","--","--"," ","0.00","--","0","0.01","120","0.00",
="069936","臺股指元大49購24","0","0","0","--","--","--","--"," ","0.00","--","0","0.10","10","0.00",
="069937","臺股指元大4C購12","1,000","1","620","0.62","0.62","0.62","0.62","-","0.07","0.60","102","0.70","10","0.00",
="069939","全新兆豐4A購01","28,000","3","4,150","0.15","0.15","0.14","0.14","-","0.05","0.13","10","0.14","5","153.50",
="06993P","乙盛國票49售01","0","0","0","--","--","--","--"," ","0.00","--","0","--","0","0.00",
="069940","飛宏兆豐4A購01","30,000","3","900","0.03","0.03","0.03","0.03","X","0.00","0.03","10","0.07","20","26.10",
="069941","鉅祥兆豐4A購01","56,000","3","30,370","0.50","0.58","0.50","0.58","X","0.00","0.53","10","0.54","10","98.10",
="069942","滬深2X群益4A購12","0","0","0","--","--","--","--"," ","0.00","0.11","181","--","0","18.32",
="069943","滬深2X群益4C購02","209,000","4","253,580","1.18","1.24","1.18","1.22","X","0.00","0.11","9","--","0","18.32",
="069948","國巨群益4A購02","0","0","0","--","--","--","--"," ","0.00","0.22","25","0.23","10","137.00",
="06994P","力積電國票49售03","0","0","0","--","--","--","--"," ","0.00","1.98","25","2.08","10","0.00",
="069952","京元電群益4A購02","0","0","0","--","--","--","--"," ","0.00","0.33","20","2.10","10","142.00",
="069953","王品群益49購01","0","0","0","--","--","--","--"," ","0.00","--","0","--","0","219.00",
="069954","元大金群益4A購02","0","0","0","--","--","--","--"," ","0.00","--","0","--","0","32.65",
="069955","中信金群益49購01","0","0","0","--","--","--","--"," ","0.00","0.50","10","0.60","10","41.80",
="069956","晟銘電群益49購01","0","0","0","--","--","--","--"," ","0.00","0.01","4","--","0","133.00",
="069958","京鼎群益49購01","0","0","0","--","--","--","--"," ","0.00","--","0","0.15","10","290.00",
="06995P","力積電國票4A售02","0","0","0","--","--","--","--"," ","0.00","0.89","25","0.90","10","0.00",
="069962","材料群益4C購02","0","0","0","--","--","--","--"," ","0.00","0.13","10","0.23","10","67.70",
="069963","台郡群益49購01","0","0","0","--","--","--","--"," ","0.00","--","0","0.15","20","68.00",
="069965","志強群益49購02","0","0","0","--","--","--","--"," ","0.00","0.03","25","0.04","10","105.50",
="069966","堤維西統一52購04","0","0","0","--","--","--","--"," ","0.00","0.12","10","0.13","10","42.05",
="069967","亞德客統一52購01","0","0","0","--","--","--","--"," ","0.00","0.15","10","0.16","10","800.00",
="069968","華新統一58購01","33,000","1","17,490","0.53","0.53","0.53","0.53","X","0.00","0.51","10","0.52","10","23.35",
="069969","中鴻統一52購01","0","0","0","--","--","--","--"," ","0.00","0.19","10","0.20","10","16.15",
="06996P","力積電國票4B售02","0","0","0","--","--","--","--"," ","0.00","0.74","25","0.75","10","0.00",
="069970","大成鋼統一52購06","0","0","0","--","--","--","--"," ","0.00","0.28","10","0.29","10","38.60",
="069971","大成鋼統一52購07","0","0","0","--","--","--","--"," ","0.00","0.29","10","0.30","10","38.60",
="069972","大成鋼統一58購01","10,000","1","3,900","0.39","0.39","0.39","0.39","-","0.02","0.19","52","0.39","20","38.60",
="069973","佳能統一52購01","372,000","10","274,660","0.72","0.74","0.72","0.74"," ","0.00","0.72","10","0.73","10","80.80",
="069974","義隆統一52購02","0","0","0","--","--","--","--"," ","0.00","0.15","10","0.16","10","120.00",
="069975","晟銘電統一52購01","24,000","1","11,280","0.47","0.47","0.47","0.47","+","0.06","0.40","10","0.41","10","133.00",
="069976","晟銘電統一52購02","44,000","4","17,540","0.42","0.42","0.37","0.37","-","0.01","0.36","10","0.37","10","133.00",
="069977","華晶科統一52購01","120,000","4","123,800","1.04","1.04","0.99","0.99","-","0.07","0.98","10","0.99","10","50.30",
="069978","健策統一52購02","31,000","4","38,730","1.23","1.26","1.23","1.26","-","0.07","1.27","10","1.28","10","1,905.00",
="069979","世芯統一52購03","62,000","18","27,040","0.44","0.45","0.42","0.43","-","0.03","0.42","70","0.43","10","4,000.00",
="06997P","力積電國票52售01","0","0","0","--","--","--","--"," ","0.00","0.77","25","0.78","10","0.00",
="069980","材料統一52購03","0","0","0","--","--","--","--"," ","0.00","0.18","10","0.19","10","67.70",
="069981","精成科統一52購02","50,000","2","88,120","1.76","1.77","1.76","1.77","+","0.24","1.82","10","--","0","131.00",
="069982","華孚統一52購01","229,000","3","101,670","0.47","0.47","0.43","0.43","-","0.02","0.42","10","0.43","10","62.60",
="069983","台郡統一52購01","130,000","3","26,800","0.23","0.23","0.20","0.20","-","0.01","0.19","10","0.20","10","68.00",
="069984","愛普統一52購02","3,000","3","1,540","0.51","0.52","0.51","0.52","X","0.00","0.52","10","0.53","10","305.50",
="069985","晶心科統一52購04","0","0","0","--","--","--","--"," ","0.00","0.05","10","0.06","10","283.00",
="069986","鼎基統一52購03","0","0","0","--","--","--","--"," ","0.00","0.18","10","--","0","111.50",
="069987","志強統一58購01","0","0","0","--","--","--","--"," ","0.00","0.28","10","0.29","10","105.50",
="069988","美利達統一52購02","0","0","0","--","--","--","--"," ","0.00","0.13","10","0.14","10","112.50",
="069989","百和統一52購02","0","0","0","--","--","--","--"," ","0.00","0.13","10","0.14","10","54.00",
="06998P","永道國票49售01","0","0","0","--","--","--","--"," ","0.00","0.37","25","--","0","0.00",
="069992","大成鋼永豐49購01","0","0","0","--","--","--","--"," ","0.00","--","0","0.10","10","38.60",
="069993","鴻海永豐49購08","0","0","0","--","--","--","--"," ","0.00","0.03","10","0.13","10","206.00",
="069994","台積電永豐62購02","439,000","16","394,710","0.90","0.91","0.89","0.89","-","0.04","0.85","10","0.93","1","1,160.00",
="069995","聯發科永豐4C購02","0","0","0","--","--","--","--"," ","0.00","0.44","10","0.45","10","1,385.00",
="069997","長榮永豐51購01","358,000","7","457,670","1.28","1.30","1.22","1.22","+","0.01","1.18","10","1.19","10","188.00",
="069999","晟銘電永豐4A購02","0","0","0","--","--","--","--"," ","0.00","0.19","499","0.20","10","133.00",
="070000","玉晶光永豐49購02","0","0","0","--","--","--","--"," ","0.00","0.98","499","1.00","10","461.50",
="070001","創意永豐49購04","38,000","2","9,120","0.24","0.24","0.24","0.24","X","0.00","0.01","30","--","0","1,350.00",
="070004","神達永豐4B購02","2,000","2","5,860","2.93","2.93","2.93","2.93","+","0.55","2.88","10","2.94","10","95.90",
="070005","材料永豐4A購02","0","0","0","--","--","--","--"," ","0.00","0.20","499","0.21","10","67.70",
="070006","新唐永豐49購01","0","0","0","--","--","--","--"," ","0.00","--","0","0.05","10","61.70",
="070007","迅得永豐4A購02","0","0","0","--","--","--","--"," ","0.00","0.07","499","0.08","10","193.50",
="070008","穎崴永豐4A購01","39,000","2","18,330","0.47","0.47","0.47","0.47","-","0.05","0.17","58","--","0","1,250.00",
="070009","志強永豐4A購01","0","0","0","--","--","--","--"," ","0.00","0.01","499","0.03","10","105.50",
="07000P","力積電永豐49售01","0","0","0","--","--","--","--"," ","0.00","0.13","499","0.18","10","0.00",
="070010","永道永豐4B購01","0","0","0","--","--","--","--"," ","0.00","0.02","499","0.03","10","154.50",
="070012","T50正2元富52購01","15,000","10","16,910","1.15","1.15","1.08","1.10","-","0.07","1.10","25","1.11","25","259.40",
="070013","美債2X元富62購01","0","0","0","--","--","--","--"," ","0.00","0.92","25","0.93","25","7.03",
="070014","華城元富52購01","0","0","0","--","--","--","--"," ","0.00","2.38","2","2.40","25","618.00",
="070018","為升元富49購01","1,130,000","8","545,970","0.39","0.57","0.39","0.49","+","0.22","0.44","25","0.54","10","102.00",
="070019","台積電元富49購10","0","0","0","--","--","--","--"," ","0.00","0.15","25","0.25","10","1,160.00",
="070020","台積電元富49購11","0","0","0","--","--","--","--"," ","0.00","0.22","25","0.32","10","1,160.00",
="070021","台積電元富49購12","0","0","0","--","--","--","--"," ","0.00","0.05","25","0.15","10","1,160.00",
="070022","台積電元富49購13","0","0","0","--","--","--","--"," ","0.00","0.53","25","0.63","10","1,160.00",
="070023","台積電元富49購14","0","0","0","--","--","--","--"," ","0.00","0.27","25","0.37","10","1,160.00",
="070024","長榮元富58購01","110,000","4","133,430","1.21","1.22","1.21","1.22","+","0.06","1.14","25","1.15","25","188.00",
="070029","世芯元富4B購07","0","0","0","--","--","--","--"," ","0.00","0.55","25","0.56","25","4,000.00",
="070030","世芯元富52購02","0","0","0","--","--","--","--"," ","0.00","1.59","25","1.61","25","4,000.00",
="070033","材料元富58購01","55,000","2","24,700","0.45","0.45","0.44","0.44"," ","0.00","0.43","25","0.44","25","67.70",
="070034","亞翔元富49購01","0","0","0","--","--","--","--"," ","0.00","3.95","25","4.05","10","349.50",
="070037","臺股指元富51購01","67,000","8","128,140","1.96","1.96","1.87","1.87","-","0.12","1.85","27","1.86","25","0.00",
="070038","華友聯國票4A購01","0","0","0","--","--","--","--"," ","0.00","0.01","25","0.02","10","71.30",
="070040","中砂國票49購03","0","0","0","--","--","--","--"," ","0.00","2.73","25","2.83","10","347.00",
="070041","中鴻國票49購01","0","0","0","--","--","--","--"," ","0.00","--","0","--","0","16.15",
="070042","大成鋼國票49購02","0","0","0","--","--","--","--"," ","0.00","--","0","--","0","38.60",
="070043","圓剛國票49購01","203,000","4","5,070","0.02","0.03","0.02","0.02","-","0.03","0.02","45","0.03","10","46.70",
="070047","晶心科國票49購01","0","0","0","--","--","--","--"," ","0.00","0.01","25","0.02","10","283.00",
="070049","中砂國泰49購01","0","0","0","--","--","--","--"," ","0.00","3.59","10","--","0","347.00",
="070050","美時國泰49購01","0","0","0","--","--","--","--"," ","0.00","--","0","--","0","193.50",
="070051","大成鋼國泰49購02","0","0","0","--","--","--","--"," ","0.00","0.09","10","0.15","10","38.60",
="070052","正崴國泰49購01","0","0","0","--","--","--","--"," ","0.00","--","0","--","0","48.40",
="070053","長榮國泰49購01","0","0","0","--","--","--","--"," ","0.00","0.16","499","0.22","10","188.00",
="070054","萬海國泰49購01","5,000","1","6,200","1.24","1.24","1.24","1.24","X","0.00","1.18","499","--","0","84.10",
="070055","大立光國泰49購01","0","0","0","--","--","--","--"," ","0.00","0.01","10","--","0","2,395.00",
="070056","晟銘電國泰49購01","0","0","0","--","--","--","--"," ","0.00","0.33","499","0.39","10","133.00",
="070057","日電貿國泰49購01","0","0","0","--","--","--","--"," ","0.00","0.14","499","--","0","70.50",
="070058","新日興國泰49購01","0","0","0","--","--","--","--"," ","0.00","0.80","10","--","0","259.00",
="070059","晶心科國泰49購01","0","0","0","--","--","--","--"," ","0.00","--","0","--","0","283.00",
="070066","雄獅第一49購01","0","0","0","--","--","--","--"," ","0.00","1.63","10","1.73","10","0.00",
="070067","和碩第一49購01","0","0","0","--","--","--","--"," ","0.00","2.81","10","2.82","10","0.00",
="070068","T50反1凱基4A購04","0","0","0","--","--","--","--"," ","0.00","--","0","0.02","10","19.79",
="070069","堤維西凱基49購01","0","0","0","--","--","--","--"," ","0.00","--","0","0.10","10","42.05",
="070070","和大凱基4A購02","1,000","1","2,090","2.09","2.09","2.09","2.09","+","1.03","1.81","100","2.10","2","72.90",
="070071","華新凱基4A購01","0","0","0","--","--","--","--"," ","0.00","0.04","10","0.14","10","23.35",
="070072","美時凱基4B購01","0","0","0","--","--","--","--"," ","0.00","0.01","100","0.11","10","193.50",
="070073","中鋼凱基49購01","0","0","0","--","--","--","--"," ","0.00","0.10","100","--","0","20.15",
="070079","國巨凱基4B購01","1,000","1","210","0.21","0.21","0.21","0.21","+","0.08","0.12","50","0.18","20","137.00",
="070081","台積電凱基4A購20","0","0","0","--","--","--","--"," ","0.00","1.37","100","1.38","10","1,160.00",
="070089","晟銘電凱基4A購01","150,000","3","32,900","0.22","0.22","0.21","0.21","X","0.00","0.16","100","0.17","10","133.00",
="070091","新日興凱基49購02","0","0","0","--","--","--","--"," ","0.00","0.18","100","0.28","10","259.00",
="070092","創意凱基49購01","0","0","0","--","--","--","--"," ","0.00","0.14","100","0.24","10","1,350.00",
="070093","世芯凱基49購05","0","0","0","--","--","--","--"," ","0.00","0.10","100","0.20","10","4,000.00",
="070094","神達凱基51購01","4,000","1","16,040","4.01","4.01","4.01","4.01","+","0.56","4.00","100","4.10","10","95.90",
="070095","材料凱基4A購02","0","0","0","--","--","--","--"," ","0.00","--","0","0.10","10","67.70",
="070096","精成科凱基49購03","0","0","0","--","--","--","--"," ","0.00","5.90","499","--","0","131.00",
="070100","臺股指凱基4C購10","0","0","0","--","--","--","--"," ","0.00","1.26","100","1.27","10","0.00",
="070101","元日2X元大4C購01","1,877,000","4","694,490","0.37","0.37","0.37","0.37","+","0.02","0.37","100","0.38","100","5.97",
="070102","元日2X元大51購03","1,025,000","5","143,770","0.15","0.15","0.14","0.15","+","0.01","0.14","200","0.15","100","5.97",
="070108","鴻海元大51購01","215,000","9","254,710","1.18","1.20","1.15","1.19","-","0.06","1.19","40","1.21","10","206.00",
="070111","台積電元大51購06","8,000","1","4,720","0.59","0.59","0.59","0.59","-","0.01","0.10","100","--","0","1,160.00",
="070113","聯發科元大51購04","0","0","0","--","--","--","--"," ","0.00","--","0","--","0","1,385.00",
="070117","晟銘電元大4B購02","193,000","11","73,160","0.45","0.45","0.33","0.33","-","0.03","0.32","499","0.33","10","133.00",
="070119","華晶科元大4A購01","529,000","22","273,000","0.57","0.57","0.45","0.47","-","0.13","0.49","499","0.50","10","50.30",
="070121","世芯元大51購02","0","0","0","--","--","--","--"," ","0.00","0.95","499","0.97","10","4,000.00",
="070126","精銳元大4B購02","45,000","1","13,050","0.29","0.29","0.29","0.29","X","0.00","0.29","499","0.30","10","776.00",
="070127","精銳元大4C購01","0","0","0","--","--","--","--"," ","0.00","0.22","499","0.23","10","776.00",
="070128","材料元大51購01","6,000","2","1,620","0.28","0.28","0.25","0.25","+","0.01","0.25","499","0.26","10","67.70",
="070129","亞翔元大4C購03","0","0","0","--","--","--","--"," ","0.00","2.79","250","--","0","349.50",
="070130","亞翔元大51購01","0","0","0","--","--","--","--"," ","0.00","3.09","200","3.13","10","349.50",
="07013P","臺股指元大49售23","0","0","0","--","--","--","--"," ","0.00","--","0","0.10","10","0.00",
="070145","台玻富邦4A購01","0","0","0","--","--","--","--"," ","0.00","4.10","30","4.20","10","0.00",
="070146","華泰富邦4A購01","8,000","2","10,700","1.30","1.35","1.30","1.35","+","0.05","1.25","30","1.28","10","0.00",
="070148","聯發科富邦4A購03","245,000","2","83,200","0.32","0.34","0.32","0.34","-","0.01","0.32","30","0.33","10","0.00",
="070149","聯發科富邦4A購04","0","0","0","--","--","--","--"," ","0.00","0.11","30","0.12","10","0.00",
="070150","聯發科富邦4A購05","0","0","0","--","--","--","--"," ","0.00","0.09","30","0.10","10","0.00",
="070152","鉅祥富邦4A購01","152,000","3","82,080","0.52","0.56","0.52","0.56","+","0.16","0.51","30","0.52","10","0.00",
="070153","一詮富邦4A購02","0","0","0","--","--","--","--"," ","0.00","0.02","10","0.10","10","0.00",
="070154","長榮富邦49購04","0","0","0","--","--","--","--"," ","0.00","0.49","10","--","0","0.00",
="070155","長榮富邦4B購02","0","0","0","--","--","--","--"," ","0.00","0.06","10","0.10","10","0.00",
="070156","長榮航富邦4A購01","0","0","0","--","--","--","--"," ","0.00","0.20","30","0.21","10","0.00",
="070157","長榮航富邦4A購02","5,000","1","1,800","0.36","0.36","0.36","0.36","X","0.00","0.32","30","0.33","10","0.00",
="070158","大立光富邦49購03","0","0","0","--","--","--","--"," ","0.00","0.07","10","--","0","0.00",
="070159","大立光富邦4A購02","200,000","1","32,000","0.16","0.16","0.16","0.16","-","0.02","0.16","10","0.17","10","0.00",
="070160","晟銘電富邦49購01","0","0","0","--","--","--","--"," ","0.00","0.36","10","0.60","20","0.00",
="070161","奇鋐富邦4A購01","0","0","0","--","--","--","--"," ","0.00","3.75","10","3.85","10","0.00",
="070162","奇鋐富邦4B購01","0","0","0","--","--","--","--"," ","0.00","3.48","10","3.58","10","0.00",
="070163","神達富邦49購02","912,000","20","1,105,190","1.17","1.33","1.03","1.31","+","0.52","1.16","30","1.17","10","0.00",
="070164","精成科富邦4B購01","5,000","1","13,400","2.68","2.68","2.68","2.68","+","0.48","2.84","10","--","0","0.00",
="070165","百和富邦4A購01","0","0","0","--","--","--","--"," ","0.00","--","0","0.03","10","0.00",
="070168","大成鋼兆豐4A購02","0","0","0","--","--","--","--"," ","0.00","0.06","10","0.07","10","38.60",
="070169","皇昌兆豐49購01","0","0","0","--","--","--","--"," ","0.00","0.01","10","0.02","10","83.50",
="07016P","FBNQ2X國票49售02","0","0","0","--","--","--","--"," ","0.00","0.03","25","0.05","10","0.00",
="070170","定穎控兆豐4A購01","0","0","0","--","--","--","--"," ","0.00","--","0","--","0","106.00",
="070173","上証2X富邦4A購02","0","0","0","--","--","--","--"," ","0.00","0.99","100","1.00","98","0.00",
="070175","美時富邦4A購01","0","0","0","--","--","--","--"," ","0.00","--","0","0.10","10","0.00",
="070176","大成鋼富邦4A購01","10,000","1","1,100","0.11","0.11","0.11","0.11","X","0.00","0.11","10","0.12","10","0.00",
="070177","大成鋼富邦4B購01","0","0","0","--","--","--","--"," ","0.00","0.24","10","0.25","10","0.00",
="070178","光寶科富邦49購01","1,498,000","5","489,840","0.34","0.34","0.32","0.32","-","0.16","0.32","30","0.42","10","0.00",
="070179","佳能富邦49購02","89,000","10","54,890","0.63","0.72","0.57","0.63","-","0.09","0.62","30","0.63","10","0.00",
="07017P","致茂國票49售01","0","0","0","--","--","--","--"," ","0.00","--","0","0.03","420","0.00",
="070180","立隆電富邦4A購01","0","0","0","--","--","--","--"," ","0.00","0.12","30","0.13","10","0.00",
="070181","富世達富邦4A購01","3,000","1","6,480","2.16","2.16","2.16","2.16","X","0.00","2.10","10","2.20","10","0.00",
="070182","華友聯統一54購01","0","0","0","--","--","--","--"," ","0.00","0.17","10","0.18","10","71.30",
="070183","亞德客統一52購02","0","0","0","--","--","--","--"," ","0.00","0.31","10","0.32","10","800.00",
="070184","亞德客統一52購03","138,000","6","42,880","0.32","0.32","0.31","0.31","-","0.02","0.29","10","0.30","10","800.00",
="070185","華新統一51購02","0","0","0","--","--","--","--"," ","0.00","0.33","10","0.34","10","23.35",
="070186","中鴻統一51購02","88,000","2","11,440","0.13","0.13","0.13","0.13","X","0.00","0.13","15","0.14","10","16.15",
="070187","大成鋼統一52購08","0","0","0","--","--","--","--"," ","0.00","0.33","10","0.34","10","38.60",
="070188","上銀統一56購01","10,000","1","1,000","0.10","0.10","0.10","0.10","X","0.00","0.08","10","0.09","10","215.50",
="070189","宇隆統一52購02","0","0","0","--","--","--","--"," ","0.00","0.54","10","0.55","10","262.00",
="070190","友訊統一52購03","0","0","0","--","--","--","--"," ","0.00","0.12","10","0.13","10","18.05",
="070191","智邦統一53購01","82,000","3","80,380","0.99","0.99","0.98","0.98","-","0.02","0.97","10","0.99","10","984.00",
="070192","皇昌統一53購03","0","0","0","--","--","--","--"," ","0.00","0.19","10","0.20","10","83.50",
="070193","晟銘電統一53購01","499,000","1","199,600","0.40","0.40","0.40","0.40","X","0.00","0.32","10","0.33","10","133.00",
="070194","晟銘電統一53購02","70,000","5","41,500","0.64","0.64","0.52","0.52","-","0.03","0.52","10","0.53","10","133.00",
="070195","智原統一52購03","0","0","0","--","--","--","--"," ","0.00","0.14","10","0.15","10","158.00",
="070196","欣興統一52購04","55,000","1","30,250","0.55","0.55","0.55","0.55"," ","0.00","0.54","10","0.56","10","150.00",
="070197","華擎統一52購01","1,000","1","600","0.60","0.60","0.60","0.60"," ","0.00","0.59","10","0.60","10","281.00",
="070198","華擎統一58購01","23,000","1","17,020","0.74","0.74","0.74","0.74","-","0.01","0.71","10","0.72","10","281.00",
="070199","健策統一52購03","12,000","3","10,460","0.87","0.88","0.87","0.88","-","0.03","0.89","10","0.90","10","1,905.00",
="07019P","志強國票49售02","0","0","0","--","--","--","--"," ","0.00","0.10","25","0.11","10","0.00",
="070200","材料統一56購02","1,000","1","270","0.27","0.27","0.27","0.27","X","0.00","0.24","10","0.27","49","67.70",
="070201","佳必琪統一52購01","62,000","3","54,920","0.89","0.89","0.86","0.86","+","0.02","0.83","12","0.85","10","178.50",
="070202","達發統一52購01","74,000","2","12,580","0.17","0.17","0.17","0.17","-","0.01","0.17","10","0.18","10","556.00",
="070203","復盛統一52購01","0","0","0","--","--","--","--"," ","0.00","0.25","10","0.26","10","265.50",
="070206","神達中信4A購01","56,000","9","134,880","2.30","2.56","2.28","2.48","+","0.21","2.50","499","2.51","10","0.00",
="070208","羅昇中信49購01","0","0","0","--","--","--","--"," ","0.00","0.01","10","0.02","10","0.00",
="070210","國企2X永豐4B購01","344,000","8","243,130","0.78","0.78","0.69","0.69","-","0.28","0.66","10","0.67","10","10.70",
="070211","中502X永豐4A購01","0","0","0","--","--","--","--"," ","0.00","1.82","10","1.92","10","11.76",
="070212","中502X永豐4B購01","33,000","2","28,570","0.89","0.89","0.81","0.81","X","0.00","0.80","25","0.81","10","11.76",
="070214","國巨永豐49購03","0","0","0","--","--","--","--"," ","0.00","0.06","499","0.11","10","137.00",
="070215","台積電永豐49購16","0","0","0","--","--","--","--"," ","0.00","0.41","499","0.51","10","1,160.00",
="070216","群光永豐4A購01","0","0","0","--","--","--","--"," ","0.00","0.11","10","0.12","10","137.00",
="070217","立隆電永豐49購02","0","0","0","--","--","--","--"," ","0.00","0.11","499","0.15","10","86.60",
="070219","智原永豐49購02","0","0","0","--","--","--","--"," ","0.00","--","0","0.10","10","158.00",
="070220","緯創永豐49購03","0","0","0","--","--","--","--"," ","0.00","0.06","10","0.11","10","115.00",
="070221","新日興永豐49購01","0","0","0","--","--","--","--"," ","0.00","--","0","--","0","259.00",
="070222","貿聯永豐49購01","0","0","0","--","--","--","--"," ","0.00","0.01","499","--","0","981.00",
="070223","神達永豐49購02","238,000","5","352,340","1.34","1.57","1.28","1.28","+","0.44","1.35","499","1.37","10","95.90",
="070224","泰金寶永豐4B購01","0","0","0","--","--","--","--"," ","0.00","0.07","10","0.08","10","6.01",
="070226","滬深2X群益4A購13","0","0","0","--","--","--","--"," ","0.00","0.06","6","1.20","10","18.32",
="070227","道瓊銅群益52購01","0","0","0","--","--","--","--"," ","0.00","0.25","25","1.32","3","24.91",
="070231","上銀群益4A購02","0","0","0","--","--","--","--"," ","0.00","--","0","0.10","10","215.50",
="070238","晟銘電群益49購02","0","0","0","--","--","--","--"," ","0.00","0.09","25","0.10","10","133.00",
="070239","奇鋐群益54購02","0","0","0","--","--","--","--"," ","0.00","--","0","2.57","10","1,015.00",
="070240","偉訓群益4A購02","0","0","0","--","--","--","--"," ","0.00","--","0","--","0","110.00",
="070241","新日興群益49購01","0","0","0","--","--","--","--"," ","0.00","--","0","--","0","259.00",
="070242","群創群益4A購01","10,000","1","21,000","2.10","2.10","2.10","2.10","X","0.00","2.00","80","2.22","10","14.15",
="070244","健策群益52購02","53,000","5","125,470","2.33","2.39","2.33","2.39","-","0.17","2.38","10","2.48","10","1,905.00",
="070247","精銳群益49購02","0","0","0","--","--","--","--"," ","0.00","--","0","--","0","776.00",
="070251","晶心科群益49購01","0","0","0","--","--","--","--"," ","0.00","--","0","--","0","283.00",
="070255","道瓊銀元富52購01","0","0","0","--","--","--","--"," ","0.00","1.02","25","1.03","25","32.63",
="070258","華新元富49購01","0","0","0","--","--","--","--"," ","0.00","0.05","25","0.10","10","23.35",
="070259","美時元富52購01","0","0","0","--","--","--","--"," ","0.00","0.34","25","0.35","25","193.50",
="070262","川湖元富49購02","0","0","0","--","--","--","--"," ","0.00","11.00","25","11.20","25","2,925.00",
="070263","川湖元富49購03","0","0","0","--","--","--","--"," ","0.00","5.70","25","5.85","25","2,925.00",
="070264","川湖元富49購04","0","0","0","--","--","--","--"," ","0.00","4.94","25","5.10","25","2,925.00",
="070268","所羅門元富49購01","0","0","0","--","--","--","--"," ","0.00","0.48","25","0.49","25","162.00",
="070270","立隆電元富52購01","5,000","2","2,070","0.43","0.43","0.41","0.41","-","0.01","0.41","25","0.42","25","86.60",
="070272","皇昌元富52購01","0","0","0","--","--","--","--"," ","0.00","0.30","25","0.31","25","83.50",
="070275","德律元富49購01","0","0","0","--","--","--","--"," ","0.00","2.61","25","2.71","10","206.00",
="070276","昇貿元富4B購01","251,000","33","1,867,550","8.10","8.15","6.65","6.65","+","0.95","7.00","25","8.15","11","129.00",
="070277","創意元富4C購04","20,000","2","2,300","0.11","0.12","0.11","0.12","+","0.02","0.01","30","0.15","150","1,350.00",
="07027P","臺股指凱基4A售14","0","0","0","--","--","--","--"," ","0.00","0.08","100","0.09","10","0.00",
="070282","中租元富4C購01","0","0","0","--","--","--","--"," ","0.00","0.56","25","0.58","25","115.50",
="070283","八貫國票49購01","0","0","0","--","--","--","--"," ","0.00","0.01","25","0.02","10","90.00",
="070284","和大國票49購03","30,000","3","36,300","1.10","1.63","1.10","1.63","X","0.00","1.24","30","1.63","25","72.90",
="070285","亞德客國票49購02","0","0","0","--","--","--","--"," ","0.00","--","0","--","0","800.00",
="070286","大成鋼國票49購03","0","0","0","--","--","--","--"," ","0.00","--","0","--","0","38.60",
="070287","上銀國票49購02","0","0","0","--","--","--","--"," ","0.00","--","0","--","0","215.50",
="070288","川湖國票4A購03","0","0","0","--","--","--","--"," ","0.00","8.20","25","8.50","10","2,925.00",
="070289","國巨國票49購01","0","0","0","--","--","--","--"," ","0.00","0.01","25","0.02","10","137.00",
="070290","國巨國票49購02","549,000","4","115,090","0.21","0.21","0.20","0.21","X","0.00","0.20","25","0.21","10","137.00",
="070291","國巨國票4A購02","0","0","0","--","--","--","--"," ","0.00","0.20","25","0.21","10","137.00",
="070292","智邦國票49購01","0","0","0","--","--","--","--"," ","0.00","2.86","25","2.96","10","984.00",
="070293","台光電國票49購02","0","0","0","--","--","--","--"," ","0.00","12.30","25","12.80","10","1,250.00",
="070294","長榮國票49購03","0","0","0","--","--","--","--"," ","0.00","0.32","25","0.33","10","188.00",
="070295","緯創國票4B購01","8,000","1","6,560","0.82","0.82","0.82","0.82","X","0.00","0.79","25","0.80","10","115.00",
="070296","揚明光國票49購01","0","0","0","--","--","--","--"," ","0.00","--","0","2.46","2","59.70",
="070297","世芯國票49購06","0","0","0","--","--","--","--"," ","0.00","0.11","25","0.12","10","4,000.00",
="070298","貿聯國票49購02","132,000","3","369,680","2.78","2.89","2.78","2.83","+","1.15","2.42","25","2.47","10","981.00",
="070299","中租國票49購02","0","0","0","--","--","--","--"," ","0.00","0.07","25","0.09","10","115.50",
="070300","訊芯國票4A購01","0","0","0","--","--","--","--"," ","0.00","0.05","25","0.06","10","165.00",
="070301","穎崴國票4A購01","3,259,000","46","451,970","0.15","0.20","0.12","0.20","+","0.02","0.19","27","0.20","9","1,250.00",
="070302","志強國票4A購02","0","0","0","--","--","--","--"," ","0.00","0.01","25","0.02","10","105.50",
="070303","永道國票4A購01","0","0","0","--","--","--","--"," ","0.00","0.01","25","0.02","10","154.50",
="070304","勤誠國票49購01","0","0","0","--","--","--","--"," ","0.00","13.00","25","14.00","10","613.00",
="070305","中鴻國泰49購01","0","0","0","--","--","--","--"," ","0.00","--","0","--","0","16.15",
="070306","大成鋼國泰49購03","0","0","0","--","--","--","--"," ","0.00","0.05","10","0.11","10","38.60",
="070307","川湖國泰49購01","0","0","0","--","--","--","--"," ","0.00","8.35","499","--","0","2,925.00",
="070308","宇隆國泰49購01","0","0","0","--","--","--","--"," ","0.00","0.58","499","0.64","10","262.00",
="070309","台積電國泰49購03","0","0","0","--","--","--","--"," ","0.00","0.46","499","0.52","10","1,160.00",
="070310","皇昌國泰49購02","0","0","0","--","--","--","--"," ","0.00","0.05","499","--","0","83.50",
="070311","富世達國泰49購01","0","0","0","--","--","--","--"," ","0.00","5.85","499","--","0","1,145.00",
="070312","勤誠國泰49購01","0","0","0","--","--","--","--"," ","0.00","16.70","10","--","0","613.00",
="070313","T50正2元大51購01","0","0","0","--","--","--","--"," ","0.00","1.66","100","1.76","10","259.40",
="070314","FBNQ2X元大4A購02","0","0","0","--","--","--","--"," ","0.00","1.53","499","1.59","10","144.85",
="070319","大成鋼元大4A購01","0","0","0","--","--","--","--"," ","0.00","0.03","499","0.13","10","38.60",
="07031P","精銳群益49售01","0","0","0","--","--","--","--"," ","0.00","--","0","--","0","0.00",
="070320","大成鋼元大4B購01","8,000","2","1,800","0.24","0.24","0.22","0.22","-","0.06","0.21","25","0.22","10","38.60",
="070325","鴻海元大51購02","0","0","0","--","--","--","--"," ","0.00","1.01","499","1.03","10","206.00",
="070328","聯發科元大51購05","0","0","0","--","--","--","--"," ","0.00","--","0","--","0","1,385.00",
="070334","大立光元大51購03","111,000","7","57,610","0.53","0.53","0.51","0.51","-","0.02","0.51","25","0.52","10","2,395.00",
="070337","晟銘電元大4B購03","419,000","8","118,560","0.30","0.30","0.24","0.24","-","0.02","0.23","499","0.24","10","133.00",
="07033P","聯發科統一4A售03","0","0","0","--","--","--","--"," ","0.00","0.38","10","0.39","10","0.00",
="070341","世芯元大51購03","0","0","0","--","--","--","--"," ","0.00","0.91","499","0.93","10","4,000.00",
="070344","精銳元大4B購03","0","0","0","--","--","--","--"," ","0.00","0.07","499","0.08","10","776.00",
="070345","精銳元大4C購02","0","0","0","--","--","--","--"," ","0.00","0.11","499","0.12","10","776.00",
="070346","材料元大51購02","0","0","0","--","--","--","--"," ","0.00","0.15","499","0.16","10","67.70",
="070348","亞翔元大51購02","0","0","0","--","--","--","--"," ","0.00","2.27","300","2.28","10","349.50",
="070358","T50正2凱基51購02","15,000","2","18,750","1.27","1.27","1.24","1.24","-","0.10","1.24","100","1.25","10","259.40",
="070359","大成鋼凱基4A購02","0","0","0","--","--","--","--"," ","0.00","0.01","100","0.11","10","38.60",
="070360","上銀凱基4C購02","1,000","1","70","0.07","0.07","0.07","0.07","+","0.01","0.05","100","0.06","30","215.50",
="070361","國巨凱基4A購01","40,000","1","40,400","1.01","1.01","1.01","1.01","X","0.00","0.89","100","0.99","10","137.00",
="070364","京元電凱基4A購01","16,000","3","29,280","1.68","1.89","1.68","1.83","+","0.17","1.80","100","1.85","10","142.00",
="070367","王品凱基49購01","0","0","0","--","--","--","--"," ","0.00","0.18","100","--","0","219.00",
="07036P","臺股指元富52售02","2,077,000","17","473,630","0.22","0.23","0.22","0.23","+","0.01","0.23","25","0.24","125","0.00",
="070371","奇鋐凱基4B購01","0","0","0","--","--","--","--"," ","0.00","8.10","100","8.60","10","1,015.00",
="070373","智原凱基4A購03","0","0","0","--","--","--","--"," ","0.00","--","0","0.10","10","158.00",
="070377","貿聯凱基49購02","0","0","0","--","--","--","--"," ","0.00","4.13","10","4.23","10","981.00",
="070378","貿聯凱基4A購02","361,000","37","906,800","2.24","2.76","2.24","2.39","+","0.16","2.44","10","2.54","10","981.00",
="070379","神達凱基4B購02","509,000","55","885,040","1.77","2.08","1.62","1.88","+","0.58","1.82","100","1.88","3","95.90",
="07037P","臺股指元富52售03","0","0","0","--","--","--","--"," ","0.00","0.46","25","0.47","25","0.00",
="070380","精銳凱基4A購01","0","0","0","--","--","--","--"," ","0.00","0.07","10","0.08","10","776.00",
="070381","台郡凱基49購01","0","0","0","--","--","--","--"," ","0.00","0.02","10","0.12","10","68.00",
="070386","臺股指凱基4C購11","0","0","0","--","--","--","--"," ","0.00","1.78","100","1.79","10","0.00",
="070388","陽明富邦49購02","0","0","0","--","--","--","--"," ","0.00","0.08","10","--","0","0.00",
="070389","碩天富邦49購01","0","0","0","--","--","--","--"," ","0.00","--","0","0.03","10","0.00",
="07038P","臺股指元富52售04","143,000","6","51,320","0.35","0.38","0.35","0.36","+","0.01","0.36","25","0.37","25","0.00",
="070392","精銳富邦49購01","0","0","0","--","--","--","--"," ","0.00","0.01","100","0.03","10","0.00",
="070393","材料富邦4A購01","0","0","0","--","--","--","--"," ","0.00","--","0","0.10","10","0.00",
="070394","啟碁富邦4B購01","0","0","0","--","--","--","--"," ","0.00","0.06","10","0.10","10","0.00",
="070395","直得元富4B購01","0","0","0","--","--","--","--"," ","0.00","0.07","25","0.10","10","89.20",
="070401","台積電元富52購02","0","0","0","--","--","--","--"," ","0.00","1.10","25","1.20","10","1,160.00",
="070403","聯發科元富4A購14","0","0","0","--","--","--","--"," ","0.00","0.65","25","0.75","10","1,385.00",
="070404","聯發科元富5A購04","0","0","0","--","--","--","--"," ","0.00","3.07","25","3.17","10","1,385.00",
="070405","建漢元富4B購01","0","0","0","--","--","--","--"," ","0.00","0.02","55","0.10","10","26.35",
="070407","新日興元富49購02","0","0","0","--","--","--","--"," ","0.00","--","0","--","0","259.00",
="07040P","聯發科元富4A售13","0","0","0","--","--","--","--"," ","0.00","0.28","30","--","0","0.00",
="070410","世芯元富49購09","0","0","0","--","--","--","--"," ","0.00","0.53","25","0.54","25","4,000.00",
="070412","新唐元富49購01","0","0","0","--","--","--","--"," ","0.00","--","0","0.10","25","61.70",
="070413","新唐元富4C購01","0","0","0","--","--","--","--"," ","0.00","0.05","25","0.10","10","61.70",
="070417","菱光元富49購01","0","0","0","--","--","--","--"," ","0.00","0.04","25","0.10","30","61.50",
="070418","三芳國票49購01","0","0","0","--","--","--","--"," ","0.00","0.01","25","0.02","10","31.60",
="070419","所羅門國票49購02","0","0","0","--","--","--","--"," ","0.00","0.11","25","0.12","10","162.00",
="07041P","川湖國票49售02","0","0","0","--","--","--","--"," ","0.00","--","0","0.30","499","0.00",
="070420","皇昌國票49購03","0","0","0","--","--","--","--"," ","0.00","0.01","25","0.02","10","83.50",
="070421","大立光國票49購01","0","0","0","--","--","--","--"," ","0.00","--","0","--","0","2,395.00",
="070422","晟銘電國票49購03","0","0","0","--","--","--","--"," ","0.00","0.08","25","0.09","10","133.00",
="070423","新日興國票49購03","0","0","0","--","--","--","--"," ","0.00","0.02","25","0.03","10","259.00",
="070426","聯德國票49購01","0","0","0","--","--","--","--"," ","0.00","0.01","25","--","0","79.70",
="070428","亞翔國票49購02","0","0","0","--","--","--","--"," ","0.00","3.54","25","3.64","10","349.50",
="07042P","台光電國票49售01","0","0","0","--","--","--","--"," ","0.00","--","0","0.02","198","0.00",
="070430","泰金寶國票49購01","0","0","0","--","--","--","--"," ","0.00","0.01","25","0.02","10","6.01",
="070432","台化國泰49購01","0","0","0","--","--","--","--"," ","0.00","2.12","499","2.18","10","29.90",
="070433","友訊國泰49購01","0","0","0","--","--","--","--"," ","0.00","--","0","0.06","10","18.05",
="070434","皇昌國泰49購03","0","0","0","--","--","--","--"," ","0.00","0.02","499","--","0","83.50",
="070435","陽明國泰49購02","0","0","0","--","--","--","--"," ","0.00","0.37","499","0.43","10","58.80",
="070436","世芯國泰49購04","0","0","0","--","--","--","--"," ","0.00","0.71","499","0.77","10","4,000.00",
="070437","材料國泰49購02","0","0","0","--","--","--","--"," ","0.00","--","0","--","0","67.70",
="070438","啟碁國泰49購01","10,000","1","800","0.08","0.08","0.08","0.08","-","0.06","0.07","499","--","0","127.00",
="070439","迅得國泰49購01","0","0","0","--","--","--","--"," ","0.00","0.08","499","--","0","193.50",
="07043P","皇昌國票49售02","0","0","0","--","--","--","--"," ","0.00","0.48","25","0.50","10","0.00",
="070440","訊芯國泰49購01","0","0","0","--","--","--","--"," ","0.00","--","0","--","0","165.00",
="070441","穎崴國泰49購02","0","0","0","--","--","--","--"," ","0.00","0.71","10","--","0","1,250.00",
="070442","緯穎國泰4C購03","0","0","0","--","--","--","--"," ","0.00","3.63","499","3.69","100","2,975.00",
="070443","華新兆豐49購01","0","0","0","--","--","--","--"," ","0.00","0.10","10","0.11","10","23.35",
="070444","上銀兆豐52購01","0","0","0","--","--","--","--"," ","0.00","0.10","10","0.11","10","215.50",
="070445","聯發科兆豐4A購01","0","0","0","--","--","--","--"," ","0.00","0.03","10","0.04","10","1,385.00",
="070446","新日興兆豐49購02","0","0","0","--","--","--","--"," ","0.00","0.25","10","0.26","10","259.00",
="070449","精銳兆豐4B購01","0","0","0","--","--","--","--"," ","0.00","0.11","10","0.12","10","776.00",
="07044P","智原國票49售02","0","0","0","--","--","--","--"," ","0.00","0.02","25","0.05","10","0.00",
="070451","迅得兆豐4A購01","0","0","0","--","--","--","--"," ","0.00","0.12","10","0.13","10","193.50",
="070454","FBNQ2X凱基4A購01","0","0","0","--","--","--","--"," ","0.00","1.74","100","1.84","10","144.85",
="070455","台塑凱基4A購02","98,000","9","119,260","1.26","1.26","1.17","1.17","-","0.22","1.16","100","--","0","39.10",
="070456","華友聯凱基4B購01","0","0","0","--","--","--","--"," ","0.00","0.03","10","0.13","10","71.30",
="07045P","健策國票49售04","0","0","0","--","--","--","--"," ","0.00","--","0","0.05","30","0.00",
="070460","國巨凱基49購01","0","0","0","--","--","--","--"," ","0.00","0.03","100","--","0","137.00",
="070461","台積電凱基4A購22","0","0","0","--","--","--","--"," ","0.00","0.07","100","0.10","10","1,160.00",
="070465","長榮凱基49購04","0","0","0","--","--","--","--"," ","0.00","--","0","--","0","188.00",
="070467","晟銘電凱基4C購01","307,000","5","348,390","1.17","1.17","1.12","1.12"," ","0.00","1.04","100","1.05","10","133.00",
="070469","緯創凱基49購02","20,000","1","6,200","0.31","0.31","0.31","0.31","X","0.00","0.31","100","--","0","115.00",
="07046P","jpp國票49售02","0","0","0","--","--","--","--"," ","0.00","--","0","0.25","20","0.00",
="070470","新日興凱基49購03","80,000","2","1,600","0.02","0.02","0.02","0.02"," ","0.00","0.04","100","0.10","1","259.00",
="070472","世芯凱基49購06","0","0","0","--","--","--","--"," ","0.00","0.56","100","0.66","10","4,000.00",
="070476","達發凱基4C購01","1,000","1","130","0.13","0.13","0.13","0.13","-","0.01","0.13","100","0.14","51","556.00",
="070477","力積電凱基49購01","0","0","0","--","--","--","--"," ","0.00","--","0","0.10","10","16.05",
="07047P","穎崴國票49售03","0","0","0","--","--","--","--"," ","0.00","0.01","25","0.05","10","0.00",
="070480","華友聯統一52購01","0","0","0","--","--","--","--"," ","0.00","0.20","10","0.21","10","71.30",
="070481","華友聯統一55購01","0","0","0","--","--","--","--"," ","0.00","0.13","10","0.14","10","71.30",
="070482","上銀統一51購01","0","0","0","--","--","--","--"," ","0.00","0.03","10","0.04","10","215.50",
="070483","上銀統一52購04","0","0","0","--","--","--","--"," ","0.00","0.05","10","0.06","10","215.50",
="070484","上銀統一52購05","0","0","0","--","--","--","--"," ","0.00","0.06","10","0.07","10","215.50",
="070485","川湖統一52購03","9,000","2","19,270","2.11","2.15","2.11","2.15","+","0.02","2.12","10","2.13","10","2,925.00",
="070486","金寶統一52購01","0","0","0","--","--","--","--"," ","0.00","0.12","10","0.13","10","19.05",
="070487","鴻海統一54購03","0","0","0","--","--","--","--"," ","0.00","1.01","168","1.02","168","206.00",
="070488","順德統一52購01","29,000","4","8,530","0.30","0.30","0.29","0.30","-","0.01","0.30","10","0.31","10","88.20",
="070489","華碩統一53購01","0","0","0","--","--","--","--"," ","0.00","0.42","10","0.43","10","634.00",
="070490","佳能統一58購02","155,000","8","95,750","0.60","0.64","0.60","0.64","-","0.01","0.62","10","0.63","10","80.80",
="070491","京城統一54購01","50,000","1","8,000","0.16","0.16","0.16","0.16","X","0.00","0.14","10","0.15","10","42.00",
="070492","皇昌統一58購01","14,000","2","3,540","0.26","0.26","0.25","0.25","+","0.01","0.22","10","0.23","10","83.50",
="070493","長榮統一52購02","193,000","4","122,120","0.61","0.65","0.61","0.65","+","0.03","0.60","20","0.61","10","188.00",
="070494","陽明統一54購01","0","0","0","--","--","--","--"," ","0.00","0.48","10","0.49","10","58.80",
="070495","萬海統一4C購01","506,000","11","442,790","0.86","0.91","0.86","0.91","+","0.05","0.84","10","0.85","10","84.10",
="070496","神基統一51購03","126,000","14","163,630","1.27","1.45","1.27","1.33","+","0.07","1.35","10","1.38","1","157.00",
="070497","晟銘電統一52購03","168,000","4","99,480","0.61","0.61","0.55","0.55","-","0.03","0.55","10","0.56","10","133.00",
="070498","日電貿統一52購02","0","0","0","--","--","--","--"," ","0.00","0.51","10","0.52","10","70.50",
="070499","新日興統一52購04","0","0","0","--","--","--","--"," ","0.00","0.34","10","0.35","10","259.00",
="070500","新日興統一53購01","21,000","2","8,520","0.40","0.52","0.40","0.52","+","0.12","0.51","10","0.52","10","259.00",
="070501","玉晶光統一56購02","101,000","2","42,430","0.43","0.43","0.42","0.42"," ","0.00","0.42","10","0.43","10","461.50",
="070502","華擎統一51購02","137,000","7","88,110","0.65","0.65","0.63","0.63","-","0.01","0.62","10","0.63","10","281.00",
="070503","貿聯統一52購02","14,000","2","17,700","1.26","1.28","1.26","1.28","-","0.02","1.34","10","1.35","10","981.00",
="070504","貿聯統一52購03","274,000","6","260,860","0.94","1.01","0.94","0.95","+","0.02","0.95","10","0.96","10","981.00",
="070505","貿聯統一52購04","129,000","9","158,870","1.19","1.33","1.19","1.29","+","0.08","1.26","10","1.27","10","981.00",
="070506","神達統一51購01","792,000","21","1,096,200","1.35","1.44","1.34","1.39","+","0.18","1.37","10","1.41","10","95.90",
="070507","神達統一52購02","386,000","12","517,830","1.34","1.42","1.29","1.42","+","0.25","1.34","10","1.38","10","95.90",
="070508","神達統一52購03","475,000","21","527,100","1.08","1.15","1.08","1.10","+","0.13","1.11","10","1.12","10","95.90",
="070509","永崴控統一52購01","0","0","0","--","--","--","--"," ","0.00","0.03","10","0.04","10","36.60",
="07050P","台積電凱基5A售02","48,000","6","67,010","1.38","1.43","1.38","1.43","+","0.08","1.43","99","1.44","10","0.00",
="070510","精銳統一53購01","0","0","0","--","--","--","--"," ","0.00","0.24","10","0.25","10","776.00",
="070511","材料統一52購04","0","0","0","--","--","--","--"," ","0.00","0.19","10","0.20","10","67.70",
="070512","材料統一52購05","0","0","0","--","--","--","--"," ","0.00","0.26","10","0.27","10","67.70",
="070513","材料統一56購03","0","0","0","--","--","--","--"," ","0.00","0.15","10","0.16","10","67.70",
="070514","中租統一52購01","61,000","2","26,830","0.44","0.44","0.43","0.43","-","0.01","0.43","10","0.44","10","115.50",
="070515","中租統一54購01","0","0","0","--","--","--","--"," ","0.00","0.35","10","0.36","10","115.50",
="070516","聯茂統一51購01","0","0","0","--","--","--","--"," ","0.00","2.26","10","2.36","10","125.00",
="070517","聯茂統一52購01","1,000","1","1,710","1.71","1.71","1.71","1.71","-","0.09","1.71","15","1.74","10","125.00",
="070518","矽格統一51購01","1,344,000","39","1,007,370","0.73","0.79","0.71","0.75","+","0.04","0.73","10","0.74","10","82.20",
="070519","訊芯統一52購01","0","0","0","--","--","--","--"," ","0.00","0.20","10","0.21","10","165.00",
="070520","達發統一52購02","0","0","0","--","--","--","--"," ","0.00","0.27","10","0.28","10","556.00",
="070521","達發統一52購03","0","0","0","--","--","--","--"," ","0.00","0.23","10","0.24","10","556.00",
="070522","美利達統一52購03","137,000","1","9,590","0.07","0.07","0.07","0.07","X","0.00","0.06","10","0.10","10","112.50",
="070523","美利達統一58購01","0","0","0","--","--","--","--"," ","0.00","0.13","10","0.14","10","112.50",
="070524","滬深2X永豐49購02","0","0","0","--","--","--","--"," ","0.00","1.18","499","1.28","10","18.32",
="070525","三芳永豐49購01","0","0","0","--","--","--","--"," ","0.00","--","0","0.10","10","31.60",
="070527","川湖永豐4B購01","0","0","0","--","--","--","--"," ","0.00","3.85","499","--","0","2,925.00",
="070528","鴻海永豐4C購02","0","0","0","--","--","--","--"," ","0.00","1.41","499","1.47","10","206.00",
="070529","台積電永豐5B購01","0","0","0","--","--","--","--"," ","0.00","1.03","10","1.04","10","1,160.00",
="070530","台積電永豐61購01","0","0","0","--","--","--","--"," ","0.00","0.82","10","0.83","10","1,160.00",
="070531","英業達永豐49購01","0","0","0","--","--","--","--"," ","0.00","0.18","499","0.20","10","41.35",
="070534","富邦金永豐49購01","0","0","0","--","--","--","--"," ","0.00","0.05","499","0.10","10","85.20",
="070535","新日興永豐49購02","0","0","0","--","--","--","--"," ","0.00","0.01","1","--","0","259.00",
="070536","牧德永豐49購01","0","0","0","--","--","--","--"," ","0.00","4.06","499","--","0","594.00",
="070537","亞翔永豐49購02","0","0","0","--","--","--","--"," ","0.00","1.94","499","2.04","10","349.50",
="070538","美利達永豐49購02","0","0","0","--","--","--","--"," ","0.00","--","0","0.03","10","112.50",
="070539","FBNQ2X群益4A購02","0","0","0","--","--","--","--"," ","0.00","1.24","25","1.25","10","144.85",
="070540","台塑群益4C購01","4,000","1","3,280","0.82","0.82","0.82","0.82","-","0.14","0.79","10","0.89","10","39.10",
="070542","國巨群益4A購03","0","0","0","--","--","--","--"," ","0.00","0.63","100","0.65","100","137.00",
="070545","京元電群益4A購03","0","0","0","--","--","--","--"," ","0.00","0.94","4","3.32","10","142.00",
="070547","中工群益4B購01","0","0","0","--","--","--","--"," ","0.00","0.25","25","0.26","10","11.25",
="070548","皇昌群益4A購02","0","0","0","--","--","--","--"," ","0.00","0.05","10","0.15","10","83.50",
="07054P","奇鋐永豐4C售02","215,000","2","8,660","0.04","0.10","0.04","0.10","+","0.07","0.05","1","0.09","10","0.00",
="070550","慧洋群益49購01","0","0","0","--","--","--","--"," ","0.00","0.15","499","0.25","10","61.80",
="070551","奇鋐群益52購03","0","0","0","--","--","--","--"," ","0.00","--","0","2.55","10","1,015.00",
="070553","健策群益52購03","40,000","4","76,900","1.89","1.96","1.89","1.96","-","0.04","1.95","10","2.05","10","1,905.00",
="070554","貿聯群益4C購01","40,000","1","168,800","4.22","4.22","4.22","4.22","X","0.00","4.12","30","4.32","10","981.00",
="070559","東科群益52購01","375,000","11","188,530","0.48","0.52","0.48","0.52","+","0.04","0.47","4","--","0","112.00",
="070561","亞翔群益4B購01","0","0","0","--","--","--","--"," ","0.00","1.41","10","1.51","10","349.50",
="070568","世紀鋼群益51購01","0","0","0","--","--","--","--"," ","0.00","--","0","1.07","10","188.00",
="070569","國企2X元大49購03","0","0","0","--","--","--","--"," ","0.00","0.64","499","0.65","50","10.70",
="07056P","聯發科統一4C售10","0","0","0","--","--","--","--"," ","0.00","0.36","10","0.38","10","0.00",
="070570","國企2X元大4A購01","385,000","5","202,600","0.55","0.55","0.50","0.50","-","0.24","0.48","100","0.49","50","10.70",
="070571","道瓊銀元大4A購01","0","0","0","--","--","--","--"," ","0.00","0.99","100","1.07","10","32.63",
="070576","大成鋼元大4A購02","0","0","0","--","--","--","--"," ","0.00","0.15","499","0.16","10","38.60",
="070577","大成鋼元大4B購02","0","0","0","--","--","--","--"," ","0.00","0.23","499","0.25","10","38.60",
="070579","上銀元大51購03","0","0","0","--","--","--","--"," ","0.00","0.01","499","0.11","10","215.50",
="07057P","世芯群益4A售03","0","0","0","--","--","--","--"," ","0.00","--","0","0.28","10","0.00",
="070581","鴻海元大51購03","0","0","0","--","--","--","--"," ","0.00","1.59","450","1.61","10","206.00",
="070586","皇昌元大51購01","0","0","0","--","--","--","--"," ","0.00","0.17","499","0.18","10","83.50",
="070587","長榮元大51購01","0","0","0","--","--","--","--"," ","0.00","0.33","499","0.35","10","188.00",
="070599","神達元大51購02","329,000","19","430,040","1.31","1.39","1.27","1.29","+","0.19","1.30","499","1.32","10","95.90",
="070601","材料元大51購03","0","0","0","--","--","--","--"," ","0.00","0.22","499","0.23","10","67.70",
="070608","台塑國泰49購01","0","0","0","--","--","--","--"," ","0.00","0.49","499","0.55","10","39.10",
="070609","和大國泰49購01","0","0","0","--","--","--","--"," ","0.00","0.66","499","--","0","72.90",
="070610","美時國泰49購02","0","0","0","--","--","--","--"," ","0.00","--","0","--","0","193.50",
="070611","上銀國泰49購03","0","0","0","--","--","--","--"," ","0.00","--","0","0.01","9","215.50",
="070612","金寶國泰49購01","0","0","0","--","--","--","--"," ","0.00","--","0","--","0","19.05",
="070613","鴻海國泰49購02","0","0","0","--","--","--","--"," ","0.00","1.33","499","1.39","10","206.00",
="070614","威盛國泰49購02","0","0","0","--","--","--","--"," ","0.00","--","0","--","0","62.00",
="070615","長榮航國泰49購01","0","0","0","--","--","--","--"," ","0.00","0.10","10","0.16","10","39.05",
="070616","精銳國泰49購02","0","0","0","--","--","--","--"," ","0.00","0.04","499","--","0","776.00",
="070617","精成科國泰49購02","0","0","0","--","--","--","--"," ","0.00","8.95","501","--","0","131.00",
="070620","勤誠國泰49購02","0","0","0","--","--","--","--"," ","0.00","12.80","499","--","0","613.00",
="070622","台泥富邦4A購01","0","0","0","--","--","--","--"," ","0.00","--","0","0.03","10","0.00",
="070623","華城富邦4B購01","1,852,000","51","1,576,380","0.88","0.91","0.80","0.80","-","0.08","0.79","10","0.80","8","0.00",
="070624","台積電富邦49購07","0","0","0","--","--","--","--"," ","0.00","0.62","30","0.66","10","0.00",
="070625","華邦電富邦4A購01","588,000","26","292,680","0.49","0.55","0.47","0.54","+","0.03","0.47","30","0.48","10","0.00",
="070626","京元電富邦4B購01","1,926,000","33","1,891,960","0.92","1.08","0.87","1.00","+","0.10","0.98","10","1.00","10","0.00",
="070627","盟立富邦49購02","0","0","0","--","--","--","--"," ","0.00","0.01","100","--","0","0.00",
="070628","皇昌富邦4B購01","0","0","0","--","--","--","--"," ","0.00","0.04","10","0.10","10","0.00",
="070629","裕民富邦4B購01","0","0","0","--","--","--","--"," ","0.00","0.07","10","0.10","10","0.00",
="07062P","滬深2X元大4A售04","0","0","0","--","--","--","--"," ","0.00","0.01","250","0.06","50","0.00",
="070631","訊芯富邦4A購01","0","0","0","--","--","--","--"," ","0.00","0.27","10","0.28","10","0.00",
="070632","台塑化富邦4B購01","757,000","9","275,740","0.37","0.37","0.35","0.35","-","0.06","0.34","30","--","0","0.00",
="070634","臺股指富邦49購11","0","0","0","--","--","--","--"," ","0.00","0.02","499","--","0","0.00",
="070635","臺股指富邦4A購06","0","0","0","--","--","--","--"," ","0.00","0.57","499","0.58","100","0.00",
="070636","國企2X凱基4A購02","85,000","11","100,500","1.22","1.22","1.11","1.11","-","0.38","1.10","100","1.11","40","10.70",
="070637","國企2X凱基4A購03","34,000","4","18,140","0.51","0.55","0.51","0.55","X","0.00","0.48","100","0.49","50","10.70",
="07063P","滬深2X元大4B售02","0","0","0","--","--","--","--"," ","0.00","0.04","499","0.09","50","0.00",
="070640","中鋼凱基4B購01","0","0","0","--","--","--","--"," ","0.00","0.19","100","0.20","10","20.15",
="070641","大成鋼凱基4B購01","0","0","0","--","--","--","--"," ","0.00","0.10","100","0.20","10","38.60",
="070642","上銀凱基4B購02","0","0","0","--","--","--","--"," ","0.00","--","0","0.10","10","215.50",
="070643","上銀凱基51購01","0","0","0","--","--","--","--"," ","0.00","0.21","100","0.22","40","215.50",
="070645","鴻海凱基49購09","0","0","0","--","--","--","--"," ","0.00","1.35","75","--","0","206.00",
="070646","國巨凱基4A購02","0","0","0","--","--","--","--"," ","0.00","0.48","100","0.58","10","137.00",
="070648","台積電凱基4A購23","0","0","0","--","--","--","--"," ","0.00","0.04","100","0.14","10","1,160.00",
="070651","英業達凱基49購02","0","0","0","--","--","--","--"," ","0.00","--","0","0.01","2","41.35",
="070653","南亞科凱基4C購01","0","0","0","--","--","--","--"," ","0.00","5.05","100","5.15","10","46.65",
="070654","京元電凱基4B購01","208,000","19","286,450","1.28","1.44","1.28","1.38","+","0.16","1.33","100","1.36","10","142.00",
="070655","聯發科凱基4C購07","260,000","3","23,800","0.10","0.10","0.08","0.08","X","0.00","0.08","100","0.09","50","1,385.00",
="070656","皇昌凱基4A購02","0","0","0","--","--","--","--"," ","0.00","0.08","10","0.09","50","83.50",
="070659","奇鋐凱基4C購02","0","0","0","--","--","--","--"," ","0.00","9.50","100","10.00","10","1,015.00",
="07065P","台積電永豐4A售05","1,000","1","150","0.15","0.15","0.15","0.15"," ","0.00","0.09","10","0.12","10","0.00",
="070662","世芯凱基4B購02","0","0","0","--","--","--","--"," ","0.00","0.54","100","0.55","30","4,000.00",
="070663","貿聯凱基49購03","10,000","1","30,900","3.09","3.09","3.09","3.09","X","0.00","3.16","10","3.26","10","981.00",
="070670","昇陽半凱基4A購01","0","0","0","--","--","--","--"," ","0.00","0.28","100","0.35","5","152.50",
="070671","三芳統一52購01","0","0","0","--","--","--","--"," ","0.00","0.12","10","0.13","10","31.60",
="070672","三芳統一52購02","0","0","0","--","--","--","--"," ","0.00","0.13","10","0.14","10","31.60",
="070673","華友聯統一52購02","0","0","0","--","--","--","--"," ","0.00","0.08","10","0.09","10","71.30",
="070674","華新統一4C購01","0","0","0","--","--","--","--"," ","0.00","0.24","108","0.25","108","23.35",
="070675","華新統一52購02","0","0","0","--","--","--","--"," ","0.00","0.20","10","0.21","10","23.35",
="070676","華新統一52購03","0","0","0","--","--","--","--"," ","0.00","0.30","10","0.31","10","23.35",
="070677","宇隆統一52購03","63,000","3","50,940","0.80","0.81","0.80","0.81","X","0.00","0.76","10","0.77","10","262.00",
="070679","旺宏統一4C購01","0","0","0","--","--","--","--"," ","0.00","0.34","10","0.35","10","20.10",
="07067P","世芯永豐4C售05","310,000","4","57,900","0.18","0.19","0.18","0.19"," ","0.00","0.19","60","0.20","10","0.00",
="070680","華邦電統一4C購01","80,000","2","56,300","0.71","0.71","0.70","0.70","+","0.02","0.65","10","0.66","10","19.60",
="070681","華邦電統一51購01","1,020,000","23","640,470","0.63","0.65","0.60","0.60","-","0.02","0.60","5","0.61","10","19.60",
="070682","華邦電統一52購03","441,000","12","320,090","0.71","0.76","0.71","0.71","-","0.04","0.69","10","0.70","10","19.60",
="070683","華邦電統一52購04","65,000","2","35,050","0.54","0.54","0.53","0.53"," ","0.00","0.52","10","0.53","10","19.60",
="070684","順德統一52購02","0","0","0","--","--","--","--"," ","0.00","0.42","10","0.43","10","88.20",
="070685","英業達統一52購01","0","0","0","--","--","--","--"," ","0.00","0.36","10","0.37","10","41.35",
="070686","南亞科統一52購03","37,000","4","68,310","1.88","1.88","1.79","1.79","-","0.13","1.78","10","1.79","10","46.65",
="070687","盟立統一52購02","0","0","0","--","--","--","--"," ","0.00","0.26","10","0.27","20","70.00",
="070688","盟立統一52購03","298,000","3","97,340","0.33","0.33","0.32","0.32","+","0.01","0.31","70","0.32","10","70.00",
="070689","立隆電統一53購01","161,000","3","67,110","0.41","0.43","0.41","0.43"," ","0.00","0.42","10","0.43","10","86.60",
="070690","皇昌統一52購04","0","0","0","--","--","--","--"," ","0.00","0.13","10","0.14","10","83.50",
="070691","裕民統一52購01","5,000","1","1,350","0.27","0.27","0.27","0.27","X","0.00","0.26","10","0.27","10","57.30",
="070692","晶豪科統一54購01","0","0","0","--","--","--","--"," ","0.00","0.42","10","0.43","10","57.40",
="070693","晟銘電統一52購04","410,000","18","254,440","0.65","0.66","0.55","0.55","-","0.01","0.54","10","0.55","10","133.00",
="070694","建漢統一52購02","265,000","7","64,430","0.25","0.25","0.24","0.24","X","0.00","0.24","10","0.25","10","26.35",
="070695","景碩統一52購01","1,215,000","38","979,260","0.74","0.83","0.74","0.78","-","0.01","0.73","10","0.74","10","113.50",
="070696","新日興統一51購03","199,000","5","94,350","0.45","0.51","0.45","0.48","X","0.00","0.49","10","0.50","10","259.00",
="070697","新日興統一54購01","35,000","2","19,340","0.55","0.58","0.55","0.58","X","0.00","0.59","10","0.60","10","259.00",
="070698","貿聯統一58購01","277,000","16","177,370","0.62","0.68","0.61","0.65","+","0.02","0.64","45","0.65","10","981.00",
="070699","永崴控統一52購02","0","0","0","--","--","--","--"," ","0.00","0.12","10","0.13","10","36.60",
="07069P","上銀國票49售01","0","0","0","--","--","--","--"," ","0.00","2.41","25","2.51","10","0.00",
="070700","中租統一52購02","0","0","0","--","--","--","--"," ","0.00","0.40","10","0.41","10","115.50",
="070701","亞翔統一52購03","0","0","0","--","--","--","--"," ","0.00","1.20","10","1.21","10","349.50",
="070702","亞翔統一54購01","292,000","8","270,740","0.96","0.96","0.90","0.91","-","0.08","0.90","10","0.91","10","349.50",
="070703","亞翔統一58購01","8,000","1","8,160","1.02","1.02","1.02","1.02","X","0.00","0.98","10","0.99","10","349.50",
="070704","矽力統一52購01","0","0","0","--","--","--","--"," ","0.00","0.14","10","0.15","10","317.00",
="070705","訊芯統一53購01","0","0","0","--","--","--","--"," ","0.00","0.11","10","0.12","10","165.00",
="070706","保瑞統一5A購01","0","0","0","--","--","--","--"," ","0.00","0.53","10","0.54","10","733.00",
="070707","鼎基統一52購04","0","0","0","--","--","--","--"," ","0.00","0.22","10","--","0","111.50",
="070708","鼎基統一52購05","0","0","0","--","--","--","--"," ","0.00","0.09","10","--","0","111.50",
="070709","鼎基統一54購02","0","0","0","--","--","--","--"," ","0.00","0.12","10","--","0","111.50",
="07070P","上銀統一4C售05","0","0","0","--","--","--","--"," ","0.00","0.88","10","0.90","10","0.00",
="070710","振樺電統一52購01","0","0","0","--","--","--","--"," ","0.00","0.23","10","0.24","10","270.00",
="070711","勤誠統一52購03","0","0","0","--","--","--","--"," ","0.00","2.63","10","2.64","10","613.00",
="070712","勤誠統一54購01","6,000","1","14,820","2.47","2.47","2.47","2.47","-","0.01","2.44","10","2.45","10","613.00",
="070713","勤誠統一58購01","26,000","2","59,020","2.27","2.27","2.27","2.27","-","0.03","2.26","10","2.28","10","613.00",
="070714","巨大統一51購01","0","0","0","--","--","--","--"," ","0.00","0.06","10","0.07","10","104.50",
="070715","滬深2X中信49購01","10,000","4","5,150","0.50","0.53","0.50","0.53","-","0.13","0.48","499","0.49","100","0.00",
="070718","鴻海中信49購04","0","0","0","--","--","--","--"," ","0.00","0.43","499","0.45","100","0.00",
="070721","昇陽半中信49購01","240,000","6","66,900","0.22","0.30","0.22","0.30","-","0.01","0.26","10","0.27","10","0.00",
="070723","台泥永豐49購01","0","0","0","--","--","--","--"," ","0.00","--","0","0.04","10","22.80",
="070724","台化永豐4B購01","18,000","2","29,760","1.68","1.68","1.62","1.62","-","0.35","1.61","10","1.65","10","29.90",
="070726","中鋼永豐49購01","0","0","0","--","--","--","--"," ","0.00","0.07","499","0.10","10","20.15",
="070727","大成鋼永豐4B購01","0","0","0","--","--","--","--"," ","0.00","0.08","499","0.09","10","38.60",
="070728","鴻海永豐51購01","0","0","0","--","--","--","--"," ","0.00","1.75","499","1.76","10","206.00",
="070729","台積電永豐51購04","0","0","0","--","--","--","--"," ","0.00","0.49","499","0.59","10","1,160.00",
="07072P","滬深2X凱基4A售05","0","0","0","--","--","--","--"," ","0.00","0.02","10","0.12","10","0.00",
="070731","光罩永豐49購01","0","0","0","--","--","--","--"," ","0.00","0.03","10","0.13","10","41.45",
="070735","晶豪科永豐49購01","0","0","0","--","--","--","--"," ","0.00","0.10","499","0.14","10","57.40",
="070738","乙盛永豐4C購01","296,000","31","515,690","1.47","1.92","1.47","1.65","+","0.36","1.29","3","--","0","81.40",
="070739","亞翔永豐4A購01","0","0","0","--","--","--","--"," ","0.00","2.89","499","2.99","10","349.50",
="07073P","滬深2X凱基4B售03","0","0","0","--","--","--","--"," ","0.00","0.02","10","0.12","10","0.00",
="070742","昇陽半永豐49購02","0","0","0","--","--","--","--"," ","0.00","0.14","10","0.18","10","152.50",
="070743","訊芯兆豐4A購01","0","0","0","--","--","--","--"," ","0.00","0.05","10","0.06","10","165.00",
="070744","穎崴兆豐4A購01","0","0","0","--","--","--","--"," ","0.00","0.31","10","0.32","10","1,250.00",
="070745","昇陽半兆豐4A購01","0","0","0","--","--","--","--"," ","0.00","1.61","10","1.62","10","152.50",
="070746","台塑群益4C購02","0","0","0","--","--","--","--"," ","0.00","1.00","10","1.10","10","39.10",
="070747","華新群益4A購02","0","0","0","--","--","--","--"," ","0.00","0.01","10","0.11","10","23.35",
="070748","中鋼群益4C購01","0","0","0","--","--","--","--"," ","0.00","0.33","10","0.43","10","20.15",
="070750","國巨群益4A購04","6,000","1","2,520","0.42","0.42","0.42","0.42"," ","0.00","0.42","100","0.43","100","137.00",
="070751","台積電群益49購10","0","0","0","--","--","--","--"," ","0.00","--","0","--","0","1,160.00",
="070752","旺宏群益4B購02","0","0","0","--","--","--","--"," ","0.00","0.16","25","0.17","10","20.10",
="070754","皇昌群益4A購03","0","0","0","--","--","--","--"," ","0.00","0.04","10","0.14","10","83.50",
="070756","裕民群益4A購01","0","0","0","--","--","--","--"," ","0.00","0.08","100","0.09","100","57.30",
="070757","奇鋐群益56購01","0","0","0","--","--","--","--"," ","0.00","--","0","2.40","10","1,015.00",
="070758","健策群益54購01","128,000","3","163,840","1.28","1.28","1.28","1.28","-","0.07","1.27","10","1.37","10","1,905.00",
="070762","亞翔群益49購05","0","0","0","--","--","--","--"," ","0.00","0.71","10","0.81","10","349.50",
="070765","迅得群益4A購01","4,000","1","880","0.22","0.22","0.22","0.22","+","0.01","0.22","10","0.32","10","193.50",
="070768","勤誠群益49購01","0","0","0","--","--","--","--"," ","0.00","8.85","100","--","0","613.00",
="07076P","致茂凱基49售01","0","0","0","--","--","--","--"," ","0.00","--","0","--","0","0.00",
="070771","台泥元富49購01","0","0","0","--","--","--","--"," ","0.00","--","0","0.10","25","22.80",
="070773","中鋼元富52購01","20,000","2","5,400","0.27","0.27","0.27","0.27","-","0.04","0.26","25","0.27","25","20.15",
="070775","川湖元富49購05","0","0","0","--","--","--","--"," ","0.00","8.70","25","8.90","25","2,925.00",
="070777","華邦電元富4A購01","1,000","1","1,420","1.42","1.42","1.42","1.42","-","0.07","1.37","25","1.39","25","19.60",
="070781","長榮元富51購04","0","0","0","--","--","--","--"," ","0.00","0.69","25","0.70","25","188.00",
="070783","晶豪科元富49購01","0","0","0","--","--","--","--"," ","0.00","0.21","25","0.22","25","57.40",
="070784","晶豪科元富49購02","0","0","0","--","--","--","--"," ","0.00","0.03","25","0.10","10","57.40",
="070789","世芯元富52購03","0","0","0","--","--","--","--"," ","0.00","1.07","25","1.08","25","4,000.00",
="070792","精成科元富52購01","0","0","0","--","--","--","--"," ","0.00","3.68","25","--","0","131.00",
="070795","保瑞元富52購01","49,000","4","62,360","1.27","1.31","1.27","1.30","-","0.08","1.27","25","1.28","25","733.00",
="070800","昇陽半元富4B購01","10,000","1","15,800","1.58","1.58","1.58","1.58","-","0.02","1.58","25","1.61","25","152.50",
="070801","道瓊銀國票52購02","0","0","0","--","--","--","--"," ","0.00","1.47","25","1.48","10","32.63",
="070802","台泥國票49購01","0","0","0","--","--","--","--"," ","0.00","--","0","--","0","22.80",
="070803","台塑國票49購03","20,000","1","1,200","0.06","0.06","0.06","0.06","X","0.00","0.05","25","--","0","39.10",
="070805","台化國票49購01","170,000","3","99,100","0.59","0.59","0.58","0.58","-","0.26","0.57","25","0.58","10","29.90",
="070808","亞力國票49購01","0","0","0","--","--","--","--"," ","0.00","0.27","25","0.28","10","110.50",
="070809","華城國票49購02","0","0","0","--","--","--","--"," ","0.00","1.27","25","1.31","10","618.00",
="070810","直得國票49購02","0","0","0","--","--","--","--"," ","0.00","0.01","25","0.02","10","89.20",
="070811","東鹼國票49購01","0","0","0","--","--","--","--"," ","0.00","--","0","--","0","32.20",
="070812","中鋼國票49購01","0","0","0","--","--","--","--"," ","0.00","0.01","25","0.02","10","20.15",
="070813","中鴻國票49購02","0","0","0","--","--","--","--"," ","0.00","--","0","--","0","16.15",
="070814","台積電國票49購04","0","0","0","--","--","--","--"," ","0.00","0.08","25","0.09","10","1,160.00",
="070815","台積電國票4A購03","9,000","1","7,110","0.79","0.79","0.79","0.79","-","0.05","0.77","25","0.78","10","1,160.00",
="070816","台積電國票4A購04","0","0","0","--","--","--","--"," ","0.00","0.18","25","0.19","10","1,160.00",
="070817","台積電國票4B購01","11,000","1","8,690","0.79","0.79","0.79","0.79","-","0.05","0.77","25","0.78","10","1,160.00",
="070818","光罩國票49購01","0","0","0","--","--","--","--"," ","0.00","--","0","0.04","499","41.45",
="070819","華邦電國票4A購01","7,000","4","2,450","0.34","0.38","0.34","0.37","+","0.02","0.30","25","0.31","10","19.60",
="070820","英業達國票49購02","0","0","0","--","--","--","--"," ","0.00","0.01","25","0.02","10","41.35",
="070821","南亞科國票49購01","0","0","0","--","--","--","--"," ","0.00","5.20","25","5.40","10","46.65",
="070822","新興國票49購01","0","0","0","--","--","--","--"," ","0.00","--","0","--","0","23.65",
="070823","裕民國票49購02","0","0","0","--","--","--","--"," ","0.00","--","0","--","0","57.30",
="070824","萬海國票49購03","130,000","7","28,000","0.19","0.24","0.19","0.21","-","0.01","0.16","25","0.17","10","84.10",
="070826","慧洋國票49購01","0","0","0","--","--","--","--"," ","0.00","0.11","25","0.12","10","61.80",
="070827","晶豪科國票49購01","0","0","0","--","--","--","--"," ","0.00","0.02","25","0.03","10","57.40",
="070828","聯陽國票4A購01","0","0","0","--","--","--","--"," ","0.00","0.09","25","0.10","10","133.50",
="070829","日月光國票4B購02","0","0","0","--","--","--","--"," ","0.00","0.06","25","0.07","10","147.50",
="070830","亞翔國票4A購02","0","0","0","--","--","--","--"," ","0.00","3.10","25","3.16","10","349.50",
="070831","矽力國票49購01","0","0","0","--","--","--","--"," ","0.00","0.01","25","0.02","10","317.00",
="070832","惠特國票49購02","0","0","0","--","--","--","--"," ","0.00","--","0","--","0","62.30",
="070833","昇陽半國票49購02","0","0","0","--","--","--","--"," ","0.00","0.13","25","0.14","10","152.50",
="070834","菱光國票49購01","5,000","1","1,150","0.23","0.23","0.23","0.23","X","0.00","0.23","25","0.29","10","61.50",
="070841","T50正2元大4C購04","0","0","0","--","--","--","--"," ","0.00","1.22","499","1.32","10","259.40",
="070842","T50正2元大51購02","559,000","15","416,680","0.77","0.78","0.72","0.74","-","0.06","0.73","231","0.81","1","259.40",
="070843","元債2X元大4B購04","0","0","0","--","--","--","--"," ","0.00","0.29","100","0.30","50","7.05",
="070844","元債2X元大5B購01","2,000","1","1,300","0.65","0.65","0.65","0.65","X","0.00","0.65","100","0.66","50","7.05",
="070850","大成鋼元大4B購03","654,000","6","156,540","0.24","0.26","0.23","0.24","-","0.04","0.22","30","0.23","10","38.60",
="070851","大成鋼元大4C購01","0","0","0","--","--","--","--"," ","0.00","0.25","25","0.26","10","38.60",
="070853","上銀元大51購04","0","0","0","--","--","--","--"," ","0.00","0.01","499","0.11","10","215.50",
="070858","大同元大4A購02","0","0","0","--","--","--","--"," ","0.00","0.57","499","0.58","10","40.75",
="07085P","鴻海富邦4A售04","1,000","1","140","0.14","0.14","0.14","0.14"," ","0.00","0.06","30","0.07","10","0.00",
="070865","皇昌元大51購02","2,000","1","260","0.13","0.13","0.13","0.13","X","0.00","0.13","499","0.14","10","83.50",
="070866","長榮航元大51購01","0","0","0","--","--","--","--"," ","0.00","1.33","499","1.34","10","39.05",
="070870","大立光元大51購04","0","0","0","--","--","--","--"," ","0.00","0.24","25","0.25","10","2,395.00",
="070875","緯創元大51購01","237,000","2","97,170","0.41","0.41","0.41","0.41"," ","0.00","0.41","499","0.67","5","115.00",
="070877","群創元大4A購02","0","0","0","--","--","--","--"," ","0.00","0.23","499","0.24","10","14.15",
="070879","世芯元大51購04","0","0","0","--","--","--","--"," ","0.00","0.62","499","0.64","10","4,000.00",
="07087P","臺股指富邦4A售05","0","0","0","--","--","--","--"," ","0.00","0.19","499","0.20","98","0.00",
="070882","神達元大51購03","8,000","2","9,910","1.23","1.24","1.23","1.24","+","0.31","1.25","499","1.27","10","95.90",
="070884","材料元大51購04","0","0","0","--","--","--","--"," ","0.00","0.06","499","0.07","10","67.70",
="070897","SGBR2X凱基51購01","0","0","0","--","--","--","--"," ","0.00","0.17","100","0.18","10","11.25",
="070899","台塑凱基49購07","0","0","0","--","--","--","--"," ","0.00","0.72","100","--","0","39.10",
="070902","和大凱基51購01","10,000","1","6,100","0.61","0.61","0.61","0.61","+","0.24","0.61","100","--","0","72.90",
="070903","中鋼凱基4C購01","0","0","0","--","--","--","--"," ","0.00","0.16","100","0.17","30","20.15",
="070908","聯電凱基4A購01","8,000","2","12,240","1.53","1.53","1.53","1.53","-","0.09","1.48","100","1.50","10","40.60",
="07090P","智原國票49售03","0","0","0","--","--","--","--"," ","0.00","1.79","25","1.89","10","0.00",
="070910","鴻海凱基49購10","60,000","6","119,000","1.99","1.99","1.95","1.95","X","0.00","1.99","51","--","0","206.00",
="070914","友達凱基4B購01","0","0","0","--","--","--","--"," ","0.00","0.07","100","0.08","50","13.05",
="070916","裕民凱基49購01","0","0","0","--","--","--","--"," ","0.00","--","0","0.10","10","57.30",
="070924","愛普凱基4C購01","0","0","0","--","--","--","--"," ","0.00","0.82","100","0.83","10","305.50",
="070926","志強凱基49購01","0","0","0","--","--","--","--"," ","0.00","0.03","100","0.13","10","105.50",
="070928","台灣50元富52購01","40,000","2","173,200","4.31","4.35","4.31","4.35","-","0.36","4.27","25","4.37","10","52.50",
="070929","台泥元富49購02","0","0","0","--","--","--","--"," ","0.00","--","0","0.10","25","22.80",
="07092P","新日興國票49售02","2,000","2","60","0.05","0.05","0.01","0.01","X","0.00","0.01","25","0.05","10","0.00",
="070932","中鋼元富4B購01","0","0","0","--","--","--","--"," ","0.00","--","0","0.10","25","20.15",
="070933","上銀元富52購01","0","0","0","--","--","--","--"," ","0.00","0.40","25","0.41","25","215.50",
="070934","鴻海元富52購04","0","0","0","--","--","--","--"," ","0.00","2.74","25","2.78","25","206.00",
="070938","昇陽半元富49購03","0","0","0","--","--","--","--"," ","0.00","0.20","25","0.21","25","152.50",
="070940","香港反國票49購01","0","0","0","--","--","--","--"," ","0.00","--","0","--","0","5.57",
="070941","南亞國票49購01","0","0","0","--","--","--","--"," ","0.00","4.05","25","--","0","43.00",
="070942","台化國票49購02","0","0","0","--","--","--","--"," ","0.00","1.33","25","1.37","10","29.90",
="070944","華新國票49購01","0","0","0","--","--","--","--"," ","0.00","--","0","--","0","23.35",
="070945","華新國票4A購01","50,000","1","1,500","0.03","0.03","0.03","0.03"," ","0.00","0.02","25","0.03","10","23.35",
="070946","中鋼國票4A購01","0","0","0","--","--","--","--"," ","0.00","0.03","25","--","0","20.15",
="070947","中鴻國票49購03","0","0","0","--","--","--","--"," ","0.00","0.01","25","0.02","10","16.15",
="070948","大成鋼國票49購04","0","0","0","--","--","--","--"," ","0.00","0.05","25","0.06","10","38.60",
="070949","上銀國票49購03","0","0","0","--","--","--","--"," ","0.00","0.01","25","0.02","10","215.50",
="07094P","伊雲谷國票49售02","0","0","0","--","--","--","--"," ","0.00","1.64","25","1.74","10","0.00",
="070950","川湖國票4B購01","0","0","0","--","--","--","--"," ","0.00","6.45","25","6.60","10","2,925.00",
="070951","光寶科國票4A購01","121,000","4","115,730","0.97","0.97","0.95","0.95","-","0.09","0.95","25","0.98","10","130.00",
="070952","金寶國票49購01","0","0","0","--","--","--","--"," ","0.00","--","0","--","0","19.05",
="070953","華通國票49購02","0","0","0","--","--","--","--"," ","0.00","1.98","25","2.05","10","79.30",
="070955","智邦國票49購02","0","0","0","--","--","--","--"," ","0.00","4.19","25","4.29","10","984.00",
="070956","宏碁國票49購01","0","0","0","--","--","--","--"," ","0.00","0.01","25","0.02","10","29.95",
="070957","威盛國票49購03","0","0","0","--","--","--","--"," ","0.00","0.01","25","0.02","10","62.00",
="070958","長榮國票4A購03","13,000","1","4,940","0.38","0.38","0.38","0.38"," ","0.00","0.38","25","0.39","10","188.00",
="070959","晶豪科國票4A購01","0","0","0","--","--","--","--"," ","0.00","0.12","25","0.13","10","57.40",
="07095P","富世達國票49售01","0","0","0","--","--","--","--"," ","0.00","--","0","--","0","0.00",
="070960","奇鋐國票49購06","0","0","0","--","--","--","--"," ","0.00","10.90","25","11.90","10","1,015.00",
="070961","欣興國票49購03","0","0","0","--","--","--","--"," ","0.00","1.19","25","1.24","10","150.00",
="070962","聯茂國票49購01","0","0","0","--","--","--","--"," ","0.00","7.00","25","12.80","10","125.00",
="070963","矽格國票49購01","0","0","0","--","--","--","--"," ","0.00","0.15","25","0.16","10","82.20",
="070965","穎崴國票4A購02","4,000","1","880","0.22","0.22","0.22","0.22","X","0.00","0.21","25","0.22","10","1,250.00",
="070966","富世達國票49購02","0","0","0","--","--","--","--"," ","0.00","2.18","25","2.28","10","1,145.00",
="070967","昇陽半國票49購03","1,000","1","120","0.12","0.12","0.12","0.12","X","0.00","0.10","25","0.11","10","152.50",
="070968","台塑國泰49購02","0","0","0","--","--","--","--"," ","0.00","0.03","499","0.09","10","39.10",
="070969","中鋼國泰49購01","0","0","0","--","--","--","--"," ","0.00","0.05","10","--","0","20.15",
="070970","長榮國泰49購02","0","0","0","--","--","--","--"," ","0.00","0.13","499","--","0","188.00",
="070971","聯詠國泰49購01","0","0","0","--","--","--","--"," ","0.00","--","0","--","0","435.00",
="070972","華晶科國泰49購01","0","0","0","--","--","--","--"," ","0.00","0.87","499","1.06","10","50.30",
="070973","新日興國泰49購02","0","0","0","--","--","--","--"," ","0.00","0.21","10","--","0","259.00",
="070974","世芯國泰49購05","0","0","0","--","--","--","--"," ","0.00","0.28","499","0.34","10","4,000.00",
="070975","世芯國泰49購06","0","0","0","--","--","--","--"," ","0.00","0.44","499","0.50","10","4,000.00",
="070976","台灣50富邦49購08","0","0","0","--","--","--","--"," ","0.00","3.93","100","3.99","98","0.00",
="070979","亞德客富邦4A購01","0","0","0","--","--","--","--"," ","0.00","0.03","10","0.10","10","0.00",
="07097P","臺股指中信4C售01","0","0","0","--","--","--","--"," ","0.00","0.01","499","0.02","10","0.00",
="070980","中鋼富邦4B購01","0","0","0","--","--","--","--"," ","0.00","0.04","10","0.10","10","0.00",
="070982","上銀富邦49購02","0","0","0","--","--","--","--"," ","0.00","--","0","0.03","10","0.00",
="070983","聯電富邦49購02","0","0","0","--","--","--","--"," ","0.00","0.01","100","0.03","10","0.00",
="070986","欣興富邦49購01","497,000","5","208,280","0.40","0.42","0.40","0.42","+","0.04","0.42","30","0.43","10","0.00",
="070987","緯創富邦52購01","986,000","27","732,700","0.72","0.76","0.72","0.74","-","0.01","0.73","30","0.74","10","0.00",
="070988","晶心科富邦4A購01","0","0","0","--","--","--","--"," ","0.00","0.13","10","0.14","10","0.00",
="070993","台泥統一52購01","0","0","0","--","--","--","--"," ","0.00","0.06","10","0.07","10","22.80",
="070994","勤美統一52購01","0","0","0","--","--","--","--"," ","0.00","0.20","10","0.21","10","24.90",
="070995","華新統一52購04","0","0","0","--","--","--","--"," ","0.00","0.19","10","0.20","10","23.35",
="070996","中鋼統一52購01","353,000","11","196,190","0.54","0.57","0.54","0.55","-","0.02","0.54","108","0.55","105","20.15",
="070998","中鋼統一52購02","166,000","1","51,460","0.31","0.31","0.31","0.31","X","0.00","0.30","10","0.31","10","20.15",
="070999","中鋼統一52購03","172,000","1","51,600","0.30","0.30","0.30","0.30","-","0.02","0.28","10","0.29","10","20.15",
="07099P","旺宏群益4B售01","0","0","0","--","--","--","--"," ","0.00","0.25","10","0.35","10","0.00",
="071001","中鴻統一52購02","0","0","0","--","--","--","--"," ","0.00","0.13","10","0.14","10","16.15",
="071002","中鴻統一52購03","0","0","0","--","--","--","--"," ","0.00","0.13","10","0.14","10","16.15",
="071003","中鴻統一52購04","0","0","0","--","--","--","--"," ","0.00","0.11","10","0.12","10","16.15",
="071004","大成鋼統一53購02","0","0","0","--","--","--","--"," ","0.00","0.29","10","0.30","10","38.60",
="071005","大成鋼統一54購01","10,000","1","3,700","0.37","0.37","0.37","0.37","-","0.02","0.35","14","0.36","10","38.60",
="071006","金寶統一52購02","0","0","0","--","--","--","--"," ","0.00","0.13","10","0.15","10","19.05",
="071007","國巨統一52購02","0","0","0","--","--","--","--"," ","0.00","0.41","10","0.42","10","137.00",
="071008","旺宏統一51購01","0","0","0","--","--","--","--"," ","0.00","0.30","10","0.31","10","20.10",
="071009","旺宏統一52購02","29,000","1","14,210","0.49","0.49","0.49","0.49","-","0.02","0.47","10","0.48","10","20.10",
="071010","華邦電統一52購05","75,000","2","52,350","0.69","0.70","0.69","0.70","+","0.01","0.67","10","0.68","10","19.60",
="071011","南亞科統一52購04","0","0","0","--","--","--","--"," ","0.00","1.45","10","1.48","10","46.65",
="071012","強茂統一53購01","573,000","31","586,830","0.97","1.06","0.96","1.05","+","0.06","1.04","10","1.05","11","65.40",
="071013","新興統一51購01","0","0","0","--","--","--","--"," ","0.00","0.28","10","0.29","10","23.65",
="071014","裕民統一52購02","0","0","0","--","--","--","--"," ","0.00","0.23","10","0.24","10","57.30",
="071015","裕民統一52購03","0","0","0","--","--","--","--"," ","0.00","0.20","10","0.21","10","57.30",
="071016","裕民統一52購04","0","0","0","--","--","--","--"," ","0.00","0.40","10","0.41","10","57.30",
="071017","裕民統一52購05","72,000","1","38,160","0.53","0.53","0.53","0.53","+","0.01","0.52","10","0.53","10","57.30",
="071018","裕民統一54購01","45,000","2","19,450","0.43","0.44","0.43","0.44","+","0.01","0.42","10","0.43","10","57.30",
="071019","慧洋統一4C購02","0","0","0","--","--","--","--"," ","0.00","0.28","10","0.29","10","61.80",
="07101P","微星群益4C售01","0","0","0","--","--","--","--"," ","0.00","0.89","30","--","0","0.00",
="071020","慧洋統一52購01","0","0","0","--","--","--","--"," ","0.00","0.18","40","0.19","10","61.80",
="071021","慧洋統一52購02","0","0","0","--","--","--","--"," ","0.00","0.39","10","0.40","10","61.80",
="071022","晶豪科統一51購01","0","0","0","--","--","--","--"," ","0.00","0.21","10","0.22","10","57.40",
="071023","晶豪科統一52購01","0","0","0","--","--","--","--"," ","0.00","0.36","10","0.37","10","57.40",
="071025","晶豪科統一53購01","51,000","2","14,290","0.29","0.29","0.28","0.28","X","0.00","0.27","11","0.28","10","57.40",
="071026","日電貿統一52購03","15,000","2","7,350","0.49","0.49","0.49","0.49","+","0.01","0.48","30","0.49","10","70.50",
="071027","新日興統一52購05","82,000","3","27,870","0.33","0.34","0.33","0.34","X","0.00","0.35","10","0.36","10","259.00",
="071028","新日興統一5A購02","109,000","11","55,390","0.44","0.53","0.44","0.51","+","0.06","0.50","20","0.51","10","259.00",
="071029","群創統一51購02","590,000","22","268,320","0.39","0.51","0.39","0.49","+","0.12","0.48","10","0.49","9","14.15",
="071030","群創統一52購03","194,000","12","126,580","0.60","0.67","0.60","0.66","+","0.13","0.66","10","0.67","10","14.15",
="071031","牧德統一51購01","1,608,000","59","2,327,800","1.38","1.54","1.38","1.53","+","0.19","1.53","10","1.54","10","594.00",
="071033","世芯統一54購01","121,000","9","87,280","0.73","0.73","0.71","0.71","-","0.02","0.70","10","0.71","10","4,000.00",
="071034","達麗統一53購02","0","0","0","--","--","--","--"," ","0.00","0.56","10","0.57","10","42.20",
="071035","矽格統一4C購01","1,618,000","36","1,491,100","0.90","0.97","0.88","0.91","+","0.02","0.90","20","0.91","10","82.20",
="071036","矽力統一52購02","0","0","0","--","--","--","--"," ","0.00","0.24","10","0.25","10","317.00",
="071037","昇陽半統一52購02","0","0","0","--","--","--","--"," ","0.00","0.46","10","0.47","10","152.50",
="071038","昇陽半統一52購03","152,000","3","82,630","0.54","0.55","0.54","0.54","+","0.02","0.54","10","0.55","10","152.50",
="071039","昇陽半統一55購01","268,000","5","136,840","0.50","0.52","0.50","0.52","+","0.02","0.51","10","0.52","10","152.50",
="07103P","奇鋐群益52售02","0","0","0","--","--","--","--"," ","0.00","0.26","100","0.27","100","0.00",
="071040","昇陽半統一5A購02","212,000","6","122,740","0.57","0.59","0.57","0.58"," ","0.00","0.58","10","0.59","10","152.50",
="071041","勤誠統一51購03","0","0","0","--","--","--","--"," ","0.00","3.39","10","3.49","10","613.00",
="071043","華新中信49購01","0","0","0","--","--","--","--"," ","0.00","--","0","0.02","10","0.00",
="071048","聯發科中信49購03","0","0","0","--","--","--","--"," ","0.00","--","0","0.02","10","0.00",
="07104P","世芯群益4C售08","0","0","0","--","--","--","--"," ","0.00","0.27","10","0.37","10","0.00",
="071052","力積電中信49購03","0","0","0","--","--","--","--"," ","0.00","--","0","0.02","10","0.00",
="071054","昇陽半中信4A購01","120,000","2","18,500","0.15","0.16","0.15","0.16","+","0.01","0.16","10","0.17","10","0.00",
="071056","大立光凱基4C購01","0","0","0","--","--","--","--"," ","0.00","0.07","100","0.10","10","2,395.00",
="071059","中鴻永豐4C購01","6,000","1","300","0.05","0.05","0.05","0.05","X","0.00","0.04","20","0.05","10","16.15",
="07105P","世芯群益4C售09","14,000","2","8,320","0.58","0.60","0.58","0.60","+","0.02","0.59","10","0.69","10","0.00",
="071060","台積電永豐51購05","0","0","0","--","--","--","--"," ","0.00","0.67","10","0.77","10","1,160.00",
="071061","聯發科永豐5A購01","301,000","5","259,390","0.85","0.87","0.85","0.85","-","0.02","0.84","20","0.85","10","1,385.00",
="071068","中502X群益4A購03","0","0","0","--","--","--","--"," ","0.00","1.02","3","1.04","10","11.76",
="071069","台塑群益4C購03","222,000","7","160,550","0.78","0.78","0.72","0.73","-","0.11","0.71","10","0.81","10","39.10",
="07106P","緯穎群益4A售02","0","0","0","--","--","--","--"," ","0.00","0.01","30","0.15","10","0.00",
="071070","台化群益52購01","0","0","0","--","--","--","--"," ","0.00","0.38","10","0.48","10","29.90",
="071071","華新群益49購03","0","0","0","--","--","--","--"," ","0.00","--","0","0.15","10","23.35",
="071072","華新群益4A購03","0","0","0","--","--","--","--"," ","0.00","0.05","10","0.15","10","23.35",
="071073","中鋼群益4B購02","0","0","0","--","--","--","--"," ","0.00","0.22","10","0.32","10","20.15",
="071075","大成鋼群益49購01","0","0","0","--","--","--","--"," ","0.00","--","0","0.11","10","38.60",
="071076","上銀群益4C購03","0","0","0","--","--","--","--"," ","0.00","0.01","10","0.11","10","215.50",
="071077","鴻海群益4A購02","2,000","1","2,400","1.20","1.20","1.20","1.20","-","0.21","1.24","100","1.25","100","206.00",
="07107P","上銀凱基49售05","0","0","0","--","--","--","--"," ","0.00","3.18","100","3.28","10","0.00",
="071080","華邦電群益49購02","0","0","0","--","--","--","--"," ","0.00","--","0","0.26","10","19.60",
="071083","凌陽群益4A購01","150,000","2","6,000","0.04","0.04","0.04","0.04","+","0.01","--","0","0.07","100","24.45",
="071084","南亞科群益49購03","0","0","0","--","--","--","--"," ","0.00","--","0","3.44","10","46.65",
="071089","奇鋐群益56購02","0","0","0","--","--","--","--"," ","0.00","--","0","2.45","10","1,015.00",
="071093","新日興群益4B購01","70,000","3","27,500","0.39","0.40","0.39","0.40","X","0.00","--","0","--","0","259.00",
="071095","貿聯群益4C購02","0","0","0","--","--","--","--"," ","0.00","--","0","4.77","10","981.00",
="071098","臺股指群益52購01","114,000","9","94,440","0.83","0.83","0.80","0.80","-","0.04","0.79","541","0.80","499","0.00",
="071099","臺股指群益52購02","0","0","0","--","--","--","--"," ","0.00","0.73","499","0.74","499","0.00",
="071102","上証2X元大4B購01","10,000","2","12,300","1.17","1.29","1.17","1.29","X","0.00","1.14","100","1.15","100","45.30",
="071103","上証2X元大4B購02","0","0","0","--","--","--","--"," ","0.00","1.67","499","1.77","10","45.30",
="071104","滬深2X元大4B購04","50,000","1","99,500","1.99","1.99","1.99","1.99","-","0.50","1.93","250","1.94","250","18.32",
="071105","滬深2X元大4C購02","150,000","2","258,500","1.72","1.73","1.72","1.73","X","0.00","1.72","250","1.73","250","18.32",
="071107","臺指反元大4A購02","0","0","0","--","--","--","--"," ","0.00","0.06","100","0.16","10","3.20",
="071108","臺指反元大51購01","10,000","1","1,000","0.10","0.10","0.10","0.10"," ","0.00","0.09","100","0.16","30","3.20",
="071109","國企2X元大4B購01","321,000","3","305,040","1.04","1.04","0.95","0.95","-","0.26","0.89","100","0.90","50","10.70",
="071110","SP黃豆元大4A購01","0","0","0","--","--","--","--"," ","0.00","0.17","100","0.18","100","20.50",
="071112","FANG+元大49購01","10,000","1","1,800","0.18","0.18","0.18","0.18","X","0.00","0.18","100","0.19","100","110.85",
="071113","FANG+元大4B購01","0","0","0","--","--","--","--"," ","0.00","0.76","100","0.77","100","110.85",
="071114","台泥元大4B購01","0","0","0","--","--","--","--"," ","0.00","--","0","0.06","100","22.80",
="071122","大成鋼元大4C購02","0","0","0","--","--","--","--"," ","0.00","0.28","25","0.30","10","38.60",
="071125","台積電元大4C購02","8,000","1","6,960","0.87","0.87","0.87","0.87","-","0.04","0.34","29","0.87","1","1,160.00",
="071126","台積電元大51購07","25,000","1","21,750","0.87","0.87","0.87","0.87","X","0.00","0.84","25","--","0","1,160.00",
="071129","聯發科元大51購06","0","0","0","--","--","--","--"," ","0.00","--","0","--","0","1,385.00",
="071134","長榮航元大51購02","0","0","0","--","--","--","--"," ","0.00","0.57","499","0.58","10","39.05",
="071139","大立光元大51購05","0","0","0","--","--","--","--"," ","0.00","0.23","499","0.24","10","2,395.00",
="071142","新日興元大4C購01","240,000","1","81,600","0.34","0.34","0.34","0.34","X","0.00","--","0","0.40","10","259.00",
="071144","世芯元大51購05","0","0","0","--","--","--","--"," ","0.00","0.85","499","0.86","10","4,000.00",
="071146","神達元大51購04","621,000","22","800,490","1.24","1.33","1.19","1.24","+","0.17","1.23","499","1.24","10","95.90",
="071148","材料元大51購05","0","0","0","--","--","--","--"," ","0.00","0.19","499","0.20","10","67.70",
="071155","晶心科元大4B購01","0","0","0","--","--","--","--"," ","0.00","--","0","0.10","10","283.00",
="071162","上証2X永豐4A購01","0","0","0","--","--","--","--"," ","0.00","0.62","10","0.72","10","45.30",
="071163","國企2X永豐49購01","0","0","0","--","--","--","--"," ","0.00","0.02","250","0.06","10","10.70",
="071164","中502X永豐49購01","0","0","0","--","--","--","--"," ","0.00","0.87","499","0.89","10","11.76",
="071166","川湖永豐4A購03","0","0","0","--","--","--","--"," ","0.00","3.46","499","--","0","2,925.00",
="071167","國巨永豐52購01","25,000","1","25,500","1.02","1.02","1.02","1.02","X","0.00","0.96","10","0.97","10","137.00",
="071168","華邦電永豐49購01","32,000","1","11,840","0.37","0.37","0.37","0.37","-","0.03","0.35","10","0.36","10","19.60",
="071169","景碩永豐49購03","43,000","4","22,650","0.46","0.57","0.46","0.53","-","0.04","0.48","10","0.50","10","113.50",
="071171","新日興永豐4A購02","0","0","0","--","--","--","--"," ","0.00","0.02","10","--","0","259.00",
="071174","大銀永豐49購01","0","0","0","--","--","--","--"," ","0.00","--","0","0.04","10","126.00",
="071175","大銀永豐4A購01","0","0","0","--","--","--","--"," ","0.00","0.06","499","0.07","10","126.00",
="071176","大銀永豐52購01","0","0","0","--","--","--","--"," ","0.00","0.20","10","0.21","10","126.00",
="071178","力成永豐49購01","0","0","0","--","--","--","--"," ","0.00","0.07","499","0.09","10","118.50",
="071180","波力永豐4B購01","0","0","0","--","--","--","--"," ","0.00","0.02","499","0.08","10","176.00",
="071181","美時兆豐4A購02","0","0","0","--","--","--","--"," ","0.00","--","0","0.01","10","193.50",
="071182","慧洋兆豐4A購01","0","0","0","--","--","--","--"," ","0.00","0.23","10","0.24","10","61.80",
="071183","智原兆豐4A購03","0","0","0","--","--","--","--"," ","0.00","--","0","0.01","10","158.00",
="071185","國企2X群益4B購02","70,000","3","30,800","0.45","0.45","0.43","0.43","-","0.14","0.41","25","0.42","10","10.70",
="071186","和大群益4A購01","567,000","14","25,050","0.04","0.30","0.04","0.30","+","0.26","0.07","20","0.40","1","72.90",
="071187","和大群益4B購01","0","0","0","--","--","--","--"," ","0.00","0.02","1","--","0","72.90",
="071190","上銀群益4A購03","0","0","0","--","--","--","--"," ","0.00","--","0","0.10","10","215.50",
="071193","台積電群益52購02","0","0","0","--","--","--","--"," ","0.00","0.10","1","--","0","1,160.00",
="071194","華邦電群益4A購01","0","0","0","--","--","--","--"," ","0.00","0.17","100","0.18","100","19.60",
="071195","南亞科群益4A購01","114,000","7","191,380","1.71","1.71","1.56","1.56","-","0.27","1.52","100","1.53","100","46.65",
="071197","長榮群益49購01","0","0","0","--","--","--","--"," ","0.00","0.44","10","0.54","10","188.00",
="071198","晟銘電群益49購03","0","0","0","--","--","--","--"," ","0.00","0.11","499","0.20","50","133.00",
="071199","奇鋐群益56購03","0","0","0","--","--","--","--"," ","0.00","--","0","2.55","10","1,015.00",
="07119P","臺股指元大49售25","212,000","2","26,440","0.12","0.14","0.12","0.14","+","0.02","0.14","100","0.24","10","0.00",
="071203","大銀群益49購01","0","0","0","--","--","--","--"," ","0.00","--","0","--","0","126.00",
="071204","大銀群益4A購01","0","0","0","--","--","--","--"," ","0.00","--","0","--","0","126.00",
="071206","富世達群益49購01","0","0","0","--","--","--","--"," ","0.00","--","0","3.06","10","1,145.00",
="071207","臺股指群益4B購09","0","0","0","--","--","--","--"," ","0.00","0.49","499","0.50","499","0.00",
="071208","臺股指群益4B購10","0","0","0","--","--","--","--"," ","0.00","0.39","499","0.40","499","0.00",
="071209","華新國泰49購01","0","0","0","--","--","--","--"," ","0.00","0.02","499","0.03","15","23.35",
="07120P","健策群益52售01","50,000","1","14,000","0.28","0.28","0.28","0.28","+","0.01","0.26","10","0.36","10","0.00",
="071210","大成鋼國泰49購04","70,000","6","17,250","0.25","0.28","0.23","0.23","-","0.08","0.22","10","0.23","10","38.60",
="071211","聯發科國泰51購01","0","0","0","--","--","--","--"," ","0.00","0.67","499","0.68","499","1,385.00",
="071212","裕民國泰49購01","0","0","0","--","--","--","--"," ","0.00","0.03","499","0.05","15","57.30",
="071213","慧洋國泰49購01","0","0","0","--","--","--","--"," ","0.00","0.06","10","--","0","61.80",
="071214","晶豪科國泰49購01","0","0","0","--","--","--","--"," ","0.00","0.04","499","0.05","15","57.40",
="071215","晟銘電國泰49購02","10,000","1","10,100","1.01","1.01","1.01","1.01","X","0.00","0.69","499","0.72","10","133.00",
="071216","精成科國泰49購03","0","0","0","--","--","--","--"," ","0.00","9.75","499","--","0","131.00",
="071217","大成鋼富邦4A購02","0","0","0","--","--","--","--"," ","0.00","0.27","10","0.28","10","0.00",
="071218","台積電富邦49購08","0","0","0","--","--","--","--"," ","0.00","0.88","30","0.91","10","0.00",
="071219","台積電富邦49購09","0","0","0","--","--","--","--"," ","0.00","0.90","30","0.97","10","0.00",
="07121P","中磊群益4A售02","0","0","0","--","--","--","--"," ","0.00","0.05","30","--","0","0.00",
="071220","南亞科富邦4A購01","0","0","0","--","--","--","--"," ","0.00","1.40","10","1.50","10","0.00",
="071223","偉訓富邦49購01","488,000","4","567,900","1.20","1.20","1.13","1.16","-","0.02","1.03","30","1.07","10","0.00",
="071224","智原富邦49購02","0","0","0","--","--","--","--"," ","0.00","--","0","0.01","10","0.00",
="071225","新日興富邦4B購02","246,000","11","90,520","0.36","0.37","0.36","0.37","+","0.01","0.43","10","0.44","10","0.00",
="071227","精銳富邦4B購01","300,000","2","24,000","0.08","0.08","0.08","0.08","+","0.03","0.07","30","0.08","10","0.00",
="071230","臺股指富邦4C購05","0","0","0","--","--","--","--"," ","0.00","0.34","499","0.35","100","0.00",
="071242","T50正2凱基51購03","2,000","1","2,380","1.19","1.19","1.19","1.19","X","0.00","1.11","100","1.12","10","259.40",
="071243","滬深2X凱基4B購05","0","0","0","--","--","--","--"," ","0.00","1.82","10","1.83","50","18.32",
="071244","香港反凱基4A購01","0","0","0","--","--","--","--"," ","0.00","0.06","10","0.16","10","5.57",
="071247","FANG+凱基4B購01","0","0","0","--","--","--","--"," ","0.00","0.61","499","0.62","499","110.85",
="07124P","臺股指元富4A售02","840,000","8","411,000","0.48","0.49","0.47","0.49","+","0.03","0.51","25","--","0","0.00",
="071250","信錦凱基49購01","0","0","0","--","--","--","--"," ","0.00","--","0","0.02","10","72.00",
="071251","華新凱基49購01","0","0","0","--","--","--","--"," ","0.00","0.02","100","0.12","10","23.35",
="071252","華新凱基4A購02","0","0","0","--","--","--","--"," ","0.00","--","0","0.10","10","23.35",
="071253","中鴻凱基49購01","0","0","0","--","--","--","--"," ","0.00","--","0","0.10","10","16.15",
="071255","鴻海凱基53購01","5,000","1","7,100","1.42","1.42","1.42","1.42","X","0.00","1.41","100","1.42","10","206.00",
="071259","華邦電凱基49購02","0","0","0","--","--","--","--"," ","0.00","0.02","10","0.12","10","19.60",
="071261","裕民凱基49購02","0","0","0","--","--","--","--"," ","0.00","0.02","10","0.12","10","57.30",
="071263","慧洋凱基4A購01","0","0","0","--","--","--","--"," ","0.00","0.03","100","0.13","10","61.80",
="071264","晶豪科凱基4A購01","0","0","0","--","--","--","--"," ","0.00","0.01","10","0.11","10","57.40",
="071267","創意凱基4C購02","454,000","5","187,550","0.38","0.42","0.38","0.42","+","0.02","0.38","100","0.39","10","1,350.00",
="071268","世芯凱基51購02","260,000","13","128,200","0.52","0.52","0.46","0.48","-","0.02","0.46","100","0.47","30","4,000.00",
="07126P","國泰金國票49售01","0","0","0","--","--","--","--"," ","0.00","--","0","0.04","10","0.00",
="071270","大銀凱基4A購01","0","0","0","--","--","--","--"," ","0.00","0.01","100","0.02","50","126.00",
="071271","精銳凱基51購01","182,000","5","63,840","0.34","0.37","0.34","0.36","+","0.11","0.35","100","0.36","10","776.00",
="071274","愛普凱基4A購01","60,000","2","24,400","0.41","0.41","0.40","0.40","-","0.01","0.40","100","0.41","10","305.50",
="071276","臺股指凱基51購02","14,000","4","6,520","0.49","0.49","0.44","0.46","-","0.05","0.45","100","0.46","10","0.00",
="07127P","智原國票49售04","0","0","0","--","--","--","--"," ","0.00","0.78","25","0.80","10","0.00",
="071280","國企2X元富52購01","20,000","1","26,600","1.33","1.33","1.33","1.33","X","0.00","1.26","26","1.27","25","10.70",
="071291","奇鋐元富4A購09","0","0","0","--","--","--","--"," ","0.00","8.80","25","9.30","25","1,015.00",
="071295","世芯元富54購01","0","0","0","--","--","--","--"," ","0.00","1.11","25","1.12","25","4,000.00",
="071296","大銀元富49購01","0","0","0","--","--","--","--"," ","0.00","0.02","25","0.10","10","126.00",
="071297","大銀元富49購02","0","0","0","--","--","--","--"," ","0.00","0.01","25","0.10","10","126.00",
="071298","大銀元富49購03","0","0","0","--","--","--","--"," ","0.00","--","0","0.10","25","126.00",
="071299","材料元富53購02","0","0","0","--","--","--","--"," ","0.00","0.27","25","0.28","25","67.70",
="071300","緯穎元富49購07","0","0","0","--","--","--","--"," ","0.00","3.10","25","3.17","25","2,975.00",
="071302","滬深2X國票52購01","0","0","0","--","--","--","--"," ","0.00","0.63","25","0.64","10","18.32",
="071303","中502X國票4C購01","350,000","2","347,000","1.00","1.00","0.98","0.98","X","0.00","0.92","25","0.93","10","11.76",
="071304","上銀國票49購04","0","0","0","--","--","--","--"," ","0.00","0.01","25","0.02","10","215.50",
="071305","華邦電國票4A購02","0","0","0","--","--","--","--"," ","0.00","0.21","25","0.22","10","19.60",
="071306","聯強國票49購01","10,000","1","4,400","0.44","0.44","0.44","0.44","X","0.00","0.05","12","--","0","65.50",
="071307","輔信國票49購02","0","0","0","--","--","--","--"," ","0.00","0.01","25","0.02","10","19.30",
="071308","南亞科國票49購02","7,000","1","11,130","1.59","1.59","1.59","1.59","-","0.45","1.57","25","1.60","10","46.65",
="071309","永豐金國票49購01","0","0","0","--","--","--","--"," ","0.00","0.17","25","0.18","10","23.60",
="071310","智原國票49購05","0","0","0","--","--","--","--"," ","0.00","--","0","--","0","158.00",
="071311","大銀國票4A購01","0","0","0","--","--","--","--"," ","0.00","0.02","25","0.03","10","126.00",
="071312","力成國票4A購01","0","0","0","--","--","--","--"," ","0.00","0.04","25","0.05","10","118.50",
="071313","視陽國票49購01","0","0","0","--","--","--","--"," ","0.00","0.31","25","0.33","10","207.50",
="071314","華新統一54購01","0","0","0","--","--","--","--"," ","0.00","0.22","10","0.23","10","23.35",
="071315","華新統一58購02","0","0","0","--","--","--","--"," ","0.00","0.26","10","0.27","10","23.35",
="071316","美時統一52購01","0","0","0","--","--","--","--"," ","0.00","0.11","10","0.12","10","193.50",
="071317","中鋼統一4C購01","100,000","1","30,000","0.30","0.30","0.30","0.30","X","0.00","0.28","10","0.29","10","20.15",
="071318","上銀統一62購01","1,000","1","180","0.18","0.18","0.18","0.18","X","0.00","0.16","10","0.17","10","215.50",
="071319","皇昌統一52購05","0","0","0","--","--","--","--"," ","0.00","0.24","10","0.25","10","83.50",
="071320","新興統一52購01","0","0","0","--","--","--","--"," ","0.00","0.16","10","0.17","10","23.65",
="071321","裕民統一53購01","0","0","0","--","--","--","--"," ","0.00","0.30","10","0.31","10","57.30",
="071322","裕民統一56購01","0","0","0","--","--","--","--"," ","0.00","0.35","10","0.36","10","57.30",
="071323","裕民統一5C購01","0","0","0","--","--","--","--"," ","0.00","0.43","10","0.44","10","57.30",
="071324","慧洋統一55購01","0","0","0","--","--","--","--"," ","0.00","0.29","10","0.30","10","61.80",
="071325","慧洋統一5C購01","41,000","5","18,450","0.45","0.45","0.45","0.45","X","0.00","0.44","30","0.45","10","61.80",
="071326","晶豪科統一51購02","0","0","0","--","--","--","--"," ","0.00","0.21","10","0.22","10","57.40",
="071327","晶豪科統一52購02","0","0","0","--","--","--","--"," ","0.00","0.26","10","0.27","10","57.40",
="071328","偉訓統一52購02","2,368,000","45","2,007,530","0.85","0.87","0.81","0.81","-","0.07","0.79","10","0.80","10","110.00",
="071329","偉訓統一58購01","311,000","9","319,870","1.06","1.06","1.02","1.02","-","0.03","1.00","10","1.01","10","110.00",
="07132P","奇鋐凱基51售01","0","0","0","--","--","--","--"," ","0.00","0.13","100","0.14","50","0.00",
="071330","偉訓統一58購02","199,000","15","161,830","0.81","0.83","0.80","0.80","-","0.03","0.79","10","0.80","10","110.00",
="071331","健策統一54購01","10,000","2","6,700","0.65","0.69","0.65","0.69","-","0.02","0.68","10","0.69","10","1,905.00",
="071332","定穎控統一58購01","0","0","0","--","--","--","--"," ","0.00","1.83","10","1.88","10","106.00",
="071333","大銀統一52購01","0","0","0","--","--","--","--"," ","0.00","0.16","10","0.17","10","126.00",
="071334","大銀統一52購02","0","0","0","--","--","--","--"," ","0.00","0.13","10","0.14","10","126.00",
="071335","大銀統一54購03","0","0","0","--","--","--","--"," ","0.00","0.17","10","0.18","10","126.00",
="071336","大銀統一58購01","0","0","0","--","--","--","--"," ","0.00","0.40","10","0.41","10","126.00",
="071337","大銀統一58購02","0","0","0","--","--","--","--"," ","0.00","0.22","10","0.23","10","126.00",
="071338","大銀統一5A購01","0","0","0","--","--","--","--"," ","0.00","0.44","10","0.45","10","126.00",
="071339","大銀統一62購01","0","0","0","--","--","--","--"," ","0.00","0.40","11","0.41","10","126.00",
="071340","達麗統一52購03","0","0","0","--","--","--","--"," ","0.00","0.37","10","0.38","10","42.20",
="071341","力成統一54購01","0","0","0","--","--","--","--"," ","0.00","0.34","10","0.35","10","118.50",
="071342","勤誠統一52購04","0","0","0","--","--","--","--"," ","0.00","2.90","10","2.94","10","613.00",
="071343","波力統一58購01","0","0","0","--","--","--","--"," ","0.00","0.15","10","0.16","10","176.00",
="071344","道瓊銀元大4C購01","10,000","1","16,100","1.61","1.61","1.61","1.61","+","0.07","1.61","100","1.62","100","32.63",
="071345","中502X元大49購02","0","0","0","--","--","--","--"," ","0.00","1.26","250","1.27","100","11.76",
="071346","中502X元大4A購01","180,000","12","136,750","0.79","0.80","0.74","0.74","-","0.29","0.68","250","0.69","100","11.76",
="071347","中502X元大53購01","372,000","5","650,320","1.78","1.78","1.74","1.74","-","0.32","1.65","250","1.66","100","11.76",
="071355","中鋼元大4A購01","0","0","0","--","--","--","--"," ","0.00","--","0","0.10","10","20.15",
="071361","上銀元大4B購03","0","0","0","--","--","--","--"," ","0.00","--","0","0.10","10","215.50",
="071362","台積電元大4C購03","20,000","1","15,400","0.77","0.77","0.77","0.77","X","0.00","--","0","--","0","1,160.00",
="071363","台積電元大51購08","80,000","1","67,200","0.84","0.84","0.84","0.84","-","0.02","0.17","58","--","0","1,160.00",
="071366","長榮元大51購02","171,000","2","108,730","0.64","0.64","0.63","0.63","+","0.03","0.57","499","0.59","10","188.00",
="071372","新日興元大4C購02","0","0","0","--","--","--","--"," ","0.00","--","0","--","0","259.00",
="071374","創意元大51購02","260,000","3","85,700","0.33","0.33","0.32","0.33"," ","0.00","0.01","499","--","0","1,350.00",
="071377","世芯元大51購06","0","0","0","--","--","--","--"," ","0.00","0.64","499","0.66","10","4,000.00",
="071378","神達元大51購05","264,000","22","390,060","1.48","1.57","1.41","1.50","+","0.25","1.49","499","1.51","10","95.90",
="071383","材料元大51購06","0","0","0","--","--","--","--"," ","0.00","0.26","499","0.27","10","67.70",
="071392","華新富邦49購02","0","0","0","--","--","--","--"," ","0.00","0.13","30","0.14","10","0.00",
="071394","華邦電富邦4B購01","949,000","9","275,940","0.28","0.31","0.28","0.30"," ","0.00","0.26","30","0.27","28","0.00",
="071395","全新富邦4B購01","80,000","7","15,750","0.20","0.21","0.19","0.19","-","0.05","0.18","10","0.19","10","0.00",
="071396","晟銘電富邦4A購01","301,000","32","132,030","0.44","0.51","0.35","0.36","-","0.03","0.35","10","0.36","9","0.00",
="071398","玉晶光富邦4A購02","355,000","3","170,400","0.48","0.48","0.48","0.48","-","0.03","0.49","10","0.50","10","0.00",
="071400","材料富邦4A購02","0","0","0","--","--","--","--"," ","0.00","0.03","10","0.10","10","0.00",
="071402","富世達富邦4B購01","0","0","0","--","--","--","--"," ","0.00","1.48","10","1.58","10","0.00",
="071411","力積電兆豐4A購01","0","0","0","--","--","--","--"," ","0.00","0.05","10","0.06","10","16.05",
="071412","來億兆豐4A購01","0","0","0","--","--","--","--"," ","0.00","--","0","0.01","10","243.50",
="071413","勤誠兆豐4A購01","0","0","0","--","--","--","--"," ","0.00","5.05","10","5.10","10","613.00",
="071416","華邦電中信49購01","0","0","0","--","--","--","--"," ","0.00","0.13","10","0.15","10","0.00",
="071417","金像電中信49購01","0","0","0","--","--","--","--"," ","0.00","3.30","499","3.33","10","0.00",
="071418","微星中信49購01","0","0","0","--","--","--","--"," ","0.00","--","0","0.02","10","0.00",
="071419","南亞科中信49購01","3,000","1","1,440","0.48","0.48","0.48","0.48","-","0.15","0.47","10","0.48","10","0.00",
="071424","中502X元富52購02","20,000","1","29,200","1.46","1.46","1.46","1.46","X","0.00","1.40","25","1.50","10","11.76",
="071425","和大元富52購01","0","0","0","--","--","--","--"," ","0.00","0.51","25","--","0","72.90",
="071426","大成鋼元富52購03","20,000","3","15,450","0.77","0.78","0.77","0.78","-","0.17","0.70","25","0.71","25","38.60",
="071427","華邦電元富4A購02","0","0","0","--","--","--","--"," ","0.00","0.51","25","0.53","25","19.60",
="071429","南亞科元富52購01","0","0","0","--","--","--","--"," ","0.00","2.45","25","2.48","25","46.65",
="071432","香港反國票4B購01","0","0","0","--","--","--","--"," ","0.00","0.07","25","0.08","10","5.57",
="071433","和大國票49購05","100,000","1","1,000","0.01","0.01","0.01","0.01","X","0.00","0.01","100","--","0","72.90",
="071434","川湖國票4A購04","10,000","1","44,900","4.49","4.49","4.49","4.49","+","0.21","4.25","25","4.35","10","2,925.00",
="071435","台積電國票4A購05","0","0","0","--","--","--","--"," ","0.00","0.15","25","0.16","10","1,160.00",
="071436","華邦電國票4B購01","408,000","12","135,890","0.35","0.35","0.32","0.32","-","0.02","0.31","25","0.32","10","19.60",
="071437","微星國票4B購01","10,000","2","400","0.04","0.04","0.04","0.04","-","0.01","0.03","25","0.04","10","136.50",
="071438","揚明光國票49購03","25,000","1","500","0.02","0.02","0.02","0.02","-","0.02","0.02","45","0.05","10","59.70",
="071439","大銀國票49購02","0","0","0","--","--","--","--"," ","0.00","0.01","25","0.02","10","126.00",
="07143P","大成鋼統一4C售01","0","0","0","--","--","--","--"," ","0.00","0.39","10","0.40","10","0.00",
="071440","台郡國票49購02","110,000","1","25,300","0.23","0.23","0.23","0.23","X","0.00","0.23","25","0.24","10","68.00",
="071441","訊芯國票49購04","0","0","0","--","--","--","--"," ","0.00","0.02","25","0.03","10","165.00",
="071442","東陽統一52購01","930,000","5","268,700","0.28","0.29","0.28","0.29","X","0.00","0.28","10","0.29","10","101.00",
="071443","華新統一52購05","37,000","1","16,650","0.45","0.45","0.45","0.45","-","0.02","0.46","108","0.47","108","23.35",
="071444","台玻統一52購01","0","0","0","--","--","--","--"," ","0.00","3.48","10","3.53","10","34.55",
="071445","上銀統一52購06","0","0","0","--","--","--","--"," ","0.00","0.05","10","0.06","10","215.50",
="071446","川湖統一52購04","1,000","1","2,380","2.38","2.38","2.38","2.38","+","0.06","2.34","10","2.38","10","2,925.00",
="071447","華泰統一51購01","458,000","25","343,420","0.69","0.81","0.69","0.74","+","0.01","0.75","10","0.76","10","44.70",
="071448","華泰統一51購02","326,000","10","232,970","0.68","0.74","0.68","0.68","-","0.01","0.68","10","0.69","10","44.70",
="07144P","世芯統一4A售03","0","0","0","--","--","--","--"," ","0.00","0.17","10","0.18","10","0.00",
="071450","華邦電統一52購06","176,000","4","106,640","0.60","0.63","0.60","0.63","+","0.01","0.59","10","0.60","10","19.60",
="071451","智邦統一4C購03","0","0","0","--","--","--","--"," ","0.00","0.99","10","1.02","10","984.00",
="071452","智邦統一51購02","0","0","0","--","--","--","--"," ","0.00","1.03","10","1.05","10","984.00",
="071453","毅嘉統一51購02","101,000","6","162,350","1.61","1.61","1.59","1.61","-","0.03","1.59","10","1.62","10","60.80",
="071454","元債2X永豐4A購01","0","0","0","--","--","--","--"," ","0.00","--","0","0.03","10","7.05",
="071455","毅嘉統一52購01","35,000","5","70,500","2.00","2.02","2.00","2.02","-","0.06","1.99","10","2.00","10","60.80",
="071456","南亞科統一52購05","0","0","0","--","--","--","--"," ","0.00","0.84","10","0.85","10","46.65",
="071457","南亞科統一52購06","3,000","1","5,040","1.68","1.68","1.68","1.68","-","0.04","1.60","10","1.61","10","46.65",
="071458","南亞科統一52購07","45,000","4","47,990","1.07","1.07","1.01","1.01","-","0.07","1.00","10","1.01","9","46.65",
="071459","立隆電統一52購03","15,000","3","5,600","0.38","0.38","0.37","0.38","+","0.01","0.36","30","0.37","10","86.60",
="07145P","世芯統一52售04","5,000","1","2,750","0.55","0.55","0.55","0.55","-","0.01","0.56","10","0.57","10","0.00",
="071460","新興統一52購02","13,000","2","3,200","0.24","0.25","0.24","0.25"," ","0.00","0.23","10","0.24","10","23.65",
="071461","雄獅統一52購01","632,000","22","658,110","0.98","1.07","0.98","1.07","+","0.10","1.05","10","1.06","10","159.00",
="071462","緯創統一4C購02","335,000","8","173,100","0.51","0.52","0.51","0.51","-","0.01","0.51","10","0.52","10","115.00",
="071463","新日興統一53購02","0","0","0","--","--","--","--"," ","0.00","0.41","10","0.42","10","259.00",
="071464","創意統一4C購01","91,000","3","30,100","0.32","0.34","0.32","0.34","+","0.03","0.34","10","0.35","10","1,350.00",
="071465","創意統一54購01","0","0","0","--","--","--","--"," ","0.00","0.51","10","0.52","10","1,350.00",
="071466","創意統一54購02","106,000","2","43,980","0.41","0.42","0.41","0.42","X","0.00","0.41","10","0.42","10","1,350.00",
="071467","群創統一52購04","434,000","18","264,610","0.57","0.67","0.57","0.67","+","0.13","0.66","10","0.67","10","14.15",
="071468","定穎控統一52購02","53,000","10","101,720","1.95","1.95","1.89","1.89","-","0.13","1.88","5","--","0","106.00",
="071469","大銀統一52購03","0","0","0","--","--","--","--"," ","0.00","0.14","10","0.15","10","126.00",
="071470","大銀統一52購04","10,000","1","2,900","0.29","0.29","0.29","0.29","X","0.00","0.28","10","0.29","10","126.00",
="071471","致伸統一51購01","5,000","1","2,100","0.42","0.42","0.42","0.42","X","0.00","0.41","10","0.42","10","82.30",
="071472","精成科統一52購03","0","0","0","--","--","--","--"," ","0.00","1.95","10","--","0","131.00",
="071473","力成統一51購01","0","0","0","--","--","--","--"," ","0.00","0.32","10","0.33","10","118.50",
="071474","力成統一51購02","0","0","0","--","--","--","--"," ","0.00","0.35","10","0.36","10","118.50",
="071475","台塑化統一52購01","9,000","3","4,380","0.50","0.50","0.46","0.46","-","0.07","0.46","10","0.47","10","40.75",
="071476","台塑化統一52購02","0","0","0","--","--","--","--"," ","0.00","0.62","10","0.63","10","40.75",
="071478","滬深2X永豐49購03","0","0","0","--","--","--","--"," ","0.00","0.84","499","0.94","10","18.32",
="071479","滬深2X永豐49購04","0","0","0","--","--","--","--"," ","0.00","1.75","10","1.85","10","18.32",
="07147P","鴻海中信49售03","0","0","0","--","--","--","--"," ","0.00","--","0","0.02","10","0.00",
="071482","中502X永豐4A購02","0","0","0","--","--","--","--"," ","0.00","0.15","10","0.16","10","11.76",
="071483","台塑永豐49購02","0","0","0","--","--","--","--"," ","0.00","0.20","10","0.23","10","39.10",
="071484","中砂永豐49購01","0","0","0","--","--","--","--"," ","0.00","1.56","10","1.61","10","347.00",
="071486","川湖永豐49購03","0","0","0","--","--","--","--"," ","0.00","4.64","499","--","0","2,925.00",
="071487","皇昌永豐49購03","0","0","0","--","--","--","--"," ","0.00","--","0","0.03","10","83.50",
="07148P","晟銘電永豐49售02","0","0","0","--","--","--","--"," ","0.00","0.07","10","0.12","10","0.00",
="071490","致伸永豐49購01","0","0","0","--","--","--","--"," ","0.00","0.21","499","0.22","10","82.30",
="071491","台郡永豐49購01","100,000","5","19,250","0.20","0.22","0.17","0.17","-","0.05","0.16","499","0.17","10","68.00",
="071492","台積電國泰49購04","0","0","0","--","--","--","--"," ","0.00","0.95","499","1.03","15","1,160.00",
="071493","友訊國泰49購02","0","0","0","--","--","--","--"," ","0.00","0.01","499","0.02","15","18.05",
="071496","華邦電國泰49購01","131,000","10","102,310","0.77","0.84","0.74","0.84","+","0.03","0.72","499","0.74","10","19.60",
="071497","南亞科國泰49購01","9,000","1","36,000","4.00","4.00","4.00","4.00","-","0.27","3.62","499","3.66","15","46.65",
="071498","群創國泰49購01","50,000","2","21,000","0.42","0.42","0.42","0.42","+","0.18","0.38","499","0.48","65","14.15",
="071501","嘉澤國泰49購01","0","0","0","--","--","--","--"," ","0.00","0.11","499","0.13","15","1,465.00",
="071502","大銀國泰49購01","0","0","0","--","--","--","--"," ","0.00","0.01","499","0.02","15","126.00",
="071503","愛普國泰49購01","0","0","0","--","--","--","--"," ","0.00","0.10","499","0.11","15","305.50",
="071504","世紀鋼國泰49購01","0","0","0","--","--","--","--"," ","0.00","0.81","499","0.83","10","188.00",
="071505","台灣50元大4A購05","0","0","0","--","--","--","--"," ","0.00","0.08","100","0.18","10","52.50",
="071506","SGBR2X元大49購03","1,000","1","70","0.07","0.07","0.07","0.07","X","0.00","0.07","499","0.08","50","11.25",
="071507","美費半元大49購01","0","0","0","--","--","--","--"," ","0.00","1.19","100","1.29","15","45.51",
="071508","美費半元大51購01","0","0","0","--","--","--","--"," ","0.00","1.85","100","1.86","50","45.51",
="071511","和大元大4B購01","0","0","0","--","--","--","--"," ","0.00","0.15","125","--","0","72.90",
="071516","上銀元大4B購04","0","0","0","--","--","--","--"," ","0.00","--","0","0.10","10","215.50",
="071518","台積電元大51購09","414,000","3","266,200","0.65","0.65","0.63","0.63","-","0.05","0.14","71","0.69","15","1,160.00",
="07151P","立積群益52售01","0","0","0","--","--","--","--"," ","0.00","1.56","13","--","0","0.00",
="071530","大立光元大51購06","0","0","0","--","--","--","--"," ","0.00","0.43","25","0.44","10","2,395.00",
="071532","奇鋐元大49購08","110,000","11","547,100","4.99","4.99","4.81","4.99","X","0.00","5.05","150","5.25","10","1,015.00",
="071533","奇鋐元大51購01","0","0","0","--","--","--","--"," ","0.00","4.60","150","4.70","10","1,015.00",
="071534","智原元大51購01","0","0","0","--","--","--","--"," ","0.00","0.06","499","0.07","10","158.00",
="071538","新日興元大4C購03","10,000","1","3,500","0.35","0.35","0.35","0.35","+","0.03","0.01","499","--","0","259.00",
="071540","創意元大51購03","70,000","1","17,500","0.25","0.25","0.25","0.25","+","0.01","0.01","499","--","0","1,350.00",
="071550","精銳元大4A購02","0","0","0","--","--","--","--"," ","0.00","0.04","499","0.14","10","776.00",
="071555","亞翔元大4B購01","499,000","9","423,910","0.93","0.93","0.82","0.82","-","0.15","0.82","2","0.83","10","349.50",
="071559","中502X凱基4A購01","7,000","1","5,110","0.73","0.73","0.73","0.73","-","0.30","0.65","100","0.66","50","11.76",
="071560","中502X凱基53購01","1,000","1","1,670","1.67","1.67","1.67","1.67","-","0.23","1.53","100","1.54","50","11.76",
="071562","大成鋼凱基49購01","0","0","0","--","--","--","--"," ","0.00","0.16","100","0.26","10","38.60",
="071565","鴻海凱基49購11","0","0","0","--","--","--","--"," ","0.00","2.82","36","2.92","10","206.00",
="071566","國巨凱基4A購03","0","0","0","--","--","--","--"," ","0.00","0.09","100","0.10","30","137.00",
="071567","旺宏凱基4B購01","0","0","0","--","--","--","--"," ","0.00","0.36","10","0.37","10","20.10",
="071568","華邦電凱基4A購01","0","0","0","--","--","--","--"," ","0.00","0.28","10","0.29","10","19.60",
="071570","微星凱基4A購01","0","0","0","--","--","--","--"," ","0.00","0.01","100","0.02","50","136.50",
="071573","南亞科凱基4A購02","51,000","2","76,430","1.53","1.53","1.45","1.45","-","0.14","1.33","100","1.34","10","46.65",
="071574","聯發科凱基4C購08","0","0","0","--","--","--","--"," ","0.00","0.39","100","0.40","10","1,385.00",
="071575","盟立凱基49購01","0","0","0","--","--","--","--"," ","0.00","0.04","10","0.14","10","70.00",
="071576","鉅祥凱基49購01","30,000","3","22,600","0.74","0.78","0.74","0.78","X","0.00","0.78","10","0.88","10","98.10",
="071577","長榮凱基51購01","0","0","0","--","--","--","--"," ","0.00","0.73","100","0.74","10","188.00",
="07157P","世芯元富49售08","0","0","0","--","--","--","--"," ","0.00","--","0","0.10","25","0.00",
="071581","奇鋐凱基51購02","0","0","0","--","--","--","--"," ","0.00","5.45","100","5.95","10","1,015.00",
="071584","世芯凱基4A購07","1,286,000","11","1,695,240","1.43","1.43","1.30","1.30","-","0.17","1.27","100","1.29","10","4,000.00",
="071585","神達凱基51購02","179,000","10","492,980","2.68","2.81","2.68","2.73","+","0.42","2.78","36","2.79","10","95.90",
="071586","材料凱基4C購02","0","0","0","--","--","--","--"," ","0.00","0.40","100","0.50","10","67.70",
="071587","力成凱基49購01","0","0","0","--","--","--","--"," ","0.00","0.08","100","0.18","10","118.50",
="071589","台塑化凱基4A購01","41,000","4","52,640","1.30","1.30","1.16","1.16","X","0.00","1.12","10","1.14","10","40.75",
="071591","富世達凱基49購02","0","0","0","--","--","--","--"," ","0.00","2.84","100","2.94","10","1,145.00",
="071593","臺股指凱基51購04","120,000","4","110,800","0.97","0.97","0.90","0.90","-","0.12","0.89","100","0.90","10","0.00",
="071599","滬深2X群益4A購14","0","0","0","--","--","--","--"," ","0.00","0.15","66","--","0","18.32",
="071602","亞德客群益49購01","0","0","0","--","--","--","--"," ","0.00","--","0","0.10","10","800.00",
="071603","大成鋼群益4C購01","0","0","0","--","--","--","--"," ","0.00","0.01","499","--","0","38.60",
="071604","上銀群益49購03","0","0","0","--","--","--","--"," ","0.00","--","0","0.10","10","215.50",
="071605","華泰群益4A購01","2,000","1","1,260","0.63","0.63","0.63","0.63","+","0.02","0.11","90","0.99","20","44.70",
="071606","台積電群益51購02","0","0","0","--","--","--","--"," ","0.00","--","0","--","0","1,160.00",
="071607","旺宏群益49購01","0","0","0","--","--","--","--"," ","0.00","0.01","25","0.03","10","20.10",
="071608","華邦電群益4A購03","10,000","1","3,400","0.34","0.34","0.34","0.34","+","0.04","0.32","100","0.33","100","19.60",
="071615","大銀群益4A購02","0","0","0","--","--","--","--"," ","0.00","--","0","--","0","126.00",
="071617","保瑞群益51購01","10,000","1","2,300","0.23","0.23","0.23","0.23","X","0.00","0.22","100","0.23","100","733.00",
="071618","世紀鋼群益4A購01","42,000","5","72,110","1.73","1.73","1.64","1.64","-","0.16","1.61","10","1.71","10","188.00",
="07161P","臺股指國票49售02","322,000","21","122,850","0.37","0.46","0.36","0.46","+","0.10","0.43","499","0.44","499","0.00",
="071625","南亞科富邦4B購01","316,000","26","176,180","0.58","0.58","0.51","0.51","-","0.07","0.50","35","0.51","10","0.00",
="071626","皇昌富邦4A購02","48,000","8","15,420","0.32","0.33","0.32","0.32"," ","0.00","0.30","10","0.31","10","0.00",
="071627","晶豪科富邦4A購01","0","0","0","--","--","--","--"," ","0.00","0.08","10","0.10","10","0.00",
="071628","臻鼎富邦4A購01","0","0","0","--","--","--","--"," ","0.00","3.75","10","3.85","10","0.00",
="07162P","臺股指國票49售03","10,000","1","1,300","0.13","0.13","0.13","0.13"," ","0.00","0.14","499","0.15","499","0.00",
="071630","迅得富邦4A購03","0","0","0","--","--","--","--"," ","0.00","0.12","10","0.13","10","0.00",
="071634","美律兆豐4A購01","62,000","4","25,440","0.42","0.42","0.40","0.42","-","0.06","0.40","10","0.41","10","107.50",
="071635","皇昌兆豐4A購01","0","0","0","--","--","--","--"," ","0.00","0.05","10","0.06","10","83.50",
="071636","大銀兆豐49購01","0","0","0","--","--","--","--"," ","0.00","--","0","0.01","10","126.00",
="07163P","臺股指國票49售04","0","0","0","--","--","--","--"," ","0.00","0.09","499","0.10","499","0.00",
="071643","台灣50凱基4A購06","0","0","0","--","--","--","--"," ","0.00","0.34","100","0.35","50","52.50",
="071644","美費半凱基51購01","15,000","2","20,550","1.37","1.37","1.37","1.37","X","0.00","1.37","100","1.38","50","45.51",
="071646","大成鋼凱基49購02","0","0","0","--","--","--","--"," ","0.00","0.02","100","0.12","10","38.60",
="071647","上銀凱基4B購03","0","0","0","--","--","--","--"," ","0.00","0.01","100","0.11","10","215.50",
="071648","川湖凱基4A購02","36,000","4","157,080","4.32","4.60","4.32","4.60","+","0.24","4.42","23","4.46","10","2,925.00",
="07164P","臺股指國票49售05","0","0","0","--","--","--","--"," ","0.00","--","0","3.01","1","0.00",
="071650","鴻海凱基49購12","0","0","0","--","--","--","--"," ","0.00","2.40","42","2.47","10","206.00",
="071652","台積電凱基49購17","0","0","0","--","--","--","--"," ","0.00","0.03","100","0.13","10","1,160.00",
="071656","南亞科凱基4C購02","6,000","3","9,940","1.68","1.68","1.62","1.62","X","0.00","1.61","100","1.62","8","46.65",
="071659","皇昌凱基4A購03","0","0","0","--","--","--","--"," ","0.00","0.03","10","0.13","10","83.50",
="07165P","FBNQ2X元大4B售01","0","0","0","--","--","--","--"," ","0.00","0.84","115","0.85","50","0.00",
="071660","奇鋐凱基56購01","0","0","0","--","--","--","--"," ","0.00","4.30","100","4.40","10","1,015.00",
="071661","智原凱基51購01","10,000","1","1,300","0.13","0.13","0.13","0.13","+","0.01","0.12","100","0.13","50","158.00",
="071662","欣興凱基49購02","0","0","0","--","--","--","--"," ","0.00","0.79","100","0.82","10","150.00",
="071664","緯創凱基4C購04","32,000","1","21,120","0.66","0.66","0.66","0.66","X","0.00","0.65","100","0.66","10","115.00",
="071665","神達凱基4B購03","768,000","42","2,048,640","2.65","2.98","2.52","2.69","+","0.56","1.61","31","--","0","95.90",
="071666","大銀凱基4A購02","0","0","0","--","--","--","--"," ","0.00","0.04","100","0.05","50","126.00",
="071667","材料凱基49購04","0","0","0","--","--","--","--"," ","0.00","--","0","0.10","10","67.70",
="071669","台郡凱基49購02","0","0","0","--","--","--","--"," ","0.00","0.20","10","0.30","10","68.00",
="071670","訊芯凱基4A購02","0","0","0","--","--","--","--"," ","0.00","0.05","10","0.06","50","165.00",
="071671","視陽凱基49購01","0","0","0","--","--","--","--"," ","0.00","0.28","10","0.38","10","207.50",
="071672","來億凱基49購02","0","0","0","--","--","--","--"," ","0.00","--","0","0.10","10","243.50",
="071675","中502X群益4A購04","0","0","0","--","--","--","--"," ","0.00","0.08","5","--","0","11.76",
="071678","川湖群益4A購02","10,000","1","17,600","1.76","1.76","1.76","1.76","-","0.01","1.77","100","1.78","100","2,925.00",
="071679","華通群益51購01","175,000","10","239,630","1.30","1.52","1.28","1.35","+","0.06","1.35","10","1.45","10","79.30",
="071683","南亞科群益4A購02","20,000","1","14,000","0.70","0.70","0.70","0.70","-","0.11","0.67","100","0.68","100","46.65",
="071684","友達群益49購01","0","0","0","--","--","--","--"," ","0.00","--","0","--","0","13.05",
="071685","美律群益4B購01","28,000","1","8,120","0.29","0.29","0.29","0.29","X","0.00","0.26","7","--","0","107.50",
="071689","裕民群益4C購01","0","0","0","--","--","--","--"," ","0.00","0.13","100","0.14","100","57.30",
="071690","晟銘電群益52購01","122,000","16","88,140","0.77","0.77","0.63","0.63","-","0.04","0.63","100","0.64","100","133.00",
="071695","力成群益49購01","0","0","0","--","--","--","--"," ","0.00","--","0","--","0","118.50",
="071697","樺漢群益4A購01","0","0","0","--","--","--","--"," ","0.00","0.01","30","0.25","10","326.00",
="071698","穎崴群益4A購01","0","0","0","--","--","--","--"," ","0.00","0.02","25","--","0","1,250.00",
="071699","鈺齊群益4A購02","0","0","0","--","--","--","--"," ","0.00","--","0","--","0","106.50",
="071705","川湖元富4A購07","301,000","3","1,101,720","3.72","3.72","3.66","3.66","+","0.05","3.56","25","3.66","10","2,925.00",
="071706","鴻海元富52購05","44,000","3","57,060","1.28","1.30","1.28","1.30","-","0.07","1.30","25","1.32","25","206.00",
="071708","台積電元富62購02","0","0","0","--","--","--","--"," ","0.00","1.06","25","1.07","25","1,160.00",
="071709","旺宏元富51購01","0","0","0","--","--","--","--"," ","0.00","0.21","25","0.22","25","20.10",
="071711","南亞科元富49購01","150,000","2","63,000","0.41","0.44","0.41","0.44","X","0.00","0.36","25","0.37","25","46.65",
="071713","皇昌元富4B購03","0","0","0","--","--","--","--"," ","0.00","0.07","25","0.10","10","83.50",
="071714","材料元富51購02","0","0","0","--","--","--","--"," ","0.00","0.40","25","0.41","25","67.70",
="071715","乙盛元富49購01","21,000","3","60,980","2.92","2.94","2.38","2.38","X","0.00","--","0","--","0","81.40",
="071716","川湖國泰49購02","0","0","0","--","--","--","--"," ","0.00","6.60","499","--","0","2,925.00",
="071717","台達電國泰49購01","0","0","0","--","--","--","--"," ","0.00","17.30","10","--","0","709.00",
="071718","創意國泰49購02","81,000","2","34,830","0.43","0.43","0.43","0.43","X","0.00","0.43","20","--","0","1,350.00",
="071719","貿聯國泰49購01","15,000","1","74,550","4.97","4.97","4.97","4.97","+","0.66","4.94","499","--","0","981.00",
="071720","立積國泰49購03","0","0","0","--","--","--","--"," ","0.00","--","0","--","0","158.00",
="071721","滬深2X統一4C購01","0","0","0","--","--","--","--"," ","0.00","1.76","10","1.77","10","18.32",
="071722","川湖統一58購02","4,000","2","4,680","1.17","1.17","1.17","1.17"," ","0.00","1.16","10","1.17","10","2,925.00",
="071723","華泰統一52購01","139,000","11","80,670","0.54","0.61","0.54","0.57","+","0.01","0.57","10","0.58","10","44.70",
="071724","華泰統一52購02","494,000","16","377,390","0.71","0.80","0.71","0.76","+","0.03","0.75","10","0.76","10","44.70",
="071725","旺宏統一4C購03","0","0","0","--","--","--","--"," ","0.00","0.11","10","0.12","10","20.10",
="071726","皇昌統一52購06","50,000","1","10,500","0.21","0.21","0.21","0.21","X","0.00","0.19","10","0.20","10","83.50",
="071727","皇昌統一58購02","20,000","1","6,400","0.32","0.32","0.32","0.32","X","0.00","0.29","10","0.30","10","83.50",
="071728","雄獅統一52購02","44,000","2","29,920","0.68","0.68","0.68","0.68","+","0.03","0.68","10","0.69","10","159.00",
="071729","信邦統一52購01","40,000","3","10,250","0.25","0.26","0.25","0.26","X","0.00","0.25","10","0.26","10","234.00",
="071730","欣興統一52購05","394,000","7","297,530","0.72","0.79","0.72","0.79","+","0.02","0.74","10","0.75","10","150.00",
="071731","景碩統一52購02","735,000","26","467,030","0.60","0.68","0.59","0.61","-","0.03","0.60","10","0.61","10","113.50",
="071732","緯創統一52購03","115,000","2","42,550","0.37","0.37","0.37","0.37","-","0.01","0.38","10","0.39","10","115.00",
="071733","致伸統一52購01","7,000","1","2,520","0.36","0.36","0.36","0.36","-","0.01","0.36","10","0.37","10","82.30",
="071734","致伸統一52購02","0","0","0","--","--","--","--"," ","0.00","0.41","10","0.42","10","82.30",
="071735","致伸統一58購01","0","0","0","--","--","--","--"," ","0.00","0.52","10","0.53","10","82.30",
="071736","台郡統一52購02","0","0","0","--","--","--","--"," ","0.00","0.36","10","0.37","10","68.00",
="071737","樺漢統一4C購02","294,000","7","143,450","0.46","0.51","0.46","0.48","+","0.06","0.47","10","0.48","10","326.00",
="071738","鈺邦統一51購02","1,630,000","39","1,755,350","1.09","1.20","0.99","0.99","-","0.17","1.02","10","1.03","10","178.00",
="071739","穎崴統一51購02","51,000","2","16,270","0.27","0.32","0.27","0.32","+","0.02","0.30","10","0.31","10","1,250.00",
="071740","穎崴統一51購03","500,000","4","108,000","0.21","0.23","0.21","0.23","-","0.01","0.24","10","0.25","10","1,250.00",
="071741","穎崴統一52購01","2,915,000","32","656,340","0.23","0.25","0.20","0.25"," ","0.00","0.23","10","0.24","10","1,250.00",
="071742","穎崴統一52購02","0","0","0","--","--","--","--"," ","0.00","0.44","10","0.45","10","1,250.00",
="071743","穎崴統一59購01","0","0","0","--","--","--","--"," ","0.00","0.32","10","0.33","10","1,250.00",
="071744","志強統一58購02","0","0","0","--","--","--","--"," ","0.00","0.22","10","0.23","10","105.50",
="071745","南電統一52購01","216,000","13","349,400","1.59","1.81","1.52","1.81","+","0.12","1.84","10","2.18","10","226.00",
="071746","南電統一52購02","15,000","4","27,700","1.80","2.05","1.80","2.05","+","0.46","2.11","20","--","0","226.00",
="071748","台灣50元大49購10","0","0","0","--","--","--","--"," ","0.00","1.42","499","1.52","10","52.50",
="071749","台灣50元大49購11","0","0","0","--","--","--","--"," ","0.00","5.80","100","6.30","10","52.50",
="071750","台灣50元大4A購06","0","0","0","--","--","--","--"," ","0.00","3.95","200","4.05","10","52.50",
="071751","國企2X元大4B購02","0","0","0","--","--","--","--"," ","0.00","0.62","499","0.63","50","10.70",
="071752","國企2X元大4C購01","78,000","3","61,580","0.81","0.81","0.77","0.78","-","0.19","0.72","100","0.73","50","10.70",
="071754","台泥元大49購01","0","0","0","--","--","--","--"," ","0.00","--","0","0.10","10","22.80",
="071756","美時元大51購01","40,000","2","7,600","0.19","0.19","0.19","0.19"," ","0.00","0.17","499","0.18","10","193.50",
="071759","大成鋼元大51購01","0","0","0","--","--","--","--"," ","0.00","0.15","499","0.16","10","38.60",
="071763","台積電元大51購10","170,000","3","69,500","0.41","0.41","0.40","0.40","-","0.03","0.39","100","--","0","1,160.00",
="07176P","台積電凱基4A售21","0","0","0","--","--","--","--"," ","0.00","0.51","100","0.52","10","0.00",
="071772","大立光元大51購07","251,000","5","75,500","0.31","0.31","0.30","0.30","-","0.01","0.30","25","0.31","10","2,395.00",
="071773","智原元大51購02","0","0","0","--","--","--","--"," ","0.00","0.06","499","0.07","10","158.00",
="071778","新日興元大51購01","52,000","1","20,800","0.40","0.40","0.40","0.40","+","0.06","0.40","5","--","0","259.00",
="071780","創意元大51購04","0","0","0","--","--","--","--"," ","0.00","0.01","499","--","0","1,350.00",
="071789","材料元大4B購03","0","0","0","--","--","--","--"," ","0.00","--","0","0.10","10","67.70",
="071791","亞翔元大4B購02","45,000","5","43,770","1.04","1.04","0.90","0.90","-","0.14","0.90","499","0.91","10","349.50",
="071795","晶心科元大4A購01","0","0","0","--","--","--","--"," ","0.00","--","0","0.10","10","283.00",
="071798","FB臺反國票4A購01","0","0","0","--","--","--","--"," ","0.00","0.03","25","0.13","10","10.87",
="071799","SGBR2X國票49購01","0","0","0","--","--","--","--"," ","0.00","0.08","25","0.09","10","11.25",
="071800","華城國票49購03","10,000","1","7,200","0.72","0.72","0.72","0.72","-","0.08","0.71","25","0.73","10","618.00",
="071801","華通國票49購03","218,000","32","225,490","0.72","1.31","0.69","0.85","+","0.15","0.85","25","0.86","10","79.30",
="071803","旺宏國票49購01","0","0","0","--","--","--","--"," ","0.00","0.02","25","0.03","10","20.10",
="071804","旺宏國票4A購01","0","0","0","--","--","--","--"," ","0.00","0.04","25","0.05","10","20.10",
="071805","智邦國票49購03","8,000","4","20,030","2.39","2.66","2.39","2.66","+","0.03","2.49","25","2.51","10","984.00",
="071806","所羅門國票4A購01","17,000","1","12,410","0.73","0.73","0.73","0.73","-","0.16","0.72","25","0.73","10","162.00",
="071807","南亞科國票49購03","0","0","0","--","--","--","--"," ","0.00","0.84","25","0.85","10","46.65",
="071808","長榮國票4A購04","0","0","0","--","--","--","--"," ","0.00","0.09","25","0.10","10","188.00",
="071809","裕民國票49購03","0","0","0","--","--","--","--"," ","0.00","0.02","25","0.03","10","57.30",
="071810","奇鋐國票49購07","0","0","0","--","--","--","--"," ","0.00","11.60","25","12.50","10","1,015.00",
="071811","欣興國票49購04","15,000","1","8,700","0.58","0.58","0.58","0.58","-","0.06","0.58","25","0.60","10","150.00",
="071812","大量國票4A購01","290,000","55","1,395,420","4.60","5.10","4.47","4.54","-","0.03","4.47","1","4.50","10","209.50",
="071813","玉晶光國票49購03","0","0","0","--","--","--","--"," ","0.00","0.08","25","0.09","10","461.50",
="071814","創意國票4B購01","162,000","6","32,810","0.20","0.22","0.20","0.22","+","0.01","0.20","25","0.22","10","1,350.00",
="071815","嘉澤國票49購03","0","0","0","--","--","--","--"," ","0.00","0.06","25","0.07","10","1,465.00",
="071816","牧德國票49購02","585,000","29","1,427,270","2.43","3.19","2.27","3.19","+","1.13","3.13","25","3.20","10","594.00",
="071817","貿聯國票49購03","0","0","0","--","--","--","--"," ","0.00","6.25","25","6.45","10","981.00",
="071818","日月光國票4A購01","0","0","0","--","--","--","--"," ","0.00","0.02","25","0.03","10","147.50",
="071819","樺漢國票49購01","5,000","1","250","0.05","0.05","0.05","0.05","X","0.00","0.04","25","0.05","10","326.00",
="071820","矽力國票49購02","0","0","0","--","--","--","--"," ","0.00","--","0","--","0","317.00",
="071821","迅得國票4A購01","2,000","2","110","0.04","0.07","0.04","0.07","+","0.03","0.03","25","0.07","99","193.50",
="071822","緯穎國票49購04","0","0","0","--","--","--","--"," ","0.00","3.94","25","4.04","10","2,975.00",
="071823","富世達國票49購03","0","0","0","--","--","--","--"," ","0.00","4.53","25","4.63","10","1,145.00",
="071824","南電國票4A購01","101,000","14","358,840","3.15","4.16","3.15","4.16","+","1.53","4.34","25","5.30","5","226.00",
="071825","振樺電國票49購01","0","0","0","--","--","--","--"," ","0.00","0.02","25","0.03","10","270.00",
="071826","華擎兆豐4A購01","73,000","3","40,580","0.57","0.57","0.54","0.54","-","0.05","0.53","14","0.54","10","281.00",
="071827","祥碩兆豐4A購01","0","0","0","--","--","--","--"," ","0.00","0.10","10","0.11","10","1,665.00",
="071828","上銀富邦4A購01","0","0","0","--","--","--","--"," ","0.00","--","0","0.03","10","0.00",
="071829","鴻海富邦4A購05","559,000","8","260,930","0.47","0.47","0.43","0.45","-","0.07","0.46","30","0.47","10","0.00",
="071830","國巨富邦4B購01","29,000","5","2,070","0.08","0.08","0.07","0.07"," ","0.00","0.06","30","0.07","28","0.00",
="071831","瑞昱富邦4B購01","0","0","0","--","--","--","--"," ","0.00","0.14","10","0.15","10","0.00",
="071833","奇鋐富邦4B購02","0","0","0","--","--","--","--"," ","0.00","3.07","10","3.17","10","0.00",
="071834","立積富邦4A購02","0","0","0","--","--","--","--"," ","0.00","0.24","10","--","0","0.00",
="071836","樺漢富邦49購01","0","0","0","--","--","--","--"," ","0.00","0.14","30","0.15","28","0.00",
="071839","台灣50凱基49購08","0","0","0","--","--","--","--"," ","0.00","1.71","100","1.72","50","52.50",
="071840","台灣50凱基4A購07","0","0","0","--","--","--","--"," ","0.00","5.60","100","5.65","50","52.50",
="071842","上証2X凱基4B購01","20,000","1","42,000","2.10","2.10","2.10","2.10","-","0.42","1.95","100","1.96","50","45.30",
="071843","國企2X凱基4B購01","0","0","0","--","--","--","--"," ","0.00","0.60","100","0.61","50","10.70",
="071844","國企2X凱基4B購02","610,000","5","602,000","0.97","1.00","0.97","1.00","-","0.24","0.91","100","0.92","50","10.70",
="071845","中興電凱基4A購01","0","0","0","--","--","--","--"," ","0.00","0.09","100","0.10","10","167.00",
="071846","中興電凱基4A購02","86,000","4","88,160","1.02","1.03","1.02","1.03","+","0.07","1.04","100","1.05","10","167.00",
="071848","亞力凱基49購01","0","0","0","--","--","--","--"," ","0.00","0.17","100","0.27","10","110.50",
="071850","華城凱基4B購01","44,000","3","88,350","2.04","2.04","1.92","1.92","-","0.11","1.85","100","1.87","10","618.00",
="071851","大成鋼凱基49購03","0","0","0","--","--","--","--"," ","0.00","0.02","100","0.12","10","38.60",
="071852","大成鋼凱基4A購03","53,000","5","17,720","0.34","0.34","0.33","0.33","-","0.04","0.30","100","0.40","10","38.60",
="071858","晟銘電凱基4A購02","342,000","6","28,980","0.10","0.10","0.07","0.07","-","0.01","0.06","100","0.07","40","133.00",
="07185P","臺股指元富4B售05","173,000","6","157,030","0.90","0.95","0.86","0.91","+","0.06","0.93","25","0.94","25","0.00",
="071860","威強電凱基4A購01","0","0","0","--","--","--","--"," ","0.00","0.01","10","0.11","10","70.90",
="071861","玉晶光凱基49購03","0","0","0","--","--","--","--"," ","0.00","0.15","10","0.25","10","461.50",
="071863","群創凱基4A購01","195,000","3","12,200","0.06","0.07","0.06","0.07","+","0.05","0.06","100","0.09","50","14.15",
="071864","中租凱基49購02","0","0","0","--","--","--","--"," ","0.00","0.02","100","0.12","10","115.50",
="071865","樺漢凱基49購01","0","0","0","--","--","--","--"," ","0.00","0.05","100","0.15","10","326.00",
="071866","矽力凱基49購01","0","0","0","--","--","--","--"," ","0.00","--","0","0.10","10","317.00",
="071867","富世達凱基49購03","0","0","0","--","--","--","--"," ","0.00","5.05","100","5.55","10","1,145.00",
="071868","南電凱基4A購01","314,000","27","1,196,010","2.38","4.60","2.38","4.60","+","2.30","3.53","25","4.60","1","226.00",
="07186P","立隆電國票49售02","0","0","0","--","--","--","--"," ","0.00","0.01","25","0.05","10","0.00",
="071870","滬深2X中信49購02","0","0","0","--","--","--","--"," ","0.00","0.09","499","0.10","10","0.00",
="071871","南亞科中信4A購01","10,000","1","20,000","2.00","2.00","2.00","2.00","-","0.05","1.80","10","1.83","10","0.00",
="071872","滬深2X永豐4A購02","35,000","2","88,800","2.49","2.60","2.49","2.60","X","0.00","2.43","499","2.53","10","18.32",
="071873","滬深2X永豐4A購03","0","0","0","--","--","--","--"," ","0.00","1.14","10","1.24","10","18.32",
="071875","中興電永豐4A購02","4,000","2","7,740","1.91","1.96","1.91","1.96","+","0.19","1.96","10","2.01","10","167.00",
="071876","華城永豐49購01","283,000","5","246,210","0.87","0.87","0.87","0.87","-","0.03","0.81","10","0.86","10","618.00",
="071877","華城永豐4B購01","85,000","4","51,860","0.62","0.63","0.59","0.59","-","0.06","0.59","10","0.60","10","618.00",
="071879","大成鋼永豐4C購01","0","0","0","--","--","--","--"," ","0.00","2.68","499","2.78","10","38.60",
="07187P","裕民國票49售01","0","0","0","--","--","--","--"," ","0.00","0.08","25","0.09","10","0.00",
="071882","南亞科永豐49購01","280,000","4","120,400","0.43","0.43","0.43","0.43","X","0.00","0.42","10","0.43","10","46.65",
="071883","晟銘電永豐49購03","0","0","0","--","--","--","--"," ","0.00","0.13","499","0.14","10","133.00",
="071884","神達永豐4A購02","117,000","12","476,990","3.88","4.39","3.88","4.04","+","0.87","3.99","10","4.06","10","95.90",
="071887","材料永豐49購03","0","0","0","--","--","--","--"," ","0.00","--","0","0.03","10","67.70",
="071888","矽格永豐49購01","233,000","4","133,140","0.57","0.58","0.57","0.58","+","0.16","0.53","499","0.54","10","82.20",
="07188P","FBNQ2X凱基4B售01","0","0","0","--","--","--","--"," ","0.00","0.71","20","0.80","10","0.00",
="071890","鈺邦永豐49購01","0","0","0","--","--","--","--"," ","0.00","0.41","499","0.51","10","178.00",
="071891","東元統一55購01","899,000","108","865,200","1.05","1.05","0.93","0.99","-","0.09","0.99","11","1.05","5","68.50",
="071892","中興電統一51購03","156,000","9","102,460","0.66","0.66","0.65","0.66","+","0.05","0.66","10","0.67","10","167.00",
="071893","中興電統一52購02","4,000","1","2,360","0.59","0.59","0.59","0.59","+","0.05","0.58","10","0.59","10","167.00",
="071894","中興電統一52購03","12,000","3","6,240","0.52","0.52","0.52","0.52","+","0.05","0.52","10","0.53","10","167.00",
="071895","中興電統一58購01","17,000","2","9,010","0.53","0.53","0.53","0.53","+","0.02","0.52","10","0.53","10","167.00",
="071896","亞力統一52購02","153,000","5","60,290","0.40","0.40","0.38","0.39","+","0.03","0.39","10","0.40","10","110.50",
="071897","亞力統一52購03","70,000","3","31,000","0.45","0.45","0.44","0.44","+","0.02","0.44","10","0.45","10","110.50",
="071898","華城統一52購02","0","0","0","--","--","--","--"," ","0.00","0.46","10","0.47","10","618.00",
="071899","華城統一52購03","0","0","0","--","--","--","--"," ","0.00","0.69","10","0.70","10","618.00",
="071900","華城統一54購01","35,000","2","28,000","0.80","0.80","0.80","0.80","+","0.05","0.76","10","0.77","10","618.00",
="071901","華城統一55購02","0","0","0","--","--","--","--"," ","0.00","0.58","10","0.59","10","618.00",
="071902","旺宏統一52購03","0","0","0","--","--","--","--"," ","0.00","0.40","10","0.41","10","20.10",
="071903","毅嘉統一52購02","0","0","0","--","--","--","--"," ","0.00","1.41","10","1.42","10","60.80",
="071904","南亞科統一51購04","331,000","17","254,750","0.80","0.80","0.73","0.73","-","0.07","0.72","10","0.73","10","46.65",
="071905","南亞科統一52購08","20,000","2","12,000","0.60","0.60","0.60","0.60","-","0.06","0.57","10","0.59","10","46.65",
="071906","南亞科統一58購01","50,000","4","43,400","0.88","0.88","0.86","0.86","-","0.03","0.85","10","0.90","1","46.65",
="071907","友達統一51購01","0","0","0","--","--","--","--"," ","0.00","0.24","10","0.25","10","13.05",
="071908","志聖統一53購01","179,000","20","140,550","0.74","0.84","0.68","0.68","-","0.02","0.65","11","0.66","10","201.50",
="071909","強茂統一51購01","353,000","15","325,380","0.90","0.95","0.88","0.95","+","0.05","0.95","10","0.96","10","65.40",
="071910","神基統一52購02","1,506,000","49","1,604,010","1.05","1.15","1.00","1.05","+","0.11","1.07","10","1.08","10","157.00",
="071911","神基統一52購03","2,425,000","88","2,803,290","1.14","1.25","1.08","1.14","+","0.13","1.15","10","1.16","10","157.00",
="071912","晟銘電統一52購05","509,000","2","228,950","0.45","0.45","0.44","0.44","X","0.00","0.38","10","0.39","10","133.00",
="071913","威強電統一52購01","0","0","0","--","--","--","--"," ","0.00","0.27","10","0.28","10","70.90",
="071914","威強電統一58購01","0","0","0","--","--","--","--"," ","0.00","0.37","10","0.38","10","70.90",
="071915","偉訓統一52購03","454,000","10","318,360","0.70","0.72","0.68","0.70","-","0.03","0.68","10","0.69","10","110.00",
="071916","文曄統一52購01","713,000","19","691,800","0.96","1.00","0.95","0.98"," ","0.00","0.96","10","0.97","10","123.00",
="071917","欣興統一52購06","424,000","11","312,660","0.74","0.76","0.71","0.74"," ","0.00","0.72","10","0.73","10","150.00",
="071918","欣興統一52購07","804,000","16","574,260","0.70","0.75","0.68","0.74"," ","0.00","0.71","10","0.72","10","150.00",
="071919","晶技統一52購01","0","0","0","--","--","--","--"," ","0.00","0.22","18","0.23","10","88.60",
="071920","立積統一56購02","0","0","0","--","--","--","--"," ","0.00","0.18","10","--","0","158.00",
="071921","矽格統一52購01","949,000","22","725,480","0.74","0.80","0.72","0.78","+","0.06","0.75","10","0.76","10","82.20",
="071922","矽格統一52購02","0","0","0","--","--","--","--"," ","0.00","0.44","10","0.45","10","82.20",
="071923","樺漢統一52購02","407,000","14","274,450","0.65","0.69","0.65","0.69","+","0.04","0.65","10","0.66","10","326.00",
="071924","鈺邦統一52購03","688,000","19","532,080","0.91","0.91","0.74","0.76","-","0.11","0.76","10","0.77","10","178.00",
="071925","鈺邦統一56購01","120,000","4","94,730","0.79","0.79","0.72","0.72","-","0.08","0.70","10","0.71","10","178.00",
="071926","龍德船統一52購01","646,000","26","496,250","0.76","0.81","0.73","0.75","-","0.01","0.73","10","0.74","10","146.00",
="071927","矽創統一52購01","48,000","1","23,040","0.48","0.48","0.48","0.48","+","0.01","0.49","10","0.50","10","211.50",
="071929","台灣50群益4C購02","50,000","2","62,400","1.24","1.26","1.24","1.26","-","0.07","1.12","100","1.15","100","52.50",
="071930","台灣50群益4C購03","30,000","3","5,700","0.20","0.20","0.18","0.18","-","0.04","0.17","110","0.18","100","52.50",
="071932","中興電群益49購02","0","0","0","--","--","--","--"," ","0.00","0.28","25","0.29","10","167.00",
="071933","中興電群益4B購04","0","0","0","--","--","--","--"," ","0.00","0.48","100","0.49","100","167.00",
="071934","大成鋼群益4A購02","0","0","0","--","--","--","--"," ","0.00","--","0","--","0","38.60",
="071937","上銀群益49購04","0","0","0","--","--","--","--"," ","0.00","--","0","0.10","10","215.50",
="071938","上銀群益4A購04","0","0","0","--","--","--","--"," ","0.00","0.01","10","0.11","10","215.50",
="071939","上銀群益52購01","0","0","0","--","--","--","--"," ","0.00","0.03","10","0.13","10","215.50",
="071942","鴻海群益49購07","0","0","0","--","--","--","--"," ","0.00","--","0","1.68","10","206.00",
="071943","台積電群益49購11","0","0","0","--","--","--","--"," ","0.00","--","0","0.63","10","1,160.00",
="071948","皇昌群益49購03","0","0","0","--","--","--","--"," ","0.00","--","0","0.11","10","83.50",
="071952","日電貿群益49購01","110,000","2","67,000","0.60","0.61","0.60","0.61","X","0.00","0.57","25","0.58","10","70.50",
="071955","永崴控群益49購01","0","0","0","--","--","--","--"," ","0.00","--","0","--","0","36.60",
="071956","材料群益52購01","0","0","0","--","--","--","--"," ","0.00","0.03","10","0.13","10","67.70",
="071960","晶心科群益49購02","0","0","0","--","--","--","--"," ","0.00","--","0","0.13","50","283.00",
="071967","宇隆元富4B購02","0","0","0","--","--","--","--"," ","0.00","1.04","25","1.14","10","262.00",
="071971","台積電元富49購15","0","0","0","--","--","--","--"," ","0.00","0.59","25","0.69","10","1,160.00",
="071974","智原元富4B購01","0","0","0","--","--","--","--"," ","0.00","0.02","25","0.10","10","158.00",
="071976","欣興元富52購01","156,000","7","181,090","1.15","1.32","1.15","1.32","-","0.01","1.24","25","1.26","25","150.00",
="071979","宏致元富4B購02","137,000","18","100,610","0.73","0.79","0.66","0.66","-","0.07","0.65","25","0.66","24","73.90",
="07197P","臺股指凱基49售30","0","0","0","--","--","--","--"," ","0.00","--","0","--","0","0.00",
="071980","世芯元富52購04","0","0","0","--","--","--","--"," ","0.00","1.84","25","1.85","25","4,000.00",
="071982","材料元富4B購02","0","0","0","--","--","--","--"," ","0.00","0.05","25","0.10","10","67.70",
="071984","上証2X國票4C購01","21,000","4","24,480","1.14","1.25","1.14","1.25","-","0.34","1.15","25","1.16","10","45.30",
="071985","SGBR2X國票52購01","26,000","6","14,350","0.56","0.56","0.55","0.55"," ","0.00","0.54","25","0.55","10","11.25",
="071986","中興電國票4A購01","0","0","0","--","--","--","--"," ","0.00","0.13","25","0.14","10","167.00",
="071987","亞力國票4A購01","0","0","0","--","--","--","--"," ","0.00","0.24","25","0.25","10","110.50",
="071988","華城國票49購04","0","0","0","--","--","--","--"," ","0.00","0.65","25","0.67","10","618.00",
="071989","大亞國票49購01","503,000","2","95,370","0.19","0.19","0.14","0.14","+","0.02","0.12","25","0.16","10","43.00",
="071991","合機國票49購01","0","0","0","--","--","--","--"," ","0.00","0.09","25","0.10","10","48.45",
="071994","南亞科國票49購04","0","0","0","--","--","--","--"," ","0.00","0.98","25","0.99","10","46.65",
="071995","南亞科國票49購07","0","0","0","--","--","--","--"," ","0.00","1.63","25","1.66","10","46.65",
="071997","晟銘電國票4A購03","0","0","0","--","--","--","--"," ","0.00","0.17","25","0.18","10","133.00",
="071998","智原國票49購06","0","0","0","--","--","--","--"," ","0.00","0.01","25","0.02","10","158.00",
="072000","群創國票49購01","0","0","0","--","--","--","--"," ","0.00","0.31","25","0.32","10","14.15",
="072001","牧德國票49購03","6,000","6","29,860","4.59","5.40","4.59","5.40","+","1.30","5.10","25","5.40","9","594.00",
="072002","海華國票49購02","0","0","0","--","--","--","--"," ","0.00","4.96","25","5.30","10","100.00",
="072003","時碩國票49購01","0","0","0","--","--","--","--"," ","0.00","0.12","25","0.13","10","64.20",
="072004","材料國票49購02","0","0","0","--","--","--","--"," ","0.00","--","0","--","0","67.70",
="072006","jpp國票49購03","0","0","0","--","--","--","--"," ","0.00","4.79","25","4.90","10","276.00",
="072008","華孚國票49購01","0","0","0","--","--","--","--"," ","0.00","0.23","25","0.24","10","62.60",
="072009","矽力國票49購03","0","0","0","--","--","--","--"," ","0.00","0.01","25","0.02","10","317.00",
="07200P","新日興統一4C售01","418,000","4","141,060","0.34","0.34","0.27","0.29","-","0.06","0.28","10","0.29","10","0.00",
="072010","晶心科國票49購02","0","0","0","--","--","--","--"," ","0.00","0.01","25","0.02","10","283.00",
="072011","智邦國泰49購01","0","0","0","--","--","--","--"," ","0.00","4.91","499","--","0","984.00",
="072012","南亞科國泰49購02","30,000","1","58,800","1.96","1.96","1.96","1.96","-","0.20","1.72","499","1.73","15","46.65",
="072013","聯發科國泰49購03","0","0","0","--","--","--","--"," ","0.00","0.11","499","0.12","15","1,385.00",
="072014","神基國泰49購01","265,000","18","746,330","2.79","3.00","2.55","2.94","+","0.77","2.97","499","3.07","10","157.00",
="072015","富世達國泰49購02","0","0","0","--","--","--","--"," ","0.00","7.05","499","--","0","1,145.00",
="072016","滬深2X元大4B購05","55,000","7","86,940","1.50","1.69","1.50","1.69","-","0.32","1.49","250","1.50","250","18.32",
="072017","滬深2X元大4C購03","60,000","3","94,800","1.51","1.63","1.51","1.60","-","0.16","1.48","250","1.49","250","18.32",
="072018","中502X元大4B購01","63,000","5","40,970","0.65","0.66","0.62","0.62","-","0.21","0.61","250","0.62","99","11.76",
="072019","台泥元大51購01","0","0","0","--","--","--","--"," ","0.00","0.08","3","0.10","3","22.80",
="07201P","貿聯統一4C售04","10,000","1","400","0.04","0.04","0.04","0.04","-","0.01","0.04","100","0.07","18","0.00",
="072025","大成鋼元大51購02","0","0","0","--","--","--","--"," ","0.00","0.29","499","0.30","10","38.60",
="072031","台積電元大51購11","0","0","0","--","--","--","--"," ","0.00","0.06","68","--","0","1,160.00",
="07203P","大成鋼群益4A售01","0","0","0","--","--","--","--"," ","0.00","--","0","--","0","0.00",
="072041","長榮航元大49購01","0","0","0","--","--","--","--"," ","0.00","0.24","499","0.25","10","39.05",
="072045","新日興元大51購02","135,000","7","97,350","0.57","0.77","0.57","0.74","+","0.21","0.75","10","--","0","259.00",
="072047","群創元大51購01","705,000","3","396,720","0.54","0.60","0.54","0.60","X","0.00","0.58","499","0.59","10","14.15",
="072048","世芯元大51購07","0","0","0","--","--","--","--"," ","0.00","1.48","450","1.50","10","4,000.00",
="072053","材料元大4B購04","0","0","0","--","--","--","--"," ","0.00","0.08","499","0.09","10","67.70",
="072059","志強元大49購01","0","0","0","--","--","--","--"," ","0.00","--","0","0.10","10","105.50",
="07205P","皇昌群益49售02","0","0","0","--","--","--","--"," ","0.00","0.19","18","--","0","0.00",
="072061","臺股指元大49購26","0","0","0","--","--","--","--"," ","0.00","0.10","499","0.20","10","0.00",
="072062","臺股指元大49購27","0","0","0","--","--","--","--"," ","0.00","0.25","499","0.35","10","0.00",
="072063","臺股指元大51購02","0","0","0","--","--","--","--"," ","0.00","0.29","100","0.39","10","0.00",
="072064","亞力富邦4B購01","0","0","0","--","--","--","--"," ","0.00","0.07","10","0.10","10","0.00",
="072067","矽力富邦4B購01","0","0","0","--","--","--","--"," ","0.00","--","0","0.10","10","0.00",
="072069","長華第一49購01","0","0","0","--","--","--","--"," ","0.00","0.14","10","0.15","10","0.00",
="07206P","大立光群益4A售02","0","0","0","--","--","--","--"," ","0.00","0.06","20","0.59","10","0.00",
="072072","元債2X群益4A購04","0","0","0","--","--","--","--"," ","0.00","0.24","25","0.25","10","7.05",
="072073","亞力群益4A購01","0","0","0","--","--","--","--"," ","0.00","--","0","--","0","110.50",
="072074","華城群益4A購03","47,000","3","34,520","0.73","0.74","0.73","0.74","+","0.02","0.67","100","0.68","100","618.00",
="072075","華城群益4C購01","49,000","1","34,300","0.70","0.70","0.70","0.70","+","0.05","0.65","100","0.66","100","618.00",
="072076","東鹼群益49購01","0","0","0","--","--","--","--"," ","0.00","--","0","0.11","10","32.20",
="072077","大成鋼群益4A購03","0","0","0","--","--","--","--"," ","0.00","--","0","--","0","38.60",
="072078","所羅門群益49購04","0","0","0","--","--","--","--"," ","0.00","0.07","499","0.17","10","162.00",
="07207P","新日興群益4A售01","6,000","2","1,020","0.22","0.22","0.12","0.12","-","0.10","0.05","3","--","0","0.00",
="072080","國泰金群益49購01","0","0","0","--","--","--","--"," ","0.00","0.03","25","0.04","10","62.30",
="072083","富華新群益49購01","0","0","0","--","--","--","--"," ","0.00","--","0","--","0","21.15",
="072085","材料群益52購02","0","0","0","--","--","--","--"," ","0.00","0.08","10","0.18","10","67.70",
="072086","東科群益4A購01","33,000","1","1,650","0.05","0.05","0.05","0.05","X","0.00","--","0","--","0","112.00",
="072089","鈺齊群益49購02","0","0","0","--","--","--","--"," ","0.00","--","0","--","0","106.50",
="072092","華城中信49購01","0","0","0","--","--","--","--"," ","0.00","0.04","499","0.05","10","0.00",
="072095","羅昇中信4A購01","10,000","1","300","0.03","0.03","0.03","0.03","-","0.03","0.03","12","0.04","10","0.00",
="072097","聚陽永豐49購01","0","0","0","--","--","--","--"," ","0.00","0.01","499","0.05","10","265.00",
="072098","華城永豐4A購03","0","0","0","--","--","--","--"," ","0.00","0.37","10","0.38","10","618.00",
="072099","鴻海永豐49購09","0","0","0","--","--","--","--"," ","0.00","1.86","499","1.89","10","206.00",
="072102","奇鋐永豐49購03","0","0","0","--","--","--","--"," ","0.00","8.40","499","8.75","10","1,015.00",
="072103","威強電永豐49購01","0","0","0","--","--","--","--"," ","0.00","--","0","0.03","10","70.90",
="072104","信邦永豐49購02","0","0","0","--","--","--","--"," ","0.00","0.02","499","0.03","10","234.00",
="072107","新日興永豐4B購01","317,000","7","1,405,350","3.91","4.64","3.91","4.45","+","1.39","0.88","11","--","0","259.00",
="072108","大銀永豐56購01","5,000","1","1,700","0.34","0.34","0.34","0.34","-","0.02","0.31","10","0.32","10","126.00",
="072109","精銳永豐4A購01","0","0","0","--","--","--","--"," ","0.00","0.07","499","0.08","10","776.00",
="072110","矽力永豐4A購01","0","0","0","--","--","--","--"," ","0.00","--","0","0.03","10","317.00",
="072112","鈺齊永豐4A購01","0","0","0","--","--","--","--"," ","0.00","0.05","499","0.06","10","106.50",
="072113","滬深2X統一52購04","51,000","8","58,720","1.13","1.22","1.13","1.14","-","0.21","1.11","499","1.12","499","18.32",
="072114","華友聯統一51購01","0","0","0","--","--","--","--"," ","0.00","0.09","10","0.10","10","71.30",
="072115","東元統一52購01","587,000","94","610,160","1.34","1.34","1.00","1.18","-","0.02","1.02","25","1.18","9","68.50",
="072116","中興電統一53購01","123,000","3","59,040","0.48","0.48","0.48","0.48","+","0.03","0.47","10","0.48","10","167.00",
="072117","中興電統一58購02","0","0","0","--","--","--","--"," ","0.00","0.49","10","0.50","10","167.00",
="072118","亞力統一52購04","97,000","2","36,360","0.38","0.38","0.37","0.37","+","0.02","0.36","10","0.37","10","110.50",
="072119","亞力統一52購05","116,000","3","63,800","0.55","0.55","0.55","0.55","+","0.03","0.53","10","0.54","10","110.50",
="072120","亞力統一56購01","5,000","1","1,600","0.32","0.32","0.32","0.32"," ","0.00","0.32","10","0.33","10","110.50",
="072121","亞力統一58購01","100,000","2","42,000","0.42","0.42","0.42","0.42","+","0.01","0.41","10","0.42","10","110.50",
="072122","亞力統一58購02","136,000","2","63,920","0.47","0.47","0.47","0.47","+","0.02","0.46","10","0.47","10","110.50",
="072123","亞力統一58購03","54,000","1","19,980","0.37","0.37","0.37","0.37","+","0.02","0.36","10","0.37","10","110.50",
="072124","華城統一52購04","5,000","1","2,650","0.53","0.53","0.53","0.53"," ","0.00","0.49","10","0.50","10","618.00",
="072125","華城統一62購01","10,000","1","4,300","0.43","0.43","0.43","0.43"," ","0.00","0.41","10","0.42","10","618.00",
="072126","大亞統一51購02","352,000","6","111,550","0.31","0.34","0.31","0.31","+","0.01","0.30","10","0.31","10","43.00",
="072127","大亞統一52購01","195,000","16","81,770","0.39","0.43","0.39","0.41","+","0.03","0.39","16","0.40","10","43.00",
="072128","鴻海統一5A購01","20,000","2","13,300","0.66","0.67","0.66","0.67","X","0.00","0.67","168","0.68","168","206.00",
="072129","台積電統一5A購03","0","0","0","--","--","--","--"," ","0.00","0.60","10","0.61","10","1,160.00",
="072130","大同統一55購01","0","0","0","--","--","--","--"," ","0.00","0.43","10","0.48","10","40.75",
="072131","健和興統一52購01","8,000","1","1,040","0.13","0.13","0.13","0.13","X","0.00","0.12","10","0.13","10","53.50",
="072132","晟銘電統一58購02","10,000","1","3,500","0.35","0.35","0.35","0.35","X","0.00","0.31","10","0.32","10","133.00",
="072133","威強電統一51購01","0","0","0","--","--","--","--"," ","0.00","0.13","10","0.14","10","70.90",
="072134","威強電統一52購02","0","0","0","--","--","--","--"," ","0.00","0.13","10","0.14","10","70.90",
="072135","威強電統一52購03","0","0","0","--","--","--","--"," ","0.00","0.31","10","0.32","10","70.90",
="072136","威強電統一52購04","0","0","0","--","--","--","--"," ","0.00","0.10","10","0.11","10","70.90",
="072137","欣興統一4C購01","174,000","4","121,630","0.70","0.75","0.69","0.75","+","0.06","0.70","10","0.71","10","150.00",
="072140","富華新統一4C購01","0","0","0","--","--","--","--"," ","0.00","0.14","10","0.15","10","21.15",
="072141","牧德統一52購03","348,000","13","312,490","0.89","0.96","0.87","0.96","+","0.08","0.56","89","0.96","20","594.00",
="072142","矽力統一54購02","0","0","0","--","--","--","--"," ","0.00","0.15","10","0.16","10","317.00",
="072143","鈺邦統一52購04","375,000","11","501,900","1.41","1.44","1.21","1.21","-","0.20","1.21","10","1.23","10","178.00",
="072144","鈺邦統一52購05","477,000","12","408,500","0.90","0.90","0.82","0.82","-","0.14","0.83","10","0.84","10","178.00",
="072145","龍德船統一51購02","786,000","31","655,540","0.81","0.89","0.80","0.82","-","0.01","0.82","6","0.83","30","146.00",
="072146","矽創統一51購01","107,000","3","61,850","0.58","0.58","0.57","0.57","X","0.00","0.56","10","0.57","10","211.50",
="072147","矽創統一52購02","54,000","1","29,160","0.54","0.54","0.54","0.54","+","0.01","0.54","10","0.55","10","211.50",
="072148","鈺齊統一52購04","0","0","0","--","--","--","--"," ","0.00","0.15","10","0.16","10","106.50",
="072149","鈺齊統一54購01","0","0","0","--","--","--","--"," ","0.00","0.17","10","0.18","10","106.50",
="072150","世紀鋼統一53購01","30,000","2","14,900","0.51","0.51","0.49","0.49","-","0.04","0.48","10","0.49","10","188.00",
="072151","中興電國泰49購01","20,000","1","10,000","0.50","0.50","0.50","0.50","+","0.08","0.50","499","0.51","10","167.00",
="072152","華城國泰49購02","135,000","3","78,600","0.60","0.60","0.54","0.58","-","0.06","0.52","499","0.53","15","618.00",
="072153","大成鋼國泰49購05","0","0","0","--","--","--","--"," ","0.00","0.14","10","0.16","10","38.60",
="072154","台積電國泰49購05","0","0","0","--","--","--","--"," ","0.00","0.42","499","0.46","10","1,160.00",
="072155","可成國泰49購01","0","0","0","--","--","--","--"," ","0.00","0.10","499","0.11","15","190.00",
="072156","偉訓國泰49購01","0","0","0","--","--","--","--"," ","0.00","1.67","499","--","0","110.00",
="072157","新日興國泰49購03","0","0","0","--","--","--","--"," ","0.00","0.21","10","0.22","10","259.00",
="072158","亞翔國泰49購01","0","0","0","--","--","--","--"," ","0.00","3.54","499","3.64","15","349.50",
="072160","T50反1國票49購03","0","0","0","--","--","--","--"," ","0.00","0.09","124","0.15","5","19.79",
="072161","T50反1國票4B購01","0","0","0","--","--","--","--"," ","0.00","0.07","25","0.17","10","19.79",
="072162","上証2X國票49購03","0","0","0","--","--","--","--"," ","0.00","1.20","25","1.21","10","45.30",
="072163","上証2X國票4A購01","713,000","13","362,280","0.45","0.56","0.45","0.45","-","0.34","0.44","25","0.46","10","45.30",
="072164","滬深2X國票4A購01","8,000","2","8,030","0.97","1.06","0.97","1.06","X","0.00","0.96","25","0.97","10","18.32",
="072166","香港反國票52購01","0","0","0","--","--","--","--"," ","0.00","0.08","25","0.09","10","5.57",
="072167","道瓊反國票49購01","0","0","0","--","--","--","--"," ","0.00","0.13","25","0.14","10","5.93",
="072168","元金反國票4B購01","0","0","0","--","--","--","--"," ","0.00","0.07","45","0.08","10","7.48",
="072169","中502X國票51購01","28,000","1","15,960","0.57","0.57","0.57","0.57","-","0.14","0.52","25","0.53","10","11.76",
="072170","聚陽國票49購01","0","0","0","--","--","--","--"," ","0.00","--","0","0.10","99","265.00",
="072171","英業達國票49購03","0","0","0","--","--","--","--"," ","0.00","0.01","25","0.02","10","41.35",
="072172","輔信國票49購03","100,000","1","10,000","0.10","0.10","0.10","0.10","-","0.01","0.10","25","0.11","10","19.30",
="072173","全新國票49購02","0","0","0","--","--","--","--"," ","0.00","0.20","25","0.21","10","153.50",
="072176","興富發國票49購01","0","0","0","--","--","--","--"," ","0.00","0.02","25","0.03","10","41.90",
="072178","威強電國票49購01","0","0","0","--","--","--","--"," ","0.00","0.01","25","0.02","10","70.90",
="072179","信邦國票49購01","0","0","0","--","--","--","--"," ","0.00","0.01","25","0.02","10","234.00",
="072180","富華新國票49購01","0","0","0","--","--","--","--"," ","0.00","0.01","25","0.02","10","21.15",
="072181","玉晶光國票4A購01","86,000","3","18,880","0.23","0.23","0.21","0.22","-","0.02","0.21","25","0.22","10","461.50",
="072182","玉晶光國票4A購02","11,000","1","8,360","0.76","0.76","0.76","0.76","+","0.02","0.80","25","0.81","10","461.50",
="072183","訊芯國票49購05","0","0","0","--","--","--","--"," ","0.00","0.01","25","0.02","10","165.00",
="072184","鼎基國票49購01","0","0","0","--","--","--","--"," ","0.00","--","0","--","0","111.50",
="072185","滬深2X凱基4B購06","130,000","4","194,300","1.44","1.54","1.44","1.54","-","0.36","1.40","10","1.41","50","18.32",
="072187","元金反凱基4A購01","0","0","0","--","--","--","--"," ","0.00","--","0","0.10","10","7.48",
="072188","中502X凱基4B購01","2,000","1","2,560","1.28","1.28","1.28","1.28","-","0.35","1.21","100","1.22","50","11.76",
="072189","台泥凱基4B購01","0","0","0","--","--","--","--"," ","0.00","--","0","0.10","10","22.80",
="07218P","臺股指富邦49售12","0","0","0","--","--","--","--"," ","0.00","0.11","499","--","0","0.00",
="072191","亞力凱基4A購01","0","0","0","--","--","--","--"," ","0.00","0.06","100","0.07","40","110.50",
="072195","大成鋼凱基4C購01","0","0","0","--","--","--","--"," ","0.00","0.51","100","0.61","10","38.60",
="072196","大成鋼凱基53購01","237,000","3","207,760","0.88","0.88","0.80","0.80","-","0.19","0.78","100","0.88","10","38.60",
="072199","台積電凱基49購18","0","0","0","--","--","--","--"," ","0.00","0.01","200","0.11","10","1,160.00",
="072201","所羅門凱基4C購01","29,000","6","24,740","0.86","0.89","0.83","0.84","-","0.08","0.74","100","0.76","10","162.00",
="072202","一詮凱基51購01","0","0","0","--","--","--","--"," ","0.00","0.06","100","0.07","50","80.20",
="072203","皇昌凱基51購01","0","0","0","--","--","--","--"," ","0.00","0.22","10","0.23","50","83.50",
="072205","晟銘電凱基4B購01","320,000","7","96,300","0.33","0.34","0.23","0.23","-","0.01","0.22","100","0.23","10","133.00",
="072207","奇鋐凱基49購06","0","0","0","--","--","--","--"," ","0.00","10.30","100","11.30","10","1,015.00",
="072209","智原凱基51購02","1,000","1","130","0.13","0.13","0.13","0.13","+","0.01","0.11","100","0.12","50","158.00",
="072211","緯創凱基49購04","0","0","0","--","--","--","--"," ","0.00","0.01","100","0.11","10","115.00",
="072212","玉晶光凱基49購04","0","0","0","--","--","--","--"," ","0.00","0.44","10","0.45","10","461.50",
="072213","群創凱基51購01","330,000","10","102,430","0.25","0.34","0.25","0.29","+","0.08","0.31","100","0.32","10","14.15",
="072215","材料凱基51購01","0","0","0","--","--","--","--"," ","0.00","0.20","100","0.30","10","67.70",
="072216","亞翔凱基4B購01","68,000","13","133,620","2.20","2.20","1.80","1.82","-","0.39","1.80","100","1.82","10","349.50",
="072217","華孚凱基49購01","70,000","2","12,100","0.19","0.19","0.17","0.17","-","0.05","0.16","10","0.17","10","62.60",
="072218","台郡凱基49購03","0","0","0","--","--","--","--"," ","0.00","0.06","10","0.16","10","68.00",
="072220","鈺齊凱基4A購02","0","0","0","--","--","--","--"," ","0.00","0.01","100","0.11","10","106.50",
="072226","台灣50元大4B購02","0","0","0","--","--","--","--"," ","0.00","17.20","100","18.20","10","52.50",
="072227","台灣50元大4C購02","671,000","14","1,600,870","2.50","2.50","2.32","2.32","-","0.33","2.31","100","2.41","10","52.50",
="07223P","智原凱基49售01","0","0","0","--","--","--","--"," ","0.00","2.38","310","--","0","0.00",
="072242","台積電元大4B購08","0","0","0","--","--","--","--"," ","0.00","--","0","0.55","4","1,160.00",
="072243","台積電元大51購12","0","0","0","--","--","--","--"," ","0.00","--","0","--","0","1,160.00",
="072245","聯發科元大51購07","1,003,000","4","341,020","0.34","0.34","0.34","0.34","X","0.00","--","0","0.45","40","1,385.00",
="072246","裕民元大51購01","43,000","3","31,820","0.73","0.75","0.73","0.75","+","0.04","0.72","499","0.73","10","57.30",
="072254","智原元大51購03","4,000","3","770","0.20","0.20","0.19","0.19"," ","0.00","0.19","499","0.20","10","158.00",
="072257","欣興元大51購01","213,000","9","216,890","1.01","1.06","0.98","1.06","-","0.02","1.04","499","1.06","10","150.00",
="072261","創意元大4C購02","0","0","0","--","--","--","--"," ","0.00","0.07","142","--","0","1,350.00",
="072262","群創元大51購02","645,000","14","292,730","0.40","0.50","0.40","0.49","+","0.13","0.49","499","0.50","10","14.15",
="072274","勤誠元大4A購01","0","0","0","--","--","--","--"," ","0.00","6.70","100","--","0","613.00",
="072275","勤誠元大4B購01","0","0","0","--","--","--","--"," ","0.00","4.60","25","--","0","613.00",
="072281","中502X元富52購03","450,000","4","425,500","0.96","0.96","0.92","0.92","-","0.21","0.88","25","0.89","25","11.76",
="072283","中興電元富49購01","0","0","0","--","--","--","--"," ","0.00","0.61","25","0.63","25","167.00",
="072284","中興電元富49購02","0","0","0","--","--","--","--"," ","0.00","0.38","25","0.39","25","167.00",
="072285","華城元富56購01","0","0","0","--","--","--","--"," ","0.00","0.85","25","0.86","25","618.00",
="072289","台積電元富49購16","0","0","0","--","--","--","--"," ","0.00","0.61","25","0.71","10","1,160.00",
="072290","台積電元富4A購06","0","0","0","--","--","--","--"," ","0.00","1.13","25","1.23","10","1,160.00",
="072291","台積電元富52購03","0","0","0","--","--","--","--"," ","0.00","0.98","25","1.08","10","1,160.00",
="072293","強茂元富49購01","592,000","11","777,960","1.43","1.59","1.28","1.59","+","0.19","1.58","25","1.60","25","65.40",
="072294","強茂元富49購02","2,344,000","19","1,102,560","0.42","0.57","0.42","0.57","+","0.08","0.56","25","0.57","25","65.40",
="072295","皇昌元富58購01","84,000","7","78,160","0.92","0.94","0.82","0.82","-","0.01","0.80","25","0.81","25","83.50",
="072299","智原元富4C購01","0","0","0","--","--","--","--"," ","0.00","0.07","25","0.10","10","158.00",
="072300","欣興元富49購02","83,000","4","58,230","0.77","0.77","0.66","0.66","-","0.09","0.65","25","0.66","25","150.00",
="072302","群創元富52購01","543,000","14","219,060","0.35","0.48","0.35","0.43","+","0.12","0.45","25","0.46","25","14.15",
="072303","貿聯元富49購01","23,000","2","65,410","2.72","2.91","2.72","2.91","+","0.24","0.64","15","--","0","981.00",
="072305","亞翔元富49購02","115,000","6","90,550","0.81","0.81","0.77","0.77","-","0.25","0.74","25","0.75","25","349.50",
="072308","華新兆豐49購02","0","0","0","--","--","--","--"," ","0.00","0.01","10","0.02","10","23.35",
="072309","慧洋兆豐4A購02","0","0","0","--","--","--","--"," ","0.00","0.04","10","0.05","10","61.80",
="072310","新日興兆豐49購03","0","0","0","--","--","--","--"," ","0.00","0.12","10","0.13","10","259.00",
="072311","亞翔兆豐4A購02","0","0","0","--","--","--","--"," ","0.00","1.31","10","1.32","10","349.50",
="072312","矽格兆豐4A購01","157,000","4","85,380","0.53","0.60","0.53","0.60","+","0.13","0.55","10","0.56","10","82.20",
="072313","保瑞兆豐4A購01","0","0","0","--","--","--","--"," ","0.00","0.18","10","0.19","10","733.00",
="072314","台灣50中信4A購04","0","0","0","--","--","--","--"," ","0.00","0.17","499","0.18","100","0.00",
="072316","川湖中信49購02","27,000","5","28,260","1.03","1.05","1.03","1.05","+","0.04","1.03","499","1.05","10","0.00",
="072317","亞翔中信49購01","0","0","0","--","--","--","--"," ","0.00","0.43","499","0.44","10","0.00",
="072318","世紀鋼中信4A購01","0","0","0","--","--","--","--"," ","0.00","0.98","499","0.99","10","0.00",
="072320","華通永豐49購01","13,000","6","101,150","7.20","9.10","7.20","7.85","+","0.80","7.75","10","8.20","10","79.30",
="072321","一詮永豐49購02","0","0","0","--","--","--","--"," ","0.00","0.08","10","0.11","10","80.20",
="072323","皇昌永豐4C購02","0","0","0","--","--","--","--"," ","0.00","0.10","499","0.11","10","83.50",
="072324","裕民永豐49購01","0","0","0","--","--","--","--"," ","0.00","0.02","10","0.03","10","57.30",
="072325","奇鋐永豐4A購03","0","0","0","--","--","--","--"," ","0.00","11.00","499","11.50","10","1,015.00",
="072327","辛耘永豐4A購01","114,000","8","522,870","4.68","4.88","4.28","4.28","-","0.28","5.40","499","5.70","10","393.50",
="072331","勤誠永豐49購01","0","0","0","--","--","--","--"," ","0.00","8.55","499","9.05","10","613.00",
="072332","世紀鋼永豐4A購02","197,000","7","925,530","4.71","4.71","4.17","4.17","-","0.88","4.17","10","4.27","10","188.00",
="072333","滬深2X統一51購02","0","0","0","--","--","--","--"," ","0.00","0.65","10","0.66","10","18.32",
="072334","三芳統一52購03","0","0","0","--","--","--","--"," ","0.00","0.10","10","0.11","10","31.60",
="072335","聚陽統一4C購01","20,000","2","1,000","0.05","0.05","0.05","0.05"," ","0.00","0.04","10","0.05","4","265.00",
="072336","直得統一55購02","1,000","1","400","0.40","0.40","0.40","0.40","X","0.00","0.37","10","0.38","10","89.20",
="072337","台積電統一5C購03","0","0","0","--","--","--","--"," ","0.00","0.71","10","0.72","10","1,160.00",
="072338","佳能統一52購02","72,000","4","63,400","0.88","0.91","0.87","0.91","+","0.01","0.88","10","0.89","10","80.80",
="072339","聯發科統一5A購01","51,000","1","37,740","0.74","0.74","0.74","0.74","X","0.00","0.72","108","0.73","108","1,385.00",
="072340","京城統一51購01","278,000","3","11,240","0.04","0.10","0.04","0.10","X","0.00","0.04","10","0.05","10","42.00",
="072341","興富發統一52購01","0","0","0","--","--","--","--"," ","0.00","0.27","10","0.28","10","41.90",
="072342","皇昌統一58購03","5,000","1","1,150","0.23","0.23","0.23","0.23","+","0.02","0.19","10","0.20","10","83.50",
="072343","健和興統一52購02","25,000","1","6,000","0.24","0.24","0.24","0.24","X","0.00","0.24","10","0.25","10","53.50",
="072344","聯陽統一52購01","0","0","0","--","--","--","--"," ","0.00","0.22","10","0.23","10","133.50",
="072345","奇鋐統一52購03","0","0","0","--","--","--","--"," ","0.00","2.69","10","2.79","10","1,015.00",
="072346","威強電統一55購01","0","0","0","--","--","--","--"," ","0.00","0.11","10","0.21","10","70.90",
="072347","威強電統一58購02","0","0","0","--","--","--","--"," ","0.00","0.21","10","0.22","10","70.90",
="072348","信邦統一51購01","0","0","0","--","--","--","--"," ","0.00","0.21","10","0.22","10","234.00",
="072349","欣興統一52購08","1,600,000","52","1,026,890","0.65","0.68","0.60","0.64","-","0.03","0.63","22","0.64","10","150.00",
="07234P","T50正2元大4A售02","0","0","0","--","--","--","--"," ","0.00","0.25","100","0.35","10","0.00",
="072350","富華新統一52購01","0","0","0","--","--","--","--"," ","0.00","0.22","10","0.23","10","21.15",
="072351","華晶科統一52購02","3,000","3","1,900","0.64","0.64","0.63","0.63","X","0.00","0.64","10","0.65","10","50.30",
="072352","敦泰統一54購01","50,000","1","15,500","0.31","0.31","0.31","0.31","X","0.00","0.28","10","0.29","60","69.90",
="072353","大聯大統一52購01","5,000","1","1,900","0.38","0.38","0.38","0.38","X","0.00","0.36","10","0.37","10","67.00",
="072354","華孚統一51購01","5,000","1","2,100","0.42","0.42","0.42","0.42","-","0.01","0.40","10","0.41","10","62.60",
="072355","華孚統一52購02","0","0","0","--","--","--","--"," ","0.00","0.58","108","0.59","108","62.60",
="072356","矽力統一52購03","0","0","0","--","--","--","--"," ","0.00","0.13","10","0.14","10","317.00",
="072357","矽創統一51購02","48,000","2","26,060","0.55","0.55","0.53","0.53","X","0.00","0.53","10","0.54","10","211.50",
="072358","鈺齊統一52購05","0","0","0","--","--","--","--"," ","0.00","0.17","10","0.18","10","106.50",
="072359","鈺齊統一52購06","0","0","0","--","--","--","--"," ","0.00","0.24","10","0.25","10","106.50",
="07235P","元債2X元大4C售05","0","0","0","--","--","--","--"," ","0.00","0.51","100","0.52","50","0.00",
="072360","巨大統一52購01","25,000","2","1,500","0.06","0.06","0.06","0.06","-","0.01","0.05","10","0.06","10","104.50",
="072368","中興電元富49購03","0","0","0","--","--","--","--"," ","0.00","0.25","25","0.26","25","167.00",
="072369","直得元富49購03","0","0","0","--","--","--","--"," ","0.00","0.08","25","0.10","10","89.20",
="072370","上銀元富52購02","0","0","0","--","--","--","--"," ","0.00","0.04","25","0.10","10","215.50",
="072371","川湖元富52購01","4,000","3","13,180","3.22","3.33","3.22","3.30","+","0.08","3.24","25","3.28","25","2,925.00",
="072373","華通元富49購02","100,000","12","185,090","1.58","2.15","1.52","1.77","+","0.19","1.72","25","1.74","25","79.30",
="072376","聯發科元富62購01","0","0","0","--","--","--","--"," ","0.00","1.20","25","1.21","25","1,385.00",
="072379","威強電元富49購01","0","0","0","--","--","--","--"," ","0.00","--","0","0.10","25","70.90",
="072380","威強電元富49購02","0","0","0","--","--","--","--"," ","0.00","--","0","0.10","25","70.90",
="072382","大銀元富49購04","0","0","0","--","--","--","--"," ","0.00","--","0","0.10","25","126.00",
="072383","穎崴元富49購01","0","0","0","--","--","--","--"," ","0.00","--","0","--","0","1,250.00",
="072384","鈺齊元富4B購01","0","0","0","--","--","--","--"," ","0.00","0.10","25","0.11","25","106.50",
="072385","臺股指元富55購01","0","0","0","--","--","--","--"," ","0.00","0.77","25","0.78","25","0.00",
="072386","滬深2X國票49購02","0","0","0","--","--","--","--"," ","0.00","1.70","25","1.72","10","18.32",
="072387","香港反國票55購01","0","0","0","--","--","--","--"," ","0.00","0.10","25","0.11","10","5.57",
="072388","三芳國票49購02","0","0","0","--","--","--","--"," ","0.00","0.01","25","0.02","10","31.60",
="072390","華城國票49購05","309,000","2","18,540","0.06","0.06","0.06","0.06","X","0.00","0.05","25","0.06","10","618.00",
="072391","合機國票4A購01","0","0","0","--","--","--","--"," ","0.00","0.26","25","0.27","10","48.45",
="072393","皇昌國票4B購01","0","0","0","--","--","--","--"," ","0.00","0.04","25","0.05","10","83.50",
="072394","裕民國票49購04","0","0","0","--","--","--","--"," ","0.00","--","0","--","0","57.30",
="072395","威強電國票4A購01","0","0","0","--","--","--","--"," ","0.00","0.01","25","0.02","10","70.90",
="072396","大銀國票49購06","0","0","0","--","--","--","--"," ","0.00","0.01","25","0.02","10","126.00",
="072397","訊芯國票49購06","0","0","0","--","--","--","--"," ","0.00","0.04","25","0.05","10","165.00",
="072398","華新國泰49購02","0","0","0","--","--","--","--"," ","0.00","0.01","499","0.11","15","23.35",
="072399","大成鋼國泰49購06","0","0","0","--","--","--","--"," ","0.00","0.06","10","0.07","10","38.60",
="072400","國巨國泰49購02","0","0","0","--","--","--","--"," ","0.00","0.19","100","0.30","15","137.00",
="072401","一詮國泰49購01","0","0","0","--","--","--","--"," ","0.00","--","0","0.01","15","80.20",
="072402","皇昌國泰49購04","0","0","0","--","--","--","--"," ","0.00","0.01","499","0.02","15","83.50",
="072403","威強電國泰49購01","0","0","0","--","--","--","--"," ","0.00","--","0","0.01","15","70.90",
="072404","偉訓國泰49購02","7,000","3","16,140","2.34","2.40","2.22","2.40","+","0.21","2.16","499","2.22","10","110.00",
="072405","智原國泰49購01","0","0","0","--","--","--","--"," ","0.00","--","0","0.01","15","158.00",
="072406","聚陽富邦4B購01","0","0","0","--","--","--","--"," ","0.00","0.01","100","0.10","10","0.00",
="072409","大成鋼富邦4A購03","0","0","0","--","--","--","--"," ","0.00","0.03","10","0.10","10","0.00",
="072411","英業達富邦49購01","0","0","0","--","--","--","--"," ","0.00","--","0","0.03","10","0.00",
="072413","聯發科富邦49購05","0","0","0","--","--","--","--"," ","0.00","0.12","30","0.13","10","0.00",
="072414","皇昌富邦4B購02","10,000","1","200","0.02","0.02","0.02","0.02","X","0.00","0.02","10","0.10","10","0.00",
="072417","信邦富邦4B購01","0","0","0","--","--","--","--"," ","0.00","0.17","10","0.18","10","0.00",
="072418","新日興富邦4A購01","192,000","6","68,250","0.33","0.39","0.33","0.39","+","0.07","0.37","10","0.38","10","0.00",
="072419","新唐富邦49購01","0","0","0","--","--","--","--"," ","0.00","--","0","0.03","10","0.00",
="072422","台灣50凱基4B購03","0","0","0","--","--","--","--"," ","0.00","15.90","100","16.00","50","52.50",
="072423","台灣50凱基4C購01","0","0","0","--","--","--","--"," ","0.00","0.86","100","0.87","50","52.50",
="072424","台灣50凱基4C購03","15,000","2","3,250","0.22","0.22","0.21","0.21","-","0.05","0.20","100","0.21","45","52.50",
="072425","台灣50凱基4C購04","49,000","5","154,350","3.15","3.16","2.91","2.91","-","0.44","2.90","100","2.91","50","52.50",
="072427","滬深2X凱基49購04","115,000","2","7,900","0.07","0.07","0.06","0.06","X","0.00","0.05","10","0.06","35","18.32",
="072428","滬深2X凱基4A購07","20,000","1","48,800","2.44","2.44","2.44","2.44","X","0.00","2.29","10","2.30","50","18.32",
="072429","FBNQ2X凱基51購01","0","0","0","--","--","--","--"," ","0.00","1.42","100","1.52","10","144.85",
="072430","元債2X凱基4B購05","0","0","0","--","--","--","--"," ","0.00","0.19","100","0.20","50","7.05",
="072431","三芳凱基49購01","0","0","0","--","--","--","--"," ","0.00","--","0","0.10","10","31.60",
="072433","華城凱基4C購01","0","0","0","--","--","--","--"," ","0.00","0.75","100","0.76","10","618.00",
="072435","上銀凱基49購07","0","0","0","--","--","--","--"," ","0.00","--","0","0.02","50","215.50",
="072438","順德凱基49購01","0","0","0","--","--","--","--"," ","0.00","0.16","100","0.17","10","88.20",
="072439","英業達凱基49購03","0","0","0","--","--","--","--"," ","0.00","0.01","100","0.11","10","41.35",
="07243P","臺股指元大4B售10","0","0","0","--","--","--","--"," ","0.00","0.16","100","0.26","10","0.00",
="072440","所羅門凱基49購02","3,000","1","2,430","0.81","0.81","0.81","0.81"," ","0.00","0.62","100","0.64","10","162.00",
="072447","威強電凱基49購01","0","0","0","--","--","--","--"," ","0.00","--","0","0.02","50","70.90",
="072448","大立光群益4C購01","0","0","0","--","--","--","--"," ","0.00","0.17","10","0.27","10","2,395.00",
="072449","富華新凱基49購01","0","0","0","--","--","--","--"," ","0.00","--","0","0.10","10","21.15",
="07244P","臺股指元大4B售11","102,000","2","55,040","0.52","0.54","0.52","0.54","+","0.02","0.54","102","0.64","10","0.00",
="072450","群創凱基4A購02","615,000","14","103,350","0.13","0.22","0.13","0.21","+","0.11","0.20","130","0.21","30","14.15",
="072455","臺股指凱基51購05","0","0","0","--","--","--","--"," ","0.00","0.72","10","0.73","10","0.00",
="07245P","臺股指元大4C售13","0","0","0","--","--","--","--"," ","0.00","0.72","100","0.82","10","0.00",
="072460","中興電元大4B購03","270,000","8","188,200","0.72","0.72","0.69","0.72","+","0.05","0.72","499","0.74","10","167.00",
="072461","中興電元大4C購01","549,000","7","365,380","0.66","0.67","0.65","0.67","+","0.06","0.66","499","0.67","10","167.00",
="072462","中興電元大51購01","326,000","13","237,480","0.74","0.74","0.72","0.74","+","0.03","0.74","499","0.75","10","167.00",
="072474","大成鋼元大51購03","80,000","2","33,550","0.42","0.42","0.41","0.41","-","0.02","0.38","25","0.39","10","38.60",
="072475","上銀元大4A購07","0","0","0","--","--","--","--"," ","0.00","--","0","0.10","10","215.50",
="072476","台積電元大4B購09","326,000","2","200,360","0.62","0.62","0.60","0.60","-","0.05","0.08","125","--","0","1,160.00",
="072477","台積電元大51購13","68,000","1","61,200","0.90","0.90","0.90","0.90","-","0.02","0.35","28","--","0","1,160.00",
="072478","聯發科元大51購08","0","0","0","--","--","--","--"," ","0.00","0.01","499","--","0","1,385.00",
="072484","智原元大51購04","0","0","0","--","--","--","--"," ","0.00","0.23","499","0.24","10","158.00",
="072486","嘉澤元大4C購01","0","0","0","--","--","--","--"," ","0.00","0.27","499","0.28","10","1,465.00",
="072487","嘉澤元大51購01","6,000","2","1,090","0.18","0.19","0.18","0.19","X","0.00","0.17","499","0.18","10","1,465.00",
="072489","世芯元大51購08","44,000","5","88,780","2.06","2.06","1.99","2.02","+","0.04","1.91","350","1.92","10","4,000.00",
="072490","神達元大4A購05","5,000","1","7,300","1.46","1.46","1.46","1.46","+","0.44","1.41","499","1.42","10","95.90",
="072494","材料元大4A購01","0","0","0","--","--","--","--"," ","0.00","--","0","0.10","10","67.70",
="072504","勤誠元大4B購02","0","0","0","--","--","--","--"," ","0.00","8.60","100","--","0","613.00",
="07250P","T50正2元富4A售01","0","0","0","--","--","--","--"," ","0.00","0.16","25","0.17","25","0.00",
="072510","滬深2X群益4A購15","0","0","0","--","--","--","--"," ","0.00","0.16","2","--","0","18.32",
="072512","華友聯群益4A購01","0","0","0","--","--","--","--"," ","0.00","0.01","10","0.11","10","71.30",
="072519","中工群益4B購02","0","0","0","--","--","--","--"," ","0.00","0.13","25","0.20","499","11.25",
="072520","冠德群益4A購01","0","0","0","--","--","--","--"," ","0.00","--","0","--","0","36.30",
="072521","皇昌群益4A購04","0","0","0","--","--","--","--"," ","0.00","0.01","10","0.11","10","83.50",
="072523","慧洋群益4A購02","0","0","0","--","--","--","--"," ","0.00","0.01","499","--","0","61.80",
="072525","威強電群益4A購01","0","0","0","--","--","--","--"," ","0.00","0.01","10","0.11","10","70.90",
="072530","華晶科群益4C購01","0","0","0","--","--","--","--"," ","0.00","0.83","10","0.93","10","50.30",
="072532","遠傳群益4A購01","0","0","0","--","--","--","--"," ","0.00","0.29","10","0.39","10","83.50",
="072533","中磊群益4B購02","100,000","1","15,000","0.15","0.15","0.15","0.15","X","0.00","0.14","100","0.15","100","105.50",
="072534","亞翔群益4A購01","24,000","5","82,430","3.59","3.59","3.17","3.17","-","0.45","3.09","10","3.19","10","349.50",
="072537","裕民富邦4C購01","0","0","0","--","--","--","--"," ","0.00","0.05","10","0.10","10","0.00",
="072538","智原富邦4B購02","0","0","0","--","--","--","--"," ","0.00","--","0","0.03","10","0.00",
="072539","亞翔富邦4B購01","10,000","1","16,300","1.63","1.63","1.63","1.63","+","0.01","1.40","30","1.41","28","0.00",
="072540","宇隆第一49購01","0","0","0","--","--","--","--"," ","0.00","1.17","10","1.20","10","0.00",
="072541","振樺電第一49購01","0","0","0","--","--","--","--"," ","0.00","--","0","0.02","10","0.00",
="072542","台灣50凱基49購09","0","0","0","--","--","--","--"," ","0.00","5.65","100","--","0","52.50",
="072543","滬深2X凱基51購02","1,370,000","8","1,668,530","1.20","1.25","1.11","1.25","-","0.24","1.09","15","1.10","50","18.32",
="072546","中502X凱基4C購01","0","0","0","--","--","--","--"," ","0.00","0.46","100","0.47","50","11.76",
="072547","三芳凱基49購02","0","0","0","--","--","--","--"," ","0.00","--","0","0.10","10","31.60",
="072548","中興電凱基51購01","0","0","0","--","--","--","--"," ","0.00","0.78","100","0.79","10","167.00",
="072549","亞力凱基4A購02","0","0","0","--","--","--","--"," ","0.00","0.26","100","0.28","10","110.50",
="07254P","國企2X國票49售01","0","0","0","--","--","--","--"," ","0.00","0.52","25","0.53","10","0.00",
="072550","華城凱基49購03","0","0","0","--","--","--","--"," ","0.00","0.12","100","--","0","618.00",
="072551","大成鋼凱基49購04","0","0","0","--","--","--","--"," ","0.00","--","0","0.05","60","38.60",
="072552","大成鋼凱基49購05","0","0","0","--","--","--","--"," ","0.00","--","0","0.10","10","38.60",
="072553","川湖凱基4A購03","87,000","6","419,100","4.82","4.82","4.58","4.58","X","0.00","4.54","100","4.64","10","2,925.00",
="072554","鴻海凱基52購01","4,000","4","6,460","1.60","1.64","1.58","1.64","-","0.08","1.62","100","1.63","10","206.00",
="072555","台積電凱基4A購24","0","0","0","--","--","--","--"," ","0.00","0.68","100","0.69","10","1,160.00",
="072556","智邦凱基4B購02","0","0","0","--","--","--","--"," ","0.00","5.15","100","5.65","10","984.00",
="072557","聯發科凱基49購03","0","0","0","--","--","--","--"," ","0.00","--","0","0.10","10","1,385.00",
="072558","中工凱基4C購01","400,000","5","88,000","0.22","0.22","0.22","0.22","X","0.00","0.21","100","0.22","10","11.25",
="072559","冠德凱基49購01","0","0","0","--","--","--","--"," ","0.00","--","0","0.10","10","36.30",
="07255P","健策國票49售05","0","0","0","--","--","--","--"," ","0.00","--","0","--","0","0.00",
="072560","長榮凱基51購02","0","0","0","--","--","--","--"," ","0.00","0.39","100","0.40","10","188.00",
="072561","富邦金凱基4A購01","20,000","1","8,800","0.44","0.44","0.44","0.44","-","0.03","0.39","100","0.49","10","85.20",
="072562","晶豪科凱基49購01","0","0","0","--","--","--","--"," ","0.00","--","0","0.10","10","57.40",
="072564","奇鋐凱基4A購01","0","0","0","--","--","--","--"," ","0.00","13.80","100","14.80","10","1,015.00",
="072565","信邦凱基4A購01","0","0","0","--","--","--","--"," ","0.00","0.01","10","0.11","10","234.00",
="072566","健鼎凱基4B購01","0","0","0","--","--","--","--"," ","0.00","7.60","100","8.10","10","318.00",
="072567","神達凱基49購03","0","0","0","--","--","--","--"," ","0.00","4.90","100","5.00","10","95.90",
="072568","大銀凱基49購01","0","0","0","--","--","--","--"," ","0.00","--","0","0.10","10","126.00",
="072569","材料凱基49購05","0","0","0","--","--","--","--"," ","0.00","--","0","0.10","10","67.70",
="07256P","昇陽半國票49售04","0","0","0","--","--","--","--"," ","0.00","0.07","25","0.08","10","0.00",
="072571","亞翔凱基49購02","0","0","0","--","--","--","--"," ","0.00","1.87","100","--","0","349.50",
="072572","亞翔凱基49購03","10,000","1","27,000","2.70","2.70","2.70","2.70","-","0.60","2.60","100","--","0","349.50",
="072573","保瑞凱基51購01","0","0","0","--","--","--","--"," ","0.00","0.53","10","0.54","10","733.00",
="072574","緯穎凱基49購05","0","0","0","--","--","--","--"," ","0.00","6.65","100","7.15","10","2,975.00",
="072575","天虹凱基4A購01","0","0","0","--","--","--","--"," ","0.00","--","0","0.02","10","208.50",
="072576","鈺齊凱基49購01","0","0","0","--","--","--","--"," ","0.00","--","0","--","0","106.50",
="072577","巨大凱基52購01","240,000","1","38,400","0.16","0.16","0.16","0.16"," ","0.00","0.15","100","0.16","30","104.50",
="072578","百和凱基49購02","0","0","0","--","--","--","--"," ","0.00","--","0","--","0","54.00",
="072579","臺股指凱基49購31","0","0","0","--","--","--","--"," ","0.00","--","0","--","0","0.00",
="07257P","華邦電統一4C售02","0","0","0","--","--","--","--"," ","0.00","0.24","10","0.25","10","0.00",
="072580","台塑兆豐49購02","0","0","0","--","--","--","--"," ","0.00","--","0","0.01","10","39.10",
="072581","大成鋼兆豐4B購01","0","0","0","--","--","--","--"," ","0.00","0.04","10","0.05","10","38.60",
="072582","滬深2X中信49購03","0","0","0","--","--","--","--"," ","0.00","0.39","499","0.40","10","0.00",
="072583","台泥中信49購01","0","0","0","--","--","--","--"," ","0.00","--","0","0.02","10","0.00",
="072584","三芳中信49購01","0","0","0","--","--","--","--"," ","0.00","--","0","0.02","10","0.00",
="072585","中興電中信49購01","0","0","0","--","--","--","--"," ","0.00","0.02","499","--","0","0.00",
="072586","鴻海中信49購05","0","0","0","--","--","--","--"," ","0.00","0.15","499","0.16","100","0.00",
="072587","台積電中信49購04","0","0","0","--","--","--","--"," ","0.00","0.36","499","0.38","100","0.00",
="072588","大同中信49購01","0","0","0","--","--","--","--"," ","0.00","0.23","499","0.24","10","0.00",
="072589","聯發科中信49購04","0","0","0","--","--","--","--"," ","0.00","--","0","0.02","10","0.00",
="072590","長榮中信49購03","0","0","0","--","--","--","--"," ","0.00","0.04","10","--","0","0.00",
="072591","裕民中信49購01","0","0","0","--","--","--","--"," ","0.00","--","0","--","0","0.00",
="072592","王品中信49購01","0","0","0","--","--","--","--"," ","0.00","0.10","499","0.11","10","0.00",
="072593","信邦中信49購01","0","0","0","--","--","--","--"," ","0.00","--","0","--","0","0.00",
="072594","緯穎中信49購02","0","0","0","--","--","--","--"," ","0.00","--","0","--","0","0.00",
="072595","緯穎中信4A購02","0","0","0","--","--","--","--"," ","0.00","--","0","--","0","0.00",
="072596","滬深2X永豐4A購04","0","0","0","--","--","--","--"," ","0.00","2.39","10","2.49","10","18.32",
="072597","滬深2X永豐4B購01","0","0","0","--","--","--","--"," ","0.00","3.90","499","4.00","10","18.32",
="072598","滬深2X永豐4B購02","130,000","1","301,600","2.32","2.32","2.32","2.32","-","0.43","2.17","10","2.27","10","18.32",
="072599","滬深2X永豐4C購01","0","0","0","--","--","--","--"," ","0.00","3.02","499","3.12","10","18.32",
="072600","台泥永豐4B購01","0","0","0","--","--","--","--"," ","0.00","0.03","499","0.05","10","22.80",
="072601","台塑永豐49購03","0","0","0","--","--","--","--"," ","0.00","--","0","0.10","10","39.10",
="072602","三芳永豐49購02","0","0","0","--","--","--","--"," ","0.00","--","0","0.10","10","31.60",
="072603","大成鋼永豐49購02","0","0","0","--","--","--","--"," ","0.00","--","0","0.10","10","38.60",
="072604","大成鋼永豐4A購03","0","0","0","--","--","--","--"," ","0.00","0.04","499","0.07","10","38.60",
="072605","上銀永豐53購01","0","0","0","--","--","--","--"," ","0.00","1.97","10","1.99","10","215.50",
="072606","台積電永豐49購17","0","0","0","--","--","--","--"," ","0.00","0.10","499","0.20","10","1,160.00",
="072607","台積電永豐49購18","0","0","0","--","--","--","--"," ","0.00","0.09","499","0.19","10","1,160.00",
="072608","聯發科永豐4B購03","0","0","0","--","--","--","--"," ","0.00","0.12","499","0.13","10","1,385.00",
="072609","陽明永豐49購02","0","0","0","--","--","--","--"," ","0.00","--","0","0.05","10","58.80",
="07260P","華新群益4A售04","0","0","0","--","--","--","--"," ","0.00","0.39","10","0.49","10","0.00",
="072610","威強電永豐4B購01","0","0","0","--","--","--","--"," ","0.00","0.10","499","0.11","10","70.90",
="072611","欣興永豐49購01","0","0","0","--","--","--","--"," ","0.00","1.04","499","1.14","10","150.00",
="072612","欣興永豐49購02","0","0","0","--","--","--","--"," ","0.00","0.70","499","0.80","10","150.00",
="072613","華晶科永豐4C購01","168,000","6","80,000","0.49","0.49","0.41","0.41","-","0.10","0.44","10","0.47","10","50.30",
="072614","神達永豐49購03","2,000","2","5,690","2.87","2.87","2.82","2.82","+","0.54","2.85","499","2.93","10","95.90",
="072615","亞翔永豐4B購01","0","0","0","--","--","--","--"," ","0.00","1.41","499","1.45","10","349.50",
="072616","緯穎永豐49購04","0","0","0","--","--","--","--"," ","0.00","3.36","499","--","0","2,975.00",
="072617","緯穎永豐49購05","13,000","2","54,640","4.24","4.24","4.08","4.08","X","0.00","3.66","499","3.76","10","2,975.00",
="072618","世紀鋼永豐49購01","0","0","0","--","--","--","--"," ","0.00","0.26","10","0.33","10","188.00",
="072619","亞力國泰4A購01","0","0","0","--","--","--","--"," ","0.00","0.14","499","0.18","15","110.50",
="072620","華城國泰4A購01","0","0","0","--","--","--","--"," ","0.00","0.53","499","0.54","15","618.00",
="072621","皇昌國泰4A購01","0","0","0","--","--","--","--"," ","0.00","0.01","499","0.02","15","83.50",
="072622","長榮國泰4A購01","0","0","0","--","--","--","--"," ","0.00","0.05","499","0.14","15","188.00",
="072623","大立光國泰4A購01","0","0","0","--","--","--","--"," ","0.00","0.01","10","0.10","10","2,395.00",
="072624","貿聯國泰4A購01","0","0","0","--","--","--","--"," ","0.00","5.75","499","--","0","981.00",
="072625","世紀鋼國泰4A購01","2,000","1","900","0.45","0.45","0.45","0.45","X","0.00","0.45","499","0.47","10","188.00",
="072626","台灣50台新49購01","0","0","0","--","--","--","--"," ","0.00","1.28","20","--","0","0.00",
="072627","皇昌台新49購01","0","0","0","--","--","--","--"," ","0.00","--","0","--","0","0.00",
="072628","三芳統一53購01","0","0","0","--","--","--","--"," ","0.00","0.12","10","0.13","10","31.60",
="072629","三芳統一55購01","0","0","0","--","--","--","--"," ","0.00","0.14","10","0.15","10","31.60",
="072630","直得統一53購02","0","0","0","--","--","--","--"," ","0.00","0.22","10","0.23","10","89.20",
="072631","中鴻統一53購01","0","0","0","--","--","--","--"," ","0.00","0.12","10","0.13","10","16.15",
="072632","中鴻統一53購02","0","0","0","--","--","--","--"," ","0.00","0.18","10","0.19","10","16.15",
="072633","川湖統一57購01","9,000","2","10,760","1.20","1.20","1.16","1.16","+","0.01","1.15","10","1.18","10","2,925.00",
="072634","皇昌統一53購04","0","0","0","--","--","--","--"," ","0.00","0.21","10","0.22","10","83.50",
="072635","神基統一55購01","962,000","28","724,600","0.74","0.80","0.72","0.75","+","0.05","0.75","8","0.76","10","157.00",
="072636","威強電統一53購01","0","0","0","--","--","--","--"," ","0.00","0.13","10","0.14","10","70.90",
="072637","威強電統一59購01","0","0","0","--","--","--","--"," ","0.00","0.25","10","0.26","10","70.90",
="072638","信邦統一53購01","0","0","0","--","--","--","--"," ","0.00","0.28","10","0.29","10","234.00",
="072639","敦泰統一52購01","0","0","0","--","--","--","--"," ","0.00","0.30","10","0.31","10","69.90",
="07263P","材料群益4C售03","0","0","0","--","--","--","--"," ","0.00","1.24","10","1.34","10","0.00",
="072640","華孚統一53購01","0","0","0","--","--","--","--"," ","0.00","0.51","10","0.52","10","62.60",
="072641","志強統一53購01","0","0","0","--","--","--","--"," ","0.00","0.09","10","0.10","10","105.50",
="072642","矽創統一53購01","52,000","1","26,000","0.50","0.50","0.50","0.50","+","0.01","0.50","10","0.51","10","211.50",
="072643","南電統一53購01","16,000","4","28,120","1.70","2.07","1.70","2.07","+","0.43","2.07","10","--","0","226.00",
="072644","振樺電統一55購02","0","0","0","--","--","--","--"," ","0.00","0.29","10","0.30","10","270.00",
="072645","美利達統一51購01","0","0","0","--","--","--","--"," ","0.00","0.08","10","0.09","10","112.50",
="072646","巨大統一51購02","0","0","0","--","--","--","--"," ","0.00","0.11","10","0.12","10","104.50",
="072647","巨大統一53購01","0","0","0","--","--","--","--"," ","0.00","0.10","10","0.11","10","104.50",
="072648","世紀鋼統一51購03","0","0","0","--","--","--","--"," ","0.00","0.48","10","0.49","10","188.00",
="072649","世紀鋼統一53購02","54,000","1","20,520","0.38","0.38","0.38","0.38"," ","0.00","0.35","10","0.36","10","188.00",
="07264P","臺股指群益52售03","0","0","0","--","--","--","--"," ","0.00","0.69","499","0.70","499","0.00",
="072650","台灣50元富49購02","0","0","0","--","--","--","--"," ","0.00","4.31","25","4.41","10","52.50",
="072651","SGBR2X元富49購01","0","0","0","--","--","--","--"," ","0.00","--","0","0.10","10","11.25",
="072652","中鴻元富49購01","0","0","0","--","--","--","--"," ","0.00","--","0","0.10","25","16.15",
="072653","上銀元富49購01","0","0","0","--","--","--","--"," ","0.00","--","0","0.10","25","215.50",
="072654","上銀元富53購01","0","0","0","--","--","--","--"," ","0.00","0.14","25","0.15","25","215.50",
="072655","國巨元富49購01","101,000","2","1,020","0.01","0.02","0.01","0.02","X","0.00","0.01","25","0.05","25","137.00",
="072656","台積電元富49購17","0","0","0","--","--","--","--"," ","0.00","6.80","25","7.30","10","1,160.00",
="072657","台積電元富49購18","0","0","0","--","--","--","--"," ","0.00","1.19","25","1.29","10","1,160.00",
="072658","所羅門元富49購02","0","0","0","--","--","--","--"," ","0.00","0.04","25","0.10","10","162.00",
="072659","一詮元富49購01","0","0","0","--","--","--","--"," ","0.00","--","0","0.10","25","80.20",
="07265P","臺股指群益52售04","200,000","1","88,000","0.44","0.44","0.44","0.44","+","0.01","0.45","499","0.46","519","0.00",
="072660","陽明元富49購03","0","0","0","--","--","--","--"," ","0.00","--","0","0.10","25","58.80",
="072661","大立光元富49購02","0","0","0","--","--","--","--"," ","0.00","0.01","25","0.10","10","2,395.00",
="072662","威強電元富51購01","0","0","0","--","--","--","--"," ","0.00","0.18","25","0.19","25","70.90",
="072663","威強電元富51購02","0","0","0","--","--","--","--"," ","0.00","0.08","25","0.10","10","70.90",
="072664","創意元富49購03","0","0","0","--","--","--","--"," ","0.00","--","0","--","0","1,350.00",
="072665","世芯元富52購05","16,000","1","29,920","1.87","1.87","1.87","1.87","+","0.05","1.78","25","1.80","25","4,000.00",
="072666","貿聯元富49購02","0","0","0","--","--","--","--"," ","0.00","--","0","--","0","981.00",
="072667","材料元富49購03","0","0","0","--","--","--","--"," ","0.00","--","0","0.10","25","67.70",
="072668","愛普元富4A購01","0","0","0","--","--","--","--"," ","0.00","0.59","25","0.60","25","305.50",
="072669","緯穎元富53購02","0","0","0","--","--","--","--"," ","0.00","3.31","25","3.37","25","2,975.00",
="07266P","上証2X元大4A售02","0","0","0","--","--","--","--"," ","0.00","0.09","100","0.10","100","0.00",
="072670","百和元富49購01","0","0","0","--","--","--","--"," ","0.00","--","0","0.10","25","54.00",
="072671","台泥國票4B購01","0","0","0","--","--","--","--"," ","0.00","--","0","--","0","22.80",
="072672","三芳國票4A購01","0","0","0","--","--","--","--"," ","0.00","0.01","25","0.02","10","31.60",
="072673","華友聯國票4B購02","0","0","0","--","--","--","--"," ","0.00","0.01","25","0.02","10","71.30",
="072674","中鋼國票4B購01","0","0","0","--","--","--","--"," ","0.00","0.01","25","0.02","10","20.15",
="072675","中鴻國票4A購01","0","0","0","--","--","--","--"," ","0.00","0.01","25","0.02","10","16.15",
="072676","大成鋼國票4A購01","0","0","0","--","--","--","--"," ","0.00","0.01","25","0.02","10","38.60",
="072677","川湖國票4A購05","0","0","0","--","--","--","--"," ","0.00","3.48","25","3.58","10","2,925.00",
="072678","南港國票49購01","0","0","0","--","--","--","--"," ","0.00","0.01","25","0.02","10","40.95",
="072679","華通國票4A購01","0","0","0","--","--","--","--"," ","0.00","2.85","25","2.95","10","79.30",
="07267P","滬深2X元大49售07","0","0","0","--","--","--","--"," ","0.00","0.02","250","0.07","50","0.00",
="072680","台積電國票4A購06","0","0","0","--","--","--","--"," ","0.00","1.24","25","1.27","10","1,160.00",
="072683","台積電國票4A購07","0","0","0","--","--","--","--"," ","0.00","0.61","25","0.62","10","1,160.00",
="072684","台積電國票4B購02","50,000","3","55,500","1.15","1.15","1.08","1.08","-","0.11","1.08","5","1.09","10","1,160.00",
="072685","台積電國票4C購02","0","0","0","--","--","--","--"," ","0.00","1.36","25","1.39","10","1,160.00",
="072686","台積電國票4C購03","0","0","0","--","--","--","--"," ","0.00","1.09","25","1.10","10","1,160.00",
="072687","台積電國票51購01","50,000","1","72,500","1.45","1.45","1.45","1.45","-","0.07","1.38","25","1.40","10","1,160.00",
="072688","台積電國票51購02","0","0","0","--","--","--","--"," ","0.00","0.89","25","0.90","10","1,160.00",
="072689","台積電國票53購01","0","0","0","--","--","--","--"," ","0.00","1.11","25","1.12","10","1,160.00",
="072690","台積電國票54購01","0","0","0","--","--","--","--"," ","0.00","1.16","25","1.17","10","1,160.00",
="072691","台積電國票56購01","0","0","0","--","--","--","--"," ","0.00","1.34","25","1.35","10","1,160.00",
="072692","台積電國票59購01","0","0","0","--","--","--","--"," ","0.00","1.95","25","1.96","10","1,160.00",
="072693","台積電國票63購01","0","0","0","--","--","--","--"," ","0.00","2.08","25","2.09","10","1,160.00",
="072694","致茂國票4A購01","0","0","0","--","--","--","--"," ","0.00","10.60","25","11.20","10","556.00",
="072695","佳能國票4A購02","0","0","0","--","--","--","--"," ","0.00","1.45","25","1.55","10","80.80",
="072696","台光電國票4A購01","0","0","0","--","--","--","--"," ","0.00","14.70","25","15.70","10","1,250.00",
="072697","晶豪科國票49購02","0","0","0","--","--","--","--"," ","0.00","0.01","25","0.02","10","57.40",
="072698","奇鋐國票4A購01","0","0","0","--","--","--","--"," ","0.00","9.65","25","10.30","10","1,015.00",
="072699","威強電國票4C購01","0","0","0","--","--","--","--"," ","0.00","0.05","25","0.06","10","70.90",
="07269P","國企2X元大49售04","0","0","0","--","--","--","--"," ","0.00","0.25","499","0.26","50","0.00",
="072700","威強電國票51購01","0","0","0","--","--","--","--"," ","0.00","0.06","25","0.07","10","70.90",
="072701","威強電國票53購01","0","0","0","--","--","--","--"," ","0.00","0.25","25","0.26","10","70.90",
="072702","欣興國票4B購01","2,594,000","36","2,015,100","0.66","0.82","0.65","0.77","-","0.05","0.74","25","0.75","10","150.00",
="072703","日月光國票4A購02","0","0","0","--","--","--","--"," ","0.00","0.07","25","0.08","10","147.50",
="072704","東台國票49購01","1,110,000","14","224,190","0.12","0.29","0.12","0.19","+","0.09","0.18","25","0.20","10","39.55",
="072705","元晶國票4A購01","0","0","0","--","--","--","--"," ","0.00","0.01","25","0.02","10","15.90",
="072706","緯穎國票4A購01","0","0","0","--","--","--","--"," ","0.00","5.95","25","6.20","10","2,975.00",
="072707","南電國票4A購02","0","0","0","--","--","--","--"," ","0.00","3.89","25","--","0","226.00",
="072708","振樺電國票4B購01","0","0","0","--","--","--","--"," ","0.00","0.18","25","0.19","10","270.00",
="072709","台灣50元大49購12","0","0","0","--","--","--","--"," ","0.00","0.91","100","1.01","10","52.50",
="072710","香港反元大52購01","700,000","2","77,000","0.11","0.11","0.11","0.11","X","0.00","0.11","100","0.12","50","5.57",
="072711","台泥元大49購02","0","0","0","--","--","--","--"," ","0.00","--","0","0.10","10","22.80",
="072712","三芳元大49購01","0","0","0","--","--","--","--"," ","0.00","--","0","0.10","10","31.60",
="072714","台化元大49購01","0","0","0","--","--","--","--"," ","0.00","--","0","0.10","10","29.90",
="072715","中興電元大4C購02","545,000","11","467,640","0.87","0.87","0.84","0.87","+","0.07","0.87","499","0.88","10","167.00",
="072716","中興電元大51購02","771,000","19","624,930","0.80","0.82","0.79","0.82","+","0.05","0.82","499","0.83","10","167.00",
="072717","中興電元大52購01","138,000","6","84,820","0.63","0.63","0.61","0.63","+","0.05","0.63","499","0.64","10","167.00",
="072718","華新元大49購01","0","0","0","--","--","--","--"," ","0.00","--","0","0.10","10","23.35",
="072719","華新元大49購02","0","0","0","--","--","--","--"," ","0.00","--","0","0.10","10","23.35",
="072720","東鹼元大49購01","0","0","0","--","--","--","--"," ","0.00","--","0","0.10","10","32.20",
="072721","中鋼元大49購01","0","0","0","--","--","--","--"," ","0.00","--","0","0.10","10","20.15",
="072722","中鋼元大49購02","0","0","0","--","--","--","--"," ","0.00","--","0","0.10","10","20.15",
="072723","中鋼元大49購03","0","0","0","--","--","--","--"," ","0.00","--","0","0.10","10","20.15",
="072724","大成鋼元大49購01","0","0","0","--","--","--","--"," ","0.00","--","0","0.10","10","38.60",
="072725","大成鋼元大4C購03","0","0","0","--","--","--","--"," ","0.00","0.11","499","0.12","10","38.60",
="072726","大成鋼元大52購01","0","0","0","--","--","--","--"," ","0.00","0.17","499","0.18","10","38.60",
="072727","台積電元大49購08","0","0","0","--","--","--","--"," ","0.00","--","0","--","0","1,160.00",
="072728","台積電元大49購09","0","0","0","--","--","--","--"," ","0.00","--","0","--","0","1,160.00",
="072729","台積電元大52購01","57,000","1","54,720","0.96","0.96","0.96","0.96","-","0.02","0.41","24","--","0","1,160.00",
="072730","微星元大49購01","0","0","0","--","--","--","--"," ","0.00","--","0","0.10","10","136.50",
="072731","聯發科元大49購04","0","0","0","--","--","--","--"," ","0.00","--","0","0.10","10","1,385.00",
="072732","聯發科元大52購01","0","0","0","--","--","--","--"," ","0.00","--","0","--","0","1,385.00",
="072733","皇昌元大49購02","0","0","0","--","--","--","--"," ","0.00","--","0","0.10","10","83.50",
="072734","皇昌元大49購03","0","0","0","--","--","--","--"," ","0.00","--","0","0.10","10","83.50",
="072735","皇昌元大49購04","0","0","0","--","--","--","--"," ","0.00","--","0","0.10","10","83.50",
="072736","裕民元大4A購01","0","0","0","--","--","--","--"," ","0.00","0.10","499","0.11","10","57.30",
="072737","裕民元大4B購01","0","0","0","--","--","--","--"," ","0.00","0.15","499","0.16","10","57.30",
="072738","裕民元大4C購01","0","0","0","--","--","--","--"," ","0.00","0.15","499","0.16","10","57.30",
="072739","長榮航元大4B購03","0","0","0","--","--","--","--"," ","0.00","0.34","499","0.35","10","39.05",
="072740","晶豪科元大49購01","0","0","0","--","--","--","--"," ","0.00","--","0","0.10","10","57.40",
="072743","宏碁凱基4C購01","0","0","0","--","--","--","--"," ","0.00","0.03","100","0.04","30","29.95",
="072744","宏碁凱基4C購02","0","0","0","--","--","--","--"," ","0.00","0.04","100","0.05","50","29.95",
="072745","威強電元大49購01","0","0","0","--","--","--","--"," ","0.00","--","0","0.10","10","70.90",
="072746","威強電元大49購02","0","0","0","--","--","--","--"," ","0.00","--","0","0.10","10","70.90",
="072747","大量元大49購01","0","0","0","--","--","--","--"," ","0.00","--","0","--","0","209.50",
="072748","新日興元大49購03","0","0","0","--","--","--","--"," ","0.00","--","0","0.10","10","259.00",
="072749","群創元大49購01","140,000","4","1,400","0.01","0.01","0.01","0.01","X","0.00","0.01","91","0.10","10","14.15",
="072750","宏致元大49購01","0","0","0","--","--","--","--"," ","0.00","0.10","499","0.20","10","73.90",
="072751","世芯元大52購01","32,000","2","33,920","1.06","1.06","1.06","1.06","-","0.04","1.04","499","1.06","10","4,000.00",
="072752","日月光元大49購04","0","0","0","--","--","--","--"," ","0.00","--","0","0.10","10","147.50",
="072753","材料元大4B購05","0","0","0","--","--","--","--"," ","0.00","0.02","499","0.12","10","67.70",
="072754","東科元大49購01","0","0","0","--","--","--","--"," ","0.00","--","0","0.10","10","112.00",
="072755","東科元大49購02","0","0","0","--","--","--","--"," ","0.00","--","0","0.02","23","112.00",
="072756","亞翔元大49購01","0","0","0","--","--","--","--"," ","0.00","1.47","400","1.57","10","349.50",
="072757","矽格元大49購01","0","0","0","--","--","--","--"," ","0.00","0.06","499","0.16","10","82.20",
="072758","台郡元大49購01","0","0","0","--","--","--","--"," ","0.00","--","0","0.01","80","68.00",
="072759","志強元大49購02","0","0","0","--","--","--","--"," ","0.00","--","0","0.10","10","105.50",
="072760","來億元大49購01","0","0","0","--","--","--","--"," ","0.00","--","0","0.10","10","243.50",
="072761","勤誠元大49購01","0","0","0","--","--","--","--"," ","0.00","8.25","100","--","0","613.00",
="072763","百和元大49購01","0","0","0","--","--","--","--"," ","0.00","--","0","0.10","10","54.00",
="072764","臺股指元大52購01","2,010,000","14","999,910","0.50","0.50","0.49","0.50","X","0.00","0.46","100","0.56","10","0.00",
="072765","台化群益4A購01","0","0","0","--","--","--","--"," ","0.00","0.01","30","0.26","10","29.90",
="072766","直得群益49購02","0","0","0","--","--","--","--"," ","0.00","--","0","0.10","10","89.20",
="072769","大立光凱基4C購02","10,000","1","700","0.07","0.07","0.07","0.07","-","0.02","0.07","100","0.08","50","2,395.00",
="07276P","國企2X永豐4C售01","0","0","0","--","--","--","--"," ","0.00","0.44","499","0.45","10","0.00",
="072770","中鴻群益49購01","0","0","0","--","--","--","--"," ","0.00","--","0","--","0","16.15",
="072771","台積電群益49購12","0","0","0","--","--","--","--"," ","0.00","--","0","--","0","1,160.00",
="072772","台積電群益4B購11","0","0","0","--","--","--","--"," ","0.00","0.09","30","1.06","1","1,160.00",
="072773","台積電群益53購01","0","0","0","--","--","--","--"," ","0.00","0.11","2","--","0","1,160.00",
="072774","所羅門群益4B購02","359,000","5","136,650","0.41","0.41","0.35","0.35","-","0.08","0.11","90","--","0","162.00",
="072775","致茂群益49購02","0","0","0","--","--","--","--"," ","0.00","--","0","--","0","556.00",
="072776","皇昌群益49購04","0","0","0","--","--","--","--"," ","0.00","--","0","--","0","83.50",
="072777","信邦群益4A購02","0","0","0","--","--","--","--"," ","0.00","--","0","--","0","234.00",
="072778","群創群益4B購01","95,000","9","96,530","0.93","1.08","0.93","1.08","+","0.30","1.05","100","1.08","95","14.15",
="072779","大銀群益49購02","0","0","0","--","--","--","--"," ","0.00","--","0","--","0","126.00",
="07277P","中502X永豐4B售02","0","0","0","--","--","--","--"," ","0.00","0.23","499","0.24","10","0.00",
="072780","元晶群益4A購01","0","0","0","--","--","--","--"," ","0.00","--","0","0.11","10","15.90",
="072781","訊芯群益4B購02","0","0","0","--","--","--","--"," ","0.00","0.11","25","0.12","10","165.00",
="072782","晶碩群益4B購01","11,000","2","1,890","0.17","0.19","0.17","0.19","+","0.01","0.18","10","0.19","9","322.00",
="072783","世紀鋼群益49購01","0","0","0","--","--","--","--"," ","0.00","--","0","--","0","188.00",
="072784","臺股指群益4A購15","0","0","0","--","--","--","--"," ","0.00","0.72","499","0.73","499","0.00",
="072785","中鋼兆豐4A購01","0","0","0","--","--","--","--"," ","0.00","0.12","10","0.13","10","20.15",
="072786","台灣50永豐49購03","0","0","0","--","--","--","--"," ","0.00","4.06","10","4.16","10","52.50",
="072787","川湖永豐4C購01","0","0","0","--","--","--","--"," ","0.00","3.10","499","3.12","10","2,925.00",
="072788","仁寶永豐4A購01","150,000","1","7,500","0.05","0.05","0.05","0.05","X","0.00","0.05","10","0.08","10","28.10",
="072789","廣宇永豐49購01","0","0","0","--","--","--","--"," ","0.00","--","0","4.00","1","60.90",
="072790","鴻準永豐4A購01","80,000","2","16,900","0.23","0.23","0.18","0.18","-","0.02","0.18","10","0.20","10","71.70",
="072791","台光電永豐4A購02","0","0","0","--","--","--","--"," ","0.00","15.80","499","16.40","10","1,250.00",
="072792","奇鋐永豐4A購04","0","0","0","--","--","--","--"," ","0.00","6.50","499","6.75","10","1,015.00",
="072793","中鴻台新49購01","0","0","0","--","--","--","--"," ","0.00","--","0","--","0","0.00",
="072794","川湖台新49購01","0","0","0","--","--","--","--"," ","0.00","5.25","20","--","0","0.00",
="072795","緯穎台新49購01","0","0","0","--","--","--","--"," ","0.00","--","0","--","0","0.00",
="072796","三芳國泰4A購01","0","0","0","--","--","--","--"," ","0.00","--","0","0.01","15","31.60",
="072797","台光電國泰4A購01","0","0","0","--","--","--","--"," ","0.00","20.10","499","--","0","1,250.00",
="072798","中華電國泰49購01","0","0","0","--","--","--","--"," ","0.00","--","0","0.06","10","133.00",
="072799","信邦國泰4A購01","0","0","0","--","--","--","--"," ","0.00","0.04","499","0.05","15","234.00",
="072800","華晶科國泰4A購01","75,000","7","57,450","0.77","0.78","0.73","0.73","-","0.10","0.69","499","--","0","50.30",
="072801","貿聯國泰4A購02","0","0","0","--","--","--","--"," ","0.00","6.30","499","--","0","981.00",
="072802","滬深2X國票51購01","154,000","18","175,040","1.40","1.40","1.08","1.09","-","0.34","1.09","25","1.10","10","18.32",
="072803","元石油國票4A購01","0","0","0","--","--","--","--"," ","0.00","0.57","25","0.58","10","16.26",
="072804","元油反國票4A購01","0","0","0","--","--","--","--"," ","0.00","0.10","30","0.11","10","6.68",
="072805","元日2X國票54購01","0","0","0","--","--","--","--"," ","0.00","0.23","25","0.24","10","5.97",
="072806","SGBR2X國票49購02","0","0","0","--","--","--","--"," ","0.00","0.02","25","0.03","10","11.25",
="072807","中502X國票4B購02","0","0","0","--","--","--","--"," ","0.00","0.51","25","0.52","10","11.76",
="072808","美費半國票49購01","0","0","0","--","--","--","--"," ","0.00","0.20","25","0.21","10","45.51",
="072809","南亞國票4B購01","252,000","20","581,150","2.53","2.53","2.12","2.15","-","0.83","2.14","25","2.17","10","43.00",
="072810","台玻國票4A購01","0","0","0","--","--","--","--"," ","0.00","12.20","25","--","0","34.55",
="072811","所羅門國票4A購02","0","0","0","--","--","--","--"," ","0.00","0.10","25","0.11","10","162.00",
="072812","金像電國票4A購01","0","0","0","--","--","--","--"," ","0.00","17.40","25","18.40","10","486.00",
="072813","大同國票49購01","0","0","0","--","--","--","--"," ","0.00","0.01","25","0.02","10","40.75",
="072814","瑞昱國票4B購01","53,000","4","28,990","0.52","0.57","0.52","0.55","+","0.01","0.54","25","0.55","10","545.00",
="072815","毅嘉國票4A購01","2,000","2","9,060","4.44","4.62","4.44","4.62","+","0.01","4.59","25","4.69","10","60.80",
="072816","皇昌國票4B購02","0","0","0","--","--","--","--"," ","0.00","0.04","25","0.05","10","83.50",
="072817","新興國票4A購01","130,000","3","14,500","0.13","0.13","0.11","0.11"," ","0.00","0.10","25","0.11","10","23.65",
="072818","信邦國票4A購01","0","0","0","--","--","--","--"," ","0.00","--","0","0.10","60","234.00",
="072819","全科國票49購01","0","0","0","--","--","--","--"," ","0.00","0.01","25","0.02","10","32.25",
="07281P","華邦電群益4A售02","0","0","0","--","--","--","--"," ","0.00","--","0","0.19","10","0.00",
="072820","全科國票4A購01","0","0","0","--","--","--","--"," ","0.00","0.01","25","0.02","10","32.25",
="072821","創意國票4A購03","141,000","1","67,680","0.48","0.48","0.48","0.48","+","0.02","0.45","25","0.47","10","1,350.00",
="072822","貿聯國票4A購02","194,000","38","1,217,200","6.05","6.40","6.05","6.35","X","0.00","5.65","25","5.85","10","981.00",
="072823","大銀國票4A購02","0","0","0","--","--","--","--"," ","0.00","0.01","25","0.02","10","126.00",
="072824","亞翔國票4B購01","310,000","40","531,990","1.95","1.95","1.61","1.62","-","0.42","1.62","25","1.63","10","349.50",
="072825","亞翔國票4C購01","0","0","0","--","--","--","--"," ","0.00","2.86","25","2.92","10","349.50",
="072826","矽格國票4A購01","10,000","1","1,200","0.12","0.12","0.12","0.12","X","0.00","0.10","25","0.11","10","82.20",
="072827","瑞祺國票49購01","0","0","0","--","--","--","--"," ","0.00","--","0","--","0","87.50",
="072829","華晶科中信49購01","0","0","0","--","--","--","--"," ","0.00","--","0","--","0","0.00",
="07282P","臺股指群益4B售11","27,000","3","7,070","0.26","0.27","0.26","0.27","+","0.01","0.28","499","0.29","499","0.00",
="072830","滬深2X凱基51購03","0","0","0","--","--","--","--"," ","0.00","2.83","10","2.84","50","18.32",
="072831","中高息凱基49購01","0","0","0","--","--","--","--"," ","0.00","0.24","100","0.34","10","13.96",
="072832","台泥凱基49購02","0","0","0","--","--","--","--"," ","0.00","--","0","--","0","22.80",
="072833","三芳凱基49購03","0","0","0","--","--","--","--"," ","0.00","--","0","0.10","10","31.60",
="072834","東陽凱基49購01","0","0","0","--","--","--","--"," ","0.00","--","0","0.04","39","101.00",
="072835","台化凱基49購01","0","0","0","--","--","--","--"," ","0.00","--","0","0.10","10","29.90",
="072836","華城凱基4A購01","0","0","0","--","--","--","--"," ","0.00","0.41","100","0.42","10","618.00",
="072837","華新凱基49購02","0","0","0","--","--","--","--"," ","0.00","--","0","0.10","10","23.35",
="072838","中鋼凱基49購02","0","0","0","--","--","--","--"," ","0.00","--","0","--","0","20.15",
="072839","中鴻凱基49購02","0","0","0","--","--","--","--"," ","0.00","--","0","0.10","10","16.15",
="07283P","T50正2富邦4B售03","0","0","0","--","--","--","--"," ","0.00","0.21","100","0.22","98","0.00",
="072840","大成鋼凱基49購06","0","0","0","--","--","--","--"," ","0.00","--","0","0.10","10","38.60",
="072841","川湖凱基4A購04","3,000","1","8,340","2.78","2.78","2.78","2.78","+","0.36","2.64","100","2.68","10","2,925.00",
="072842","台積電凱基59購01","0","0","0","--","--","--","--"," ","0.00","2.34","100","2.36","10","1,160.00",
="072843","台積電凱基5C購03","0","0","0","--","--","--","--"," ","0.00","2.49","100","2.50","10","1,160.00",
="072844","台積電凱基5C購04","0","0","0","--","--","--","--"," ","0.00","3.76","100","3.78","10","1,160.00",
="072845","大同凱基49購01","0","0","0","--","--","--","--"," ","0.00","--","0","0.10","10","40.75",
="072846","微星凱基49購02","0","0","0","--","--","--","--"," ","0.00","--","0","0.10","10","136.50",
="072847","台光電凱基49購04","0","0","0","--","--","--","--"," ","0.00","20.90","100","21.90","10","1,250.00",
="072848","台光電凱基49購05","0","0","0","--","--","--","--"," ","0.00","19.70","100","--","0","1,250.00",
="072849","皇昌凱基4B購01","0","0","0","--","--","--","--"," ","0.00","0.02","10","0.03","50","83.50",
="07284P","T50正2凱基4A售04","60,000","1","9,600","0.16","0.16","0.16","0.16"," ","0.00","0.17","10","0.18","10","0.00",
="072850","欣興凱基4C購04","422,000","37","546,750","1.23","1.42","1.20","1.34","-","0.09","1.33","50","1.34","10","150.00",
="072851","華晶科凱基51購01","598,000","38","431,190","0.78","0.79","0.27","0.71","-","0.08","0.70","100","0.71","15","50.30",
="072852","日月光凱基4A購01","0","0","0","--","--","--","--"," ","0.00","0.15","499","0.16","40","147.50",
="072853","材料凱基52購02","0","0","0","--","--","--","--"," ","0.00","0.33","100","0.40","100","67.70",
="072854","精成科凱基51購01","0","0","0","--","--","--","--"," ","0.00","13.40","499","--","0","131.00",
="072855","矽格凱基49購01","0","0","0","--","--","--","--"," ","0.00","--","0","0.10","10","82.20",
="072856","世紀鋼凱基4B購02","68,000","4","83,320","1.25","1.25","1.11","1.11","-","0.21","1.13","100","1.15","10","188.00",
="072857","臺股指凱基52購01","29,000","5","28,470","1.04","1.04","0.97","0.97","-","0.17","0.96","10","0.97","10","0.00",
="072858","三芳統一52購04","0","0","0","--","--","--","--"," ","0.00","0.06","10","0.07","10","31.60",
="072859","三芳統一53購02","0","0","0","--","--","--","--"," ","0.00","0.11","10","0.12","10","31.60",
="07285P","T50正2凱基4A售05","1,000","1","620","0.62","0.62","0.62","0.62","+","0.04","0.62","100","0.63","10","0.00",
="072860","台化統一53購01","13,000","2","6,660","0.52","0.52","0.51","0.51","-","0.05","0.51","10","0.52","10","29.90",
="072861","大成鋼統一54購02","10,000","1","2,400","0.24","0.24","0.24","0.24","-","0.02","0.22","10","0.23","10","38.60",
="072862","川湖統一53購01","0","0","0","--","--","--","--"," ","0.00","1.01","10","1.02","10","2,925.00",
="072863","雄獅統一53購01","217,000","13","216,920","0.97","1.01","0.97","1.01","+","0.06","0.99","10","1.00","10","159.00",
="072864","文曄統一53購01","101,000","4","68,790","0.67","0.69","0.67","0.68"," ","0.00","0.67","10","0.68","10","123.00",
="072865","文曄統一53購02","124,000","5","76,090","0.60","0.62","0.60","0.62"," ","0.00","0.61","10","0.62","10","123.00",
="072866","華晶科統一57購01","0","0","0","--","--","--","--"," ","0.00","0.49","10","0.50","10","50.30",
="072867","達興統一53購05","10,000","1","16,800","1.68","1.68","1.68","1.68","+","0.20","1.68","10","1.69","10","387.00",
="072868","亞翔統一53購01","25,000","3","23,200","0.93","0.93","0.92","0.92","-","0.06","0.91","10","0.92","10","349.50",
="072869","台塑化統一53購01","0","0","0","--","--","--","--"," ","0.00","0.62","10","0.63","10","40.75",
="07286P","T50正2凱基4A售06","0","0","0","--","--","--","--"," ","0.00","0.16","10","0.17","10","0.00",
="072870","志強統一53購02","0","0","0","--","--","--","--"," ","0.00","0.13","10","0.14","10","105.50",
="072871","巨大統一53購02","0","0","0","--","--","--","--"," ","0.00","0.14","10","0.15","10","104.50",
="072872","台泥元富49購03","0","0","0","--","--","--","--"," ","0.00","--","0","0.10","25","22.80",
="072873","台泥元富49購04","0","0","0","--","--","--","--"," ","0.00","--","0","0.10","25","22.80",
="072874","三芳元富49購01","0","0","0","--","--","--","--"," ","0.00","--","0","0.10","25","31.60",
="072875","三芳元富49購02","0","0","0","--","--","--","--"," ","0.00","--","0","0.10","25","31.60",
="072876","三芳元富49購03","0","0","0","--","--","--","--"," ","0.00","--","0","0.10","25","31.60",
="072877","三芳元富53購01","0","0","0","--","--","--","--"," ","0.00","0.06","25","0.10","10","31.60",
="072878","亞力元富49購01","0","0","0","--","--","--","--"," ","0.00","0.01","25","0.10","10","110.50",
="072879","中鋼元富49購01","0","0","0","--","--","--","--"," ","0.00","--","0","0.10","10","20.15",
="072880","中鴻元富49購02","0","0","0","--","--","--","--"," ","0.00","--","0","0.10","25","16.15",
="072881","大成鋼元富49購03","0","0","0","--","--","--","--"," ","0.00","--","0","0.10","10","38.60",
="072882","大成鋼元富53購01","0","0","0","--","--","--","--"," ","0.00","0.28","25","0.29","25","38.60",
="072883","川湖元富4A購08","0","0","0","--","--","--","--"," ","0.00","2.68","25","2.74","25","2,925.00",
="072884","川湖元富4A購09","327,000","5","616,280","1.79","1.96","1.79","1.93","+","0.15","1.81","25","1.82","25","2,925.00",
="072885","鴻海元富53購02","25,000","1","51,250","2.05","2.05","2.05","2.05","-","0.09","2.04","25","--","0","206.00",
="072886","國巨元富53購01","82,000","8","44,720","0.54","0.58","0.51","0.54","+","0.02","0.51","25","0.53","25","137.00",
="072887","廣宇元富49購01","0","0","0","--","--","--","--"," ","0.00","--","0","--","0","60.90",
="072888","台積電元富4A購07","0","0","0","--","--","--","--"," ","0.00","1.27","25","1.37","10","1,160.00",
="072889","台積電元富53購01","0","0","0","--","--","--","--"," ","0.00","8.85","25","9.35","10","1,160.00",
="072890","旺宏元富4A購01","0","0","0","--","--","--","--"," ","0.00","0.01","25","0.10","10","20.10",
="072891","旺宏元富51購02","0","0","0","--","--","--","--"," ","0.00","0.26","25","0.27","25","20.10",
="072892","佳能元富4C購01","10,000","1","17,700","1.77","1.77","1.77","1.77","-","0.14","1.76","25","1.79","25","80.80",
="072893","台光電元富4A購06","0","0","0","--","--","--","--"," ","0.00","16.40","25","16.70","25","1,250.00",
="072894","裕民元富53購01","0","0","0","--","--","--","--"," ","0.00","0.44","25","0.45","25","57.30",
="072895","陽明元富49購04","0","0","0","--","--","--","--"," ","0.00","--","0","0.10","25","58.80",
="072896","萬海元富49購04","0","0","0","--","--","--","--"," ","0.00","--","0","0.10","25","84.10",
="072897","慧洋元富53購01","0","0","0","--","--","--","--"," ","0.00","0.40","25","0.41","25","61.80",
="072898","大立光元富53購01","1,000","1","410","0.41","0.41","0.41","0.41","+","0.01","0.38","25","0.39","25","2,395.00",
="072899","偉訓元富53購01","106,000","8","192,760","1.88","1.88","1.77","1.77","-","0.10","1.72","25","1.82","10","110.00",
="072900","智原元富4A購03","0","0","0","--","--","--","--"," ","0.00","--","0","0.10","25","158.00",
="072901","華晶科元富49購01","0","0","0","--","--","--","--"," ","0.00","--","0","0.10","10","50.30",
="072902","世芯元富52購06","0","0","0","--","--","--","--"," ","0.00","1.84","25","1.87","25","4,000.00",
="072903","亞翔元富49購03","0","0","0","--","--","--","--"," ","0.00","1.79","25","1.86","25","349.50",
="072904","矽力元富49購01","0","0","0","--","--","--","--"," ","0.00","--","0","0.10","25","317.00",
="072905","迅得元富49購01","222,000","5","72,700","0.30","0.36","0.30","0.33","+","0.03","0.34","25","0.35","25","193.50",
="072906","緯穎元富4C購01","0","0","0","--","--","--","--"," ","0.00","4.17","25","4.25","25","2,975.00",
="072907","南電元富49購01","6,000","1","26,400","4.40","4.40","4.40","4.40","+","2.07","4.40","25","--","0","226.00",
="072908","世紀鋼元富49購01","0","0","0","--","--","--","--"," ","0.00","0.01","25","0.10","10","188.00",
="072909","T50正2群益4A購02","0","0","0","--","--","--","--"," ","0.00","0.18","25","0.19","10","259.40",
="07290P","鴻海凱基4A售04","0","0","0","--","--","--","--"," ","0.00","0.44","100","0.45","10","0.00",
="072910","T50反1群益4B購01","2,128,000","10","549,870","0.23","0.26","0.23","0.26","+","0.02","0.25","100","--","0","19.79",
="072911","滬深2X群益4B購02","90,000","1","324,900","3.61","3.61","3.61","3.61","-","0.84","0.45","22","--","0","18.32",
="072912","台泥群益49購02","0","0","0","--","--","--","--"," ","0.00","--","0","--","0","22.80",
="072913","華友聯群益4B購01","0","0","0","--","--","--","--"," ","0.00","--","0","0.10","10","71.30",
="072914","中興電群益49購03","0","0","0","--","--","--","--"," ","0.00","0.33","25","0.34","10","167.00",
="072915","亞力群益4A購02","85,000","2","36,450","0.43","0.43","0.42","0.42","+","0.02","0.10","100","--","0","110.50",
="072916","華新群益49購04","0","0","0","--","--","--","--"," ","0.00","--","0","--","0","23.35",
="072917","中鋼群益49購02","0","0","0","--","--","--","--"," ","0.00","--","0","--","0","20.15",
="072918","大成鋼群益4B購01","0","0","0","--","--","--","--"," ","0.00","--","0","--","0","38.60",
="072919","川湖群益49購01","0","0","0","--","--","--","--"," ","0.00","--","0","--","0","2,925.00",
="07291P","鴻海凱基55售02","1,000","1","1,280","1.28","1.28","1.28","1.28","+","0.05","1.27","100","1.28","9","0.00",
="072920","鴻海群益49購08","0","0","0","--","--","--","--"," ","0.00","--","0","--","0","206.00",
="072921","台積電群益4A購20","0","0","0","--","--","--","--"," ","0.00","1.15","499","1.25","10","1,160.00",
="072922","台積電群益4A購21","0","0","0","--","--","--","--"," ","0.00","--","0","0.34","10","1,160.00",
="072923","台積電群益4A購22","0","0","0","--","--","--","--"," ","0.00","0.01","16","0.60","10","1,160.00",
="072924","智邦群益49購03","0","0","0","--","--","--","--"," ","0.00","--","0","1.84","10","984.00",
="072925","所羅門群益49購05","0","0","0","--","--","--","--"," ","0.00","--","0","0.13","2","162.00",
="072926","佳能群益49購02","0","0","0","--","--","--","--"," ","0.00","--","0","--","0","80.80",
="072927","中華電群益4A購01","0","0","0","--","--","--","--"," ","0.00","0.03","10","--","0","133.00",
="072928","聯發科群益49購03","0","0","0","--","--","--","--"," ","0.00","--","0","0.01","141","1,385.00",
="072929","皇昌群益49購05","0","0","0","--","--","--","--"," ","0.00","--","0","0.10","10","83.50",
="072930","長榮群益49購02","0","0","0","--","--","--","--"," ","0.00","0.17","10","0.27","10","188.00",
="072931","慧洋群益4B購01","0","0","0","--","--","--","--"," ","0.00","--","0","--","0","61.80",
="072932","雄獅群益49購01","0","0","0","--","--","--","--"," ","0.00","--","0","1.68","10","159.00",
="072933","奇鋐群益49購01","0","0","0","--","--","--","--"," ","0.00","--","0","--","0","1,015.00",
="072934","群創群益4B購02","194,000","12","101,940","0.51","0.54","0.51","0.54","X","0.00","0.53","100","0.55","100","14.15",
="072935","海華群益4B購01","260,000","27","645,440","2.08","2.90","2.05","2.56","+","0.23","2.56","25","2.66","10","100.00",
="072936","材料群益49購02","0","0","0","--","--","--","--"," ","0.00","--","0","--","0","67.70",
="072937","亞翔群益49購06","0","0","0","--","--","--","--"," ","0.00","1.12","499","--","0","349.50",
="072938","亞翔群益53購01","0","0","0","--","--","--","--"," ","0.00","1.58","10","1.68","10","349.50",
="072939","台郡群益4B購01","110,000","2","15,700","0.17","0.17","0.14","0.14","-","0.04","0.13","10","0.23","10","68.00",
="07293P","臺股指凱基51售01","491,000","7","258,710","0.51","0.53","0.50","0.53","+","0.03","0.53","97","0.54","10","0.00",
="072940","迅得群益49購02","0","0","0","--","--","--","--"," ","0.00","--","0","0.19","10","193.50",
="072941","保瑞群益4B購01","0","0","0","--","--","--","--"," ","0.00","0.09","100","0.10","100","733.00",
="072942","台塑化群益4B購01","0","0","0","--","--","--","--"," ","0.00","0.44","10","0.54","10","40.75",
="072943","緯穎群益49購02","0","0","0","--","--","--","--"," ","0.00","--","0","2.09","10","2,975.00",
="072944","勤誠群益49購02","0","0","0","--","--","--","--"," ","0.00","--","0","--","0","613.00",
="072945","中502X元大4B購02","0","0","0","--","--","--","--"," ","0.00","0.65","499","0.66","100","11.76",
="072946","中502X元大51購01","30,000","2","30,400","1.02","1.02","1.00","1.00","-","0.24","0.93","250","0.94","100","11.76",
="072947","中502X元大52購01","370,000","5","321,100","0.87","0.87","0.82","0.82","-","0.21","0.80","250","0.81","100","11.76",
="072948","台泥元大4B購02","0","0","0","--","--","--","--"," ","0.00","--","0","0.10","10","22.80",
="072949","三芳元大49購02","0","0","0","--","--","--","--"," ","0.00","--","0","0.10","10","31.60",
="07294P","臺股指凱基51售03","0","0","0","--","--","--","--"," ","0.00","1.45","100","1.46","10","0.00",
="072950","華友聯元大49購01","0","0","0","--","--","--","--"," ","0.00","--","0","0.10","10","71.30",
="072951","中興電元大49購01","0","0","0","--","--","--","--"," ","0.00","--","0","0.10","10","167.00",
="072952","中興電元大49購02","0","0","0","--","--","--","--"," ","0.00","0.08","499","0.18","10","167.00",
="072953","中興電元大49購03","0","0","0","--","--","--","--"," ","0.00","0.60","499","0.70","10","167.00",
="072954","華城元大49購04","0","0","0","--","--","--","--"," ","0.00","0.04","499","0.14","10","618.00",
="072955","華城元大49購05","75,000","1","21,750","0.29","0.29","0.29","0.29"," ","0.00","0.22","499","0.32","10","618.00",
="072956","華城元大51購01","0","0","0","--","--","--","--"," ","0.00","0.97","499","0.99","10","618.00",
="072957","華新元大49購03","0","0","0","--","--","--","--"," ","0.00","--","0","0.10","10","23.35",
="072958","中鴻元大49購01","0","0","0","--","--","--","--"," ","0.00","--","0","0.10","10","16.15",
="072959","大成鋼元大49購02","0","0","0","--","--","--","--"," ","0.00","--","0","0.10","10","38.60",
="072960","大成鋼元大49購03","0","0","0","--","--","--","--"," ","0.00","--","0","0.10","10","38.60",
="072961","大成鋼元大4C購04","0","0","0","--","--","--","--"," ","0.00","0.07","499","0.08","10","38.60",
="072962","川湖元大49購04","0","0","0","--","--","--","--"," ","0.00","1.45","499","1.55","10","2,925.00",
="072963","川湖元大51購01","2,000","2","4,040","1.99","2.05","1.99","2.05","+","0.07","1.99","400","2.02","10","2,925.00",
="072964","台積電元大52購02","176,000","1","151,360","0.86","0.86","0.86","0.86","X","0.00","--","0","--","0","1,160.00",
="072965","台積電元大56購01","51,000","3","42,730","0.83","0.84","0.83","0.84","-","0.04","0.70","1","0.88","10","1,160.00",
="072966","台積電元大59購01","56,000","2","68,200","1.22","1.22","1.20","1.20","-","0.06","1.00","1","--","0","1,160.00",
="072967","佳能元大49購01","10,000","1","1,700","0.17","0.17","0.17","0.17"," ","0.00","0.07","499","0.23","5","80.80",
="072968","微星元大49購02","0","0","0","--","--","--","--"," ","0.00","--","0","0.10","10","136.50",
="072969","台光電元大49購04","0","0","0","--","--","--","--"," ","0.00","--","0","--","0","1,250.00",
="072970","聯發科元大49購05","0","0","0","--","--","--","--"," ","0.00","--","0","0.05","70","1,385.00",
="072971","聯發科元大59購01","0","0","0","--","--","--","--"," ","0.00","0.35","2","--","0","1,385.00",
="072972","皇昌元大49購05","0","0","0","--","--","--","--"," ","0.00","--","0","0.10","10","83.50",
="072973","皇昌元大49購06","0","0","0","--","--","--","--"," ","0.00","--","0","0.10","10","83.50",
="072974","皇昌元大49購07","0","0","0","--","--","--","--"," ","0.00","--","0","0.10","10","83.50",
="072975","裕民元大4C購02","0","0","0","--","--","--","--"," ","0.00","0.14","499","0.15","10","57.30",
="072976","晶豪科元大49購02","0","0","0","--","--","--","--"," ","0.00","--","0","0.10","30","57.40",
="072977","信邦元大49購01","0","0","0","--","--","--","--"," ","0.00","--","0","0.10","10","234.00",
="072978","信邦元大49購02","0","0","0","--","--","--","--"," ","0.00","--","0","0.10","10","234.00",
="072979","信邦元大49購03","0","0","0","--","--","--","--"," ","0.00","--","0","0.10","20","234.00",
="072980","創意元大49購01","0","0","0","--","--","--","--"," ","0.00","--","0","0.10","10","1,350.00",
="072981","世芯元大52購02","0","0","0","--","--","--","--"," ","0.00","0.97","499","0.99","10","4,000.00",
="072982","大銀元大4C購01","100,000","1","18,000","0.18","0.18","0.18","0.18","-","0.04","0.18","499","0.19","10","126.00",
="072983","材料元大52購02","0","0","0","--","--","--","--"," ","0.00","0.24","529","0.25","10","67.70",
="072984","東科元大49購03","0","0","0","--","--","--","--"," ","0.00","--","0","0.05","30","112.00",
="072985","亞翔元大49購02","0","0","0","--","--","--","--"," ","0.00","--","0","0.10","10","349.50",
="072986","精成科元大49購01","0","0","0","--","--","--","--"," ","0.00","5.40","53","--","0","131.00",
="072987","矽格元大49購02","0","0","0","--","--","--","--"," ","0.00","--","0","0.10","10","82.20",
="072988","迅得元大49購01","20,000","1","400","0.02","0.02","0.02","0.02","-","0.01","0.02","499","0.12","10","193.50",
="072989","迅得元大4A購01","4,000","1","480","0.12","0.12","0.12","0.12","+","0.01","0.12","499","0.13","10","193.50",
="072990","晶心科元大49購01","0","0","0","--","--","--","--"," ","0.00","--","0","0.10","10","283.00",
="072991","晶心科元大49購02","0","0","0","--","--","--","--"," ","0.00","--","0","0.10","10","283.00",
="072992","志強元大49購03","0","0","0","--","--","--","--"," ","0.00","--","0","0.10","10","105.50",
="072993","菱光元大49購01","0","0","0","--","--","--","--"," ","0.00","--","0","0.02","160","61.50",
="072994","臺股指元大49購30","0","0","0","--","--","--","--"," ","0.00","--","0","--","0","0.00",
="072995","臺股指元大49購31","0","0","0","--","--","--","--"," ","0.00","0.36","100","0.46","10","0.00",
="072996","臺股指元大4A購14","0","0","0","--","--","--","--"," ","0.00","--","0","0.10","10","0.00",
="072997","臺股指元大4B購12","0","0","0","--","--","--","--"," ","0.00","--","0","0.10","10","0.00",
="072998","台化富邦4C購01","134,000","5","29,500","0.21","0.23","0.20","0.20","-","0.05","0.20","13","0.21","10","0.00",
="072999","華城富邦4C購01","0","0","0","--","--","--","--"," ","0.00","0.33","10","0.34","10","0.00",
="07299P","上証2X國票49售02","0","0","0","--","--","--","--"," ","0.00","0.01","25","0.05","10","0.00",
="073000","台積電富邦4B購03","0","0","0","--","--","--","--"," ","0.00","2.38","30","2.48","10","0.00",
="073001","台積電富邦4B購04","0","0","0","--","--","--","--"," ","0.00","1.71","30","1.75","10","0.00",
="073002","智邦富邦4B購01","0","0","0","--","--","--","--"," ","0.00","1.72","10","1.82","10","0.00",
="073003","佳能富邦4B購01","1,663,000","40","1,255,340","0.73","0.84","0.69","0.76","-","0.04","0.74","30","0.76","28","0.00",
="073004","景碩富邦4B購01","1,257,000","73","567,320","0.42","0.53","0.39","0.44","-","0.03","0.42","10","0.43","10","0.00",
="073005","穎崴富邦4C購01","0","0","0","--","--","--","--"," ","0.00","0.10","10","0.11","10","0.00",
="073006","達興第一49購01","0","0","0","--","--","--","--"," ","0.00","6.55","10","--","0","0.00",
="073007","華友聯中信49購01","0","0","0","--","--","--","--"," ","0.00","--","0","0.02","10","0.00",
="073008","廣宇中信4A購01","32,000","6","35,480","1.10","1.15","1.04","1.11","+","0.12","1.01","10","1.06","10","0.00",
="073009","昆盈中信49購01","204,000","4","8,120","0.04","0.04","0.03","0.03","-","0.01","0.02","10","0.03","10","0.00",
="07300P","揚明光國票49售02","0","0","0","--","--","--","--"," ","0.00","0.51","25","0.53","10","0.00",
="073010","台光電中信49購02","0","0","0","--","--","--","--"," ","0.00","9.10","499","--","0","0.00",
="073011","慧洋中信4A購01","0","0","0","--","--","--","--"," ","0.00","0.92","499","0.93","10","0.00",
="073012","奇鋐中信49購01","0","0","0","--","--","--","--"," ","0.00","--","0","--","0","0.00",
="073013","偉訓中信49購01","290,000","11","93,800","0.30","0.36","0.30","0.32","-","0.07","0.25","10","0.27","10","0.00",
="073014","臺股指中信4A購06","0","0","0","--","--","--","--"," ","0.00","0.60","499","0.61","100","0.00",
="073015","滬深2X永豐4B購03","620,000","4","839,000","1.25","1.37","1.25","1.37","X","0.00","1.22","82","1.32","10","18.32",
="073016","中502X永豐52購02","0","0","0","--","--","--","--"," ","0.00","1.33","10","1.34","10","11.76",
="073017","大成鋼永豐4B購02","1,000","1","180","0.18","0.18","0.18","0.18","X","0.00","0.14","499","0.17","10","38.60",
="073018","台積電永豐4A購06","0","0","0","--","--","--","--"," ","0.00","0.39","499","0.49","10","1,160.00",
="073019","台積電永豐4B購03","10,000","1","7,900","0.79","0.79","0.79","0.79","X","0.00","0.73","499","0.83","10","1,160.00",
="07301P","健策國票49售06","108,000","1","1,080","0.01","0.01","0.01","0.01","X","0.00","--","0","--","0","0.00",
="073020","台積電永豐4C購06","0","0","0","--","--","--","--"," ","0.00","0.56","10","0.66","10","1,160.00",
="073021","台積電永豐52購01","0","0","0","--","--","--","--"," ","0.00","0.99","499","1.09","10","1,160.00",
="073022","所羅門永豐49購03","0","0","0","--","--","--","--"," ","0.00","0.07","499","0.17","10","162.00",
="073023","裕民永豐49購02","0","0","0","--","--","--","--"," ","0.00","--","0","0.05","10","57.30",
="073024","長榮航永豐4A購01","0","0","0","--","--","--","--"," ","0.00","2.08","499","2.10","10","39.05",
="073025","牧德永豐4A購01","235,000","7","553,700","2.26","2.42","2.26","2.40","+","0.31","2.56","40","2.66","10","594.00",
="073026","亞翔永豐49購03","30,000","2","63,300","2.11","2.11","2.11","2.11","X","0.00","1.82","499","1.92","10","349.50",
="073027","啟碁永豐4A購01","0","0","0","--","--","--","--"," ","0.00","2.00","499","2.10","10","127.00",
="073028","訊芯永豐4B購02","24,000","6","89,460","3.73","3.82","3.58","3.58","-","0.90","3.52","10","3.58","10","165.00",
="073029","T50反1兆豐4B購01","0","0","0","--","--","--","--"," ","0.00","0.57","10","0.58","10","19.79",
="07302P","大銀國票49售01","0","0","0","--","--","--","--"," ","0.00","0.05","25","0.06","10","0.00",
="073031","慧洋兆豐4B購01","0","0","0","--","--","--","--"," ","0.00","0.01","10","0.02","10","61.80",
="073032","信邦台新49購01","0","0","0","--","--","--","--"," ","0.00","--","0","--","0","0.00",
="073033","世紀鋼台新49購01","0","0","0","--","--","--","--"," ","0.00","0.14","10","--","0","0.00",
="073034","滬深2X富邦4B購03","20,000","4","18,300","0.92","0.92","0.90","0.92","-","0.16","0.79","100","0.80","98","0.00",
="073035","華城富邦4B購02","190,000","4","76,210","0.41","0.41","0.40","0.40","-","0.03","0.38","10","0.39","10","0.00",
="073036","台達電富邦49購02","0","0","0","--","--","--","--"," ","0.00","9.75","30","10.00","10","0.00",
="073037","中信金富邦49購01","0","0","0","--","--","--","--"," ","0.00","--","0","0.03","10","0.00",
="073038","材料富邦4A購03","78,000","1","780","0.01","0.01","0.01","0.01","X","0.00","0.01","200","0.10","10","0.00",
="073039","訊芯富邦4A購02","0","0","0","--","--","--","--"," ","0.00","0.07","10","0.10","10","0.00",
="07303P","華新統一4C售02","0","0","0","--","--","--","--"," ","0.00","0.63","10","0.64","10","0.00",
="073040","世紀鋼富邦4A購01","165,000","6","46,450","0.29","0.29","0.24","0.24","-","0.07","0.25","30","0.26","28","0.00",
="073041","滬深2X凱基51購04","0","0","0","--","--","--","--"," ","0.00","1.98","10","1.99","50","18.32",
="073042","元債2X凱基56購02","0","0","0","--","--","--","--"," ","0.00","0.37","100","0.38","50","7.05",
="073043","中502X凱基51購01","0","0","0","--","--","--","--"," ","0.00","1.19","100","1.20","50","11.76",
="073044","中502X凱基52購01","0","0","0","--","--","--","--"," ","0.00","2.00","100","2.01","50","11.76",
="073045","華友聯凱基4A購01","0","0","0","--","--","--","--"," ","0.00","0.01","10","0.11","10","71.30",
="073046","中興電凱基49購02","1,000","1","530","0.53","0.53","0.53","0.53","X","0.00","0.53","100","0.58","1","167.00",
="073047","亞力凱基4B購01","0","0","0","--","--","--","--"," ","0.00","0.21","100","0.22","10","110.50",
="073048","亞德客凱基49購01","0","0","0","--","--","--","--"," ","0.00","--","0","0.10","10","800.00",
="073049","台玻凱基4A購01","0","0","0","--","--","--","--"," ","0.00","13.10","10","--","0","34.55",
="07304P","旺宏統一4C售02","0","0","0","--","--","--","--"," ","0.00","0.52","10","0.53","10","0.00",
="073050","大成鋼凱基4C購02","0","0","0","--","--","--","--"," ","0.00","0.09","100","0.19","10","38.60",
="073051","華通凱基51購02","677,000","49","1,447,660","2.03","2.50","1.80","2.11","+","0.17","2.08","100","2.09","10","79.30",
="073052","鴻海凱基4B購05","35,000","6","61,390","1.79","1.81","1.69","1.81","-","0.13","1.78","100","1.79","10","206.00",
="073053","台積電凱基4B購07","0","0","0","--","--","--","--"," ","0.00","0.46","100","0.47","10","1,160.00",
="073054","台積電凱基51購06","0","0","0","--","--","--","--"," ","0.00","1.59","100","1.60","10","1,160.00",
="073055","台積電凱基56購09","0","0","0","--","--","--","--"," ","0.00","1.62","100","1.63","10","1,160.00",
="073056","所羅門凱基4A購01","288,000","3","49,500","0.26","0.26","0.17","0.18","-","0.10","0.17","100","0.18","10","162.00",
="073057","致茂凱基49購02","0","0","0","--","--","--","--"," ","0.00","6.00","100","6.50","10","556.00",
="073058","精元凱基49購01","0","0","0","--","--","--","--"," ","0.00","--","0","0.10","10","41.70",
="073059","毅嘉凱基49購01","0","0","0","--","--","--","--"," ","0.00","6.20","10","--","0","60.80",
="07305P","裕民統一4A售01","0","0","0","--","--","--","--"," ","0.00","0.50","10","0.60","10","0.00",
="073060","聯發科凱基49購04","0","0","0","--","--","--","--"," ","0.00","0.02","100","0.12","10","1,385.00",
="073061","皇昌凱基49購03","0","0","0","--","--","--","--"," ","0.00","--","0","0.10","10","83.50",
="073062","裕民凱基4C購01","0","0","0","--","--","--","--"," ","0.00","0.13","10","0.14","50","57.30",
="073063","慧洋凱基4B購01","0","0","0","--","--","--","--"," ","0.00","0.02","100","0.12","10","61.80",
="073064","晶豪科凱基49購02","0","0","0","--","--","--","--"," ","0.00","--","0","0.10","10","57.40",
="073065","奇鋐凱基4B購02","0","0","0","--","--","--","--"," ","0.00","9.45","100","9.95","10","1,015.00",
="073066","信邦凱基49購01","0","0","0","--","--","--","--"," ","0.00","--","0","0.10","10","234.00",
="073067","玉晶光凱基4B購01","100,000","7","87,450","0.88","0.92","0.86","0.89","-","0.04","0.91","10","0.92","10","461.50",
="073068","群創凱基4A購03","18,000","4","6,960","0.39","0.40","0.34","0.40","X","0.00","0.39","100","0.40","10","14.15",
="073069","世芯凱基49購07","0","0","0","--","--","--","--"," ","0.00","1.10","100","1.20","10","4,000.00",
="07306P","大銀統一49售01","0","0","0","--","--","--","--"," ","0.00","0.70","10","0.80","10","0.00",
="073070","大銀凱基4C購01","200,000","1","30,000","0.15","0.15","0.15","0.15","-","0.05","0.14","100","0.15","30","126.00",
="073071","材料凱基49購06","0","0","0","--","--","--","--"," ","0.00","--","0","0.10","80","67.70",
="073072","達興凱基49購01","0","0","0","--","--","--","--"," ","0.00","8.70","100","--","0","387.00",
="073073","亞翔凱基49購04","0","0","0","--","--","--","--"," ","0.00","0.03","100","--","0","349.50",
="073074","保瑞凱基49購01","0","0","0","--","--","--","--"," ","0.00","0.01","10","0.11","10","733.00",
="073075","晶心科凱基49購01","0","0","0","--","--","--","--"," ","0.00","--","0","0.10","10","283.00",
="073076","緯穎凱基49購06","0","0","0","--","--","--","--"," ","0.00","--","0","--","0","2,975.00",
="073077","勤誠凱基4B購01","0","0","0","--","--","--","--"," ","0.00","13.40","10","14.40","10","613.00",
="073078","臺股指凱基4B購14","0","0","0","--","--","--","--"," ","0.00","0.02","10","0.03","10","0.00",
="073079","台灣50元富49購04","36,000","2","115,290","3.21","3.21","3.18","3.18","-","0.20","2.93","25","3.03","10","52.50",
="07307P","大銀統一4C售03","0","0","0","--","--","--","--"," ","0.00","0.84","10","0.85","10","0.00",
="073080","FBNQ2X元富49購02","0","0","0","--","--","--","--"," ","0.00","1.57","25","1.67","10","144.85",
="073081","永續息元富49購01","0","0","0","--","--","--","--"," ","0.00","0.01","25","0.10","10","20.42",
="073082","東元元富49購01","30,000","3","71,700","2.39","2.39","2.39","2.39","-","0.43","2.33","25","2.43","10","68.50",
="073083","華城元富49購01","0","0","0","--","--","--","--"," ","0.00","0.12","25","0.13","25","618.00",
="073084","中砂元富49購01","0","0","0","--","--","--","--"," ","0.00","2.58","25","2.68","10","347.00",
="073085","大成鋼元富49購04","0","0","0","--","--","--","--"," ","0.00","--","0","0.10","10","38.60",
="073086","大成鋼元富49購05","0","0","0","--","--","--","--"," ","0.00","--","0","0.10","10","38.60",
="073087","廣宇元富49購02","0","0","0","--","--","--","--"," ","0.00","--","0","--","0","60.90",
="073088","台積電元富49購19","0","0","0","--","--","--","--"," ","0.00","12.20","25","13.20","10","1,160.00",
="073089","昆盈元富49購01","0","0","0","--","--","--","--"," ","0.00","0.01","25","0.10","10","49.85",
="07308P","日本2X元大49售01","0","0","0","--","--","--","--"," ","0.00","0.12","250","0.13","100","0.00",
="073090","新巨元富49購01","0","0","0","--","--","--","--"," ","0.00","0.02","25","0.10","10","56.90",
="073091","新巨元富4A購01","0","0","0","--","--","--","--"," ","0.00","0.07","25","0.10","10","56.90",
="073092","可成元富49購01","0","0","0","--","--","--","--"," ","0.00","0.06","25","0.10","10","190.00",
="073093","大立光元富49購03","0","0","0","--","--","--","--"," ","0.00","--","0","0.10","25","2,395.00",
="073094","大立光元富49購04","0","0","0","--","--","--","--"," ","0.00","--","0","0.10","25","2,395.00",
="073095","華晶科元富49購03","0","0","0","--","--","--","--"," ","0.00","--","0","0.10","10","50.30",
="073096","世芯元富4A購03","0","0","0","--","--","--","--"," ","0.00","1.41","25","1.45","25","4,000.00",
="073097","海華元富49購01","0","0","0","--","--","--","--"," ","0.00","--","0","--","0","100.00",
="073098","海華元富4C購01","7,000","3","16,300","2.30","2.40","2.30","2.40","-","0.03","2.40","2","--","0","100.00",
="073099","材料元富4A購02","0","0","0","--","--","--","--"," ","0.00","0.01","25","0.10","10","67.70",
="07309P","中502X元大49售03","0","0","0","--","--","--","--"," ","0.00","0.19","250","0.20","100","0.00",
="073100","緯穎元富4A購03","0","0","0","--","--","--","--"," ","0.00","3.36","25","3.46","25","2,975.00",
="073101","南電元富49購02","0","0","0","--","--","--","--"," ","0.00","5.05","25","--","0","226.00",
="073102","台灣50國票49購01","0","0","0","--","--","--","--"," ","0.00","0.70","25","0.71","10","52.50",
="073103","台灣50國票4A購01","0","0","0","--","--","--","--"," ","0.00","2.85","25","2.86","10","52.50",
="073104","台灣50國票4B購01","20,000","3","15,200","0.80","0.80","0.74","0.75","-","0.17","0.71","25","0.72","10","52.50",
="073105","台灣50國票53購01","138,000","13","153,520","1.13","1.13","1.04","1.07","-","0.17","1.05","25","1.06","10","52.50",
="073106","FBNQ2X國票4A購01","0","0","0","--","--","--","--"," ","0.00","1.58","25","1.59","10","144.85",
="073107","中興電國票4A購02","50,000","1","11,000","0.22","0.22","0.22","0.22","+","0.03","0.22","25","0.23","10","167.00",
="073108","中砂國票4A購01","5,000","1","12,000","2.40","2.40","2.40","2.40","+","0.49","2.30","5","2.31","10","347.00",
="073109","大亞國票4A購01","0","0","0","--","--","--","--"," ","0.00","0.11","25","--","0","43.00",
="073110","科妍國票4A購02","0","0","0","--","--","--","--"," ","0.00","0.01","25","0.02","10","91.40",
="073111","宇隆國票4A購01","70,000","2","88,600","1.28","1.28","1.23","1.23","-","0.11","1.19","25","1.22","10","262.00",
="073112","光寶科國票4C購01","128,000","3","144,460","1.19","1.19","1.12","1.17","-","0.11","1.14","25","1.16","10","130.00",
="073113","矽統國票4A購01","58,000","3","8,300","0.14","0.17","0.14","0.15","-","0.02","0.16","25","0.17","10","55.10",
="073114","微星國票4A購02","0","0","0","--","--","--","--"," ","0.00","0.04","25","0.05","10","136.50",
="073115","美律國票4B購01","0","0","0","--","--","--","--"," ","0.00","0.14","25","0.15","10","107.50",
="073116","一詮國票49購01","0","0","0","--","--","--","--"," ","0.00","0.01","25","0.02","10","80.20",
="073117","德律國票4A購01","0","0","0","--","--","--","--"," ","0.00","4.45","25","4.55","10","206.00",
="073118","文曄國票4A購01","20,000","2","10,600","0.53","0.53","0.53","0.53","X","0.00","0.54","25","0.55","10","123.00",
="073119","華晶科國票4A購01","415,000","16","84,230","0.23","0.23","0.18","0.19","-","0.05","0.18","25","0.19","4","50.30",
="073120","京鼎國票4A購01","0","0","0","--","--","--","--"," ","0.00","0.34","25","0.35","10","290.00",
="073121","碩天國票4A購01","0","0","0","--","--","--","--"," ","0.00","0.01","25","0.02","10","225.50",
="073122","海華國票4B購01","57,000","7","171,810","2.53","3.48","2.53","3.48","X","0.00","2.99","25","3.09","10","100.00",
="073123","達興國票49購01","24,000","1","195,600","8.15","8.15","8.15","8.15","X","0.00","8.40","25","8.90","10","387.00",
="073124","達興國票4A購01","0","0","0","--","--","--","--"," ","0.00","8.60","25","9.10","10","387.00",
="073125","美利達國票4A購01","0","0","0","--","--","--","--"," ","0.00","0.01","25","0.02","10","112.50",
="073126","佳能國泰4A購01","0","0","0","--","--","--","--"," ","0.00","3.39","499","3.43","15","80.80",
="073127","華孚國泰4A購01","0","0","0","--","--","--","--"," ","0.00","0.55","499","0.56","15","62.60",
="073128","矽格國泰4A購01","25,000","5","42,460","1.66","1.85","1.66","1.73","+","0.38","1.68","499","1.70","15","82.20",
="073129","台泥元大4B購03","0","0","0","--","--","--","--"," ","0.00","--","0","0.10","10","22.80",
="073130","華友聯元大49購02","0","0","0","--","--","--","--"," ","0.00","--","0","0.10","10","71.30",
="073131","中興電元大49購04","0","0","0","--","--","--","--"," ","0.00","--","0","0.09","40","167.00",
="073132","中興電元大49購05","0","0","0","--","--","--","--"," ","0.00","0.21","499","0.22","10","167.00",
="073133","中興電元大49購06","20,000","3","7,600","0.36","0.39","0.36","0.39","+","0.06","0.39","499","0.42","10","167.00",
="073134","華城元大49購06","0","0","0","--","--","--","--"," ","0.00","0.13","499","0.14","10","618.00",
="073135","華城元大49購07","91,000","1","20,020","0.22","0.22","0.22","0.22","-","0.02","0.17","499","0.18","10","618.00",
="073136","華城元大49購08","0","0","0","--","--","--","--"," ","0.00","0.40","499","0.41","10","618.00",
="073137","華城元大49購09","78,000","1","20,280","0.26","0.26","0.26","0.26","-","0.02","0.21","499","0.22","10","618.00",
="073138","華城元大51購02","169,000","9","138,030","0.83","0.83","0.80","0.81","-","0.03","0.77","499","0.79","10","618.00",
="073139","華新元大49購04","0","0","0","--","--","--","--"," ","0.00","--","0","0.10","10","23.35",
="073140","中鴻元大49購02","0","0","0","--","--","--","--"," ","0.00","--","0","0.10","10","16.15",
="073141","中鴻元大49購03","0","0","0","--","--","--","--"," ","0.00","--","0","0.10","10","16.15",
="073142","中鴻元大49購04","0","0","0","--","--","--","--"," ","0.00","--","0","0.10","10","16.15",
="073143","大成鋼元大4A購03","0","0","0","--","--","--","--"," ","0.00","0.02","499","0.12","10","38.60",
="073144","大成鋼元大4B購04","0","0","0","--","--","--","--"," ","0.00","0.02","499","0.12","10","38.60",
="073145","川湖元大51購02","0","0","0","--","--","--","--"," ","0.00","2.43","300","2.48","10","2,925.00",
="073146","台積電元大53購01","0","0","0","--","--","--","--"," ","0.00","0.65","12","--","0","1,160.00",
="073147","台積電元大56購02","0","0","0","--","--","--","--"," ","0.00","0.73","10","--","0","1,160.00",
="073148","台積電元大59購02","0","0","0","--","--","--","--"," ","0.00","--","0","--","0","1,160.00",
="073149","旺宏元大49購02","0","0","0","--","--","--","--"," ","0.00","--","0","0.10","10","20.10",
="073150","順德元大49購01","188,000","1","3,760","0.02","0.02","0.02","0.02","X","0.00","0.02","499","0.12","10","88.20",
="073151","毅嘉元大49購04","0","0","0","--","--","--","--"," ","0.00","3.55","200","3.65","10","60.80",
="073152","美律元大49購01","0","0","0","--","--","--","--"," ","0.00","--","0","0.10","10","107.50",
="073153","美律元大49購02","0","0","0","--","--","--","--"," ","0.00","--","0","0.10","10","107.50",
="073154","美律元大49購03","0","0","0","--","--","--","--"," ","0.00","0.04","499","0.14","10","107.50",
="073155","聯發科元大49購06","0","0","0","--","--","--","--"," ","0.00","--","0","0.10","10","1,385.00",
="073156","裕民元大51購02","0","0","0","--","--","--","--"," ","0.00","0.26","499","0.27","10","57.30",
="073157","慧洋元大49購01","0","0","0","--","--","--","--"," ","0.00","--","0","0.10","10","61.80",
="073158","慧洋元大49購02","0","0","0","--","--","--","--"," ","0.00","--","0","0.10","10","61.80",
="073159","慧洋元大49購03","0","0","0","--","--","--","--"," ","0.00","--","0","0.10","10","61.80",
="07315P","臺股指富邦49售13","0","0","0","--","--","--","--"," ","0.00","0.08","499","0.15","98","0.00",
="073160","欣興元大49購01","250,000","1","125,000","0.50","0.50","0.50","0.50","+","0.17","0.41","499","0.44","10","150.00",
="073161","欣興元大49購02","0","0","0","--","--","--","--"," ","0.00","0.97","499","1.02","10","150.00",
="073162","華晶科元大49購01","0","0","0","--","--","--","--"," ","0.00","--","0","0.10","10","50.30",
="073163","全科元大49購01","0","0","0","--","--","--","--"," ","0.00","--","0","0.10","10","32.25",
="073164","創意元大49購02","0","0","0","--","--","--","--"," ","0.00","--","0","0.13","1","1,350.00",
="073165","海華元大49購01","41,000","9","49,160","0.75","1.52","0.67","1.12","+","0.31","1.02","25","1.12","2","100.00",
="073166","海華元大49購02","20,000","2","70,500","3.41","3.64","3.41","3.64","+","0.63","3.39","25","3.49","10","100.00",
="073167","海華元大49購03","20,000","2","36,500","1.92","1.92","1.73","1.73","X","0.00","1.39","25","1.49","10","100.00",
="073168","神達元大4A購06","0","0","0","--","--","--","--"," ","0.00","1.60","499","--","0","95.90",
="073169","材料元大49購03","0","0","0","--","--","--","--"," ","0.00","--","0","0.10","10","67.70",
="073170","亞翔元大49購03","0","0","0","--","--","--","--"," ","0.00","0.13","499","0.14","10","349.50",
="073171","亞翔元大49購04","200,000","1","4,000","0.02","0.02","0.02","0.02","-","0.05","0.01","499","0.11","10","349.50",
="073172","華孚元大49購01","0","0","0","--","--","--","--"," ","0.00","0.02","499","0.12","10","62.60",
="073173","迅得元大4B購02","70,000","7","16,800","0.24","0.24","0.24","0.24","+","0.02","0.24","30","0.25","10","193.50",
="073174","勤誠元大49購02","0","0","0","--","--","--","--"," ","0.00","7.85","100","--","0","613.00",
="073175","菱光元大49購02","1,000","1","240","0.24","0.24","0.24","0.24","-","0.11","0.24","499","0.25","10","61.50",
="073176","中鋼統一53購01","25,000","1","4,750","0.19","0.19","0.19","0.19","-","0.02","0.17","128","0.18","108","20.15",
="073177","中鴻統一53購03","0","0","0","--","--","--","--"," ","0.00","0.10","10","0.11","10","16.15",
="073178","上銀統一54購03","0","0","0","--","--","--","--"," ","0.00","0.14","10","0.15","10","215.50",
="073179","川湖統一54購03","0","0","0","--","--","--","--"," ","0.00","1.06","10","1.08","10","2,925.00",
="07317P","台積電中信4C售04","51,000","2","16,320","0.32","0.32","0.32","0.32","+","0.01","0.32","59","0.33","100","0.00",
="073180","川湖統一55購01","10,000","4","21,910","2.17","2.23","2.17","2.18"," ","0.00","2.17","10","2.19","10","2,925.00",
="073181","旺宏統一55購01","23,000","1","8,970","0.39","0.39","0.39","0.39","-","0.01","0.38","10","0.39","10","20.10",
="073182","佳能統一53購02","25,000","5","26,750","1.08","1.08","1.06","1.06","-","0.04","1.06","10","1.08","10","80.80",
="073183","台光電統一53購02","73,000","1","221,920","3.04","3.04","3.04","3.04","X","0.00","3.09","10","3.19","10","1,250.00",
="073184","精元統一53購01","0","0","0","--","--","--","--"," ","0.00","0.14","10","0.15","10","41.70",
="073185","美律統一53購01","20,000","1","6,200","0.31","0.31","0.31","0.31","-","0.02","0.30","60","0.31","10","107.50",
="073186","裕民統一59購01","0","0","0","--","--","--","--"," ","0.00","0.24","10","0.25","10","57.30",
="073187","慧洋統一53購01","90,000","1","13,500","0.15","0.15","0.15","0.15","X","0.00","0.14","10","0.15","10","61.80",
="073188","慧洋統一59購01","50,000","5","14,000","0.28","0.28","0.28","0.28","X","0.00","0.27","20","0.28","10","61.80",
="073189","雄獅統一51購02","4,000","2","3,780","0.93","0.96","0.93","0.96","+","0.09","0.95","10","0.97","10","159.00",
="073190","信邦統一53購02","0","0","0","--","--","--","--"," ","0.00","0.20","10","0.21","10","234.00",
="073191","信邦統一53購03","0","0","0","--","--","--","--"," ","0.00","0.15","10","0.16","10","234.00",
="073192","文曄統一52購02","335,000","9","180,540","0.53","0.55","0.53","0.55"," ","0.00","0.53","10","0.54","10","123.00",
="073193","華晶科統一59購01","70,000","4","33,100","0.48","0.48","0.47","0.47","-","0.01","0.47","10","0.48","10","50.30",
="073194","達興統一52購01","0","0","0","--","--","--","--"," ","0.00","2.48","10","2.50","10","387.00",
="073195","亞翔統一53購02","0","0","0","--","--","--","--"," ","0.00","0.89","10","0.90","10","349.50",
="073196","豐藝統一51購01","0","0","0","--","--","--","--"," ","0.00","0.20","10","0.28","10","52.80",
="073197","巨大統一53購03","0","0","0","--","--","--","--"," ","0.00","0.08","10","0.09","10","104.50",
="073198","台塑群益49購04","0","0","0","--","--","--","--"," ","0.00","--","0","--","0","39.10",
="073199","台積電群益4A購23","0","0","0","--","--","--","--"," ","0.00","0.57","499","0.67","10","1,160.00",
="073200","台積電群益4B購12","0","0","0","--","--","--","--"," ","0.00","0.14","15","0.82","10","1,160.00",
="073201","精元群益4A購01","0","0","0","--","--","--","--"," ","0.00","--","0","--","0","41.70",
="073202","建準群益52購01","0","0","0","--","--","--","--"," ","0.00","1.31","7","2.47","10","137.00",
="073203","聯發科群益4B購04","0","0","0","--","--","--","--"," ","0.00","--","0","--","0","1,385.00",
="073204","大立光群益49購05","0","0","0","--","--","--","--"," ","0.00","--","0","--","0","2,395.00",
="073205","威健群益4A購01","0","0","0","--","--","--","--"," ","0.00","--","0","0.12","10","28.40",
="073206","創意群益49購08","0","0","0","--","--","--","--"," ","0.00","--","0","--","0","1,350.00",
="073207","達興群益4A購01","0","0","0","--","--","--","--"," ","0.00","--","0","--","0","387.00",
="073208","亞翔群益4A購02","0","0","0","--","--","--","--"," ","0.00","--","0","1.62","10","349.50",
="073209","元晶群益4B購01","0","0","0","--","--","--","--"," ","0.00","--","0","--","0","15.90",
="073210","臺股指群益49購20","1,000","1","1,110","1.11","1.11","1.11","1.11","-","0.10","0.94","499","0.95","499","0.00",
="073211","上証2X國票4A購02","58,000","2","68,600","1.18","1.20","1.18","1.20","X","0.00","1.16","25","1.17","10","45.30",
="073212","亞泥國票49購01","0","0","0","--","--","--","--"," ","0.00","0.01","25","0.02","10","37.10",
="073213","廣宇國票4A購01","10,000","2","44,300","4.36","4.50","4.36","4.50","X","0.00","4.43","25","4.53","10","60.90",
="073214","廣宇國票4B購01","130,000","5","564,950","4.65","4.65","4.20","4.34"," ","0.00","4.31","25","4.35","10","60.90",
="073215","廣宇國票4C購01","0","0","0","--","--","--","--"," ","0.00","5.15","25","5.20","10","60.90",
="073216","台積電國票49購05","0","0","0","--","--","--","--"," ","0.00","1.80","25","1.89","10","1,160.00",
="073217","台積電國票4A購08","0","0","0","--","--","--","--"," ","0.00","1.94","25","2.02","10","1,160.00",
="073218","台積電國票4A購09","0","0","0","--","--","--","--"," ","0.00","1.69","25","1.76","10","1,160.00",
="073219","昆盈國票49購01","0","0","0","--","--","--","--"," ","0.00","0.51","25","0.53","10","49.85",
="073220","昆盈國票4A購01","126,000","5","65,960","0.61","0.64","0.49","0.49","-","0.07","0.49","25","0.50","10","49.85",
="073221","精元國票49購01","0","0","0","--","--","--","--"," ","0.00","--","0","--","0","41.70",
="073222","精元國票4A購01","0","0","0","--","--","--","--"," ","0.00","0.01","25","0.02","10","41.70",
="073223","毅嘉國票4B購01","0","0","0","--","--","--","--"," ","0.00","6.35","25","6.60","10","60.80",
="073224","毅嘉國票4C購01","0","0","0","--","--","--","--"," ","0.00","6.90","25","7.05","10","60.80",
="073225","威健國票49購01","0","0","0","--","--","--","--"," ","0.00","0.01","25","0.02","10","28.40",
="073226","文曄國票4B購01","19,000","2","20,890","1.09","1.11","1.09","1.11","X","0.00","1.09","25","1.11","10","123.00",
="073227","文曄國票4C購01","5,000","3","5,600","1.10","1.15","1.10","1.15","+","0.03","1.14","25","1.15","10","123.00",
="073228","牧德國票4A購01","32,000","4","91,750","2.79","3.10","2.79","3.10","+","0.63","3.34","25","3.40","10","594.00",
="073229","海華國票4B購02","0","0","0","--","--","--","--"," ","0.00","4.99","25","5.45","10","100.00",
="073230","聯德國票4A購01","400,000","1","4,000","0.01","0.01","0.01","0.01","X","0.00","0.01","25","0.02","10","79.70",
="073231","聯德國票4B購01","0","0","0","--","--","--","--"," ","0.00","0.02","499","--","0","79.70",
="073232","亞德客國泰4A購01","0","0","0","--","--","--","--"," ","0.00","0.16","499","0.17","15","800.00",
="073233","鴻海國泰4A購01","0","0","0","--","--","--","--"," ","0.00","2.74","499","2.80","10","206.00",
="073234","廣宇國泰4A購01","1,000","1","4,920","4.92","4.92","4.92","4.92","+","0.87","4.22","499","4.34","15","60.90",
="073235","台積電國泰4A購01","0","0","0","--","--","--","--"," ","0.00","1.21","499","1.27","15","1,160.00",
="073236","智邦國泰4A購01","0","0","0","--","--","--","--"," ","0.00","6.10","499","--","0","984.00",
="073237","世芯國泰4A購01","0","0","0","--","--","--","--"," ","0.00","3.53","499","3.59","15","4,000.00",
="073238","世芯國泰4A購02","14,000","1","36,400","2.60","2.60","2.60","2.60","+","0.02","0.67","14","--","0","4,000.00",
="073239","材料國泰4A購01","0","0","0","--","--","--","--"," ","0.00","0.07","499","0.08","15","67.70",
="07323P","和大國票49售04","0","0","0","--","--","--","--"," ","0.00","--","0","0.45","10","0.00",
="073240","穎崴國泰4A購01","0","0","0","--","--","--","--"," ","0.00","0.27","10","0.28","10","1,250.00",
="073241","台灣50元富49購07","0","0","0","--","--","--","--"," ","0.00","6.30","25","6.50","25","52.50",
="073246","台灣50元富49購08","0","0","0","--","--","--","--"," ","0.00","12.00","25","12.10","25","52.50",
="073247","日本2X元富49購01","0","0","0","--","--","--","--"," ","0.00","0.71","25","0.81","10","63.45",
="07324P","華邦電國票52售01","0","0","0","--","--","--","--"," ","0.00","0.15","25","0.16","10","0.00",
="073252","香港反元富56購01","0","0","0","--","--","--","--"," ","0.00","0.04","25","0.10","10","5.57",
="073253","FBNQ2X元富49購03","0","0","0","--","--","--","--"," ","0.00","1.50","25","1.60","10","144.85",
="073254","SP黃豆元富49購01","0","0","0","--","--","--","--"," ","0.00","0.06","25","0.16","10","20.50",
="073255","道瓊銀元富49購03","0","0","0","--","--","--","--"," ","0.00","0.75","25","0.85","10","32.63",
="073256","華城元富49購02","0","0","0","--","--","--","--"," ","0.00","0.82","25","0.83","25","618.00",
="073257","亞德客元富49購01","0","0","0","--","--","--","--"," ","0.00","0.01","25","0.11","10","800.00",
="073258","亞德客元富53購01","10,000","1","4,500","0.45","0.45","0.45","0.45","-","0.02","0.43","25","0.44","25","800.00",
="073259","鴻海元富49購03","0","0","0","--","--","--","--"," ","0.00","1.84","25","1.93","25","206.00",
="07325P","國企2X永豐4C售02","0","0","0","--","--","--","--"," ","0.00","0.20","499","0.21","10","0.00",
="073260","廣宇元富49購03","0","0","0","--","--","--","--"," ","0.00","--","0","--","0","60.90",
="073261","廣宇元富53購01","175,000","4","490,620","2.91","2.91","2.72","2.79","+","0.06","1.23","8","--","0","60.90",
="073262","台積電元富49購20","0","0","0","--","--","--","--"," ","0.00","21.90","25","22.90","10","1,160.00",
="073264","台積電元富49購21","0","0","0","--","--","--","--"," ","0.00","17.00","25","18.00","10","1,160.00",
="073265","華邦電元富4A購03","8,000","1","6,960","0.87","0.87","0.87","0.87","X","0.00","0.80","25","0.81","25","19.60",
="073266","華邦電元富4A購04","0","0","0","--","--","--","--"," ","0.00","0.24","25","0.25","25","19.60",
="073267","台光電元富4A購07","0","0","0","--","--","--","--"," ","0.00","18.80","25","19.30","25","1,250.00",
="073269","志聖元富49購01","0","0","0","--","--","--","--"," ","0.00","0.58","25","0.68","10","201.50",
="07326P","中502X永豐52售01","0","0","0","--","--","--","--"," ","0.00","0.62","499","0.63","10","0.00",
="073270","長榮元富49購03","0","0","0","--","--","--","--"," ","0.00","0.18","25","0.19","25","188.00",
="073271","陽明元富49購05","0","0","0","--","--","--","--"," ","0.00","0.02","25","0.10","10","58.80",
="073272","大立光元富49購05","0","0","0","--","--","--","--"," ","0.00","0.03","25","0.10","10","2,395.00",
="073274","欣興元富4A購02","0","0","0","--","--","--","--"," ","0.00","2.79","25","2.89","25","150.00",
="073275","材料元富4A購03","0","0","0","--","--","--","--"," ","0.00","0.07","25","0.10","10","67.70",
="073276","訊芯元富49購01","0","0","0","--","--","--","--"," ","0.00","0.01","25","0.11","10","165.00",
="073277","世紀鋼元富49購02","0","0","0","--","--","--","--"," ","0.00","0.42","25","0.43","25","188.00",
="073278","臺股指元富49購17","0","0","0","--","--","--","--"," ","0.00","0.77","25","0.78","25","0.00",
="073279","臺股指元富5C購01","41,000","5","47,600","1.18","1.18","1.16","1.16","-","0.06","1.16","41","--","0","0.00",
="073280","台灣50永豐49購04","0","0","0","--","--","--","--"," ","0.00","6.60","10","7.00","10","52.50",
="073281","台灣50永豐4A購02","0","0","0","--","--","--","--"," ","0.00","3.46","10","3.56","10","52.50",
="073282","台積電永豐4B購04","0","0","0","--","--","--","--"," ","0.00","0.69","499","0.79","10","1,160.00",
="073283","台積電永豐4B購05","0","0","0","--","--","--","--"," ","0.00","0.48","499","0.58","10","1,160.00",
="073284","台積電永豐4B購06","0","0","0","--","--","--","--"," ","0.00","1.05","499","1.15","10","1,160.00",
="073285","敬鵬永豐4A購01","50,000","7","31,560","0.34","0.72","0.34","0.72","+","0.34","0.83","10","1.45","1","40.70",
="073286","材料永豐4A購03","0","0","0","--","--","--","--"," ","0.00","0.09","499","0.10","10","67.70",
="073287","台灣50凱基4A購08","0","0","0","--","--","--","--"," ","0.00","3.93","100","4.03","10","52.50",
="073288","滬深2X凱基52購01","142,000","3","106,840","0.72","0.76","0.71","0.76","-","0.18","0.69","10","0.70","50","18.32",
="073289","群高息凱基49購01","0","0","0","--","--","--","--"," ","0.00","--","0","--","0","21.44",
="07328P","台灣50元大49售09","0","0","0","--","--","--","--"," ","0.00","0.07","100","0.17","10","0.00",
="073290","華城凱基4A購02","30,000","1","43,500","1.45","1.45","1.45","1.45","+","0.02","1.32","100","1.35","10","618.00",
="073291","亞德客凱基49購02","2,000","1","20","0.01","0.01","0.01","0.01","X","0.00","0.01","98","0.11","10","800.00",
="073292","華新凱基49購03","0","0","0","--","--","--","--"," ","0.00","--","0","0.10","10","23.35",
="073293","大亞凱基4A購01","60,000","3","32,000","0.50","0.54","0.50","0.54","X","0.00","0.49","10","0.50","10","43.00",
="073294","中鴻凱基49購03","0","0","0","--","--","--","--"," ","0.00","--","0","0.10","10","16.15",
="073295","大成鋼凱基4C購03","0","0","0","--","--","--","--"," ","0.00","0.15","100","0.25","10","38.60",
="073296","川湖凱基49購04","0","0","0","--","--","--","--"," ","0.00","2.40","100","2.50","10","2,925.00",
="073297","鴻海凱基49購13","0","0","0","--","--","--","--"," ","0.00","1.42","71","--","0","206.00",
="073298","廣宇凱基49購02","0","0","0","--","--","--","--"," ","0.00","1.01","100","1.11","10","60.90",
="073299","台積電凱基4C購14","2,000","1","3,140","1.57","1.57","1.57","1.57","-","0.18","1.56","100","1.57","8","1,160.00",
="073300","台積電凱基54購06","0","0","0","--","--","--","--"," ","0.00","1.36","100","1.37","10","1,160.00",
="073301","台積電凱基54購07","0","0","0","--","--","--","--"," ","0.00","1.44","100","1.45","10","1,160.00",
="073302","華邦電凱基49購04","0","0","0","--","--","--","--"," ","0.00","0.04","10","0.14","10","19.60",
="073303","微星凱基4A購02","0","0","0","--","--","--","--"," ","0.00","0.03","100","0.06","5","136.50",
="073304","美律凱基49購02","0","0","0","--","--","--","--"," ","0.00","--","0","--","0","107.50",
="073305","一詮凱基49購02","0","0","0","--","--","--","--"," ","0.00","--","0","0.10","10","80.20",
="073306","皇昌凱基49購04","0","0","0","--","--","--","--"," ","0.00","--","0","0.10","10","83.50",
="073307","裕民凱基49購03","0","0","0","--","--","--","--"," ","0.00","0.01","100","0.11","10","57.30",
="073308","欣興凱基49購03","0","0","0","--","--","--","--"," ","0.00","2.08","100","--","0","150.00",
="073309","創意凱基49購02","0","0","0","--","--","--","--"," ","0.00","0.21","100","0.31","10","1,350.00",
="073310","碩天凱基51購01","60,000","2","17,350","0.29","0.29","0.28","0.28","-","0.01","0.27","110","0.28","30","225.50",
="073311","世芯凱基4B購03","0","0","0","--","--","--","--"," ","0.00","3.75","100","3.85","10","4,000.00",
="073312","亞翔凱基49購05","0","0","0","--","--","--","--"," ","0.00","0.44","100","--","0","349.50",
="073313","華孚凱基49購02","0","0","0","--","--","--","--"," ","0.00","0.44","10","0.54","10","62.60",
="073315","緯穎凱基49購07","0","0","0","--","--","--","--"," ","0.00","--","0","--","0","2,975.00",
="073316","志強凱基49購02","0","0","0","--","--","--","--"," ","0.00","--","0","0.10","10","105.50",
="073318","台灣50台新49購02","0","0","0","--","--","--","--"," ","0.00","9.15","10","--","0","0.00",
="073319","台積電台新49購03","0","0","0","--","--","--","--"," ","0.00","1.54","20","--","0","0.00",
="073320","台積電台新4A購01","0","0","0","--","--","--","--"," ","0.00","1.23","10","1.33","10","0.00",
="073321","亞泥統一55購01","0","0","0","--","--","--","--"," ","0.00","0.39","10","0.40","10","37.10",
="073323","台玻統一52購02","0","0","0","--","--","--","--"," ","0.00","3.20","10","3.26","10","34.55",
="073324","台積電統一63購01","58,000","2","51,620","0.89","0.89","0.89","0.89","X","0.00","0.86","10","0.87","10","1,160.00",
="073325","華邦電統一53購01","203,000","5","146,860","0.71","0.75","0.70","0.75","+","0.02","0.69","10","0.70","10","19.60",
="073326","華邦電統一53購02","240,000","1","76,800","0.32","0.32","0.32","0.32","+","0.02","0.28","10","0.29","10","19.60",
="073328","敬鵬統一55購01","1,452,000","53","1,120,890","0.68","0.84","0.68","0.83","+","0.15","0.85","10","--","0","40.70",
="073329","昆盈統一5B購01","50,000","1","25,500","0.51","0.51","0.51","0.51","-","0.01","0.51","10","0.52","10","49.85",
="073330","材料統一53購01","0","0","0","--","--","--","--"," ","0.00","0.15","10","0.16","10","67.70",
="073331","矽格統一55購01","6,000","2","3,080","0.51","0.53","0.51","0.53","X","0.00","0.51","10","0.52","10","82.20",
="073332","迅得統一53購03","6,000","2","2,540","0.44","0.44","0.42","0.42"," ","0.00","0.42","10","0.43","10","193.50",
="073333","訊芯統一53購02","0","0","0","--","--","--","--"," ","0.00","0.33","10","0.34","10","165.00",
="073336","台灣50群益49購03","0","0","0","--","--","--","--"," ","0.00","5.10","199","--","0","52.50",
="073337","滬深2X群益4B購03","0","0","0","--","--","--","--"," ","0.00","0.17","2","--","0","18.32",
="073338","A50正2群益49購01","0","0","0","--","--","--","--"," ","0.00","1.45","10","1.55","10","31.56",
="073339","中502X群益49購01","0","0","0","--","--","--","--"," ","0.00","0.07","499","--","0","11.76",
="073340","中興電群益49購04","119,000","11","145,020","1.19","1.24","1.12","1.24","+","0.21","1.23","25","1.30","10","167.00",
="073341","中鋼群益49購03","0","0","0","--","--","--","--"," ","0.00","--","0","0.10","10","20.15",
="073342","大成鋼群益4A購04","0","0","0","--","--","--","--"," ","0.00","--","0","--","0","38.60",
="073343","大成鋼群益4B購02","0","0","0","--","--","--","--"," ","0.00","0.01","499","--","0","38.60",
="073344","鴻海群益49購09","0","0","0","--","--","--","--"," ","0.00","--","0","2.92","10","206.00",
="073345","旺宏群益49購02","0","0","0","--","--","--","--"," ","0.00","--","0","--","0","20.10",
="073346","華邦電群益49購03","0","0","0","--","--","--","--"," ","0.00","--","0","0.16","10","19.60",
="073347","所羅門群益49購06","0","0","0","--","--","--","--"," ","0.00","0.03","499","--","0","162.00",
="073348","微星群益49購01","0","0","0","--","--","--","--"," ","0.00","0.01","25","0.03","10","136.50",
="073349","台光電群益4B購01","0","0","0","--","--","--","--"," ","0.00","--","0","13.50","10","1,250.00",
="073351","皇昌群益49購06","0","0","0","--","--","--","--"," ","0.00","0.01","499","--","0","83.50",
="073352","裕民群益4B購01","0","0","0","--","--","--","--"," ","0.00","0.45","100","0.46","100","57.30",
="073353","慧洋群益49購02","0","0","0","--","--","--","--"," ","0.00","--","0","0.11","10","61.80",
="073354","欣興群益49購01","0","0","0","--","--","--","--"," ","0.00","1.61","499","--","0","150.00",
="073355","群創群益4B購03","65,000","8","66,800","0.94","1.06","0.94","1.06","+","0.28","1.05","100","1.08","100","14.15",
="073356","宏致群益49購01","0","0","0","--","--","--","--"," ","0.00","--","0","--","0","73.90",
="073357","世芯群益49購08","0","0","0","--","--","--","--"," ","0.00","--","0","1.74","10","4,000.00",
="073358","神達群益49購03","0","0","0","--","--","--","--"," ","0.00","--","0","--","0","95.90",
="073359","大銀群益49購03","0","0","0","--","--","--","--"," ","0.00","0.05","499","0.15","10","126.00",
="073360","材料群益49購03","0","0","0","--","--","--","--"," ","0.00","--","0","--","0","67.70",
="073361","亞翔群益49購07","0","0","0","--","--","--","--"," ","0.00","--","0","--","0","349.50",
="073362","緯穎群益49購03","0","0","0","--","--","--","--"," ","0.00","--","0","--","0","2,975.00",
="073363","臺股指群益4A購16","0","0","0","--","--","--","--"," ","0.00","0.96","499","0.97","499","0.00",
="073364","華城元大49購10","248,000","1","109,120","0.44","0.44","0.44","0.44","-","0.01","0.39","499","0.40","10","618.00",
="073365","華城元大49購11","102,000","1","32,640","0.32","0.32","0.32","0.32","-","0.03","0.27","499","0.28","10","618.00",
="073366","華城元大51購03","423,000","6","298,350","0.70","0.73","0.69","0.69","-","0.03","0.68","499","0.69","10","618.00",
="073367","東鹼元大49購02","0","0","0","--","--","--","--"," ","0.00","--","0","0.10","10","32.20",
="073368","大成鋼元大4A購04","0","0","0","--","--","--","--"," ","0.00","--","0","0.10","10","38.60",
="073369","大成鋼元大4B購05","0","0","0","--","--","--","--"," ","0.00","0.03","499","0.13","10","38.60",
="07336P","鴻海凱基4A售05","0","0","0","--","--","--","--"," ","0.00","--","0","0.10","10","0.00",
="073370","上銀元大49購04","0","0","0","--","--","--","--"," ","0.00","--","0","0.10","10","215.50",
="073371","上銀元大49購05","0","0","0","--","--","--","--"," ","0.00","--","0","0.10","11","215.50",
="073372","上銀元大49購06","0","0","0","--","--","--","--"," ","0.00","--","0","0.10","10","215.50",
="073373","台積電元大49購10","0","0","0","--","--","--","--"," ","0.00","--","0","--","0","1,160.00",
="073374","台積電元大49購11","0","0","0","--","--","--","--"," ","0.00","--","0","--","0","1,160.00",
="073375","台積電元大49購12","0","0","0","--","--","--","--"," ","0.00","--","0","--","0","1,160.00",
="073376","華邦電元大49購01","0","0","0","--","--","--","--"," ","0.00","0.11","499","0.12","10","19.60",
="073377","華邦電元大4A購01","0","0","0","--","--","--","--"," ","0.00","0.11","499","0.12","10","19.60",
="073378","華邦電元大4B購01","248,000","6","117,580","0.46","0.49","0.46","0.46","-","0.04","0.45","499","0.46","10","19.60",
="073379","慧洋元大49購04","0","0","0","--","--","--","--"," ","0.00","--","0","0.10","10","61.80",
="073380","慧洋元大49購05","0","0","0","--","--","--","--"," ","0.00","--","0","0.10","10","61.80",
="073381","慧洋元大49購06","0","0","0","--","--","--","--"," ","0.00","--","0","0.10","10","61.80",
="073382","欣興元大49購03","1,000","1","500","0.50","0.50","0.50","0.50","+","0.12","0.41","499","0.45","10","150.00",
="073383","欣興元大49購04","0","0","0","--","--","--","--"," ","0.00","1.26","499","1.31","10","150.00",
="073384","欣興元大49購05","0","0","0","--","--","--","--"," ","0.00","1.35","499","1.39","10","150.00",
="073385","創意元大49購03","0","0","0","--","--","--","--"," ","0.00","--","0","0.10","10","1,350.00",
="073386","世芯元大49購06","0","0","0","--","--","--","--"," ","0.00","0.98","499","1.03","10","4,000.00",
="073387","海華元大49購04","10,000","1","25,200","2.52","2.52","2.52","2.52","X","0.00","2.25","25","2.35","10","100.00",
="073388","海華元大49購05","0","0","0","--","--","--","--"," ","0.00","3.12","25","3.22","10","100.00",
="073389","海華元大49購06","51,000","6","149,510","2.49","3.66","2.44","3.66","+","0.93","3.03","25","3.13","10","100.00",
="073390","材料元大49購04","0","0","0","--","--","--","--"," ","0.00","--","0","0.10","10","67.70",
="073391","材料元大49購05","0","0","0","--","--","--","--"," ","0.00","--","0","0.10","19","67.70",
="073394","新唐元大49購01","0","0","0","--","--","--","--"," ","0.00","--","0","0.10","10","61.70",
="073396","宏達電元富51購02","46,000","23","389,150","9.00","11.00","7.60","8.80","+","0.30","7.75","1","9.80","2","66.50",
="073397","亞翔元大49購05","0","0","0","--","--","--","--"," ","0.00","1.01","499","1.03","10","349.50",
="073398","亞翔元大49購06","0","0","0","--","--","--","--"," ","0.00","0.67","499","0.68","10","349.50",
="07339P","聯發科台新49售01","0","0","0","--","--","--","--"," ","0.00","1.94","10","2.04","10","0.00",
="073400","亞翔元大49購07","0","0","0","--","--","--","--"," ","0.00","2.04","350","2.08","10","349.50",
="073401","華孚元大49購02","75,000","3","27,200","0.38","0.38","0.36","0.36","-","0.02","0.30","499","0.31","10","62.60",
="073402","勤誠元大49購03","0","0","0","--","--","--","--"," ","0.00","8.95","100","--","0","613.00",
="073403","世紀鋼元大49購01","248,000","1","104,160","0.42","0.42","0.42","0.42","-","0.06","0.39","499","0.40","10","188.00",
="073405","世紀鋼元大4A購01","264,000","8","173,520","0.67","0.67","0.62","0.62","-","0.07","0.62","10","0.63","10","188.00",
="073406","世紀鋼元大4B購02","250,000","7","187,280","0.76","0.76","0.74","0.74","-","0.02","0.69","499","0.70","10","188.00",
="073408","三芳富邦4C購01","0","0","0","--","--","--","--"," ","0.00","0.32","10","0.33","10","0.00",
="073409","致茂富邦49購01","0","0","0","--","--","--","--"," ","0.00","2.80","30","--","0","0.00",
="073410","聯發科富邦4B購02","0","0","0","--","--","--","--"," ","0.00","0.08","30","0.09","10","0.00",
="073412","富華新富邦49購01","0","0","0","--","--","--","--"," ","0.00","--","0","0.03","182","0.00",
="073413","神達富邦4A購02","86,000","13","185,300","2.13","2.35","2.02","2.06","+","0.40","2.12","30","2.13","10","0.00",
="073414","祥碩富邦4A購01","21,000","3","1,770","0.07","0.10","0.07","0.07","-","0.03","0.07","10","0.10","10","0.00",
="073418","華邦電國泰4A購01","3,000","1","4,770","1.59","1.59","1.59","1.59","X","0.00","1.41","499","1.43","15","19.60",
="073420","智邦國泰4A購02","0","0","0","--","--","--","--"," ","0.00","5.55","499","--","0","984.00",
="073421","昆盈國泰4A購01","238,000","3","167,120","0.74","0.74","0.68","0.68","-","0.28","0.68","499","0.78","15","49.85",
="073422","聯發科國泰4A購01","0","0","0","--","--","--","--"," ","0.00","0.10","499","--","0","1,385.00",
="073423","健鼎國泰4A購01","0","0","0","--","--","--","--"," ","0.00","8.15","499","8.45","10","318.00",
="073424","台灣50中信49購02","0","0","0","--","--","--","--"," ","0.00","1.20","499","1.23","10","0.00",
="073425","T50正2中信49購02","0","0","0","--","--","--","--"," ","0.00","0.70","499","0.71","100","0.00",
="073426","台積電中信4C購05","621,000","5","534,010","0.86","0.86","0.81","0.81","X","0.00","0.80","6","0.81","9","0.00",
="073427","精元中信49購01","0","0","0","--","--","--","--"," ","0.00","--","0","--","0","0.00",
="073428","鉅祥中信4A購01","0","0","0","--","--","--","--"," ","0.00","0.46","499","0.47","10","0.00",
="073429","亞翔中信4B購01","31,000","5","23,500","0.75","0.78","0.65","0.65","-","0.16","0.64","10","0.65","10","0.00",
="073430","臺股指中信4A購07","0","0","0","--","--","--","--"," ","0.00","0.23","499","0.24","100","0.00",
="073431","臺股指中信4A購08","0","0","0","--","--","--","--"," ","0.00","0.01","499","0.02","10","0.00",
="073432","華新第一49購01","0","0","0","--","--","--","--"," ","0.00","4.40","10","4.41","10","0.00",
="073433","華新第一49購02","0","0","0","--","--","--","--"," ","0.00","4.87","10","4.88","10","0.00",
="073434","華邦電第一49購02","0","0","0","--","--","--","--"," ","0.00","0.18","10","0.28","10","0.00",
="073435","所羅門第一49購02","0","0","0","--","--","--","--"," ","0.00","2.98","10","2.99","10","0.00",
="073436","廣宇台新49購01","0","0","0","--","--","--","--"," ","0.00","3.78","20","--","0","0.00",
="073437","東陽永豐4A購01","0","0","0","--","--","--","--"," ","0.00","0.15","10","0.17","10","101.00",
="073438","上銀永豐4C購01","251,000","2","185,670","0.67","0.74","0.67","0.74","+","0.09","0.65","10","0.66","10","215.50",
="073439","南亞科永豐49購04","0","0","0","--","--","--","--"," ","0.00","1.49","499","1.59","10","46.65",
="073440","美律永豐49購01","0","0","0","--","--","--","--"," ","0.00","0.05","499","0.15","10","107.50",
="073441","聯發科永豐57購01","1,000","1","1,350","1.35","1.35","1.35","1.35","X","0.00","1.30","10","1.31","10","1,385.00",
="073442","奇鋐永豐49購04","0","0","0","--","--","--","--"," ","0.00","10.00","499","10.60","10","1,015.00",
="073443","奇鋐永豐49購05","0","0","0","--","--","--","--"," ","0.00","6.95","499","7.25","10","1,015.00",
="073444","群創永豐4A購01","264,000","9","142,790","0.49","0.73","0.49","0.71","+","0.28","0.71","10","0.73","10","14.15",
="073445","訊芯永豐4A購01","0","0","0","--","--","--","--"," ","0.00","0.11","499","0.12","10","165.00",
="073446","穎崴永豐49購02","0","0","0","--","--","--","--"," ","0.00","--","0","--","0","1,250.00",
="073447","台積電兆豐4B購02","0","0","0","--","--","--","--"," ","0.00","1.25","9","--","0","1,160.00",
="073448","京元電兆豐53購01","0","0","0","--","--","--","--"," ","0.00","2.94","10","2.95","10","142.00",
="073449","上銀統一53購02","0","0","0","--","--","--","--"," ","0.00","0.20","10","0.21","10","215.50",
="073450","鴻海統一63購01","140,000","3","143,900","1.02","1.03","1.02","1.03","-","0.02","1.02","10","1.03","10","206.00",
="073451","台積電統一53購04","103,000","1","118,450","1.15","1.15","1.15","1.15","-","0.01","1.12","10","1.13","10","1,160.00",
="073452","台積電統一53購05","0","0","0","--","--","--","--"," ","0.00","0.80","10","0.81","10","1,160.00",
="073453","昆盈統一53購01","0","0","0","--","--","--","--"," ","0.00","0.51","10","0.52","10","49.85",
="073454","昆盈統一53購02","126,000","11","68,700","0.56","0.56","0.52","0.52","-","0.02","0.52","10","0.53","10","49.85",
="073455","昆盈統一5C購01","90,000","3","50,700","0.57","0.57","0.56","0.57","-","0.01","0.56","10","0.57","10","49.85",
="073456","漢唐統一55購01","0","0","0","--","--","--","--"," ","0.00","4.08","10","4.17","10","1,190.00",
="073457","南亞科統一53購01","13,000","2","11,540","0.88","0.89","0.88","0.89","-","0.03","0.85","10","0.86","10","46.65",
="073458","牧德統一53購02","1,281,000","43","1,169,040","0.88","0.96","0.86","0.96","+","0.08","0.96","10","0.97","10","594.00",
="073459","緯穎統一51購05","0","0","0","--","--","--","--"," ","0.00","--","0","--","0","2,975.00",
="073460","富世達統一5B購01","158,000","11","151,170","0.97","0.97","0.93","0.96"," ","0.00","0.95","10","0.96","10","1,145.00",
="073461","台灣50國票49購02","0","0","0","--","--","--","--"," ","0.00","5.45","25","5.65","10","52.50",
="073462","T50正2國票49購03","0","0","0","--","--","--","--"," ","0.00","2.42","25","2.44","10","259.40",
="073463","上証2X國票4A購03","25,000","1","57,250","2.29","2.29","2.29","2.29","X","0.00","2.24","25","2.26","10","45.30",
="073464","滬深2X國票4A購02","54,000","6","140,350","2.63","2.65","2.55","2.55","-","0.72","2.54","25","2.55","23","18.32",
="073465","群臺2X國票4B購01","4,000","2","6,440","1.63","1.63","1.59","1.59","-","0.13","1.47","25","1.48","10","92.60",
="073466","SGBR2X國票4C購01","0","0","0","--","--","--","--"," ","0.00","1.20","25","1.21","10","11.25",
="073467","中502X國票4A購01","0","0","0","--","--","--","--"," ","0.00","0.51","25","0.52","10","11.76",
="073468","中鋼國票4A購02","0","0","0","--","--","--","--"," ","0.00","0.01","25","0.02","10","20.15",
="073469","普安國票49購01","0","0","0","--","--","--","--"," ","0.00","0.01","25","0.02","10","21.85",
="073470","陽明國票49購01","0","0","0","--","--","--","--"," ","0.00","0.01","25","0.02","10","58.80",
="073471","陽明國票4A購01","0","0","0","--","--","--","--"," ","0.00","0.39","25","0.40","10","58.80",
="073472","陽明國票4B購01","0","0","0","--","--","--","--"," ","0.00","0.36","25","0.37","10","58.80",
="073473","慧洋國票4A購01","0","0","0","--","--","--","--"," ","0.00","0.01","25","0.02","10","61.80",
="073474","慧洋國票4B購01","0","0","0","--","--","--","--"," ","0.00","0.04","25","0.05","10","61.80",
="073475","王品國票4A購01","0","0","0","--","--","--","--"," ","0.00","0.14","25","0.15","10","219.00",
="073476","健鼎國票4A購01","0","0","0","--","--","--","--"," ","0.00","7.40","25","7.90","10","318.00",
="073477","富華新國票4A購01","0","0","0","--","--","--","--"," ","0.00","0.04","25","0.05","10","21.15",
="073478","貿聯國票4A購03","0","0","0","--","--","--","--"," ","0.00","9.15","25","9.65","10","981.00",
="073479","迎廣國票49購01","35,000","1","10,150","0.29","0.29","0.29","0.29","X","0.00","0.29","25","0.30","10","94.00",
="073480","矽格國票4A購02","10,000","1","900","0.09","0.09","0.09","0.09","X","0.00","0.07","25","0.08","10","82.20",
="073481","穎崴國票4A購03","0","0","0","--","--","--","--"," ","0.00","0.04","25","0.05","10","1,250.00",
="073482","緯穎國票4A購02","0","0","0","--","--","--","--"," ","0.00","5.10","25","5.30","10","2,975.00",
="073483","富世達國票4A購01","0","0","0","--","--","--","--"," ","0.00","3.53","25","3.63","10","1,145.00",
="073484","長華國票49購01","0","0","0","--","--","--","--"," ","0.00","0.05","25","0.06","10","39.60",
="073485","台灣50富邦4C購01","0","0","0","--","--","--","--"," ","0.00","3.20","100","3.22","10","0.00",
="073486","台灣50富邦51購02","0","0","0","--","--","--","--"," ","0.00","3.78","100","3.81","98","0.00",
="073487","台灣50富邦53購01","0","0","0","--","--","--","--"," ","0.00","2.32","100","2.33","98","0.00",
="073488","中興電富邦4A購01","617,000","4","240,540","0.39","0.39","0.38","0.38","+","0.01","0.40","30","0.41","10","0.00",
="073489","大成鋼富邦4C購01","0","0","0","--","--","--","--"," ","0.00","0.34","10","0.35","10","0.00",
="073490","川湖富邦49購03","0","0","0","--","--","--","--"," ","0.00","1.65","30","--","0","0.00",
="073491","鴻海富邦4B購04","2,000","2","11,000","5.50","5.50","5.50","5.50","+","0.25","--","0","4.62","10","0.00",
="073492","台積電富邦49購10","0","0","0","--","--","--","--"," ","0.00","1.78","30","1.87","10","0.00",
="073493","台積電富邦4A購02","0","0","0","--","--","--","--"," ","0.00","1.64","30","1.71","10","0.00",
="073494","台積電富邦4B購05","0","0","0","--","--","--","--"," ","0.00","1.21","30","1.28","10","0.00",
="073495","台積電富邦4B購06","0","0","0","--","--","--","--"," ","0.00","1.76","30","1.83","10","0.00",
="073496","所羅門富邦49購02","0","0","0","--","--","--","--"," ","0.00","0.05","30","0.06","28","0.00",
="073497","南亞科富邦4B購02","0","0","0","--","--","--","--"," ","0.00","0.92","10","1.02","10","0.00",
="073498","奇鋐富邦4B購03","0","0","0","--","--","--","--"," ","0.00","3.95","10","4.05","10","0.00",
="073499","智原富邦49購03","0","0","0","--","--","--","--"," ","0.00","--","0","0.03","10","0.00",
="073500","臺股指富邦56購01","1,000","1","1,030","1.03","1.03","1.03","1.03","X","0.00","0.99","499","1.00","100","0.00",
="073501","FBNQ2X凱基49購03","0","0","0","--","--","--","--"," ","0.00","2.82","100","2.92","10","144.85",
="073502","元債2X凱基55購01","0","0","0","--","--","--","--"," ","0.00","0.32","100","0.33","50","7.05",
="073503","統一凱基49購01","0","0","0","--","--","--","--"," ","0.00","0.28","499","--","0","77.70",
="073504","中興電凱基49購03","0","0","0","--","--","--","--"," ","0.00","0.23","100","--","0","167.00",
="073505","華城凱基49購04","0","0","0","--","--","--","--"," ","0.00","1.00","100","--","0","618.00",
="073507","上銀凱基49購08","0","0","0","--","--","--","--"," ","0.00","--","0","0.10","10","215.50",
="073508","光寶科凱基4B購01","713,000","13","706,350","1.04","1.04","0.97","0.99","-","0.11","0.97","100","1.01","10","130.00",
="073509","鴻海凱基49購14","0","0","0","--","--","--","--"," ","0.00","3.49","29","5.40","5","206.00",
="073510","台積電凱基4C購15","0","0","0","--","--","--","--"," ","0.00","1.29","100","1.30","10","1,160.00",
="073511","台積電凱基51購07","0","0","0","--","--","--","--"," ","0.00","1.15","100","1.16","10","1,160.00",
="073512","台積電凱基54購08","0","0","0","--","--","--","--"," ","0.00","2.60","100","2.64","10","1,160.00",
="073513","旺宏凱基49購02","0","0","0","--","--","--","--"," ","0.00","--","0","0.10","10","20.10",
="073514","華邦電凱基49購05","0","0","0","--","--","--","--"," ","0.00","0.52","100","0.62","10","19.60",
="073515","所羅門凱基4B購02","1,123,000","19","750,840","0.66","0.73","0.55","0.55","-","0.21","0.54","100","0.55","10","162.00",
="073516","昆盈凱基4A購02","745,000","11","263,040","0.33","0.38","0.33","0.33","-","0.04","0.30","100","0.31","10","49.85",
="073519","金像電凱基49購01","0","0","0","--","--","--","--"," ","0.00","19.00","10","--","0","486.00",
="073520","漢唐凱基49購02","0","0","0","--","--","--","--"," ","0.00","41.00","10","--","0","1,190.00",
="073521","聯發科凱基51購02","0","0","0","--","--","--","--"," ","0.00","0.48","100","0.49","10","1,385.00",
="073522","慧洋凱基49購01","0","0","0","--","--","--","--"," ","0.00","--","0","0.10","10","61.80",
="073523","慧洋凱基49購02","0","0","0","--","--","--","--"," ","0.00","--","0","0.10","10","61.80",
="073524","創意凱基49購03","4,000","1","3,280","0.82","0.82","0.82","0.82","X","0.00","0.71","100","0.81","10","1,350.00",
="073525","群創凱基4B購01","174,000","12","159,750","0.72","1.01","0.72","1.01","+","0.31","0.98","100","1.00","10","14.15",
="073526","牧德凱基4A購02","275,000","13","303,310","1.14","1.32","1.03","1.32","+","0.36","1.29","10","1.31","10","594.00",
="073528","碩天凱基49購01","0","0","0","--","--","--","--"," ","0.00","--","0","0.10","10","225.50",
="073529","世芯凱基49購08","0","0","0","--","--","--","--"," ","0.00","2.46","100","2.56","10","4,000.00",
="07352P","鴻海凱基4A售06","0","0","0","--","--","--","--"," ","0.00","0.02","100","0.12","10","0.00",
="073531","神達凱基49購04","0","0","0","--","--","--","--"," ","0.00","7.60","100","--","0","95.90",
="073532","新唐凱基49購01","0","0","0","--","--","--","--"," ","0.00","--","0","0.10","10","61.70",
="073534","達興凱基49購02","0","0","0","--","--","--","--"," ","0.00","--","0","--","0","387.00",
="073535","亞翔凱基51購01","0","0","0","--","--","--","--"," ","0.00","3.27","100","3.37","10","349.50",
="073536","矽格凱基49購02","0","0","0","--","--","--","--"," ","0.00","0.32","10","0.42","10","82.20",
="073537","啟碁凱基49購01","0","0","0","--","--","--","--"," ","0.00","0.01","100","--","0","127.00",
="073538","穎崴凱基4B購02","1,329,000","20","169,360","0.09","0.14","0.09","0.14","-","0.03","0.12","100","0.22","10","1,250.00",
="073539","緯穎凱基4A購03","0","0","0","--","--","--","--"," ","0.00","6.15","100","6.65","10","2,975.00",
="073541","勤誠凱基49購01","0","0","0","--","--","--","--"," ","0.00","18.10","10","--","0","613.00",
="073542","滬深2X群益4B購04","0","0","0","--","--","--","--"," ","0.00","0.21","5","--","0","18.32",
="073543","中502X群益49購02","0","0","0","--","--","--","--"," ","0.00","--","0","--","0","11.76",
="073544","華友聯群益52購01","0","0","0","--","--","--","--"," ","0.00","0.13","10","0.23","10","71.30",
="073545","華城群益49購02","0","0","0","--","--","--","--"," ","0.00","--","0","--","0","618.00",
="073548","大成鋼群益4C購02","0","0","0","--","--","--","--"," ","0.00","--","0","--","0","38.60",
="073549","川湖群益49購02","0","0","0","--","--","--","--"," ","0.00","--","0","--","0","2,925.00",
="073550","廣宇群益49購01","0","0","0","--","--","--","--"," ","0.00","0.01","30","--","0","60.90",
="073551","廣宇群益4A購02","2,000","1","1,980","0.99","0.99","0.99","0.99","-","0.04","1.02","499","1.12","10","60.90",
="073552","台積電群益49購13","0","0","0","--","--","--","--"," ","0.00","--","0","3.40","1","1,160.00",
="073553","台積電群益4A購25","0","0","0","--","--","--","--"," ","0.00","0.45","22","1.20","10","1,160.00",
="073554","台積電群益4B購13","0","0","0","--","--","--","--"," ","0.00","--","0","1.07","10","1,160.00",
="073556","昆盈群益49購01","0","0","0","--","--","--","--"," ","0.00","--","0","0.25","10","49.85",
="073557","微星群益49購02","0","0","0","--","--","--","--"," ","0.00","--","0","--","0","136.50",
="073558","台光電群益4B購02","0","0","0","--","--","--","--"," ","0.00","--","0","--","0","1,250.00",
="073559","南亞科群益49購04","0","0","0","--","--","--","--"," ","0.00","0.16","1","1.13","10","46.65",
="07355P","皇昌凱基49售02","0","0","0","--","--","--","--"," ","0.00","0.80","10","0.90","10","0.00",
="073561","南亞科群益4A購03","0","0","0","--","--","--","--"," ","0.00","0.16","1","1.04","10","46.65",
="073563","南亞科群益4B購01","194,000","7","276,040","1.43","1.45","1.41","1.41","-","0.06","1.28","100","1.30","100","46.65",
="073564","美律群益4B購02","0","0","0","--","--","--","--"," ","0.00","--","0","--","0","107.50",
="073565","聯發科群益49購04","0","0","0","--","--","--","--"," ","0.00","--","0","--","0","1,385.00",
="073566","一詮群益49購01","0","0","0","--","--","--","--"," ","0.00","--","0","--","0","80.20",
="073567","裕民群益4B購02","7,000","3","4,880","0.70","0.70","0.69","0.69","X","0.00","0.68","100","0.69","100","57.30",
="073568","慧洋群益49購03","0","0","0","--","--","--","--"," ","0.00","--","0","--","0","61.80",
="073569","欣興群益49購02","0","0","0","--","--","--","--"," ","0.00","0.03","55","--","0","150.00",
="073570","創意群益49購09","0","0","0","--","--","--","--"," ","0.00","--","0","--","0","1,350.00",
="073572","牧德群益4B購01","424,000","32","691,790","1.65","1.83","1.48","1.83","+","0.37","1.85","103","1.89","100","594.00",
="073573","智易群益4A購01","3,000","3","2,400","0.80","0.80","0.80","0.80","-","0.19","0.17","58","--","0","236.00",
="073574","碩天群益49購01","0","0","0","--","--","--","--"," ","0.00","--","0","0.08","5","225.50",
="073575","世芯群益49購09","0","0","0","--","--","--","--"," ","0.00","--","0","7.00","40","4,000.00",
="073576","世芯群益49購10","0","0","0","--","--","--","--"," ","0.00","--","0","--","0","4,000.00",
="073577","材料群益53購01","0","0","0","--","--","--","--"," ","0.00","0.12","10","0.22","10","67.70",
="073578","矽格群益49購01","1,000","1","1,390","1.39","1.39","1.39","1.39","+","0.38","0.01","1","--","0","82.20",
="073579","迅得群益49購03","0","0","0","--","--","--","--"," ","0.00","--","0","--","0","193.50",
="073580","緯穎群益49購04","0","0","0","--","--","--","--"," ","0.00","--","0","--","0","2,975.00",
="073581","永道群益49購02","0","0","0","--","--","--","--"," ","0.00","--","0","--","0","154.50",
="073582","電子類群益4A購01","0","0","0","--","--","--","--"," ","0.00","2.44","499","2.45","499","0.00",
="073583","台灣50元富49購09","0","0","0","--","--","--","--"," ","0.00","9.75","25","10.00","25","52.50",
="073584","A50正2元富49購02","0","0","0","--","--","--","--"," ","0.00","2.18","25","2.28","10","31.56",
="073585","SGBR2X元富53購01","22,000","2","24,220","1.11","1.11","1.10","1.10","+","0.01","1.08","25","1.09","25","11.25",
="073586","華城元富49購03","0","0","0","--","--","--","--"," ","0.00","0.10","25","0.11","25","618.00",
="073587","上銀元富49購02","0","0","0","--","--","--","--"," ","0.00","--","0","0.10","25","215.50",
="073588","鴻海元富49購05","0","0","0","--","--","--","--"," ","0.00","12.50","25","13.00","25","206.00",
="073589","台積電元富49購22","0","0","0","--","--","--","--"," ","0.00","13.40","25","14.40","10","1,160.00",
="073590","台積電元富49購23","0","0","0","--","--","--","--"," ","0.00","2.69","25","2.79","10","1,160.00",
="073591","台積電元富49購24","0","0","0","--","--","--","--"," ","0.00","2.44","25","2.54","10","1,160.00",
="073592","台積電元富49購25","0","0","0","--","--","--","--"," ","0.00","2.19","25","2.29","10","1,160.00",
="073593","台積電元富49購26","0","0","0","--","--","--","--"," ","0.00","6.60","25","7.10","10","1,160.00",
="073594","台積電元富49購27","0","0","0","--","--","--","--"," ","0.00","1.95","25","2.05","10","1,160.00",
="073595","台積電元富53購02","0","0","0","--","--","--","--"," ","0.00","2.29","25","2.39","10","1,160.00",
="073596","台積電元富53購03","0","0","0","--","--","--","--"," ","0.00","20.00","25","21.00","10","1,160.00",
="073597","台積電元富53購04","0","0","0","--","--","--","--"," ","0.00","17.00","25","18.00","10","1,160.00",
="073598","所羅門元富4A購01","0","0","0","--","--","--","--"," ","0.00","0.68","25","0.69","25","162.00",
="073599","南亞科元富49購02","0","0","0","--","--","--","--"," ","0.00","0.17","25","0.27","25","46.65",
="07359P","群創群益49售03","0","0","0","--","--","--","--"," ","0.00","--","0","0.18","10","0.00",
="073600","南亞科元富4A購02","49,000","2","59,670","1.23","1.23","1.17","1.17","-","0.10","1.04","25","1.05","25","46.65",
="073601","京元電元富49購02","10,000","1","31,400","3.14","3.14","3.14","3.14","X","0.00","2.96","25","3.06","10","142.00",
="073602","富邦金元富49購01","0","0","0","--","--","--","--"," ","0.00","0.08","25","0.18","10","85.20",
="073603","凱基金元富49購02","0","0","0","--","--","--","--"," ","0.00","0.07","25","0.17","10","15.55",
="073604","奇鋐元富4C購01","0","0","0","--","--","--","--"," ","0.00","11.10","25","11.50","25","1,015.00",
="073605","奇鋐元富51購01","0","0","0","--","--","--","--"," ","0.00","5.35","25","5.50","25","1,015.00",
="073606","景碩元富49購02","1,000","1","830","0.83","0.83","0.83","0.83","X","0.00","0.72","25","0.78","25","113.50",
="073607","世芯元富49購10","0","0","0","--","--","--","--"," ","0.00","--","0","--","0","4,000.00",
="073608","日月光元富49購03","0","0","0","--","--","--","--"," ","0.00","0.05","25","0.10","10","147.50",
="073609","材料元富4B購03","0","0","0","--","--","--","--"," ","0.00","0.18","25","0.19","25","67.70",
="073610","立積元富49購02","0","0","0","--","--","--","--"," ","0.00","--","0","--","0","158.00",
="073611","亞翔元富4A購03","0","0","0","--","--","--","--"," ","0.00","3.64","25","3.74","10","349.50",
="073612","矽格元富49購01","0","0","0","--","--","--","--"," ","0.00","0.49","25","0.50","25","82.20",
="073613","瑞祺元富49購01","0","0","0","--","--","--","--"," ","0.00","--","0","0.10","25","87.50",
="073614","緯穎元富4C購02","0","0","0","--","--","--","--"," ","0.00","3.10","25","3.16","25","2,975.00",
="073615","臺股指元富49購18","0","0","0","--","--","--","--"," ","0.00","2.58","25","2.59","25","0.00",
="073616","華城元大49購12","0","0","0","--","--","--","--"," ","0.00","1.83","350","1.89","10","618.00",
="073617","華城元大49購13","0","0","0","--","--","--","--"," ","0.00","0.02","499","0.12","10","618.00",
="073619","直得元大49購01","0","0","0","--","--","--","--"," ","0.00","--","0","0.10","10","89.20",
="07361P","皇昌統一4C售01","331,000","12","142,850","0.44","0.47","0.42","0.47","+","0.01","0.46","10","0.47","10","0.00",
="073620","華新元大49購05","0","0","0","--","--","--","--"," ","0.00","--","0","0.10","10","23.35",
="073621","上銀元大49購07","0","0","0","--","--","--","--"," ","0.00","--","0","0.10","10","215.50",
="073622","上銀元大49購08","0","0","0","--","--","--","--"," ","0.00","--","0","0.10","10","215.50",
="073623","川湖元大49購06","0","0","0","--","--","--","--"," ","0.00","3.01","250","3.11","10","2,925.00",
="073624","川湖元大4B購03","22,000","4","60,130","2.66","2.77","2.66","2.77","+","0.09","2.62","300","2.65","10","2,925.00",
="073625","川湖元大51購03","104,000","5","168,640","1.59","1.64","1.59","1.64","+","0.04","1.59","450","1.62","10","2,925.00",
="073626","鴻海元大49購04","0","0","0","--","--","--","--"," ","0.00","0.32","499","0.33","10","206.00",
="073627","鴻海元大4B購03","10,000","2","18,350","1.84","1.84","1.83","1.83","X","0.00","1.84","400","1.87","10","206.00",
="073628","台積電元大49購13","0","0","0","--","--","--","--"," ","0.00","--","0","--","0","1,160.00",
="073629","台積電元大49購14","0","0","0","--","--","--","--"," ","0.00","--","0","--","0","1,160.00",
="073630","台積電元大52購03","48,000","4","77,220","1.63","1.63","1.58","1.58","-","0.08","0.74","13","--","0","1,160.00",
="073631","華邦電元大49購04","0","0","0","--","--","--","--"," ","0.00","0.20","499","0.21","10","19.60",
="073634","華邦電元大4A購02","0","0","0","--","--","--","--"," ","0.00","0.35","499","0.36","10","19.60",
="073635","順德元大49購02","0","0","0","--","--","--","--"," ","0.00","0.23","499","0.24","10","88.20",
="073637","大同元大4A購03","0","0","0","--","--","--","--"," ","0.00","0.61","499","0.62","10","40.75",
="073638","大同元大4C購01","10,000","2","9,200","0.91","0.93","0.91","0.93","-","0.10","0.94","499","0.95","10","40.75",
="073639","佳能元大49購02","0","0","0","--","--","--","--"," ","0.00","0.90","499","0.93","10","80.80",
="07363P","國企2X元大4A售02","162,000","4","157,100","0.96","0.98","0.96","0.96","+","0.17","1.03","499","1.04","50","0.00",
="073643","精元元大49購01","0","0","0","--","--","--","--"," ","0.00","--","0","0.10","10","41.70",
="073644","南亞科元大4B購01","53,000","5","105,710","2.00","2.02","1.93","2.02","-","0.03","1.84","350","1.85","10","46.65",
="073646","南亞科元大4C購01","830,000","14","1,356,800","1.68","1.69","1.57","1.57","-","0.14","1.56","450","1.57","10","46.65",
="073647","友達元大49購01","0","0","0","--","--","--","--"," ","0.00","--","0","0.10","10","13.05",
="073648","聯發科元大49購07","0","0","0","--","--","--","--"," ","0.00","--","0","0.10","10","1,385.00",
="073649","聯發科元大49購08","0","0","0","--","--","--","--"," ","0.00","--","0","0.10","10","1,385.00",
="073651","聯發科元大49購09","0","0","0","--","--","--","--"," ","0.00","--","0","0.10","10","1,385.00",
="073654","新興元大49購01","0","0","0","--","--","--","--"," ","0.00","--","0","0.10","10","23.65",
="073658","新興元大49購02","0","0","0","--","--","--","--"," ","0.00","0.03","499","0.13","10","23.65",
="073659","智原元大49購01","0","0","0","--","--","--","--"," ","0.00","--","0","0.10","10","158.00",
="073661","智原元大4C購01","100,000","1","9,000","0.09","0.09","0.09","0.09","X","0.00","0.09","499","0.10","10","158.00",
="073662","欣興元大49購06","0","0","0","--","--","--","--"," ","0.00","1.47","499","1.53","10","150.00",
="073663","新日興元大49購05","0","0","0","--","--","--","--"," ","0.00","--","0","0.10","10","259.00",
="073664","新日興元大49購06","0","0","0","--","--","--","--"," ","0.00","--","0","--","0","259.00",
="073665","創意元大49購04","100,000","2","9,000","0.08","0.10","0.08","0.10","+","0.01","--","0","0.15","50","1,350.00",
="073666","創意元大49購05","0","0","0","--","--","--","--"," ","0.00","--","0","--","0","1,350.00",
="073667","創意元大49購06","0","0","0","--","--","--","--"," ","0.00","--","0","--","0","1,350.00",
="073668","群創元大49購02","50,000","1","40,000","0.80","0.80","0.80","0.80","X","0.00","0.82","499","0.87","10","14.15",
="073669","群創元大4C購01","0","0","0","--","--","--","--"," ","0.00","0.36","499","0.37","10","14.15",
="073670","世芯元大49購07","50,000","2","55,400","1.06","1.12","1.06","1.12","+","0.09","0.90","499","0.92","10","4,000.00",
="073671","世芯元大49購08","81,000","3","93,670","1.10","1.17","1.10","1.16","+","0.07","0.95","499","0.97","10","4,000.00",
="073672","新唐元大49購02","0","0","0","--","--","--","--"," ","0.00","--","0","0.10","10","61.70",
="073674","立積元大49購03","0","0","0","--","--","--","--"," ","0.00","--","0","--","0","158.00",
="073675","東科元大49購04","0","0","0","--","--","--","--"," ","0.00","--","0","0.10","10","112.00",
="073676","華孚元大49購03","0","0","0","--","--","--","--"," ","0.00","--","0","0.10","10","62.60",
="073677","伊雲谷元大49購01","0","0","0","--","--","--","--"," ","0.00","--","0","0.10","10","77.60",
="073678","世紀鋼元大4A購02","300,000","9","205,200","0.68","0.70","0.67","0.67","-","0.06","0.63","499","0.64","10","188.00",
="073680","世紀鋼元大4B購03","120,000","2","68,850","0.60","0.60","0.57","0.57","-","0.09","0.56","499","0.57","10","188.00",
="073681","金融類元大49購01","0","0","0","--","--","--","--"," ","0.00","0.03","499","0.13","10","0.00",
="073682","T50正2國泰4A購01","0","0","0","--","--","--","--"," ","0.00","2.25","499","2.35","15","259.40",
="073683","T50反1國泰4A購01","0","0","0","--","--","--","--"," ","0.00","0.09","499","0.11","15","19.79",
="073684","滬深2X國泰4A購01","0","0","0","--","--","--","--"," ","0.00","0.10","55","--","0","18.32",
="073685","大成鋼國泰4A購01","0","0","0","--","--","--","--"," ","0.00","0.04","10","0.05","10","38.60",
="073686","裕民國泰4A購01","0","0","0","--","--","--","--"," ","0.00","0.02","499","0.03","15","57.30",
="073687","慧洋國泰4A購01","0","0","0","--","--","--","--"," ","0.00","0.06","499","0.15","15","61.80",
="073688","日月光國泰4A購01","0","0","0","--","--","--","--"," ","0.00","0.07","499","0.08","15","147.50",
="073689","達興國泰4A購01","37,000","3","367,400","9.90","10.00","9.75","9.75","+","0.95","9.45","120","--","0","387.00",
="073690","達興國泰4A購02","0","0","0","--","--","--","--"," ","0.00","8.60","499","--","0","387.00",
="073691","S&P反1中信4B購01","0","0","0","--","--","--","--"," ","0.00","0.47","499","0.48","106","0.00",
="073692","和大中信49購01","0","0","0","--","--","--","--"," ","0.00","--","0","--","0","0.00",
="073693","中砂中信49購01","1,000","1","270","0.27","0.27","0.27","0.27","X","0.00","0.20","10","0.40","30","0.00",
="073694","中鴻中信49購01","0","0","0","--","--","--","--"," ","0.00","--","0","0.01","80","0.00",
="073695","台積電中信4B購03","6,000","1","7,260","1.21","1.21","1.21","1.21","-","0.03","1.09","499","1.13","10","0.00",
="073696","台灣50國票4B購02","0","0","0","--","--","--","--"," ","0.00","2.94","25","2.95","10","52.50",
="073697","台灣50國票51購01","9,000","3","7,860","0.91","0.91","0.84","0.84","-","0.15","0.82","25","0.83","10","52.50",
="073698","T50正2國票4A購03","14,000","5","14,130","1.05","1.05","0.93","0.93","-","0.17","0.94","25","0.95","10","259.40",
="073699","FBNQ2X國票49購03","0","0","0","--","--","--","--"," ","0.00","3.06","25","3.10","10","144.85",
="073700","FBNQ2X國票4A購02","0","0","0","--","--","--","--"," ","0.00","2.84","25","--","0","144.85",
="073701","美費半國票49購02","0","0","0","--","--","--","--"," ","0.00","2.81","25","2.88","10","45.51",
="073702","南亞國票4A購01","0","0","0","--","--","--","--"," ","0.00","1.58","25","--","0","43.00",
="073703","華城國票4B購01","0","0","0","--","--","--","--"," ","0.00","1.28","25","1.30","10","618.00",
="073704","台積電國票4C購04","10,000","1","14,700","1.47","1.47","1.47","1.47","-","0.07","1.46","25","1.47","10","1,160.00",
="073705","台積電國票51購03","0","0","0","--","--","--","--"," ","0.00","1.48","25","1.49","10","1,160.00",
="073706","台積電國票57購01","0","0","0","--","--","--","--"," ","0.00","1.94","25","1.95","10","1,160.00",
="073707","台積電國票59購02","0","0","0","--","--","--","--"," ","0.00","2.32","25","2.33","10","1,160.00",
="073708","台積電國票5A購01","0","0","0","--","--","--","--"," ","0.00","2.56","25","2.57","10","1,160.00",
="073709","台積電國票5B購01","0","0","0","--","--","--","--"," ","0.00","2.35","25","2.36","10","1,160.00",
="07370P","華友聯國票49售01","0","0","0","--","--","--","--"," ","0.00","1.19","25","1.26","10","0.00",
="073710","智邦國票4A購02","0","0","0","--","--","--","--"," ","0.00","6.70","25","7.00","10","984.00",
="073711","毅嘉國票4A購02","1,000","1","5,150","5.15","5.15","5.15","5.15","X","0.00","5.00","25","5.15","10","60.80",
="073712","漢唐國票4A購01","0","0","0","--","--","--","--"," ","0.00","32.20","25","33.20","10","1,190.00",
="073713","美律國票4A購02","0","0","0","--","--","--","--"," ","0.00","0.23","25","0.24","10","107.50",
="073714","鉅祥國票4A購01","5,000","1","5,550","1.11","1.11","1.11","1.11","+","0.28","1.02","25","1.04","10","98.10",
="073715","大立光國票4A購02","0","0","0","--","--","--","--"," ","0.00","0.06","25","0.07","10","2,395.00",
="073716","奇鋐國票4A購02","0","0","0","--","--","--","--"," ","0.00","13.70","25","14.70","10","1,015.00",
="073717","欣興國票4A購01","0","0","0","--","--","--","--"," ","0.00","1.79","25","1.86","10","150.00",
="073718","創意國票4B購02","77,000","3","30,200","0.36","0.40","0.36","0.40","+","0.03","0.36","25","0.37","10","1,350.00",
="073719","神達國票49購04","0","0","0","--","--","--","--"," ","0.00","7.45","25","7.95","10","95.90",
="07371P","大成鋼國票49售05","0","0","0","--","--","--","--"," ","0.00","0.29","25","0.30","10","0.00",
="073720","瑞祺國票4A購01","0","0","0","--","--","--","--"," ","0.00","0.01","25","0.02","25","87.50",
="073721","晶心科國票4B購01","0","0","0","--","--","--","--"," ","0.00","0.05","25","0.06","10","283.00",
="073722","臺股指國票49購06","0","0","0","--","--","--","--"," ","0.00","2.06","499","2.16","10","0.00",
="073723","臺股指國票49購07","0","0","0","--","--","--","--"," ","0.00","1.17","499","1.18","499","0.00",
="073724","臺股指國票4A購01","0","0","0","--","--","--","--"," ","0.00","2.56","499","2.57","499","0.00",
="073725","A50正2永豐4C購01","45,000","9","66,900","1.47","1.58","1.45","1.45","-","0.35","1.44","499","1.45","5","31.56",
="073726","台塑永豐49購04","0","0","0","--","--","--","--"," ","0.00","0.28","499","0.38","10","39.10",
="073727","南亞永豐4B購01","71,000","17","206,810","3.07","3.07","2.72","2.75","-","0.56","2.70","10","2.76","10","43.00",
="073728","台化永豐4A購01","53,000","3","16,470","0.33","0.33","0.31","0.31","-","0.14","0.30","10","0.31","10","29.90",
="073729","亞力永豐49購01","0","0","0","--","--","--","--"," ","0.00","0.48","10","0.58","10","110.50",
="07372P","鴻海國票49售07","0","0","0","--","--","--","--"," ","0.00","0.01","25","0.05","10","0.00",
="073730","華城永豐49購02","0","0","0","--","--","--","--"," ","0.00","0.08","499","0.12","10","618.00",
="073731","台積電永豐63購01","11,000","6","184,100","16.90","16.90","16.60","16.60","-","1.10","15.90","10","16.90","10","1,160.00",
="073732","技嘉永豐4A購02","45,000","3","95,750","2.15","2.16","2.12","2.16","-","0.18","2.02","10","2.12","10","281.00",
="073733","長榮永豐4A購02","32,000","1","9,600","0.30","0.30","0.30","0.30","-","0.01","0.29","499","0.30","10","188.00",
="073734","文曄永豐49購01","50,000","6","115,900","2.24","2.35","2.24","2.35","+","0.08","2.23","499","2.33","10","123.00",
="073735","牧德永豐4B購01","905,000","12","494,770","0.55","0.62","0.52","0.60","+","0.10","0.68","10","0.69","10","594.00",
="073736","亞翔永豐4C購01","0","0","0","--","--","--","--"," ","0.00","1.69","10","1.71","10","349.50",
="073737","東陽統一51購02","0","0","0","--","--","--","--"," ","0.00","0.18","10","0.19","10","101.00",
="073738","和大統一5B購01","0","0","0","--","--","--","--"," ","0.00","0.41","10","--","0","72.90",
="073739","華邦電統一59購01","176,000","3","117,680","0.68","0.68","0.66","0.66"," ","0.00","0.65","10","0.66","10","19.60",
="073740","精元統一52購01","25,000","1","2,500","0.10","0.10","0.10","0.10"," ","0.00","0.07","10","0.08","10","41.70",
="073741","漢唐統一51購04","0","0","0","--","--","--","--"," ","0.00","5.55","10","6.05","10","1,190.00",
="073742","美律統一53購02","107,000","4","42,800","0.40","0.40","0.40","0.40","-","0.04","0.38","50","0.39","10","107.50",
="073743","美律統一55購01","0","0","0","--","--","--","--"," ","0.00","0.44","10","0.45","10","107.50",
="073744","裕民統一52購06","0","0","0","--","--","--","--"," ","0.00","0.30","10","0.31","10","57.30",
="073745","慧洋統一52購03","0","0","0","--","--","--","--"," ","0.00","0.19","10","0.20","10","61.80",
="073746","慧洋統一53購02","0","0","0","--","--","--","--"," ","0.00","0.16","10","0.17","10","61.80",
="073747","全漢統一52購01","0","0","0","--","--","--","--"," ","0.00","0.25","10","0.26","10","57.10",
="073748","智原統一53購01","601,000","4","42,070","0.07","0.07","0.07","0.07","+","0.01","0.06","309","0.07","10","158.00",
="073749","達興統一53購06","125,000","5","260,840","2.04","2.12","2.04","2.12","+","0.45","2.00","10","2.01","10","387.00",
="07374P","緯創國票49售05","0","0","0","--","--","--","--"," ","0.00","0.42","25","0.43","10","0.00",
="073750","達興統一56購01","16,000","4","31,290","1.92","2.01","1.90","2.01","+","0.43","1.97","10","1.98","10","387.00",
="073751","矽格統一52購03","565,000","6","323,560","0.56","0.58","0.56","0.56","X","0.00","0.55","10","0.56","10","82.20",
="073752","矽格統一53購01","230,000","3","134,900","0.58","0.59","0.58","0.59","+","0.04","0.58","10","0.59","10","82.20",
="073753","訊芯統一53購03","52,000","1","18,720","0.36","0.36","0.36","0.36","X","0.00","0.35","10","0.36","10","165.00",
="073754","愛普統一53購01","37,000","7","17,750","0.48","0.50","0.46","0.50","+","0.03","0.48","10","0.49","10","305.50",
="073756","愛普統一59購01","91,000","4","61,400","0.65","0.69","0.65","0.69","+","0.03","0.66","10","0.67","10","305.50",
="073757","和大第一49購01","0","0","0","--","--","--","--"," ","0.00","1.61","10","--","0","0.00",
="073758","信邦第一49購01","0","0","0","--","--","--","--"," ","0.00","1.28","10","1.29","10","0.00",
="073759","台灣50凱基49購10","0","0","0","--","--","--","--"," ","0.00","6.95","100","--","0","52.50",
="07375P","大銀國票49售03","0","0","0","--","--","--","--"," ","0.00","0.25","25","0.26","10","0.00",
="073760","台灣50凱基52購02","6,000","4","15,020","2.58","2.59","2.46","2.46","-","0.32","2.41","100","2.42","50","52.50",
="073761","T50正2凱基49購04","0","0","0","--","--","--","--"," ","0.00","2.84","100","--","0","259.40",
="073762","上証2X凱基4B購02","0","0","0","--","--","--","--"," ","0.00","0.59","100","0.60","50","45.30",
="073763","滬深2X凱基49購05","0","0","0","--","--","--","--"," ","0.00","1.46","10","1.56","10","18.32",
="073764","群臺2X凱基4B購01","0","0","0","--","--","--","--"," ","0.00","1.67","10","1.68","10","92.60",
="073765","華友聯凱基49購01","0","0","0","--","--","--","--"," ","0.00","--","0","0.10","10","71.30",
="073766","和大凱基4C購01","31,000","2","4,970","0.16","0.17","0.16","0.17","X","0.00","0.33","100","2.00","10","72.90",
="073768","中鴻凱基4A購01","0","0","0","--","--","--","--"," ","0.00","--","0","0.10","10","16.15",
="073769","大成鋼凱基49購07","0","0","0","--","--","--","--"," ","0.00","0.01","100","0.11","10","38.60",
="07376P","大銀國票49售04","0","0","0","--","--","--","--"," ","0.00","1.12","25","1.19","10","0.00",
="073770","鴻海凱基61購01","0","0","0","--","--","--","--"," ","0.00","4.83","100","4.84","10","206.00",
="073771","國巨凱基4A購04","0","0","0","--","--","--","--"," ","0.00","0.81","100","0.84","10","137.00",
="073772","大同凱基4B購01","80,000","4","24,400","0.30","0.32","0.30","0.31","-","0.04","0.29","10","0.30","30","40.75",
="073773","佳能凱基4B購01","128,000","8","110,300","0.86","0.94","0.84","0.92","+","0.01","0.87","100","0.89","10","80.80",
="073774","精元凱基49購02","0","0","0","--","--","--","--"," ","0.00","--","0","0.10","10","41.70",
="073776","美律凱基4B購01","0","0","0","--","--","--","--"," ","0.00","0.04","100","0.13","20","107.50",
="073777","一詮凱基49購03","0","0","0","--","--","--","--"," ","0.00","--","0","0.10","10","80.20",
="073778","新興凱基49購01","0","0","0","--","--","--","--"," ","0.00","--","0","0.10","10","23.65",
="073779","裕民凱基49購05","0","0","0","--","--","--","--"," ","0.00","--","0","0.10","10","57.30",
="07377P","國企2X凱基4A售04","4,000","2","3,480","0.87","0.87","0.87","0.87","X","0.00","0.96","100","0.97","50","0.00",
="073780","慧洋凱基49購03","0","0","0","--","--","--","--"," ","0.00","--","0","0.10","10","61.80",
="073781","奇鋐凱基4A購02","0","0","0","--","--","--","--"," ","0.00","12.60","100","13.60","10","1,015.00",
="073782","智原凱基52購01","0","0","0","--","--","--","--"," ","0.00","0.28","499","0.29","40","158.00",
="073783","欣興凱基49購04","0","0","0","--","--","--","--"," ","0.00","1.90","100","--","0","150.00",
="073784","健鼎凱基49購01","0","0","0","--","--","--","--"," ","0.00","9.15","10","9.65","10","318.00",
="073785","富華新凱基49購02","0","0","0","--","--","--","--"," ","0.00","--","0","0.10","10","21.15",
="073786","景碩凱基51購01","169,000","21","136,730","0.74","0.88","0.74","0.78","-","0.02","0.75","100","0.77","10","113.50",
="073787","緯創凱基4A購03","10,000","2","5,100","0.53","0.53","0.49","0.49","+","0.01","0.49","100","1.00","5","115.00",
="073788","新日興凱基49購05","0","0","0","--","--","--","--"," ","0.00","0.03","100","0.13","10","259.00",
="073789","智易凱基49購01","0","0","0","--","--","--","--"," ","0.00","0.87","10","0.97","10","236.00",
="073790","貿聯凱基4A購03","0","0","0","--","--","--","--"," ","0.00","10.30","10","11.30","10","981.00",
="073791","達興凱基4A購01","0","0","0","--","--","--","--"," ","0.00","6.90","50","--","0","387.00",
="073792","亞翔凱基52購01","15,000","2","48,450","3.23","3.23","3.23","3.23"," ","0.00","1.32","37","2.89","10","349.50",
="073793","華孚凱基49購03","0","0","0","--","--","--","--"," ","0.00","--","0","0.10","10","62.60",
="073794","矽格凱基4A購01","0","0","0","--","--","--","--"," ","0.00","0.08","10","0.10","10","82.20",
="073795","晶心科凱基4C購01","0","0","0","--","--","--","--"," ","0.00","0.06","10","0.07","50","283.00",
="073796","緯穎凱基54購01","0","0","0","--","--","--","--"," ","0.00","4.64","100","4.74","10","2,975.00",
="073797","臺股指凱基49購33","0","0","0","--","--","--","--"," ","0.00","3.36","100","--","0","0.00",
="073798","臺股指凱基55購01","58,000","27","73,090","1.28","1.30","1.19","1.23","-","0.12","1.21","11","1.22","10","0.00",
="073799","台灣50元富49購11","0","0","0","--","--","--","--"," ","0.00","9.75","25","10.50","10","52.50",
="073800","滬深2X元富53購01","250,000","3","445,500","1.78","1.79","1.78","1.79","-","0.41","1.73","25","1.83","10","18.32",
="073801","FBNQ2X元富49購04","0","0","0","--","--","--","--"," ","0.00","2.11","25","2.21","10","144.85",
="073802","中502X元富49購01","0","0","0","--","--","--","--"," ","0.00","0.08","25","0.18","10","11.76",
="073803","聚陽元富49購01","0","0","0","--","--","--","--"," ","0.00","--","0","0.10","25","265.00",
="073804","堤維西元富49購01","0","0","0","--","--","--","--"," ","0.00","--","0","0.10","25","42.05",
="073805","和大元富53購01","111,000","3","51,880","0.34","0.48","0.34","0.48","X","0.00","0.48","25","--","0","72.90",
="073806","大亞元富4A購01","1,593,000","14","1,127,340","0.61","0.73","0.61","0.64","+","0.04","0.62","25","0.63","25","43.00",
="073807","南港元富49購01","0","0","0","--","--","--","--"," ","0.00","--","0","--","0","40.95",
="073808","廣宇元富49購05","0","0","0","--","--","--","--"," ","0.00","0.90","25","1.00","10","60.90",
="073809","廣宇元富49購06","0","0","0","--","--","--","--"," ","0.00","0.40","25","0.50","10","60.90",
="073810","廣宇元富53購02","0","0","0","--","--","--","--"," ","0.00","2.77","25","2.79","25","60.90",
="073811","華泰元富49購01","0","0","0","--","--","--","--"," ","0.00","1.23","25","1.26","25","44.70",
="073812","台積電元富49購28","0","0","0","--","--","--","--"," ","0.00","1.55","25","1.65","10","1,160.00",
="073813","台積電元富49購29","0","0","0","--","--","--","--"," ","0.00","1.42","25","1.52","10","1,160.00",
="073814","台積電元富49購30","0","0","0","--","--","--","--"," ","0.00","1.35","25","1.45","10","1,160.00",
="073815","台積電元富49購31","0","0","0","--","--","--","--"," ","0.00","1.29","25","1.39","10","1,160.00",
="073816","智邦元富4A購02","0","0","0","--","--","--","--"," ","0.00","6.10","25","6.60","10","984.00",
="073817","智邦元富51購01","7,000","2","33,890","4.79","4.97","4.79","4.97","-","0.08","4.85","25","4.89","25","984.00",
="073818","宏碁元富49購01","0","0","0","--","--","--","--"," ","0.00","0.04","25","0.10","10","29.95",
="073819","所羅門元富4A購02","0","0","0","--","--","--","--"," ","0.00","0.29","25","0.30","25","162.00",
="073820","南亞科元富53購01","10,000","1","13,600","1.36","1.36","1.36","1.36","-","0.03","1.27","25","1.28","25","46.65",
="073821","一詮元富49購02","0","0","0","--","--","--","--"," ","0.00","--","0","0.10","25","80.20",
="073822","華航元富49購01","0","0","0","--","--","--","--"," ","0.00","--","0","0.10","10","21.25",
="073823","慧洋元富49購02","0","0","0","--","--","--","--"," ","0.00","--","0","0.10","10","61.80",
="073824","奇鋐元富53購01","0","0","0","--","--","--","--"," ","0.00","6.40","25","6.55","25","1,015.00",
="073825","材料元富59購01","100,000","1","42,000","0.42","0.42","0.42","0.42","X","0.00","0.42","25","0.43","25","67.70",
="073826","台灣50元大4A購07","0","0","0","--","--","--","--"," ","0.00","0.12","499","0.22","10","52.50",
="073827","台灣50元大4B購03","0","0","0","--","--","--","--"," ","0.00","0.04","400","0.05","100","52.50",
="073828","FBNQ2X元大49購03","0","0","0","--","--","--","--"," ","0.00","2.04","499","2.14","10","144.85",
="073829","FBNQ2X元大4C購01","2,000","1","5,580","2.79","2.79","2.79","2.79","X","0.00","2.78","499","2.79","50","144.85",
="07382P","緯創凱基49售03","13,000","2","3,640","0.28","0.28","0.28","0.28"," ","0.00","0.26","100","0.27","10","0.00",
="073830","台泥元大51購02","0","0","0","--","--","--","--"," ","0.00","0.01","499","0.11","10","22.80",
="073831","華城元大49購14","0","0","0","--","--","--","--"," ","0.00","0.08","499","0.09","10","618.00",
="073832","華城元大49購15","251,000","2","131,110","0.53","0.53","0.52","0.52","-","0.03","0.48","499","0.49","10","618.00",
="073833","華城元大52購01","35,000","3","17,800","0.51","0.51","0.50","0.50","-","0.03","0.48","499","0.49","10","618.00",
="073834","和大元大49購04","0","0","0","--","--","--","--"," ","0.00","0.02","499","--","0","72.90",
="073835","中鋼元大49購05","0","0","0","--","--","--","--"," ","0.00","--","0","0.10","10","20.15",
="073836","中鴻元大49購05","0","0","0","--","--","--","--"," ","0.00","--","0","0.10","10","16.15",
="073837","中鴻元大49購06","0","0","0","--","--","--","--"," ","0.00","--","0","0.10","10","16.15",
="073838","台達電元大49購01","0","0","0","--","--","--","--"," ","0.00","6.70","100","--","0","709.00",
="073839","廣宇元大49購02","276,000","9","46,770","0.18","0.22","0.12","0.17"," ","0.00","0.16","499","0.17","10","60.90",
="073840","台積電元大49購15","0","0","0","--","--","--","--"," ","0.00","--","0","--","0","1,160.00",
="073841","台積電元大4C購04","0","0","0","--","--","--","--"," ","0.00","--","0","--","0","1,160.00",
="073842","台積電元大52購04","57,000","2","61,870","1.09","1.09","1.07","1.07","-","0.04","0.54","18","--","0","1,160.00",
="073843","華邦電元大49購05","0","0","0","--","--","--","--"," ","0.00","0.02","499","0.12","10","19.60",
="073844","華邦電元大49購06","0","0","0","--","--","--","--"," ","0.00","0.50","499","0.52","10","19.60",
="073845","華邦電元大51購01","2,000","1","1,740","0.87","0.87","0.87","0.87","X","0.00","0.83","499","0.84","10","19.60",
="073846","大同元大49購01","0","0","0","--","--","--","--"," ","0.00","0.01","499","0.11","10","40.75",
="073847","微星元大49購03","0","0","0","--","--","--","--"," ","0.00","--","0","0.10","10","136.50",
="073848","精元元大49購02","0","0","0","--","--","--","--"," ","0.00","--","0","0.10","10","41.70",
="073849","聯發科元大49購10","0","0","0","--","--","--","--"," ","0.00","--","0","0.10","10","1,385.00",
="073850","聯發科元大49購11","0","0","0","--","--","--","--"," ","0.00","0.03","499","0.13","10","1,385.00",
="073851","一詮元大49購04","0","0","0","--","--","--","--"," ","0.00","--","0","0.10","10","80.20",
="073852","一詮元大49購05","0","0","0","--","--","--","--"," ","0.00","--","0","0.10","10","80.20",
="073853","一詮元大49購06","0","0","0","--","--","--","--"," ","0.00","--","0","0.10","10","80.20",
="073854","裕民元大49購04","0","0","0","--","--","--","--"," ","0.00","--","0","0.10","10","57.30",
="073855","裕民元大4A購02","0","0","0","--","--","--","--"," ","0.00","0.07","499","0.08","10","57.30",
="073856","裕民元大4B購02","0","0","0","--","--","--","--"," ","0.00","0.03","499","0.13","10","57.30",
="073857","慧洋元大49購07","0","0","0","--","--","--","--"," ","0.00","--","0","0.10","10","61.80",
="073858","慧洋元大4C購01","0","0","0","--","--","--","--"," ","0.00","0.19","499","0.20","10","61.80",
="073859","智原元大49購02","0","0","0","--","--","--","--"," ","0.00","--","0","0.10","10","158.00",
="07385P","台灣50群益4C售04","153,000","14","322,410","2.10","2.19","2.10","2.19","+","0.11","2.19","99","2.21","100","0.00",
="073860","欣興元大49購07","365,000","2","106,200","0.29","0.30","0.29","0.30","-","0.13","0.32","499","0.35","10","150.00",
="073861","欣興元大49購08","0","0","0","--","--","--","--"," ","0.00","0.58","499","0.61","10","150.00",
="073862","欣興元大49購09","0","0","0","--","--","--","--"," ","0.00","1.29","499","1.34","10","150.00",
="073863","新日興元大4B購01","587,000","17","283,700","0.49","0.70","0.46","0.66","+","0.16","0.63","2","1.13","30","259.00",
="073864","智易元大49購01","0","0","0","--","--","--","--"," ","0.00","0.37","25","0.39","10","236.00",
="073865","世芯元大49購09","0","0","0","--","--","--","--"," ","0.00","0.93","499","0.95","10","4,000.00",
="073866","神達元大4C購01","0","0","0","--","--","--","--"," ","0.00","3.91","200","--","0","95.90",
="073867","大銀元大49購02","0","0","0","--","--","--","--"," ","0.00","0.01","499","0.11","10","126.00",
="073868","材料元大49購06","0","0","0","--","--","--","--"," ","0.00","--","0","0.10","10","67.70",
="073869","亞翔元大49購08","0","0","0","--","--","--","--"," ","0.00","0.17","499","0.18","10","349.50",
="073870","亞翔元大49購09","11,000","1","14,080","1.28","1.28","1.28","1.28","X","0.00","1.02","499","1.06","10","349.50",
="073871","矽格元大49購03","0","0","0","--","--","--","--"," ","0.00","0.32","499","0.34","10","82.20",
="073872","晶心科元大49購03","0","0","0","--","--","--","--"," ","0.00","--","0","0.10","10","283.00",
="073873","晶心科元大49購04","0","0","0","--","--","--","--"," ","0.00","--","0","0.10","10","283.00",
="073874","巨大元大49購01","0","0","0","--","--","--","--"," ","0.00","--","0","0.10","10","104.50",
="073875","矽格台新49購01","6,000","5","3,090","0.49","0.53","0.49","0.53","+","0.06","0.48","20","0.53","1","0.00",
="073876","穎崴台新49購01","0","0","0","--","--","--","--"," ","0.00","0.04","20","--","0","0.00",
="073877","台灣50群益49購04","0","0","0","--","--","--","--"," ","0.00","2.59","25","--","0","52.50",
="073878","元債2X群益53購01","0","0","0","--","--","--","--"," ","0.00","0.17","25","0.18","10","7.05",
="073879","美費半群益4B購02","0","0","0","--","--","--","--"," ","0.00","1.37","25","1.38","10","45.51",
="073880","台泥群益53購01","0","0","0","--","--","--","--"," ","0.00","0.02","100","0.08","197","22.80",
="073881","台塑群益49購05","0","0","0","--","--","--","--"," ","0.00","--","0","--","0","39.10",
="073882","三芳群益49購01","0","0","0","--","--","--","--"," ","0.00","--","0","0.10","10","31.60",
="073883","中興電群益49購05","0","0","0","--","--","--","--"," ","0.00","--","0","--","0","167.00",
="073884","華城群益49購03","0","0","0","--","--","--","--"," ","0.00","--","0","--","0","618.00",
="073885","中砂群益49購02","0","0","0","--","--","--","--"," ","0.00","--","0","2.14","10","347.00",
="073886","合機群益49購01","0","0","0","--","--","--","--"," ","0.00","--","0","--","0","48.45",
="073887","台玻群益49購01","0","0","0","--","--","--","--"," ","0.00","13.50","10","--","0","34.55",
="073888","上銀群益4B購01","0","0","0","--","--","--","--"," ","0.00","0.12","10","0.22","10","215.50",
="073889","光寶科群益49購01","0","0","0","--","--","--","--"," ","0.00","--","0","--","0","130.00",
="073890","台達電群益49購02","0","0","0","--","--","--","--"," ","0.00","8.00","5","--","0","709.00",
="073891","鴻海群益51購03","945,000","17","2,671,510","2.83","2.88","2.79","2.88","-","0.13","2.86","100","2.90","100","206.00",
="073892","台積電群益49購14","0","0","0","--","--","--","--"," ","0.00","2.04","499","--","0","1,160.00",
="073893","台積電群益49購15","0","0","0","--","--","--","--"," ","0.00","0.74","499","--","0","1,160.00",
="073894","台積電群益49購16","0","0","0","--","--","--","--"," ","0.00","--","0","--","0","1,160.00",
="073895","華邦電群益49購04","0","0","0","--","--","--","--"," ","0.00","--","0","--","0","19.60",
="073896","鴻準群益49購01","0","0","0","--","--","--","--"," ","0.00","--","0","--","0","71.70",
="073897","大同群益49購01","0","0","0","--","--","--","--"," ","0.00","--","0","--","0","40.75",
="073898","漢唐群益49購01","0","0","0","--","--","--","--"," ","0.00","35.60","15","--","0","1,190.00",
="073899","友達群益4C購01","293,000","10","16,650","0.05","0.06","0.05","0.05","X","0.00","--","0","--","0","13.05",
="073900","聯發科群益49購05","0","0","0","--","--","--","--"," ","0.00","--","0","--","0","1,385.00",
="073901","一詮群益49購02","0","0","0","--","--","--","--"," ","0.00","--","0","--","0","80.20",
="073902","皇昌群益51購01","0","0","0","--","--","--","--"," ","0.00","0.36","10","0.46","10","83.50",
="073903","新興群益49購01","0","0","0","--","--","--","--"," ","0.00","--","0","--","0","23.65",
="073904","裕民群益4B購04","0","0","0","--","--","--","--"," ","0.00","0.53","100","0.54","100","57.30",
="073905","慧洋群益49購04","0","0","0","--","--","--","--"," ","0.00","--","0","--","0","61.80",
="073906","慧洋群益4B購02","0","0","0","--","--","--","--"," ","0.00","0.01","499","--","0","61.80",
="073907","富邦金群益49購02","0","0","0","--","--","--","--"," ","0.00","--","0","--","0","85.20",
="073908","大立光群益49購06","0","0","0","--","--","--","--"," ","0.00","--","0","0.21","10","2,395.00",
="073909","智原群益49購02","0","0","0","--","--","--","--"," ","0.00","--","0","0.01","779","158.00",
="073910","欣興群益4A購02","0","0","0","--","--","--","--"," ","0.00","2.28","499","2.38","10","150.00",
="073911","創意群益49購10","0","0","0","--","--","--","--"," ","0.00","0.72","499","--","0","1,350.00",
="073912","群創群益51購01","12,000","1","7,200","0.60","0.60","0.60","0.60","X","0.00","0.65","100","0.66","100","14.15",
="073913","敦泰群益4A購01","0","0","0","--","--","--","--"," ","0.00","0.01","30","0.29","10","69.90",
="073914","碩天群益49購02","0","0","0","--","--","--","--"," ","0.00","--","0","--","0","225.50",
="073915","世芯群益49購11","0","0","0","--","--","--","--"," ","0.00","--","0","--","0","4,000.00",
="073916","材料群益51購01","0","0","0","--","--","--","--"," ","0.00","0.06","10","0.16","10","67.70",
="073917","立積群益4B購01","0","0","0","--","--","--","--"," ","0.00","--","0","--","0","158.00",
="073918","達興群益4B購01","0","0","0","--","--","--","--"," ","0.00","6.00","84","6.50","10","387.00",
="073919","樺漢群益49購01","0","0","0","--","--","--","--"," ","0.00","--","0","0.50","10","326.00",
="07391P","上銀國票49售05","0","0","0","--","--","--","--"," ","0.00","2.99","25","3.09","10","0.00",
="073920","緯穎群益49購05","0","0","0","--","--","--","--"," ","0.00","2.20","499","2.30","10","2,975.00",
="073921","洋基群益49購01","0","0","0","--","--","--","--"," ","0.00","2.52","499","--","0","476.00",
="073922","巨大群益4B購01","0","0","0","--","--","--","--"," ","0.00","--","0","--","0","104.50",
="073923","世紀鋼群益49購02","0","0","0","--","--","--","--"," ","0.00","0.01","30","--","0","188.00",
="073924","美費半富邦4B購01","0","0","0","--","--","--","--"," ","0.00","0.58","10","0.67","10","0.00",
="073925","東陽富邦4B購01","0","0","0","--","--","--","--"," ","0.00","0.04","390","0.10","10","0.00",
="073926","和大富邦4C購01","10,000","1","1,200","0.12","0.12","0.12","0.12","X","0.00","0.12","10","--","0","0.00",
="073927","慧洋富邦49購02","0","0","0","--","--","--","--"," ","0.00","--","0","0.03","10","0.00",
="073928","欣興富邦4A購02","1,564,000","52","1,677,750","1.01","1.17","0.95","1.07","-","0.07","1.07","30","1.08","28","0.00",
="073929","日月光富邦4B購01","75,000","1","28,500","0.38","0.38","0.38","0.38","-","0.04","0.36","30","0.37","10","0.00",
="07392P","南亞科國票49售05","0","0","0","--","--","--","--"," ","0.00","0.01","25","0.05","10","0.00",
="073930","日月光富邦4B購02","0","0","0","--","--","--","--"," ","0.00","0.14","30","0.15","10","0.00",
="073931","美利達富邦49購01","0","0","0","--","--","--","--"," ","0.00","--","0","0.02","28","0.00",
="073932","臺股指富邦49購14","0","0","0","--","--","--","--"," ","0.00","2.69","499","--","0","0.00",
="073933","滬深2X富邦51購01","0","0","0","--","--","--","--"," ","0.00","1.12","100","1.13","98","0.00",
="073934","大成鋼富邦4C購02","0","0","0","--","--","--","--"," ","0.00","0.45","10","0.46","10","0.00",
="073935","上銀富邦49購03","0","0","0","--","--","--","--"," ","0.00","--","0","0.02","125","0.00",
="073936","台光電富邦4B購02","0","0","0","--","--","--","--"," ","0.00","8.45","30","8.70","10","0.00",
="073937","漢唐富邦4B購01","0","0","0","--","--","--","--"," ","0.00","8.05","10","8.55","10","0.00",
="073938","美律富邦4B購01","0","0","0","--","--","--","--"," ","0.00","0.18","10","0.19","10","0.00",
="073939","中工富邦49購01","0","0","0","--","--","--","--"," ","0.00","--","0","0.03","28","0.00",
="07393P","南亞科國票49售06","0","0","0","--","--","--","--"," ","0.00","0.09","25","0.10","10","0.00",
="073940","材料富邦4B購02","0","0","0","--","--","--","--"," ","0.00","0.17","10","0.18","10","0.00",
="073941","中租富邦49購02","0","0","0","--","--","--","--"," ","0.00","0.02","30","0.03","28","0.00",
="073942","臺股指富邦56購02","0","0","0","--","--","--","--"," ","0.00","1.32","499","1.33","100","0.00",
="073943","佳能第一49購01","0","0","0","--","--","--","--"," ","0.00","2.52","10","2.53","10","0.00",
="073944","碩天第一49購01","0","0","0","--","--","--","--"," ","0.00","1.69","10","1.70","10","0.00",
="073945","富世達第一49購01","0","0","0","--","--","--","--"," ","0.00","2.70","10","--","0","0.00",
="073946","振樺電第一49購02","0","0","0","--","--","--","--"," ","0.00","0.14","10","0.15","10","0.00",
="073947","鈺齊第一49購01","0","0","0","--","--","--","--"," ","0.00","2.00","10","2.01","10","0.00",
="073948","中鋼兆豐4B購01","0","0","0","--","--","--","--"," ","0.00","0.07","10","0.08","10","20.15",
="073949","大成鋼兆豐4B購02","0","0","0","--","--","--","--"," ","0.00","0.05","10","0.06","10","38.60",
="07394P","大銀國票49售05","0","0","0","--","--","--","--"," ","0.00","0.90","25","0.92","10","0.00",
="073950","材料兆豐4A購01","0","0","0","--","--","--","--"," ","0.00","--","0","0.01","10","67.70",
="073951","訊芯兆豐4B購01","29,000","1","10,440","0.36","0.36","0.36","0.36","-","0.05","0.34","10","0.35","10","165.00",
="073952","元債2X中信4A購01","0","0","0","--","--","--","--"," ","0.00","0.04","499","0.05","100","0.00",
="073953","SGBR2X中信4A購01","0","0","0","--","--","--","--"," ","0.00","0.21","499","0.22","100","0.00",
="073954","中鋼中信49購02","0","0","0","--","--","--","--"," ","0.00","--","0","--","0","0.00",
="073955","一詮中信49購02","0","0","0","--","--","--","--"," ","0.00","0.07","499","0.08","10","0.00",
="073956","長榮中信49購04","0","0","0","--","--","--","--"," ","0.00","0.06","499","0.07","10","0.00",
="073957","凱基金中信49購01","0","0","0","--","--","--","--"," ","0.00","0.02","499","0.03","10","0.00",
="073958","臺股指中信4C購02","325,000","5","71,650","0.23","0.23","0.21","0.21","-","0.04","0.20","499","0.21","100","0.00",
="073959","華新國泰4A購01","20,000","2","3,400","0.17","0.17","0.17","0.17"," ","0.00","0.17","499","0.18","100","23.35",
="07395P","滬深2X元大4A售06","70,000","2","42,700","0.62","0.62","0.55","0.55","+","0.12","0.62","250","0.63","250","0.00",
="073960","中鋼國泰4A購01","0","0","0","--","--","--","--"," ","0.00","0.20","10","0.21","10","20.15",
="073961","漢唐國泰4A購01","0","0","0","--","--","--","--"," ","0.00","26.80","10","--","0","1,190.00",
="073962","材料國泰4A購02","0","0","0","--","--","--","--"," ","0.00","--","0","0.01","100","67.70",
="073963","T50正2國票4C購01","14,000","2","33,400","2.42","2.42","2.36","2.36","-","0.11","2.27","25","2.28","10","259.40",
="073964","元金反國票59購01","0","0","0","--","--","--","--"," ","0.00","0.24","25","0.25","10","7.48",
="073965","中502X國票4B購03","0","0","0","--","--","--","--"," ","0.00","0.20","25","0.21","10","11.76",
="073966","大成鋼國票4A購02","0","0","0","--","--","--","--"," ","0.00","--","0","--","0","38.60",
="073967","華邦電國票4A購04","0","0","0","--","--","--","--"," ","0.00","0.68","25","0.70","10","19.60",
="073968","所羅門國票49購03","0","0","0","--","--","--","--"," ","0.00","0.84","25","0.87","10","162.00",
="073969","群光國票4A購01","0","0","0","--","--","--","--"," ","0.00","0.04","25","0.05","10","137.00",
="07396P","中502X元大4A售02","9,000","1","4,050","0.45","0.45","0.45","0.45","X","0.00","0.48","499","0.49","100","0.00",
="073970","怡利電國票49購01","0","0","0","--","--","--","--"," ","0.00","0.01","25","0.02","10","53.20",
="073971","陽明國票49購02","0","0","0","--","--","--","--"," ","0.00","0.01","25","0.02","10","58.80",
="073972","陽明國票4A購02","0","0","0","--","--","--","--"," ","0.00","0.32","25","0.33","10","58.80",
="073973","長榮航國票49購01","0","0","0","--","--","--","--"," ","0.00","0.01","25","0.02","10","39.05",
="073974","長榮航國票4A購01","481,000","1","105,820","0.22","0.22","0.22","0.22","-","0.03","0.22","25","0.23","10","39.05",
="073975","崇越國票4A購01","0","0","0","--","--","--","--"," ","0.00","1.03","25","1.05","10","294.50",
="073976","迎廣國票4A購01","0","0","0","--","--","--","--"," ","0.00","0.09","25","0.10","10","94.00",
="073977","美利達國票4B購01","0","0","0","--","--","--","--"," ","0.00","0.01","25","0.02","10","112.50",
="073978","台灣50永豐4B購02","0","0","0","--","--","--","--"," ","0.00","4.39","499","4.49","10","52.50",
="073979","上証2X永豐49購02","0","0","0","--","--","--","--"," ","0.00","1.48","10","1.58","10","45.30",
="073980","滬深2X永豐49購05","0","0","0","--","--","--","--"," ","0.00","3.28","499","3.38","10","18.32",
="073981","A50正2永豐4A購01","0","0","0","--","--","--","--"," ","0.00","2.77","499","2.87","10","31.56",
="073982","FBNQ2X永豐49購01","0","0","0","--","--","--","--"," ","0.00","3.61","499","3.66","10","144.85",
="073983","大成鋼永豐4A購04","0","0","0","--","--","--","--"," ","0.00","0.03","499","0.06","10","38.60",
="073984","鴻海永豐49購10","0","0","0","--","--","--","--"," ","0.00","1.14","499","1.24","10","206.00",
="073985","鴻海永豐49購11","0","0","0","--","--","--","--"," ","0.00","0.91","499","1.01","10","206.00",
="073986","華邦電永豐4A購02","24,000","1","7,440","0.31","0.31","0.31","0.31","-","0.02","0.29","499","0.30","10","19.60",
="073987","興富發永豐49購01","0","0","0","--","--","--","--"," ","0.00","0.10","499","0.14","10","41.90",
="073988","雄獅永豐49購01","68,000","7","173,900","2.51","2.65","2.51","2.65","+","0.62","2.49","499","2.59","10","159.00",
="073989","偉訓永豐4A購02","7,000","1","8,610","1.23","1.23","1.23","1.23","-","0.07","1.21","499","1.25","10","110.00",
="073990","保瑞永豐4B購01","0","0","0","--","--","--","--"," ","0.00","0.79","499","0.82","10","733.00",
="073991","晶心科永豐49購01","0","0","0","--","--","--","--"," ","0.00","--","0","0.10","10","283.00",
="073992","富世達永豐4A購01","0","0","0","--","--","--","--"," ","0.00","7.40","499","7.90","10","1,145.00",
="073993","世紀鋼永豐4B購02","159,000","6","252,630","1.61","1.61","1.57","1.57","-","0.15","1.42","10","1.52","10","188.00",
="073994","中鴻統一53購04","50,000","1","3,500","0.07","0.07","0.07","0.07","X","0.00","0.07","10","0.08","10","16.15",
="073995","中鴻統一55購01","0","0","0","--","--","--","--"," ","0.00","0.06","10","0.07","10","16.15",
="073996","台積電統一56購05","0","0","0","--","--","--","--"," ","0.00","0.80","10","0.81","10","1,160.00",
="073997","大同統一52購03","0","0","0","--","--","--","--"," ","0.00","0.44","10","0.45","10","40.75",
="073998","群光統一52購01","21,000","2","4,310","0.20","0.21","0.20","0.21","X","0.00","0.19","10","0.20","10","137.00",
="073999","群光統一55購01","1,295,000","11","349,650","0.27","0.27","0.27","0.27","+","0.01","0.26","10","0.27","10","137.00",
="07399P","臺股指元大49售28","0","0","0","--","--","--","--"," ","0.00","--","0","0.10","10","0.00",
="074000","友達統一53購01","0","0","0","--","--","--","--"," ","0.00","0.25","10","0.26","10","13.05",
="074001","美律統一53購03","46,000","1","14,260","0.31","0.31","0.31","0.31","X","0.00","0.30","10","0.31","10","107.50",
="074002","美律統一56購01","5,000","1","1,950","0.39","0.39","0.39","0.39","-","0.01","0.37","10","0.38","10","107.50",
="074003","智易統一53購01","38,000","6","29,420","0.79","0.79","0.75","0.75","-","0.13","0.74","11","0.75","9","236.00",
="074004","材料統一57購01","0","0","0","--","--","--","--"," ","0.00","0.25","10","0.26","10","67.70",
="074005","豐藝統一53購01","0","0","0","--","--","--","--"," ","0.00","0.23","10","0.24","10","52.80",
="074006","愛普統一53購02","10,000","1","5,000","0.50","0.50","0.50","0.50","+","0.01","0.49","10","0.50","10","305.50",
="074007","緯穎統一59購01","141,000","9","166,650","1.19","1.19","1.18","1.18","+","0.01","1.17","10","1.18","10","2,975.00",
="074008","美利達統一53購01","0","0","0","--","--","--","--"," ","0.00","0.06","10","0.07","10","112.50",
="074009","美利達統一55購01","0","0","0","--","--","--","--"," ","0.00","0.12","10","0.13","10","112.50",
="07400P","臺股指元大49售29","20,000","1","3,600","0.18","0.18","0.18","0.18","X","0.00","0.21","499","0.31","10","0.00",
="074010","T50反1元富4C購06","0","0","0","--","--","--","--"," ","0.00","0.34","25","0.35","25","19.79",
="074011","上証2X元富4A購04","0","0","0","--","--","--","--"," ","0.00","1.56","25","1.66","10","45.30",
="074012","FBNQ2X元富49購05","0","0","0","--","--","--","--"," ","0.00","1.02","25","1.12","10","144.85",
="074013","三芳元富49購04","0","0","0","--","--","--","--"," ","0.00","--","0","0.10","25","31.60",
="074014","三芳元富4B購01","0","0","0","--","--","--","--"," ","0.00","--","0","0.10","25","31.60",
="074015","和大元富53購02","0","0","0","--","--","--","--"," ","0.00","0.66","25","--","0","72.90",
="074016","中鋼元富49購02","0","0","0","--","--","--","--"," ","0.00","--","0","0.10","10","20.15",
="074017","大成鋼元富4A購01","0","0","0","--","--","--","--"," ","0.00","0.03","25","0.10","10","38.60",
="074018","大成鋼元富4C購01","0","0","0","--","--","--","--"," ","0.00","0.19","25","0.20","25","38.60",
="074019","華碩元富49購02","0","0","0","--","--","--","--"," ","0.00","0.03","25","0.13","10","634.00",
="074020","漢唐元富49購01","0","0","0","--","--","--","--"," ","0.00","12.10","25","13.10","10","1,190.00",
="074021","長榮航元富4A購02","11,000","1","3,300","0.30","0.30","0.30","0.30","-","0.04","0.30","25","0.31","25","39.05",
="074022","慧洋元富49購03","0","0","0","--","--","--","--"," ","0.00","0.01","25","0.11","10","61.80",
="074023","偉訓元富4A購01","433,000","10","414,120","0.94","0.98","0.94","0.95","-","0.08","0.85","25","0.87","25","110.00",
="074024","文曄元富4C購01","3,000","1","4,410","1.47","1.47","1.47","1.47","-","0.02","1.47","25","1.57","10","123.00",
="074025","欣興元富4C購01","22,000","2","62,920","2.86","2.86","2.86","2.86","X","0.00","2.70","25","2.74","25","150.00",
="074026","緯創元富49購01","0","0","0","--","--","--","--"," ","0.00","0.42","25","0.52","10","115.00",
="074027","玉晶光元富49購02","0","0","0","--","--","--","--"," ","0.00","0.07","25","0.10","10","461.50",
="074028","群創元富49購02","0","0","0","--","--","--","--"," ","0.00","0.24","25","0.34","10","14.15",
="074029","世芯元富49購12","0","0","0","--","--","--","--"," ","0.00","--","0","--","0","4,000.00",
="07402P","華城永豐4A售02","712,000","7","155,160","0.21","0.23","0.21","0.23","X","0.00","0.22","10","0.23","10","0.00",
="074030","材料元富4A購04","0","0","0","--","--","--","--"," ","0.00","--","0","0.10","25","67.70",
="074031","材料元富4C購01","0","0","0","--","--","--","--"," ","0.00","0.07","25","0.10","10","67.70",
="074032","材料元富53購03","0","0","0","--","--","--","--"," ","0.00","0.13","25","0.14","25","67.70",
="074033","臻鼎元富49購02","0","0","0","--","--","--","--"," ","0.00","5.80","25","5.90","25","194.00",
="074034","亞翔元富53購01","5,000","1","10,500","2.10","2.10","2.10","2.10","-","0.17","2.05","25","2.07","25","349.50",
="074035","臺股指元富4C購03","15,000","2","8,000","0.54","0.54","0.53","0.53","-","0.08","0.49","25","0.50","25","0.00",
="074036","華邦電台新49購01","0","0","0","--","--","--","--"," ","0.00","0.35","10","--","0","0.00",
="074037","聯發科台新49購02","0","0","0","--","--","--","--"," ","0.00","0.17","20","--","0","0.00",
="074038","群創台新49購01","0","0","0","--","--","--","--"," ","0.00","0.11","20","--","0","0.00",
="074039","台灣50凱基55購01","0","0","0","--","--","--","--"," ","0.00","2.58","100","2.59","50","52.50",
="07403P","美債2X國票49售02","0","0","0","--","--","--","--"," ","0.00","0.65","25","0.66","10","0.00",
="074040","中502X凱基51購02","0","0","0","--","--","--","--"," ","0.00","0.54","100","0.55","50","11.76",
="074041","美費半凱基49購02","0","0","0","--","--","--","--"," ","0.00","2.99","100","3.09","10","45.51",
="074042","台泥凱基52購01","0","0","0","--","--","--","--"," ","0.00","0.03","33","0.12","10","22.80",
="074043","中興電凱基4B購01","81,000","3","121,200","1.48","1.51","1.48","1.51","+","0.17","1.51","499","--","0","167.00",
="074044","神達元富51購01","0","0","0","--","--","--","--"," ","0.00","10.00","25","--","0","95.90",
="074045","華城凱基51購01","0","0","0","--","--","--","--"," ","0.00","1.39","100","1.40","10","618.00",
="074046","華新凱基49購04","0","0","0","--","--","--","--"," ","0.00","0.02","10","0.12","10","23.35",
="074047","中鋼凱基49購03","0","0","0","--","--","--","--"," ","0.00","--","0","--","0","20.15",
="074048","上銀凱基49購09","0","0","0","--","--","--","--"," ","0.00","--","0","0.10","10","215.50",
="074049","台達電凱基49購01","0","0","0","--","--","--","--"," ","0.00","28.90","100","29.90","10","709.00",
="07404P","川湖國票49售03","0","0","0","--","--","--","--"," ","0.00","--","0","--","0","0.00",
="074050","台積電凱基4A購25","13,000","5","38,220","3.36","3.36","2.88","2.88","-","0.87","2.52","100","2.88","1","1,160.00",
="074051","台積電凱基4A購26","0","0","0","--","--","--","--"," ","0.00","2.59","100","2.66","10","1,160.00",
="074052","台積電凱基53購06","0","0","0","--","--","--","--"," ","0.00","19.40","100","19.50","10","1,160.00",
="074053","華邦電凱基49購06","0","0","0","--","--","--","--"," ","0.00","0.02","10","0.12","10","19.60",
="074054","智邦凱基4A購02","19,000","2","78,330","3.90","4.37","3.90","4.37"," ","0.00","4.07","10","4.10","10","984.00",
="074055","友達凱基49購01","0","0","0","--","--","--","--"," ","0.00","0.01","100","--","0","13.05",
="074056","聯發科凱基61購01","76,000","10","108,860","1.42","1.46","1.41","1.41","-","0.06","1.40","100","1.41","10","1,385.00",
="074057","皇昌凱基51購02","1,000","1","150","0.15","0.15","0.15","0.15","X","0.00","0.14","10","0.15","50","83.50",
="074058","慧洋凱基49購05","0","0","0","--","--","--","--"," ","0.00","0.01","100","0.11","10","61.80",
="074059","大立光凱基52購01","14,000","2","12,180","0.87","0.87","0.87","0.87"," ","0.00","0.84","100","0.85","10","2,395.00",
="074061","奇鋐凱基49購07","0","0","0","--","--","--","--"," ","0.00","10.50","100","11.50","10","1,015.00",
="074062","創意凱基49購04","0","0","0","--","--","--","--"," ","0.00","0.13","100","0.23","10","1,350.00",
="074063","群創凱基4C購01","0","0","0","--","--","--","--"," ","0.00","0.27","100","0.28","10","14.15",
="074064","敦泰凱基49購01","120,000","5","6,000","0.05","0.05","0.05","0.05","X","0.00","0.05","90","--","0","69.90",
="074067","世芯凱基61購01","23,000","4","134,700","6.05","6.05","5.80","5.80","-","0.25","5.80","100","5.85","10","4,000.00",
="074068","材料凱基51購02","0","0","0","--","--","--","--"," ","0.00","0.06","100","0.16","10","67.70",
="074069","臻鼎凱基4B購01","1,000","1","7,900","7.90","7.90","7.90","7.90","-","0.60","7.70","100","8.20","10","194.00",
="07406P","穎崴國票49售04","0","0","0","--","--","--","--"," ","0.00","0.25","25","0.26","10","0.00",
="074070","樺漢凱基49購02","0","0","0","--","--","--","--"," ","0.00","0.61","100","--","0","326.00",
="074071","台塑化凱基49購01","0","0","0","--","--","--","--"," ","0.00","1.05","10","1.15","10","40.75",
="074072","緯穎凱基4A購04","55,000","10","273,550","4.99","5.05","4.94","4.94","-","0.16","4.90","100","4.94","10","2,975.00",
="074073","振樺電凱基49購01","0","0","0","--","--","--","--"," ","0.00","--","0","0.10","10","270.00",
="074075","巨大凱基49購01","0","0","0","--","--","--","--"," ","0.00","--","0","0.10","10","104.50",
="074076","臺股指凱基55購02","32,000","8","58,110","1.84","1.86","1.76","1.79","-","0.15","1.75","100","1.76","10","0.00",
="074077","臺股指凱基56購01","59,000","6","148,090","2.51","2.51","2.51","2.51","-","0.07","2.45","100","2.46","10","0.00",
="074078","台化群益49購01","0","0","0","--","--","--","--"," ","0.00","--","0","0.68","10","29.90",
="07407P","滬深2X凱基4A售06","178,000","23","98,990","0.60","0.60","0.49","0.60","+","0.17","0.60","6","0.61","51","0.00",
="074080","亞力群益49購01","0","0","0","--","--","--","--"," ","0.00","--","0","--","0","110.50",
="074081","中砂群益49購03","0","0","0","--","--","--","--"," ","0.00","--","0","2.16","10","347.00",
="074082","亞德客群益4A購01","0","0","0","--","--","--","--"," ","0.00","0.06","25","0.07","10","800.00",
="074083","科妍群益4B購01","0","0","0","--","--","--","--"," ","0.00","0.11","10","0.15","54","91.40",
="074084","台玻群益4A購02","0","0","0","--","--","--","--"," ","0.00","10.10","10","--","0","34.55",
="074085","中鋼群益49購04","0","0","0","--","--","--","--"," ","0.00","--","0","--","0","20.15",
="074086","大成鋼群益49購02","0","0","0","--","--","--","--"," ","0.00","--","0","--","0","38.60",
="074087","大成鋼群益49購03","0","0","0","--","--","--","--"," ","0.00","--","0","--","0","38.60",
="074088","大成鋼群益51購01","0","0","0","--","--","--","--"," ","0.00","--","0","--","0","38.60",
="074089","川湖群益49購03","0","0","0","--","--","--","--"," ","0.00","--","0","--","0","2,925.00",
="07408P","中502X凱基4A售02","0","0","0","--","--","--","--"," ","0.00","0.81","100","0.82","50","0.00",
="074090","鴻海群益49購10","0","0","0","--","--","--","--"," ","0.00","--","0","--","0","206.00",
="074091","鴻海群益49購11","0","0","0","--","--","--","--"," ","0.00","--","0","2.61","10","206.00",
="074092","鴻海群益53購03","470,000","3","841,400","1.79","1.84","1.75","1.84","-","0.10","1.84","100","1.85","100","206.00",
="074093","台積電群益49購17","0","0","0","--","--","--","--"," ","0.00","--","0","--","0","1,160.00",
="074094","台積電群益49購18","0","0","0","--","--","--","--"," ","0.00","3.60","100","--","0","1,160.00",
="074095","台積電群益49購19","0","0","0","--","--","--","--"," ","0.00","--","0","--","0","1,160.00",
="074096","順德群益4B購01","0","0","0","--","--","--","--"," ","0.00","0.02","30","--","0","88.20",
="074097","所羅門群益49購07","0","0","0","--","--","--","--"," ","0.00","0.05","10","--","0","162.00",
="074098","群光群益4A購01","0","0","0","--","--","--","--"," ","0.00","--","0","--","0","137.00",
="074099","群光群益4B購01","0","0","0","--","--","--","--"," ","0.00","--","0","--","0","137.00",
="07409P","華新凱基4A售03","0","0","0","--","--","--","--"," ","0.00","1.35","10","1.36","10","0.00",
="074100","一詮群益49購03","0","0","0","--","--","--","--"," ","0.00","--","0","--","0","80.20",
="074101","新興群益49購02","0","0","0","--","--","--","--"," ","0.00","--","0","--","0","23.65",
="074102","陽明群益49購01","0","0","0","--","--","--","--"," ","0.00","0.02","10","0.12","10","58.80",
="074103","萬海群益49購02","0","0","0","--","--","--","--"," ","0.00","0.14","499","--","0","84.10",
="074104","富邦金群益49購03","0","0","0","--","--","--","--"," ","0.00","--","0","--","0","85.20",
="074105","大量群益49購01","0","0","0","--","--","--","--"," ","0.00","--","0","--","0","209.50",
="074106","大量群益4C購01","18,000","7","142,450","8.10","8.20","7.70","7.70","+","0.10","7.70","2","7.90","10","209.50",
="074107","辛耘群益49購01","0","0","0","--","--","--","--"," ","0.00","--","0","0.97","10","393.50",
="074108","世芯群益49購12","0","0","0","--","--","--","--"," ","0.00","--","0","6.75","10","4,000.00",
="074109","貿聯群益49購02","0","0","0","--","--","--","--"," ","0.00","--","0","--","0","981.00",
="07410P","上銀凱基49售06","0","0","0","--","--","--","--"," ","0.00","4.62","100","4.72","10","0.00",
="074110","日月光群益49購01","30,000","1","1,200","0.04","0.04","0.04","0.04","X","0.00","0.04","25","0.05","10","147.50",
="074111","達興群益49購01","0","0","0","--","--","--","--"," ","0.00","3.13","5","--","0","387.00",
="074112","迎廣群益4A購01","0","0","0","--","--","--","--"," ","0.00","0.32","10","0.42","10","94.00",
="074113","亞翔群益49購08","0","0","0","--","--","--","--"," ","0.00","0.20","20","--","0","349.50",
="074114","愛普群益49購01","0","0","0","--","--","--","--"," ","0.00","--","0","0.16","10","305.50",
="074115","晶心科群益49購03","0","0","0","--","--","--","--"," ","0.00","--","0","--","0","283.00",
="074116","富世達群益4B購01","20,000","1","55,800","2.79","2.79","2.79","2.79","-","0.43","3.07","25","3.08","10","1,145.00",
="074117","菱光群益49購01","0","0","0","--","--","--","--"," ","0.00","--","0","--","0","61.50",
="074118","世紀鋼群益4B購01","0","0","0","--","--","--","--"," ","0.00","0.38","10","0.48","10","188.00",
="074119","T50正2元大49購03","0","0","0","--","--","--","--"," ","0.00","0.06","499","0.16","10","259.40",
="074120","元黃金元大53購01","10,000","2","10,000","1.00","1.00","1.00","1.00","+","0.03","0.99","100","1.00","100","37.00",
="074121","元石油元大49購01","0","0","0","--","--","--","--"," ","0.00","0.33","250","0.34","100","16.26",
="074122","SGBR2X元大4A購01","0","0","0","--","--","--","--"," ","0.00","0.31","100","0.32","50","11.25",
="074123","SGBR2X元大4C購01","30,000","3","12,300","0.41","0.41","0.41","0.41"," ","0.00","0.40","100","0.41","10","11.25",
="074124","台泥元大51購03","0","0","0","--","--","--","--"," ","0.00","0.02","499","0.12","10","22.80",
="074125","華城元大49購16","0","0","0","--","--","--","--"," ","0.00","0.05","499","0.06","10","618.00",
="074126","華城元大49購17","0","0","0","--","--","--","--"," ","0.00","0.03","499","0.13","10","618.00",
="074127","華城元大52購02","0","0","0","--","--","--","--"," ","0.00","0.59","499","0.60","10","618.00",
="074128","和大元大49購06","0","0","0","--","--","--","--"," ","0.00","--","0","--","0","72.90",
="074129","華新元大49購06","0","0","0","--","--","--","--"," ","0.00","--","0","0.10","10","23.35",
="074130","美時元大49購03","0","0","0","--","--","--","--"," ","0.00","--","0","0.10","10","193.50",
="074131","美時元大49購04","0","0","0","--","--","--","--"," ","0.00","--","0","0.10","10","193.50",
="074132","中鴻元大49購07","0","0","0","--","--","--","--"," ","0.00","--","0","0.10","10","16.15",
="074133","大成鋼元大49購04","0","0","0","--","--","--","--"," ","0.00","--","0","0.10","10","38.60",
="074134","大成鋼元大49購05","0","0","0","--","--","--","--"," ","0.00","--","0","0.10","10","38.60",
="074135","台達電元大49購02","0","0","0","--","--","--","--"," ","0.00","9.80","50","--","0","709.00",
="074136","廣宇元大49購03","790,000","9","477,710","0.66","0.75","0.57","0.65","+","0.08","0.58","499","0.60","10","60.90",
="074137","台積電元大49購16","0","0","0","--","--","--","--"," ","0.00","--","0","--","0","1,160.00",
="074138","台積電元大4C購05","0","0","0","--","--","--","--"," ","0.00","0.08","53","--","0","1,160.00",
="074139","台積電元大52購05","240,000","4","299,500","1.25","1.25","1.22","1.22","-","0.05","0.13","76","--","0","1,160.00",
="07413P","台積電凱基55售01","0","0","0","--","--","--","--"," ","0.00","1.49","100","1.50","10","0.00",
="074140","華邦電元大49購07","0","0","0","--","--","--","--"," ","0.00","0.01","499","0.11","10","19.60",
="074141","華邦電元大49購08","25,000","2","9,000","0.36","0.36","0.36","0.36","+","0.04","0.33","499","0.34","10","19.60",
="074142","華邦電元大51購02","5,000","2","3,650","0.73","0.73","0.73","0.73","-","0.01","0.70","499","0.71","10","19.60",
="074143","精元元大49購03","0","0","0","--","--","--","--"," ","0.00","--","0","0.10","10","41.70",
="074144","聯發科元大49購12","0","0","0","--","--","--","--"," ","0.00","0.03","499","0.13","10","1,385.00",
="074145","強茂元大49購01","1,000","1","1,060","1.06","1.06","1.06","1.06","-","0.12","1.22","499","1.28","10","65.40",
="074146","新興元大49購03","0","0","0","--","--","--","--"," ","0.00","--","0","0.10","10","23.65",
="074147","裕民元大49購05","0","0","0","--","--","--","--"," ","0.00","0.01","499","0.11","10","57.30",
="074148","慧洋元大49購10","0","0","0","--","--","--","--"," ","0.00","0.01","499","0.11","10","61.80",
="074149","慧洋元大4B購01","0","0","0","--","--","--","--"," ","0.00","0.06","499","0.07","10","61.80",
="074150","慧洋元大4C購02","0","0","0","--","--","--","--"," ","0.00","0.12","499","0.13","10","61.80",
="074151","偉訓元大49購01","0","0","0","--","--","--","--"," ","0.00","0.25","499","0.35","10","110.00",
="074152","華擎元大49購01","0","0","0","--","--","--","--"," ","0.00","1.07","499","1.12","10","281.00",
="074153","神達元大49購01","0","0","0","--","--","--","--"," ","0.00","20.10","50","--","0","95.90",
="074154","神達元大49購02","7,000","3","38,600","5.20","5.60","5.20","5.60","+","1.12","5.35","150","--","0","95.90",
="074155","神達元大4C購02","0","0","0","--","--","--","--"," ","0.00","1.90","450","--","0","95.90",
="074156","材料元大49購07","0","0","0","--","--","--","--"," ","0.00","--","0","0.10","10","67.70",
="074157","jpp元大49購01","0","0","0","--","--","--","--"," ","0.00","3.93","25","--","0","276.00",
="074158","崇越元大49購01","0","0","0","--","--","--","--"," ","0.00","0.23","499","0.24","10","294.50",
="074159","亞翔元大52購01","35,000","4","82,860","2.46","2.46","2.24","2.24","-","0.28","2.24","300","2.25","10","349.50",
="074160","樺漢元大49購01","0","0","0","--","--","--","--"," ","0.00","0.04","499","0.14","10","326.00",
="074161","元晶元大49購01","0","0","0","--","--","--","--"," ","0.00","--","0","0.10","10","15.90",
="074162","寶成元大49購01","0","0","0","--","--","--","--"," ","0.00","--","0","0.10","10","28.70",
="074163","臺股指元大49購34","0","0","0","--","--","--","--"," ","0.00","--","0","0.10","10","0.00",
="074164","臺股指元大49購35","0","0","0","--","--","--","--"," ","0.00","0.01","100","0.11","10","0.00",
="074165","臺股指元大49購36","0","0","0","--","--","--","--"," ","0.00","0.94","499","1.04","10","0.00",
="074166","臺股指元大4A購15","10,000","1","4,400","0.44","0.44","0.44","0.44","-","0.05","0.38","100","0.48","10","0.00",
="074167","臺股指元大4A購16","40,000","1","31,200","0.78","0.78","0.78","0.78","-","0.05","0.70","499","0.80","10","0.00",
="074168","臺股指元大4A購17","0","0","0","--","--","--","--"," ","0.00","0.82","100","0.92","10","0.00",
="074169","臺股指元大4B購13","0","0","0","--","--","--","--"," ","0.00","0.12","499","0.22","10","0.00",
="074170","臺股指元大52購03","0","0","0","--","--","--","--"," ","0.00","0.46","100","0.56","10","0.00",
="074171","臺股指元大54購01","47,000","9","48,450","1.04","1.06","1.00","1.01","-","0.08","1.00","100","1.10","10","0.00",
="074172","中鴻國泰4A購01","0","0","0","--","--","--","--"," ","0.00","--","0","--","0","16.15",
="074173","川湖國泰4A購01","0","0","0","--","--","--","--"," ","0.00","6.85","499","--","0","2,925.00",
="074174","鉅祥國泰4A購01","120,000","19","233,410","1.86","2.10","1.79","1.99","+","0.27","0.44","22","1.99","10","98.10",
="074175","創意國泰4A購01","0","0","0","--","--","--","--"," ","0.00","0.35","28","--","0","1,350.00",
="074176","永崴控國泰4A購01","0","0","0","--","--","--","--"," ","0.00","--","0","--","0","36.60",
="074177","T50正2中信49購03","0","0","0","--","--","--","--"," ","0.00","0.93","499","0.94","10","0.00",
="074178","上証2X中信49購01","0","0","0","--","--","--","--"," ","0.00","1.03","499","1.04","10","0.00",
="074179","國巨中信49購01","0","0","0","--","--","--","--"," ","0.00","1.01","499","1.02","10","0.00",
="074180","玉晶光中信49購01","0","0","0","--","--","--","--"," ","0.00","1.74","499","1.75","10","0.00",
="074181","穎崴中信4B購01","137,000","4","59,180","0.41","0.45","0.41","0.45","+","0.03","0.44","10","0.45","10","0.00",
="074182","世紀鋼中信49購01","0","0","0","--","--","--","--"," ","0.00","0.95","499","0.97","10","0.00",
="074183","臺股指中信4A購09","0","0","0","--","--","--","--"," ","0.00","0.46","499","0.47","100","0.00",
="074184","臺股指中信4A購10","0","0","0","--","--","--","--"," ","0.00","0.23","499","0.24","100","0.00",
="074185","中502X永豐4C購02","0","0","0","--","--","--","--"," ","0.00","0.28","499","0.29","10","11.76",
="074186","中鋼永豐4A購01","0","0","0","--","--","--","--"," ","0.00","0.16","499","0.19","10","20.15",
="074187","大成鋼永豐53購01","0","0","0","--","--","--","--"," ","0.00","1.05","10","1.15","10","38.60",
="074188","台積電永豐4A購07","0","0","0","--","--","--","--"," ","0.00","0.27","499","0.37","10","1,160.00",
="074189","台積電永豐4A購08","0","0","0","--","--","--","--"," ","0.00","0.50","499","0.60","10","1,160.00",
="074190","台積電永豐4A購09","2,000","1","1,460","0.73","0.73","0.73","0.73","-","0.07","0.64","10","0.74","10","1,160.00",
="074191","英業達永豐4B購01","0","0","0","--","--","--","--"," ","0.00","0.32","499","0.33","10","41.35",
="074192","南亞科永豐49購05","0","0","0","--","--","--","--"," ","0.00","0.66","499","0.76","10","46.65",
="074193","南亞科永豐4B購01","0","0","0","--","--","--","--"," ","0.00","0.63","10","0.64","10","46.65",
="074194","建準永豐49購01","0","0","0","--","--","--","--"," ","0.00","25.30","499","26.30","10","137.00",
="074195","瑞鼎永豐4A購01","0","0","0","--","--","--","--"," ","0.00","0.14","10","0.15","10","299.00",
="074196","永道永豐49購02","0","0","0","--","--","--","--"," ","0.00","--","0","0.04","10","154.50",
="074197","華邦電第一49購03","0","0","0","--","--","--","--"," ","0.00","0.06","10","0.16","10","0.00",
="074198","大同第一49購01","0","0","0","--","--","--","--"," ","0.00","4.26","10","4.27","10","0.00",
="074199","大同第一49購02","0","0","0","--","--","--","--"," ","0.00","4.90","10","4.91","10","0.00",
="074200","微星第一4A購01","0","0","0","--","--","--","--"," ","0.00","0.22","10","0.23","10","0.00",
="074201","微星第一4A購02","0","0","0","--","--","--","--"," ","0.00","0.55","10","0.56","10","0.00",
="074202","大銀第一49購01","0","0","0","--","--","--","--"," ","0.00","0.03","10","0.05","10","0.00",
="074203","華城富邦4B購03","230,000","23","200,200","0.88","0.89","0.85","0.86","-","0.01","0.81","10","0.91","10","0.00",
="074204","中鋼富邦4A購01","0","0","0","--","--","--","--"," ","0.00","0.10","10","0.11","10","0.00",
="074205","華邦電富邦49購01","0","0","0","--","--","--","--"," ","0.00","0.25","30","0.26","28","0.00",
="074206","裕民富邦4B購02","0","0","0","--","--","--","--"," ","0.00","0.15","10","0.16","10","0.00",
="074207","材料富邦4C購01","0","0","0","--","--","--","--"," ","0.00","--","0","0.10","10","0.00",
="074208","T50正2凱基55購01","25,000","2","31,390","1.24","1.27","1.24","1.27","-","0.04","1.25","100","1.26","10","259.40",
="074209","元石油凱基49購01","0","0","0","--","--","--","--"," ","0.00","0.20","100","0.21","10","16.26",
="074210","FBNQ2X凱基49購05","0","0","0","--","--","--","--"," ","0.00","3.02","100","3.12","10","144.85",
="074211","元金2X凱基49購02","25,000","1","31,750","1.27","1.27","1.27","1.27","+","0.06","1.27","10","1.35","1","58.65",
="074212","SGBR2X凱基4A購01","30,000","1","15,900","0.53","0.53","0.53","0.53"," ","0.00","0.51","100","0.52","10","11.25",
="074213","三芳凱基49購04","0","0","0","--","--","--","--"," ","0.00","--","0","0.10","10","31.60",
="074214","華城凱基51購02","87,000","6","144,070","1.69","1.69","1.58","1.58","-","0.07","1.55","100","1.56","10","618.00",
="074215","台玻凱基4A購02","0","0","0","--","--","--","--"," ","0.00","9.75","10","--","0","34.55",
="074216","中鴻凱基49購05","0","0","0","--","--","--","--"," ","0.00","--","0","0.10","10","16.15",
="074217","大成鋼凱基49購08","0","0","0","--","--","--","--"," ","0.00","--","0","0.08","100","38.60",
="074218","台達電凱基49購02","0","0","0","--","--","--","--"," ","0.00","13.00","100","--","0","709.00",
="074219","鴻海凱基51購04","3,000","1","6,510","2.17","2.17","2.17","2.17","-","0.11","2.14","100","2.15","10","206.00",
="07421P","T50正2中信4A售04","0","0","0","--","--","--","--"," ","0.00","0.10","100","0.11","100","0.00",
="074220","台積電凱基49購19","0","0","0","--","--","--","--"," ","0.00","1.18","85","1.28","10","1,160.00",
="074221","台積電凱基49購20","0","0","0","--","--","--","--"," ","0.00","1.75","58","1.85","10","1,160.00",
="074222","台積電凱基56購10","0","0","0","--","--","--","--"," ","0.00","16.10","10","17.10","10","1,160.00",
="074223","群光凱基4B購01","0","0","0","--","--","--","--"," ","0.00","0.02","100","0.12","10","137.00",
="074224","精元凱基49購03","0","0","0","--","--","--","--"," ","0.00","--","0","0.10","10","41.70",
="074225","南亞科凱基49購03","0","0","0","--","--","--","--"," ","0.00","0.15","100","0.25","10","46.65",
="074226","建準凱基49購01","0","0","0","--","--","--","--"," ","0.00","1.91","10","2.01","10","137.00",
="074227","強茂凱基49購01","0","0","0","--","--","--","--"," ","0.00","2.55","100","2.65","10","65.40",
="074228","新興凱基49購02","0","0","0","--","--","--","--"," ","0.00","0.01","10","0.11","10","23.65",
="074229","裕民凱基4A購01","0","0","0","--","--","--","--"," ","0.00","0.05","10","0.15","10","57.30",
="07422P","川湖永豐49售04","0","0","0","--","--","--","--"," ","0.00","--","0","0.10","10","0.00",
="074230","陽明凱基4A購02","0","0","0","--","--","--","--"," ","0.00","0.15","100","0.16","30","58.80",
="074231","萬海凱基49購04","0","0","0","--","--","--","--"," ","0.00","0.02","10","0.12","10","84.10",
="074232","華晶科凱基4A購01","52,000","6","30,850","0.63","0.64","0.58","0.59","-","0.04","0.55","100","0.56","10","50.30",
="074233","辛耘凱基49購01","0","0","0","--","--","--","--"," ","0.00","0.96","100","--","0","393.50",
="074234","世芯凱基49購09","0","0","0","--","--","--","--"," ","0.00","4.42","100","4.52","10","4,000.00",
="074235","貿聯凱基49購04","0","0","0","--","--","--","--"," ","0.00","8.85","10","--","0","981.00",
="074236","神達凱基49購05","0","0","0","--","--","--","--"," ","0.00","21.80","100","--","0","95.90",
="074237","達興凱基49購03","1,000","1","9,850","9.85","9.85","9.85","9.85","+","1.30","9.45","100","--","0","387.00",
="074238","崇越凱基49購01","0","0","0","--","--","--","--"," ","0.00","0.44","10","0.54","10","294.50",
="074239","亞翔凱基4B購02","109,000","3","383,060","3.79","3.79","3.38","3.38","-","0.54","3.28","100","3.30","10","349.50",
="074240","訊芯凱基49購03","0","0","0","--","--","--","--"," ","0.00","0.05","10","0.15","10","165.00",
="074241","愛普凱基49購01","0","0","0","--","--","--","--"," ","0.00","0.10","10","0.20","10","305.50",
="074242","緯穎凱基4A購05","0","0","0","--","--","--","--"," ","0.00","6.65","100","7.15","10","2,975.00",
="074243","富世達凱基4B購01","0","0","0","--","--","--","--"," ","0.00","4.28","100","4.38","10","1,145.00",
="074244","世紀鋼凱基4B購03","0","0","0","--","--","--","--"," ","0.00","0.11","100","0.12","30","188.00",
="074246","臺股指凱基4A購17","0","0","0","--","--","--","--"," ","0.00","0.53","100","0.54","10","0.00",
="074247","臺股指凱基54購01","0","0","0","--","--","--","--"," ","0.00","2.25","100","2.26","10","0.00",
="074248","和大台新49購01","0","0","0","--","--","--","--"," ","0.00","0.18","20","--","0","0.00",
="074249","三芳統一53購03","0","0","0","--","--","--","--"," ","0.00","0.06","10","0.07","10","31.60",
="074251","大成鋼統一53購03","1,015,000","5","112,300","0.12","0.12","0.11","0.11","-","0.01","0.10","106","0.11","10","38.60",
="074252","大成鋼統一53購04","100,000","1","20,000","0.20","0.20","0.20","0.20","-","0.02","0.17","10","0.18","10","38.60",
="074253","技嘉統一53購01","796,000","4","511,220","0.65","0.65","0.64","0.64","-","0.03","0.63","10","0.64","10","281.00",
="074254","群光統一52購02","156,000","3","37,440","0.24","0.24","0.24","0.24","X","0.00","0.22","10","0.23","10","137.00",
="074255","一詮統一4C購02","0","0","0","--","--","--","--"," ","0.00","0.06","10","0.16","10","80.20",
="074256","雄獅統一51購03","2,000","2","1,610","0.79","0.82","0.79","0.82","X","0.00","0.80","10","0.82","10","159.00",
="074257","凱基金統一53購01","0","0","0","--","--","--","--"," ","0.00","0.40","10","0.41","10","15.55",
="074258","永道統一53購04","0","0","0","--","--","--","--"," ","0.00","0.09","10","0.10","10","154.50",
="074259","世紀鋼統一53購03","0","0","0","--","--","--","--"," ","0.00","0.50","10","0.51","10","188.00",
="074260","欣興兆豐53購01","0","0","0","--","--","--","--"," ","0.00","2.58","10","2.59","10","150.00",
="074261","台灣50群益49購05","0","0","0","--","--","--","--"," ","0.00","3.10","25","--","0","52.50",
="074262","T50正2群益49購02","0","0","0","--","--","--","--"," ","0.00","2.71","25","2.72","10","259.40",
="074263","T50正2群益49購03","0","0","0","--","--","--","--"," ","0.00","1.72","25","1.73","10","259.40",
="074264","FBNQ2X群益49購03","0","0","0","--","--","--","--"," ","0.00","0.10","55","--","0","144.85",
="074265","中興電群益49購06","0","0","0","--","--","--","--"," ","0.00","0.71","14","1.87","10","167.00",
="074266","華城群益4C購02","40,000","1","28,800","0.72","0.72","0.72","0.72","+","0.05","0.67","100","0.68","100","618.00",
="074267","潤隆群益4A購01","0","0","0","--","--","--","--"," ","0.00","--","0","0.11","10","30.10",
="074268","大成鋼群益49購04","0","0","0","--","--","--","--"," ","0.00","--","0","--","0","38.60",
="074269","上銀群益49購06","0","0","0","--","--","--","--"," ","0.00","--","0","0.10","10","215.50",
="074270","台達電群益49購03","0","0","0","--","--","--","--"," ","0.00","24.90","10","--","0","709.00",
="074271","智邦群益49購04","0","0","0","--","--","--","--"," ","0.00","--","0","--","0","984.00",
="074272","所羅門群益4B購03","324,000","13","481,100","1.44","1.70","1.40","1.40","-","0.22","0.54","37","--","0","162.00",
="074273","佳能群益4B購02","83,000","11","81,620","0.99","1.04","0.94","0.96","-","0.07","0.96","10","1.06","10","80.80",
="074274","建準群益4A購01","0","0","0","--","--","--","--"," ","0.00","0.44","6","1.68","10","137.00",
="074275","建準群益4A購02","0","0","0","--","--","--","--"," ","0.00","1.26","499","1.36","10","137.00",
="074276","聯發科群益49購06","6,000","1","420","0.07","0.07","0.07","0.07","-","0.02","--","0","--","0","1,385.00",
="074277","聯發科群益49購07","0","0","0","--","--","--","--"," ","0.00","--","0","--","0","1,385.00",
="074278","皇昌群益49購07","0","0","0","--","--","--","--"," ","0.00","--","0","0.10","10","83.50",
="074279","慧洋群益49購05","0","0","0","--","--","--","--"," ","0.00","--","0","--","0","61.80",
="074280","全漢群益4A購01","0","0","0","--","--","--","--"," ","0.00","--","0","0.16","10","57.10",
="074281","奇鋐群益49購02","0","0","0","--","--","--","--"," ","0.00","--","0","--","0","1,015.00",
="074282","智原群益49購03","0","0","0","--","--","--","--"," ","0.00","--","0","--","0","158.00",
="074283","欣興群益49購03","0","0","0","--","--","--","--"," ","0.00","0.52","10","--","0","150.00",
="074284","全科群益49購01","0","0","0","--","--","--","--"," ","0.00","--","0","--","0","32.25",
="074285","創意群益49購11","0","0","0","--","--","--","--"," ","0.00","--","0","0.58","10","1,350.00",
="074286","牧德群益51購01","175,000","7","176,190","0.98","1.05","0.95","1.05","+","0.15","1.13","100","1.14","100","594.00",
="074287","矽格群益49購03","1,000","1","2,040","2.04","2.04","2.04","2.04","X","0.00","1.93","10","2.03","10","82.20",
="074288","樺漢群益49購02","3,000","1","3,000","1.00","1.00","1.00","1.00","X","0.00","0.95","499","1.05","10","326.00",
="074289","晶心科群益49購04","0","0","0","--","--","--","--"," ","0.00","--","0","0.11","10","283.00",
="07428P","元黃金國票52售01","0","0","0","--","--","--","--"," ","0.00","0.19","25","0.20","10","0.00",
="074290","緯穎群益49購06","0","0","0","--","--","--","--"," ","0.00","--","0","--","0","2,975.00",
="074291","富世達群益49購02","0","0","0","--","--","--","--"," ","0.00","--","0","--","0","1,145.00",
="074292","台灣50元富49購15","0","0","0","--","--","--","--"," ","0.00","5.95","25","6.10","25","52.50",
="074293","台灣50元富49購16","0","0","0","--","--","--","--"," ","0.00","6.40","25","6.65","25","52.50",
="074294","中502X元富49購02","0","0","0","--","--","--","--"," ","0.00","0.01","25","0.11","10","11.76",
="074295","FANG+元富49購01","0","0","0","--","--","--","--"," ","0.00","1.18","25","1.28","10","110.85",
="074296","美費半元富49購01","2,000","1","5,600","2.80","2.80","2.80","2.80","-","0.14","2.82","25","2.83","25","45.51",
="074297","中鋼元富49購03","0","0","0","--","--","--","--"," ","0.00","0.01","25","0.11","10","20.15",
="074298","台積電元富49購32","0","0","0","--","--","--","--"," ","0.00","0.02","25","0.10","10","1,160.00",
="074299","台積電元富4A購08","0","0","0","--","--","--","--"," ","0.00","0.18","25","0.28","10","1,160.00",
="074300","台積電元富4B購04","0","0","0","--","--","--","--"," ","0.00","0.41","25","0.51","10","1,160.00",
="074301","台積電元富4C購05","0","0","0","--","--","--","--"," ","0.00","0.84","25","0.94","10","1,160.00",
="074302","台積電元富63購01","0","0","0","--","--","--","--"," ","0.00","1.40","25","1.49","9","1,160.00",
="074303","南亞科元富49購03","0","0","0","--","--","--","--"," ","0.00","0.84","25","0.94","25","46.65",
="074304","南亞科元富4C購01","10,000","1","11,800","1.18","1.18","1.18","1.18","-","0.04","1.09","25","1.10","25","46.65",
="074305","盟立元富49購02","210,000","4","29,300","0.13","0.14","0.13","0.14","X","0.00","0.11","25","0.12","25","70.00",
="074306","陽明元富49購06","0","0","0","--","--","--","--"," ","0.00","--","0","0.10","25","58.80",
="074307","慧洋元富49購04","0","0","0","--","--","--","--"," ","0.00","0.01","25","0.11","10","61.80",
="074308","大立光元富49購07","0","0","0","--","--","--","--"," ","0.00","0.28","25","0.29","25","2,395.00",
="074309","智原元富4A購04","0","0","0","--","--","--","--"," ","0.00","0.03","25","0.10","10","158.00",
="07430P","亞力國票49售02","650,000","2","65,000","0.10","0.10","0.10","0.10","X","0.00","0.10","25","0.12","10","0.00",
="074310","世芯元富49購13","0","0","0","--","--","--","--"," ","0.00","8.85","25","9.20","25","4,000.00",
="074311","大銀元富53購01","0","0","0","--","--","--","--"," ","0.00","0.42","25","0.43","25","126.00",
="074312","材料元富49購05","0","0","0","--","--","--","--"," ","0.00","--","0","0.10","25","67.70",
="074313","材料元富57購01","0","0","0","--","--","--","--"," ","0.00","0.30","25","0.31","25","67.70",
="074314","迎廣元富49購02","0","0","0","--","--","--","--"," ","0.00","0.01","25","0.10","10","94.00",
="074315","瑞祺元富49購02","0","0","0","--","--","--","--"," ","0.00","--","0","0.10","25","87.50",
="074316","訊芯元富49購02","0","0","0","--","--","--","--"," ","0.00","0.10","25","0.16","2","165.00",
="074317","泓德元富4A購02","0","0","0","--","--","--","--"," ","0.00","0.03","25","0.10","50","160.00",
="074318","台灣50元大49購16","30,000","1","15,000","0.50","0.50","0.50","0.50","-","0.28","0.49","499","0.58","10","52.50",
="074319","台灣50元大49購17","0","0","0","--","--","--","--"," ","0.00","7.05","100","7.55","10","52.50",
="07431P","合機國票49售02","3,000","1","630","0.21","0.21","0.21","0.21","X","0.00","0.22","25","0.23","10","0.00",
="074320","台灣50元大49購18","30,000","1","137,100","4.57","4.57","4.57","4.57","-","0.30","4.33","200","4.43","10","52.50",
="074321","台灣50元大49購19","0","0","0","--","--","--","--"," ","0.00","5.30","100","5.80","10","52.50",
="074322","中50元大49購01","0","0","0","--","--","--","--"," ","0.00","0.05","499","0.06","100","24.71",
="074323","中50元大4B購01","10,000","1","2,100","0.21","0.21","0.21","0.21","X","0.00","0.17","499","0.18","100","24.71",
="074324","中502X元大49購04","0","0","0","--","--","--","--"," ","0.00","0.24","499","0.25","100","11.76",
="074325","中502X元大4C購02","0","0","0","--","--","--","--"," ","0.00","0.75","250","0.76","100","11.76",
="074326","美費半元大4A購01","0","0","0","--","--","--","--"," ","0.00","3.32","499","3.34","50","45.51",
="074327","美費半元大4B購01","0","0","0","--","--","--","--"," ","0.00","3.61","499","3.71","10","45.51",
="074328","美費半元大4C購01","0","0","0","--","--","--","--"," ","0.00","4.42","499","4.45","50","45.51",
="074329","中興電元大49購07","60,000","2","57,200","0.92","0.96","0.92","0.96","+","0.06","0.96","449","0.97","10","167.00",
="07432P","皇昌國票49售04","0","0","0","--","--","--","--"," ","0.00","1.69","25","1.79","10","0.00",
="074330","華城元大49購19","0","0","0","--","--","--","--"," ","0.00","2.45","250","2.53","10","618.00",
="074331","華城元大4C購01","314,000","8","452,300","1.48","1.49","1.42","1.49","+","0.06","1.37","499","1.39","10","618.00",
="074332","華城元大52購03","180,000","5","108,820","0.62","0.62","0.60","0.62","+","0.01","0.58","499","0.59","10","618.00",
="074333","華新元大49購08","0","0","0","--","--","--","--"," ","0.00","--","0","0.10","10","23.35",
="074334","大亞元大49購01","0","0","0","--","--","--","--"," ","0.00","1.55","499","1.63","10","43.00",
="074335","美時元大49購05","0","0","0","--","--","--","--"," ","0.00","--","0","0.10","10","193.50",
="074336","中鋼元大49購06","0","0","0","--","--","--","--"," ","0.00","--","0","0.10","10","20.15",
="074337","中鋼元大4A購02","0","0","0","--","--","--","--"," ","0.00","--","0","0.10","10","20.15",
="074338","中鴻元大49購08","0","0","0","--","--","--","--"," ","0.00","--","0","0.10","10","16.15",
="074339","中鴻元大49購09","0","0","0","--","--","--","--"," ","0.00","--","0","0.10","10","16.15",
="074340","中鴻元大49購10","0","0","0","--","--","--","--"," ","0.00","--","0","0.10","10","16.15",
="074341","大成鋼元大49購06","0","0","0","--","--","--","--"," ","0.00","--","0","0.10","10","38.60",
="074342","大成鋼元大49購07","0","0","0","--","--","--","--"," ","0.00","--","0","0.10","10","38.60",
="074343","大成鋼元大49購08","0","0","0","--","--","--","--"," ","0.00","--","0","0.10","10","38.60",
="074344","上銀元大4A購08","0","0","0","--","--","--","--"," ","0.00","0.02","499","0.12","10","215.50",
="074345","台達電元大49購03","0","0","0","--","--","--","--"," ","0.00","20.60","50","--","0","709.00",
="074346","台積電元大49購17","0","0","0","--","--","--","--"," ","0.00","--","0","--","0","1,160.00",
="074347","台積電元大4C購06","0","0","0","--","--","--","--"," ","0.00","--","0","--","0","1,160.00",
="074348","台積電元大52購06","140,000","2","154,000","1.10","1.10","1.10","1.10","-","0.03","1.08","6","--","0","1,160.00",
="074349","華邦電元大49購09","0","0","0","--","--","--","--"," ","0.00","0.30","499","0.31","10","19.60",
="07434P","邁達特國票4A售02","0","0","0","--","--","--","--"," ","0.00","0.90","25","0.91","10","0.00",
="074350","華邦電元大49購10","3,000","1","1,380","0.46","0.46","0.46","0.46","-","0.09","0.46","499","0.48","10","19.60",
="074351","華邦電元大4B購02","0","0","0","--","--","--","--"," ","0.00","0.66","499","0.67","10","19.60",
="074352","佳能元大49購03","0","0","0","--","--","--","--"," ","0.00","1.12","499","1.15","10","80.80",
="074353","台光電元大49購05","0","0","0","--","--","--","--"," ","0.00","--","0","--","0","1,250.00",
="074354","台光電元大49購06","0","0","0","--","--","--","--"," ","0.00","--","0","--","0","1,250.00",
="074355","台光電元大49購07","0","0","0","--","--","--","--"," ","0.00","--","0","--","0","1,250.00",
="074356","群光元大49購01","0","0","0","--","--","--","--"," ","0.00","0.03","499","0.13","35","137.00",
="074357","群光元大49購02","0","0","0","--","--","--","--"," ","0.00","--","0","0.10","10","137.00",
="074358","群光元大49購03","0","0","0","--","--","--","--"," ","0.00","--","0","0.10","10","137.00",
="074359","裕民元大49購06","0","0","0","--","--","--","--"," ","0.00","0.15","499","0.16","10","57.30",
="07435P","台灣50凱基4C售02","96,000","3","28,860","0.30","0.32","0.30","0.32","X","0.00","0.31","100","0.32","7","0.00",
="074360","裕民元大4C購03","229,000","5","86,780","0.38","0.39","0.36","0.36","-","0.04","0.36","499","0.37","10","57.30",
="074361","裕民元大51購03","250,000","2","125,000","0.50","0.50","0.50","0.50","-","0.01","0.48","499","0.49","10","57.30",
="074362","慧洋元大49購11","0","0","0","--","--","--","--"," ","0.00","0.11","499","0.12","10","61.80",
="074363","慧洋元大4A購01","0","0","0","--","--","--","--"," ","0.00","0.15","499","0.16","10","61.80",
="074364","慧洋元大4B購02","0","0","0","--","--","--","--"," ","0.00","0.05","499","0.06","10","61.80",
="074365","欣興元大49購10","0","0","0","--","--","--","--"," ","0.00","1.13","499","1.20","10","150.00",
="074366","新日興元大4B購02","1,000","1","340","0.34","0.34","0.34","0.34","+","0.11","--","0","--","0","259.00",
="074367","神達元大49購03","10,000","1","43,000","4.30","4.30","4.30","4.30","X","0.00","4.29","200","4.62","5","95.90",
="074368","神達元大49購04","10,000","1","25,500","2.55","2.55","2.55","2.55","X","0.00","2.48","350","2.70","5","95.90",
="074369","材料元大51購07","0","0","0","--","--","--","--"," ","0.00","0.02","100","0.08","799","67.70",
="07436P","美債2X凱基4A售04","0","0","0","--","--","--","--"," ","0.00","0.68","100","0.69","10","0.00",
="074370","亞翔元大49購10","0","0","0","--","--","--","--"," ","0.00","4.37","150","4.47","10","349.50",
="074371","亞翔元大52購02","62,000","3","68,580","1.12","1.12","1.04","1.04","-","0.09","1.02","499","1.03","10","349.50",
="074372","瑞祺元大49購01","0","0","0","--","--","--","--"," ","0.00","--","0","0.10","10","87.50",
="074373","瑞祺元大49購02","0","0","0","--","--","--","--"," ","0.00","--","0","0.10","10","87.50",
="074374","瑞祺元大49購03","0","0","0","--","--","--","--"," ","0.00","--","0","0.10","10","87.50",
="074375","勤誠元大49購04","0","0","0","--","--","--","--"," ","0.00","12.50","50","--","0","613.00",
="074376","FBNQ2X國票4B購01","17,000","4","27,740","1.62","1.64","1.62","1.64","-","0.11","1.62","25","1.63","10","144.85",
="074377","FBNQ2X國票4B購02","17,000","4","53,330","3.13","3.14","3.13","3.14","X","0.00","3.11","25","3.12","10","144.85",
="074378","中502X國票4C購02","0","0","0","--","--","--","--"," ","0.00","0.51","25","0.52","10","11.76",
="074379","台泥國票4A購02","0","0","0","--","--","--","--"," ","0.00","--","0","--","0","22.80",
="07437P","中興電凱基49售01","0","0","0","--","--","--","--"," ","0.00","0.19","100","0.20","10","0.00",
="074380","台塑國票4A購01","11,000","2","10,350","0.95","0.95","0.94","0.94","-","0.38","0.91","25","0.93","10","39.10",
="074381","台化國票4A購01","3,000","1","1,860","0.62","0.62","0.62","0.62","X","0.00","0.54","25","0.62","10","29.90",
="074382","中砂國票4A購02","0","0","0","--","--","--","--"," ","0.00","4.45","25","4.56","10","347.00",
="074383","華新國票49購03","0","0","0","--","--","--","--"," ","0.00","0.02","25","0.03","10","23.35",
="074384","台玻國票4A購02","0","0","0","--","--","--","--"," ","0.00","10.90","25","--","0","34.55",
="074385","鴻海國票4A購03","0","0","0","--","--","--","--"," ","0.00","2.48","25","2.58","10","206.00",
="074386","國巨國票4A購03","0","0","0","--","--","--","--"," ","0.00","0.41","25","0.42","10","137.00",
="074387","國巨國票4B購01","0","0","0","--","--","--","--"," ","0.00","0.32","25","0.33","10","137.00",
="074388","英業達國票4A購01","2,000","1","120","0.06","0.06","0.06","0.06","X","0.00","0.06","25","0.07","10","41.35",
="074389","微星國票4B購02","0","0","0","--","--","--","--"," ","0.00","0.09","25","0.10","10","136.50",
="07438P","台積電凱基51售05","37,000","2","59,910","1.59","1.63","1.59","1.63","+","0.03","1.67","100","1.68","10","0.00",
="074390","威盛國票4A購01","0","0","0","--","--","--","--"," ","0.00","--","0","0.02","8","62.00",
="074391","建準國票4A購01","0","0","0","--","--","--","--"," ","0.00","2.04","25","2.14","10","137.00",
="074392","長榮國票4B購01","0","0","0","--","--","--","--"," ","0.00","0.12","25","0.13","10","188.00",
="074393","新興國票4A購02","0","0","0","--","--","--","--"," ","0.00","0.06","25","0.07","10","23.65",
="074394","陽明國票4B購02","0","0","0","--","--","--","--"," ","0.00","0.14","25","0.15","10","58.80",
="074395","萬海國票4A購02","465,000","13","223,960","0.45","0.52","0.45","0.48"," ","0.00","0.43","25","0.44","10","84.10",
="074396","信邦國票4A購02","0","0","0","--","--","--","--"," ","0.00","0.06","25","0.07","10","234.00",
="074397","智原國票4A購02","0","0","0","--","--","--","--"," ","0.00","0.03","25","0.04","10","158.00",
="074398","健鼎國票4A購02","0","0","0","--","--","--","--"," ","0.00","6.10","25","6.35","10","318.00",
="074399","富華新國票4A購02","0","0","0","--","--","--","--"," ","0.00","0.01","25","0.02","10","21.15",
="074400","碩天國票4A購02","0","0","0","--","--","--","--"," ","0.00","--","0","--","0","225.50",
="074401","貿聯國票4A購04","0","0","0","--","--","--","--"," ","0.00","11.70","25","12.20","10","981.00",
="074402","日月光國票4A購03","0","0","0","--","--","--","--"," ","0.00","0.26","25","0.27","10","147.50",
="074403","永崴控國票4A購01","0","0","0","--","--","--","--"," ","0.00","0.01","25","0.02","10","36.60",
="074404","迎廣國票4A購02","0","0","0","--","--","--","--"," ","0.00","0.39","25","0.40","10","94.00",
="074405","台塑化國票4A購01","0","0","0","--","--","--","--"," ","0.00","1.12","25","1.22","10","40.75",
="074406","勤誠國票4A購01","0","0","0","--","--","--","--"," ","0.00","13.70","25","14.70","10","613.00",
="074407","勤誠國票4B購01","0","0","0","--","--","--","--"," ","0.00","16.20","25","17.20","10","613.00",
="074408","美利達國票4C購01","0","0","0","--","--","--","--"," ","0.00","0.07","25","0.08","10","112.50",
="074409","臺股指國票49購08","0","0","0","--","--","--","--"," ","0.00","2.12","499","2.13","499","0.00",
="074410","臺股指國票49購09","0","0","0","--","--","--","--"," ","0.00","3.43","499","3.53","10","0.00",
="074411","臺股指國票4A購02","3,000","2","5,950","1.98","1.99","1.98","1.99","-","0.37","1.96","499","1.97","499","0.00",
="074412","三芳第一49購01","0","0","0","--","--","--","--"," ","0.00","2.20","10","2.21","10","0.00",
="074413","精元第一49購01","0","0","0","--","--","--","--"," ","0.00","0.97","10","0.98","10","0.00",
="074414","訊芯第一49購01","0","0","0","--","--","--","--"," ","0.00","0.54","10","0.55","10","0.00",
="074415","矽創第一49購01","10,000","2","2,250","0.23","0.23","0.22","0.22"," ","0.00","0.21","10","0.24","10","0.00",
="074416","SGBR2X富邦4C購01","0","0","0","--","--","--","--"," ","0.00","0.40","100","0.41","98","0.00",
="074417","中鋼富邦4B購02","0","0","0","--","--","--","--"," ","0.00","0.32","10","0.33","10","0.00",
="074418","聯電富邦4B購03","0","0","0","--","--","--","--"," ","0.00","0.09","30","0.10","10","0.00",
="074419","皇昌富邦4A購03","120,000","13","33,590","0.27","0.30","0.27","0.29","+","0.04","0.24","10","0.25","10","0.00",
="07441P","穎崴凱基49售03","0","0","0","--","--","--","--"," ","0.00","0.40","10","0.50","10","0.00",
="074420","智原富邦4A購03","0","0","0","--","--","--","--"," ","0.00","--","0","0.03","10","0.00",
="074421","亞翔富邦4B購02","10,000","1","15,900","1.59","1.59","1.59","1.59","+","0.03","1.36","30","1.37","28","0.00",
="074422","緯穎富邦4A購03","0","0","0","--","--","--","--"," ","0.00","2.32","30","2.37","10","0.00",
="074423","台灣50中信4B購01","0","0","0","--","--","--","--"," ","0.00","0.57","499","0.58","100","0.00",
="074424","大成鋼中信49購01","0","0","0","--","--","--","--"," ","0.00","--","0","--","0","0.00",
="074425","聯發科中信49購06","0","0","0","--","--","--","--"," ","0.00","0.35","499","0.36","10","0.00",
="074426","智原中信49購01","0","0","0","--","--","--","--"," ","0.00","--","0","0.02","10","0.00",
="074427","材料中信4C購01","0","0","0","--","--","--","--"," ","0.00","0.22","499","0.23","10","0.00",
="074428","亞翔中信4A購01","0","0","0","--","--","--","--"," ","0.00","0.69","10","0.70","10","0.00",
="074429","穎崴中信49購03","0","0","0","--","--","--","--"," ","0.00","0.23","499","0.24","10","0.00",
="074430","材料台新49購01","0","0","0","--","--","--","--"," ","0.00","--","0","--","0","0.00",
="074431","東陽統一59購01","210,000","2","58,800","0.28","0.28","0.28","0.28","X","0.00","0.27","10","0.28","10","101.00",
="074432","建準統一52購02","403,000","4","476,230","1.16","1.20","1.16","1.20","+","0.01","1.16","10","1.18","10","137.00",
="074433","欣興統一53購01","32,000","4","40,720","1.25","1.35","1.25","1.31","+","0.01","1.30","12","1.31","10","150.00",
="074434","華晶科統一53購01","29,000","15","19,750","0.70","0.71","0.66","0.67","-","0.05","0.68","10","0.69","10","50.30",
="074435","永崴控統一56購01","0","0","0","--","--","--","--"," ","0.00","0.23","10","0.24","10","36.60",
="074436","龍德船統一55購02","906,000","31","1,152,610","1.28","1.36","1.24","1.26","-","0.01","1.25","10","--","0","146.00",
="074437","三芳國泰4A購02","0","0","0","--","--","--","--"," ","0.00","0.02","499","0.03","100","31.60",
="074438","中興電國泰4A購01","0","0","0","--","--","--","--"," ","0.00","2.15","499","2.25","100","167.00",
="074439","中鋼國泰4A購02","0","0","0","--","--","--","--"," ","0.00","0.11","10","0.12","10","20.15",
="074440","國巨國泰4A購01","10,000","1","16,400","1.64","1.64","1.64","1.64","X","0.00","1.41","499","1.48","10","137.00",
="074441","金像電國泰4A購01","0","0","0","--","--","--","--"," ","0.00","22.70","499","--","0","486.00",
="074442","大銀國泰4A購01","0","0","0","--","--","--","--"," ","0.00","0.14","499","0.16","100","126.00",
="074443","滬深2X永豐4C購02","40,000","1","102,400","2.56","2.56","2.56","2.56","X","0.00","2.47","10","2.57","10","18.32",
="074444","中502X永豐49購02","0","0","0","--","--","--","--"," ","0.00","0.03","499","0.06","10","11.76",
="074445","亞德客永豐49購01","0","0","0","--","--","--","--"," ","0.00","0.09","499","0.19","10","800.00",
="074446","中鋼永豐49購02","0","0","0","--","--","--","--"," ","0.00","0.03","499","0.13","10","20.15",
="074447","聯電永豐4A購01","0","0","0","--","--","--","--"," ","0.00","0.51","499","0.53","10","40.60",
="074448","鴻海永豐4A購06","0","0","0","--","--","--","--"," ","0.00","0.72","10","0.75","10","206.00",
="074449","台積電永豐4A購11","9,000","1","11,610","1.29","1.29","1.29","1.29","X","0.00","1.18","499","1.28","10","1,160.00",
="07444P","T50正2元大51售03","106,000","3","37,060","0.35","0.36","0.34","0.36","-","0.03","0.34","65","0.41","10","0.00",
="074450","智邦永豐4A購01","0","0","0","--","--","--","--"," ","0.00","5.45","499","--","0","984.00",
="074451","皇昌永豐49購04","0","0","0","--","--","--","--"," ","0.00","0.05","499","0.15","10","83.50",
="074452","皇昌永豐49購05","0","0","0","--","--","--","--"," ","0.00","0.02","499","0.12","10","83.50",
="074453","貿聯永豐49購02","0","0","0","--","--","--","--"," ","0.00","12.50","499","--","0","981.00",
="074454","材料永豐4B購02","0","0","0","--","--","--","--"," ","0.00","0.01","499","0.03","10","67.70",
="074455","T50反1國票53購01","0","0","0","--","--","--","--"," ","0.00","0.33","25","0.38","10","19.79",
="074456","臺指反國票59購01","0","0","0","--","--","--","--"," ","0.00","0.19","50","0.20","10","3.20",
="074457","台玻國票4A購03","0","0","0","--","--","--","--"," ","0.00","8.75","25","--","0","34.55",
="074458","友訊國票4A購01","0","0","0","--","--","--","--"," ","0.00","0.04","25","0.05","10","18.05",
="074459","智邦國票4A購03","0","0","0","--","--","--","--"," ","0.00","6.80","25","6.95","10","984.00",
="07445P","國企2X元大49售05","0","0","0","--","--","--","--"," ","0.00","0.93","499","0.94","50","0.00",
="074460","金像電國票4A購02","0","0","0","--","--","--","--"," ","0.00","24.90","25","25.90","10","486.00",
="074461","台光電國票4A購03","0","0","0","--","--","--","--"," ","0.00","29.20","25","30.20","10","1,250.00",
="074462","正崴國票4A購01","0","0","0","--","--","--","--"," ","0.00","0.02","25","0.03","10","48.40",
="074463","美律國票4B購02","0","0","0","--","--","--","--"," ","0.00","0.04","25","0.05","10","107.50",
="074464","裕民國票4A購03","0","0","0","--","--","--","--"," ","0.00","0.03","25","--","0","57.30",
="074465","欣興國票4A購02","0","0","0","--","--","--","--"," ","0.00","2.23","25","2.33","10","150.00",
="074466","大量國票4A購02","0","0","0","--","--","--","--"," ","0.00","6.60","25","7.10","10","209.50",
="074467","創意國票4A購04","0","0","0","--","--","--","--"," ","0.00","0.74","25","0.77","10","1,350.00",
="074468","迅得國票4A購02","2,000","2","1,560","0.76","0.80","0.76","0.80","X","0.00","0.76","25","0.79","10","193.50",
="074469","達發國票49購01","0","0","0","--","--","--","--"," ","0.00","0.13","25","0.14","10","556.00",
="074470","緯穎國票4B購01","0","0","0","--","--","--","--"," ","0.00","3.68","25","3.76","10","2,975.00",
="074471","天虹國票49購01","0","0","0","--","--","--","--"," ","0.00","--","0","--","0","208.50",
="074472","FBNQ2X元富49購06","0","0","0","--","--","--","--"," ","0.00","1.51","25","1.61","10","144.85",
="074473","FBNQ2X元富53購01","0","0","0","--","--","--","--"," ","0.00","2.93","25","2.94","25","144.85",
="074474","中502X元富49購03","0","0","0","--","--","--","--"," ","0.00","0.05","25","0.15","10","11.76",
="074475","FANG+元富49購02","0","0","0","--","--","--","--"," ","0.00","1.78","25","1.88","10","110.85",
="074476","亞泥元富49購01","0","0","0","--","--","--","--"," ","0.00","0.03","25","0.13","10","37.10",
="074477","中鋼元富4C購01","0","0","0","--","--","--","--"," ","0.00","0.22","25","0.23","25","20.15",
="074478","大成鋼元富49購06","0","0","0","--","--","--","--"," ","0.00","--","0","0.07","10","38.60",
="074479","大成鋼元富49購07","0","0","0","--","--","--","--"," ","0.00","--","0","0.10","10","38.60",
="074480","台積電元富49購33","0","0","0","--","--","--","--"," ","0.00","1.92","25","2.02","10","1,160.00",
="074481","台積電元富49購34","0","0","0","--","--","--","--"," ","0.00","1.73","25","1.83","10","1,160.00",
="074482","英業達元富4A購02","0","0","0","--","--","--","--"," ","0.00","0.39","25","0.40","25","41.35",
="074483","英業達元富4A購03","0","0","0","--","--","--","--"," ","0.00","0.18","25","0.19","25","41.35",
="074484","慧洋元富49購05","0","0","0","--","--","--","--"," ","0.00","--","0","0.10","10","61.80",
="074485","創意元富49購04","0","0","0","--","--","--","--"," ","0.00","0.06","5","--","0","1,350.00",
="074486","世芯元富49購14","0","0","0","--","--","--","--"," ","0.00","--","0","--","0","4,000.00",
="074487","永崴控元富49購02","0","0","0","--","--","--","--"," ","0.00","--","0","0.10","10","36.60",
="074488","緯穎元富59購01","32,000","4","65,560","2.08","2.08","2.03","2.03","-","0.03","2.02","19","2.03","25","2,975.00",
="074489","龍德船元富49購01","6,000","1","13,740","2.29","2.29","2.29","2.29"," ","0.00","2.24","25","2.34","25","146.00",
="074490","臺股指元富49購19","0","0","0","--","--","--","--"," ","0.00","2.02","25","2.03","25","0.00",
="074491","臺股指元富49購20","0","0","0","--","--","--","--"," ","0.00","1.86","25","1.87","25","0.00",
="074492","臺股指元富49購21","0","0","0","--","--","--","--"," ","0.00","1.66","25","1.67","25","0.00",
="074493","臺股指元富49購22","0","0","0","--","--","--","--"," ","0.00","1.41","25","1.42","25","0.00",
="074494","T50正2凱基49購05","0","0","0","--","--","--","--"," ","0.00","1.37","100","--","0","259.40",
="074495","元黃金凱基53購01","15,000","2","12,650","0.85","0.85","0.84","0.84","+","0.01","0.85","100","0.86","10","37.00",
="074496","元金2X凱基51購02","40,000","5","113,810","2.86","2.86","2.83","2.85","+","0.15","2.85","10","2.86","50","58.65",
="074497","SGBR2X凱基4C購01","0","0","0","--","--","--","--"," ","0.00","0.80","100","0.81","10","11.25",
="074498","中50凱基49購01","0","0","0","--","--","--","--"," ","0.00","0.03","10","0.13","10","24.71",
="074499","美費半凱基49購03","0","0","0","--","--","--","--"," ","0.00","3.38","100","3.48","10","45.51",
="074500","中興電凱基4C購01","71,000","2","94,430","1.33","1.33","1.33","1.33","X","0.00","1.34","100","1.36","10","167.00",
="074501","華新凱基49購05","0","0","0","--","--","--","--"," ","0.00","--","0","0.10","10","23.35",
="074502","美時凱基49購03","0","0","0","--","--","--","--"," ","0.00","--","0","--","0","193.50",
="074503","潤隆凱基49購01","0","0","0","--","--","--","--"," ","0.00","--","0","0.10","10","30.10",
="074504","中鋼凱基4A購01","0","0","0","--","--","--","--"," ","0.00","--","0","0.10","10","20.15",
="074505","川湖凱基51購01","0","0","0","--","--","--","--"," ","0.00","5.05","100","5.55","10","2,925.00",
="074506","國巨凱基49購02","0","0","0","--","--","--","--"," ","0.00","1.44","100","--","0","137.00",
="074507","台積電凱基49購21","0","0","0","--","--","--","--"," ","0.00","12.60","10","13.60","10","1,160.00",
="074508","台積電凱基49購22","0","0","0","--","--","--","--"," ","0.00","1.81","56","1.91","10","1,160.00",
="074509","台積電凱基4A購27","0","0","0","--","--","--","--"," ","0.00","0.89","100","0.92","10","1,160.00",
="074510","華邦電凱基4C購01","70,000","3","32,400","0.45","0.47","0.45","0.46","-","0.01","0.42","10","0.43","10","19.60",
="074511","所羅門凱基49購03","0","0","0","--","--","--","--"," ","0.00","1.02","100","1.12","10","162.00",
="074512","台光電凱基49購06","0","0","0","--","--","--","--"," ","0.00","29.60","100","30.60","10","1,250.00",
="074513","威盛凱基49購03","0","0","0","--","--","--","--"," ","0.00","--","0","0.10","10","62.00",
="074514","建準凱基4A購01","165,000","5","111,620","0.62","0.69","0.62","0.66"," ","0.00","0.66","10","0.68","10","137.00",
="074515","聯發科凱基4A購06","0","0","0","--","--","--","--"," ","0.00","0.56","100","0.57","10","1,385.00",
="074516","皇昌凱基4A購04","0","0","0","--","--","--","--"," ","0.00","0.10","10","0.11","50","83.50",
="074517","長榮凱基51購03","29,000","1","19,140","0.66","0.66","0.66","0.66","+","0.03","0.60","100","0.61","10","188.00",
="074518","長榮航凱基4A購02","0","0","0","--","--","--","--"," ","0.00","0.87","100","0.88","10","39.05",
="074519","慧洋凱基49購06","0","0","0","--","--","--","--"," ","0.00","--","0","0.10","10","61.80",
="074520","全漢凱基49購01","0","0","0","--","--","--","--"," ","0.00","0.04","10","0.14","10","57.10",
="074521","智原凱基4C購02","0","0","0","--","--","--","--"," ","0.00","0.21","100","0.22","30","158.00",
="074522","欣興凱基49購05","0","0","0","--","--","--","--"," ","0.00","2.41","100","--","0","150.00",
="074523","新日興凱基4B購01","54,000","6","69,890","1.13","1.53","1.13","1.53","+","0.47","1.35","100","1.45","10","259.00",
="074524","玉晶光凱基49購06","0","0","0","--","--","--","--"," ","0.00","1.29","10","1.39","10","461.50",
="074525","創意凱基49購05","0","0","0","--","--","--","--"," ","0.00","0.03","100","0.13","10","1,350.00",
="074526","碩天凱基49購02","0","0","0","--","--","--","--"," ","0.00","0.01","100","0.11","10","225.50",
="074527","永崴控凱基49購01","0","0","0","--","--","--","--"," ","0.00","--","0","0.10","10","36.60",
="074528","美利達凱基49購01","0","0","0","--","--","--","--"," ","0.00","--","0","0.10","10","112.50",
="074529","台灣50群益49購06","0","0","0","--","--","--","--"," ","0.00","--","0","--","0","52.50",
="074530","SGBR2X群益49購02","0","0","0","--","--","--","--"," ","0.00","--","0","--","0","11.25",
="074531","SGBR2X群益49購03","90,000","1","25,200","0.28","0.28","0.28","0.28","X","0.00","0.26","25","0.27","10","11.25",
="074532","中502X群益49購03","0","0","0","--","--","--","--"," ","0.00","--","0","--","0","11.76",
="074533","美費半群益51購01","0","0","0","--","--","--","--"," ","0.00","1.09","25","1.10","10","45.51",
="074534","亞泥群益49購01","0","0","0","--","--","--","--"," ","0.00","--","0","--","0","37.10",
="074535","華城群益49購04","0","0","0","--","--","--","--"," ","0.00","--","0","1.22","10","618.00",
="074536","中砂群益49購04","0","0","0","--","--","--","--"," ","0.00","--","0","3.00","10","347.00",
="074537","聯電群益49購04","0","0","0","--","--","--","--"," ","0.00","0.01","25","--","0","40.60",
="074538","台達電群益49購04","0","0","0","--","--","--","--"," ","0.00","29.10","18","--","0","709.00",
="074539","鴻海群益63購01","0","0","0","--","--","--","--"," ","0.00","2.05","100","2.06","100","206.00",
="07453P","T50正2凱基52售01","102,000","4","98,110","0.95","1.00","0.95","1.00","+","0.06","0.97","10","0.98","10","0.00",
="074540","台積電群益49購20","0","0","0","--","--","--","--"," ","0.00","--","0","--","0","1,160.00",
="074541","華邦電群益4A購04","0","0","0","--","--","--","--"," ","0.00","--","0","0.18","10","19.60",
="074542","億光群益49購01","0","0","0","--","--","--","--"," ","0.00","0.18","10","0.28","10","68.30",
="074543","聯發科群益49購08","0","0","0","--","--","--","--"," ","0.00","--","0","--","0","1,385.00",
="074544","皇昌群益49購08","0","0","0","--","--","--","--"," ","0.00","--","0","0.10","10","83.50",
="074545","新興群益49購03","0","0","0","--","--","--","--"," ","0.00","0.02","25","0.03","10","23.65",
="074546","陽明群益49購02","0","0","0","--","--","--","--"," ","0.00","0.01","10","0.11","10","58.80",
="074547","萬海群益4A購06","0","0","0","--","--","--","--"," ","0.00","--","0","0.16","10","84.10",
="074548","萬海群益4A購07","0","0","0","--","--","--","--"," ","0.00","--","0","0.14","10","84.10",
="074549","漢翔群益49購01","53,000","2","116,070","2.19","2.19","2.19","2.19","X","0.00","0.06","30","--","0","60.00",
="07454P","亞力凱基49售02","0","0","0","--","--","--","--"," ","0.00","0.05","10","0.15","10","0.00",
="074550","慧洋群益4C購01","0","0","0","--","--","--","--"," ","0.00","--","0","--","0","61.80",
="074551","辛耘群益49購02","0","0","0","--","--","--","--"," ","0.00","0.12","25","1.46","10","393.50",
="074552","世芯群益49購13","0","0","0","--","--","--","--"," ","0.00","7.05","199","--","0","4,000.00",
="074553","貿聯群益49購03","0","0","0","--","--","--","--"," ","0.00","--","0","--","0","981.00",
="074554","神達群益49購04","0","0","0","--","--","--","--"," ","0.00","--","0","--","0","95.90",
="074555","亞翔群益49購09","0","0","0","--","--","--","--"," ","0.00","--","0","--","0","349.50",
="074556","訊芯群益49購02","0","0","0","--","--","--","--"," ","0.00","--","0","--","0","165.00",
="074557","愛普群益49購02","0","0","0","--","--","--","--"," ","0.00","--","0","0.52","10","305.50",
="074558","緯穎群益49購07","0","0","0","--","--","--","--"," ","0.00","3.61","499","3.71","10","2,975.00",
="074559","寶成群益49購01","0","0","0","--","--","--","--"," ","0.00","--","0","--","0","28.70",
="07455P","台積電凱基52售01","24,000","1","54,000","2.25","2.25","2.25","2.25","+","0.05","2.31","100","2.32","10","0.00",
="074560","FB台半元大4C購01","0","0","0","--","--","--","--"," ","0.00","1.16","100","1.26","10","17.84",
="074561","華城元大49購20","232,000","8","557,640","2.60","2.60","2.37","2.37","-","0.09","2.24","300","2.27","10","618.00",
="074562","華城元大4A購03","243,000","16","268,000","1.17","1.17","1.07","1.08","-","0.08","1.04","499","1.06","10","618.00",
="074563","華城元大4C購02","15,000","1","9,450","0.63","0.63","0.63","0.63","X","0.00","0.58","499","0.60","10","618.00",
="074564","和大元大49購07","0","0","0","--","--","--","--"," ","0.00","0.20","125","--","0","72.90",
="074565","華新元大49購09","0","0","0","--","--","--","--"," ","0.00","0.05","499","0.06","10","23.35",
="074566","華新元大4B購01","246,000","3","76,320","0.31","0.32","0.29","0.29","+","0.01","0.29","499","0.30","11","23.35",
="074567","華新元大4C購01","315,000","4","163,910","0.50","0.53","0.50","0.51","-","0.03","0.51","499","0.52","10","23.35",
="074568","東鹼元大49購03","0","0","0","--","--","--","--"," ","0.00","--","0","0.10","10","32.20",
="074569","大成鋼元大49購09","0","0","0","--","--","--","--"," ","0.00","--","0","0.10","10","38.60",
="07456P","智邦凱基49售03","0","0","0","--","--","--","--"," ","0.00","--","0","0.10","10","0.00",
="074570","大成鋼元大49購10","0","0","0","--","--","--","--"," ","0.00","--","0","0.10","10","38.60",
="074571","大成鋼元大49購11","0","0","0","--","--","--","--"," ","0.00","--","0","0.10","10","38.60",
="074572","上銀元大4A購09","0","0","0","--","--","--","--"," ","0.00","0.09","499","0.10","10","215.50",
="074573","華泰元大49購01","0","0","0","--","--","--","--"," ","0.00","1.28","25","1.34","10","44.70",
="074574","台積電元大49購18","0","0","0","--","--","--","--"," ","0.00","--","0","--","0","1,160.00",
="074575","台積電元大4C購07","21,000","3","24,090","1.19","1.19","1.13","1.13","-","0.09","0.13","76","--","0","1,160.00",
="074576","台積電元大51購14","0","0","0","--","--","--","--"," ","0.00","0.10","11","--","0","1,160.00",
="074577","華邦電元大49購11","0","0","0","--","--","--","--"," ","0.00","--","0","0.10","10","19.60",
="074578","華邦電元大49購12","0","0","0","--","--","--","--"," ","0.00","0.01","499","0.11","10","19.60",
="074579","華邦電元大4B購03","0","0","0","--","--","--","--"," ","0.00","0.29","499","0.30","10","19.60",
="07457P","萬海凱基49售03","0","0","0","--","--","--","--"," ","0.00","0.03","10","0.13","10","0.00",
="074580","南亞科元大49購06","0","0","0","--","--","--","--"," ","0.00","0.26","499","0.27","10","46.65",
="074581","裕民元大49購07","0","0","0","--","--","--","--"," ","0.00","0.09","499","0.10","10","57.30",
="074582","慧洋元大49購12","0","0","0","--","--","--","--"," ","0.00","0.04","499","0.14","10","61.80",
="074583","慧洋元大4A購02","0","0","0","--","--","--","--"," ","0.00","0.02","499","0.12","10","61.80",
="074584","慧洋元大51購01","0","0","0","--","--","--","--"," ","0.00","0.18","499","0.19","10","61.80",
="074585","偉訓元大51購01","232,000","6","200,340","0.88","0.88","0.85","0.85","-","0.06","0.80","499","0.84","10","110.00",
="074586","欣興元大49購11","0","0","0","--","--","--","--"," ","0.00","0.59","499","0.62","10","150.00",
="074587","欣興元大49購12","0","0","0","--","--","--","--"," ","0.00","1.19","499","1.25","10","150.00",
="074588","欣興元大49購13","0","0","0","--","--","--","--"," ","0.00","1.27","499","1.33","10","150.00",
="074589","富華新元大49購01","0","0","0","--","--","--","--"," ","0.00","--","0","0.10","10","21.15",
="07458P","威強電凱基49售02","0","0","0","--","--","--","--"," ","0.00","1.73","10","1.83","10","0.00",
="074590","富華新元大49購02","0","0","0","--","--","--","--"," ","0.00","--","0","0.10","10","21.15",
="074591","新日興元大49購07","0","0","0","--","--","--","--"," ","0.00","--","0","--","0","259.00",
="074592","新日興元大4B購03","47,000","3","36,000","0.56","0.80","0.56","0.79","X","0.00","--","0","1.67","5","259.00",
="074593","群創元大4B購01","0","0","0","--","--","--","--"," ","0.00","0.18","499","0.19","10","14.15",
="074594","世芯元大49購10","77,000","2","181,910","2.38","2.38","2.33","2.33","+","0.02","2.08","300","2.11","10","4,000.00",
="074595","世芯元大49購11","86,000","3","153,300","1.73","1.80","1.73","1.75","+","0.01","1.55","400","1.58","10","4,000.00",
="074596","世芯元大49購12","0","0","0","--","--","--","--"," ","0.00","1.55","400","1.58","10","4,000.00",
="074597","神達元大49購05","0","0","0","--","--","--","--"," ","0.00","2.49","350","--","0","95.90",
="074598","定穎控元大49購01","0","0","0","--","--","--","--"," ","0.00","6.65","100","--","0","106.00",
="074599","亞翔元大49購11","0","0","0","--","--","--","--"," ","0.00","1.31","450","1.36","10","349.50",
="07459P","台灣50元富49售03","0","0","0","--","--","--","--"," ","0.00","--","0","0.10","25","0.00",
="074601","台塑化元大49購01","15,000","1","1,950","0.13","0.13","0.13","0.13","X","0.00","0.11","499","0.12","10","40.75",
="074602","穎崴元大49購01","0","0","0","--","--","--","--"," ","0.00","--","0","0.10","10","1,250.00",
="074603","泓德元大49購01","0","0","0","--","--","--","--"," ","0.00","0.01","499","0.11","10","160.00",
="074604","泓德元大49購02","0","0","0","--","--","--","--"," ","0.00","0.04","499","0.14","10","160.00",
="074605","巨大元大49購02","0","0","0","--","--","--","--"," ","0.00","--","0","0.10","10","104.50",
="074606","長榮兆豐4B購01","56,000","3","24,280","0.45","0.45","0.41","0.41"," ","0.00","0.39","10","0.40","10","188.00",
="074607","威強電第一49購01","0","0","0","--","--","--","--"," ","0.00","2.04","10","2.05","10","0.00",
="074608","健鼎第一49購01","0","0","0","--","--","--","--"," ","0.00","4.85","10","--","0","0.00",
="074609","達興第一49購02","0","0","0","--","--","--","--"," ","0.00","4.56","10","--","0","0.00",
="07460P","T50正2元富49售02","0","0","0","--","--","--","--"," ","0.00","--","0","0.10","25","0.00",
="074610","美利達第一49購01","0","0","0","--","--","--","--"," ","0.00","2.30","10","2.31","10","0.00",
="074611","巨大第一49購02","0","0","0","--","--","--","--"," ","0.00","1.09","10","1.10","10","0.00",
="074612","中鋼富邦4C購01","0","0","0","--","--","--","--"," ","0.00","--","0","0.10","10","0.00",
="074613","中鴻富邦4B購01","0","0","0","--","--","--","--"," ","0.00","0.10","30","0.11","10","0.00",
="074614","光寶科富邦4B購01","0","0","0","--","--","--","--"," ","0.00","1.74","30","1.80","10","0.00",
="074615","台達電富邦49購03","0","0","0","--","--","--","--"," ","0.00","6.55","30","6.80","10","0.00",
="074616","旺宏富邦4B購01","0","0","0","--","--","--","--"," ","0.00","0.06","30","0.07","10","0.00",
="074617","華碩富邦49購01","110,000","2","33,000","0.30","0.30","0.30","0.30","-","0.02","0.30","30","0.32","10","0.00",
="074618","所羅門富邦4A購02","161,000","17","140,770","0.91","0.95","0.81","0.86","-","0.07","0.76","30","0.78","28","0.00",
="074619","南亞科富邦4B購03","36,000","3","19,350","0.54","0.54","0.51","0.51","-","0.06","0.49","10","0.50","10","0.00",
="07461P","萬海元富49售03","0","0","0","--","--","--","--"," ","0.00","0.11","25","0.12","25","0.00",
="074620","慧洋富邦4A購01","0","0","0","--","--","--","--"," ","0.00","0.04","30","0.05","28","0.00",
="074621","健鼎富邦4B購01","0","0","0","--","--","--","--"," ","0.00","3.45","30","3.52","10","0.00",
="074622","世紀鋼富邦4A購02","0","0","0","--","--","--","--"," ","0.00","0.20","30","0.21","28","0.00",
="074623","滬深2X凱基57購01","2,000","1","6,520","3.26","3.26","3.26","3.26","-","0.50","3.22","10","3.23","50","18.32",
="074624","FBNQ2X凱基49購06","0","0","0","--","--","--","--"," ","0.00","5.25","100","5.75","10","144.85",
="074625","FANG+凱基49購01","0","0","0","--","--","--","--"," ","0.00","3.23","499","--","0","110.85",
="074626","三芳凱基49購05","0","0","0","--","--","--","--"," ","0.00","--","0","0.10","10","31.60",
="074627","華城凱基4C購02","44,000","3","95,140","2.17","2.17","2.16","2.16","+","0.02","2.03","100","2.04","10","618.00",
="074628","大亞凱基49購01","2,000","1","2,080","1.04","1.04","1.04","1.04","X","0.00","1.04","10","1.14","10","43.00",
="074629","中鋼凱基49購05","0","0","0","--","--","--","--"," ","0.00","--","0","--","0","20.15",
="07462P","材料元富49售04","0","0","0","--","--","--","--"," ","0.00","1.51","25","1.55","25","0.00",
="074630","大成鋼凱基49購10","0","0","0","--","--","--","--"," ","0.00","--","0","0.10","10","38.60",
="074631","聯電凱基49購04","0","0","0","--","--","--","--"," ","0.00","--","0","0.10","10","40.60",
="074632","台達電凱基49購03","0","0","0","--","--","--","--"," ","0.00","26.80","100","27.80","10","709.00",
="074633","台積電凱基49購23","0","0","0","--","--","--","--"," ","0.00","3.60","28","3.70","10","1,160.00",
="074636","台積電凱基4A購28","0","0","0","--","--","--","--"," ","0.00","2.60","100","2.70","10","1,160.00",
="074637","台積電凱基4B購08","0","0","0","--","--","--","--"," ","0.00","2.07","49","2.17","10","1,160.00",
="074638","南亞科凱基49購05","0","0","0","--","--","--","--"," ","0.00","1.67","100","--","0","46.65",
="074639","皇昌凱基49購05","0","0","0","--","--","--","--"," ","0.00","0.12","10","0.22","10","83.50",
="07463P","保瑞元富49售01","0","0","0","--","--","--","--"," ","0.00","0.25","25","0.26","10","0.00",
="074640","裕民凱基51購01","10,000","1","7,000","0.70","0.70","0.70","0.70"," ","0.00","0.70","10","0.71","10","57.30",
="074641","萬海凱基4A購05","0","0","0","--","--","--","--"," ","0.00","0.19","100","0.20","50","84.10",
="074642","漢翔凱基49購01","23,000","6","84,100","3.49","3.80","3.49","3.79","+","2.01","3.79","100","--","0","60.00",
="074643","威強電凱基49購03","0","0","0","--","--","--","--"," ","0.00","--","0","0.10","10","70.90",
="074644","威強電凱基4B購01","0","0","0","--","--","--","--"," ","0.00","0.02","10","0.12","10","70.90",
="074646","威強電凱基51購01","0","0","0","--","--","--","--"," ","0.00","0.07","10","0.08","50","70.90",
="07464P","萬海國票4A售01","169,000","18","77,580","0.50","0.50","0.43","0.48","-","0.05","0.48","25","0.49","5","0.00",
="074650","智原凱基51購03","0","0","0","--","--","--","--"," ","0.00","0.09","100","0.10","50","158.00",
="074652","富華新凱基49購03","0","0","0","--","--","--","--"," ","0.00","0.01","10","0.11","10","21.15",
="074653","群創凱基49購01","0","0","0","--","--","--","--"," ","0.00","0.01","100","0.08","20","14.15",
="074654","嘉澤凱基49購02","0","0","0","--","--","--","--"," ","0.00","0.32","100","0.42","10","1,465.00",
="074655","嘉澤凱基49購03","0","0","0","--","--","--","--"," ","0.00","0.13","100","0.23","10","1,465.00",
="074656","神達凱基4C購01","6,000","3","40,200","6.55","6.85","6.55","6.70","X","0.00","6.75","100","7.25","10","95.90",
="074657","亞翔凱基51購02","0","0","0","--","--","--","--"," ","0.00","3.99","100","4.09","10","349.50",
="074658","晶心科凱基49購02","0","0","0","--","--","--","--"," ","0.00","0.02","10","0.12","10","283.00",
="074659","SGBR2X群益49購04","0","0","0","--","--","--","--"," ","0.00","--","0","--","0","11.25",
="07465P","威強電國票4A售02","0","0","0","--","--","--","--"," ","0.00","1.83","25","1.93","10","0.00",
="074660","SGBR2X群益49購05","0","0","0","--","--","--","--"," ","0.00","--","0","--","0","11.25",
="074661","中502X群益51購01","0","0","0","--","--","--","--"," ","0.00","0.16","6","--","0","11.76",
="074662","美費半群益49購01","0","0","0","--","--","--","--"," ","0.00","--","0","100.00","8","45.51",
="074663","華城群益49購05","0","0","0","--","--","--","--"," ","0.00","--","0","--","0","618.00",
="074664","信錦群益49購01","0","0","0","--","--","--","--"," ","0.00","--","0","--","0","72.00",
="074665","華新群益49購05","0","0","0","--","--","--","--"," ","0.00","--","0","0.34","10","23.35",
="074666","東鹼群益49購02","0","0","0","--","--","--","--"," ","0.00","--","0","--","0","32.20",
="074667","東鹼群益4A購01","0","0","0","--","--","--","--"," ","0.00","--","0","--","0","32.20",
="074668","川湖群益49購04","0","0","0","--","--","--","--"," ","0.00","9.25","55","--","0","2,925.00",
="074669","國巨群益49購01","0","0","0","--","--","--","--"," ","0.00","--","0","--","0","137.00",
="07466P","威強電國票4C售02","0","0","0","--","--","--","--"," ","0.00","1.50","25","1.52","10","0.00",
="074670","台積電群益49購22","0","0","0","--","--","--","--"," ","0.00","--","0","--","0","1,160.00",
="074671","台積電群益49購23","0","0","0","--","--","--","--"," ","0.00","--","0","--","0","1,160.00",
="074672","台積電群益49購24","0","0","0","--","--","--","--"," ","0.00","--","0","--","0","1,160.00",
="074673","台積電群益4A購26","0","0","0","--","--","--","--"," ","0.00","--","0","0.37","10","1,160.00",
="074674","大同群益49購02","0","0","0","--","--","--","--"," ","0.00","0.01","30","--","0","40.75",
="074675","威盛群益49購01","0","0","0","--","--","--","--"," ","0.00","--","0","--","0","62.00",
="074676","聯發科群益49購11","0","0","0","--","--","--","--"," ","0.00","0.01","529","0.64","1","1,385.00",
="074677","皇昌群益49購09","0","0","0","--","--","--","--"," ","0.00","0.27","10","0.37","10","83.50",
="074678","長榮群益49購03","0","0","0","--","--","--","--"," ","0.00","1.19","10","1.29","10","188.00",
="074679","長榮航群益49購02","0","0","0","--","--","--","--"," ","0.00","0.20","10","0.30","10","39.05",
="07467P","緯創國票4A售02","0","0","0","--","--","--","--"," ","0.00","0.01","25","0.05","10","0.00",
="074680","威強電群益51購01","0","0","0","--","--","--","--"," ","0.00","0.19","10","0.29","10","70.90",
="074681","欣興群益4B購02","92,000","8","251,730","2.56","2.82","2.56","2.81","-","0.02","2.69","100","2.75","100","150.00",
="074682","碩天群益49購03","0","0","0","--","--","--","--"," ","0.00","--","0","--","0","225.50",
="074683","海華群益49購01","0","0","0","--","--","--","--"," ","0.00","3.76","10","4.41","1","100.00",
="074684","永崴控群益49購02","0","0","0","--","--","--","--"," ","0.00","--","0","--","0","36.60",
="074685","材料群益51購02","0","0","0","--","--","--","--"," ","0.00","0.03","10","0.13","10","67.70",
="074686","亞翔群益49購10","0","0","0","--","--","--","--"," ","0.00","3.36","100","3.46","10","349.50",
="074687","巨大群益4A購01","0","0","0","--","--","--","--"," ","0.00","--","0","--","0","104.50",
="074688","臺股指群益4A購18","0","0","0","--","--","--","--"," ","0.00","1.45","499","1.46","10","0.00",
="074689","臺股指群益4A購19","0","0","0","--","--","--","--"," ","0.00","2.46","499","2.47","499","0.00",
="07468P","振樺電國票49售02","0","0","0","--","--","--","--"," ","0.00","0.06","25","0.07","10","0.00",
="074690","台灣50元富49購18","0","0","0","--","--","--","--"," ","0.00","15.30","25","15.80","25","52.50",
="074691","台灣50元富49購19","5,000","2","105,100","21.00","21.10","21.00","21.10","-","1.00","19.90","25","20.00","25","52.50",
="074692","日本2X元富49購02","0","0","0","--","--","--","--"," ","0.00","1.12","25","1.22","10","63.45",
="074693","FBNQ2X元富49購07","0","0","0","--","--","--","--"," ","0.00","4.50","25","4.60","10","144.85",
="074694","中502X元富49購05","0","0","0","--","--","--","--"," ","0.00","0.75","25","0.85","10","11.76",
="074695","FANG+元富49購03","0","0","0","--","--","--","--"," ","0.00","1.80","25","1.90","10","110.85",
="074696","未來車元富49購01","0","0","0","--","--","--","--"," ","0.00","3.85","25","3.95","10","33.71",
="074697","中鋼元富49購04","0","0","0","--","--","--","--"," ","0.00","--","0","0.10","10","20.15",
="074698","聯電元富4A購02","0","0","0","--","--","--","--"," ","0.00","0.61","25","0.62","25","40.60",
="074699","聯電元富4A購03","0","0","0","--","--","--","--"," ","0.00","0.27","25","0.28","25","40.60",
="07469P","台灣50元大49售13","0","0","0","--","--","--","--"," ","0.00","--","0","0.10","10","0.00",
="074700","台達電元富4A購01","0","0","0","--","--","--","--"," ","0.00","13.40","25","14.40","10","709.00",
="074701","鴻海元富49購07","0","0","0","--","--","--","--"," ","0.00","2.91","25","3.01","25","206.00",
="074702","鴻海元富49購08","0","0","0","--","--","--","--"," ","0.00","6.55","25","6.80","25","206.00",
="074703","國巨元富49購03","0","0","0","--","--","--","--"," ","0.00","2.31","25","2.39","25","137.00",
="074704","台積電元富49購35","0","0","0","--","--","--","--"," ","0.00","22.00","25","23.00","10","1,160.00",
="074705","台積電元富49購36","0","0","0","--","--","--","--"," ","0.00","20.20","25","21.20","10","1,160.00",
="074706","台積電元富63購02","0","0","0","--","--","--","--"," ","0.00","4.08","25","4.18","10","1,160.00",
="074707","華邦電元富4A購05","0","0","0","--","--","--","--"," ","0.00","0.63","25","0.64","25","19.60",
="074708","建準元富4A購02","0","0","0","--","--","--","--"," ","0.00","3.21","25","3.31","25","137.00",
="074709","皇昌元富49購02","0","0","0","--","--","--","--"," ","0.00","0.09","25","0.10","25","83.50",
="07470P","台灣50元大49售14","0","0","0","--","--","--","--"," ","0.00","--","0","0.10","10","0.00",
="074710","威強電元富4A購01","0","0","0","--","--","--","--"," ","0.00","0.03","25","0.10","10","70.90",
="074711","群創元富49購03","5,000","1","200","0.04","0.04","0.04","0.04","X","0.00","0.07","25","0.17","10","14.15",
="074712","嘉澤元富4A購02","0","0","0","--","--","--","--"," ","0.00","0.55","25","0.57","25","1,465.00",
="074713","嘉澤元富4A購03","0","0","0","--","--","--","--"," ","0.00","0.37","25","0.38","25","1,465.00",
="074714","世芯元富49購15","0","0","0","--","--","--","--"," ","0.00","--","0","--","0","4,000.00",
="074715","世芯元富4C購03","0","0","0","--","--","--","--"," ","0.00","2.15","25","2.21","25","4,000.00",
="074716","材料元富4C購02","0","0","0","--","--","--","--"," ","0.00","0.07","25","0.10","10","67.70",
="074717","台灣50國票4A購02","0","0","0","--","--","--","--"," ","0.00","4.92","25","5.05","10","52.50",
="074718","T50正2國票4A購04","7,000","2","22,470","3.33","3.33","3.19","3.19","-","0.18","3.15","25","3.16","10","259.40",
="074719","SGBR2X國票4A購01","0","0","0","--","--","--","--"," ","0.00","0.99","25","1.00","10","11.25",
="07471P","華城元大49售03","0","0","0","--","--","--","--"," ","0.00","0.01","499","0.11","10","0.00",
="074720","中502X國票4A購03","360,000","5","386,400","1.09","1.10","1.03","1.03","-","0.41","0.97","25","0.98","10","11.76",
="074721","華城國票4A購02","0","0","0","--","--","--","--"," ","0.00","2.56","25","2.66","10","618.00",
="074722","大亞國票4A購02","30,000","3","26,200","0.90","0.90","0.82","0.82","X","0.00","0.78","25","0.82","10","43.00",
="074723","聯電國票49購02","4,000","2","1,500","0.38","0.38","0.37","0.37","X","0.00","0.36","25","0.37","10","40.60",
="074724","聯電國票4A購01","0","0","0","--","--","--","--"," ","0.00","0.27","25","0.28","10","40.60",
="074725","台積電國票49購06","0","0","0","--","--","--","--"," ","0.00","4.76","25","4.86","10","1,160.00",
="074726","台積電國票4A購10","0","0","0","--","--","--","--"," ","0.00","5.35","25","5.65","10","1,160.00",
="074727","富邦金國票49購01","0","0","0","--","--","--","--"," ","0.00","0.14","25","0.15","10","85.20",
="074728","大立光國票4B購02","0","0","0","--","--","--","--"," ","0.00","0.05","25","0.06","10","2,395.00",
="074729","益登國票49購01","30,000","11","49,200","1.64","1.64","1.64","1.64","+","0.78","1.64","1","--","0","34.80",
="07472P","中信金元大49售03","0","0","0","--","--","--","--"," ","0.00","--","0","0.09","70","0.00",
="074730","富華新國票4A購04","0","0","0","--","--","--","--"," ","0.00","0.01","25","0.02","10","21.15",
="074731","緯創國票4A購03","0","0","0","--","--","--","--"," ","0.00","0.86","25","0.91","10","115.00",
="074732","嘉澤國票4A購05","0","0","0","--","--","--","--"," ","0.00","0.39","25","0.40","10","1,465.00",
="074733","永崴控國票4A購02","0","0","0","--","--","--","--"," ","0.00","--","0","--","0","36.60",
="074734","台表科國票4B購01","10,000","1","1,000","0.10","0.10","0.10","0.10","X","0.00","0.10","25","0.11","10","107.50",
="074735","瑞祺國票4B購01","0","0","0","--","--","--","--"," ","0.00","0.08","25","0.09","10","87.50",
="074736","帝寶國票4A購02","0","0","0","--","--","--","--"," ","0.00","0.02","25","0.03","10","146.00",
="074737","永道國票4A購02","0","0","0","--","--","--","--"," ","0.00","--","0","--","0","154.50",
="074738","波力國票49購01","0","0","0","--","--","--","--"," ","0.00","0.02","25","0.03","10","176.00",
="074739","寶成國票4A購01","7,000","2","490","0.07","0.07","0.07","0.07"," ","0.00","0.06","30","0.07","3","28.70",
="07473P","新日興元大49售04","0","0","0","--","--","--","--"," ","0.00","--","0","0.10","10","0.00",
="074740","巨大國票4B購01","0","0","0","--","--","--","--"," ","0.00","0.01","25","0.02","10","104.50",
="074741","臺股指國票4A購03","0","0","0","--","--","--","--"," ","0.00","2.91","499","2.92","499","0.00",
="074742","上銀國泰4A購01","0","0","0","--","--","--","--"," ","0.00","0.05","499","0.06","100","215.50",
="074743","聯電國泰4A購01","0","0","0","--","--","--","--"," ","0.00","0.18","499","0.19","100","40.60",
="074744","台積電國泰4A購02","0","0","0","--","--","--","--"," ","0.00","5.35","499","5.65","10","1,160.00",
="074745","威強電國泰4A購01","0","0","0","--","--","--","--"," ","0.00","0.05","499","0.07","100","70.90",
="074746","嘉澤國泰4A購01","23,000","1","14,490","0.63","0.63","0.63","0.63","-","0.10","0.70","499","0.72","15","1,465.00",
="074747","旺宏統一55購02","25,000","1","15,000","0.60","0.60","0.60","0.60","-","0.01","0.58","10","0.59","10","20.10",
="074748","聯發科統一53購05","54,000","2","29,740","0.55","0.57","0.55","0.57"," ","0.00","0.54","10","0.55","10","1,385.00",
="074749","萬海統一53購01","118,000","3","84,960","0.72","0.72","0.72","0.72","X","0.00","0.69","10","0.70","10","84.10",
="07474P","臺股指元大52售02","0","0","0","--","--","--","--"," ","0.00","0.70","100","0.80","10","0.00",
="074750","漢翔統一52購01","668,000","29","839,340","1.15","1.40","1.15","1.30","+","0.30","1.30","10","--","0","60.00",
="074751","威強電統一53購02","0","0","0","--","--","--","--"," ","0.00","0.12","10","0.13","10","70.90",
="074752","威強電統一55購02","0","0","0","--","--","--","--"," ","0.00","0.17","10","0.18","10","70.90",
="074753","台郡統一55購01","1,000","1","630","0.63","0.63","0.63","0.63","-","0.01","0.60","10","0.61","10","68.00",
="074754","台表科統一59購01","158,000","4","75,500","0.47","0.49","0.47","0.49","+","0.02","0.49","10","0.50","10","107.50",
="074755","巨大統一53購04","0","0","0","--","--","--","--"," ","0.00","0.09","10","0.10","10","104.50",
="074756","世紀鋼統一53購04","0","0","0","--","--","--","--"," ","0.00","0.42","10","0.43","10","188.00",
="074757","上銀中信4A購01","0","0","0","--","--","--","--"," ","0.00","--","0","0.02","10","0.00",
="074758","台積電中信49購05","1,000","1","920","0.92","0.92","0.92","0.92","-","0.10","0.90","499","0.92","9","0.00",
="074759","聯發科中信4A購02","0","0","0","--","--","--","--"," ","0.00","0.41","499","0.42","10","0.00",
="07475P","精銳群益49售03","0","0","0","--","--","--","--"," ","0.00","0.01","499","--","0","0.00",
="074760","台灣50台新4A購01","0","0","0","--","--","--","--"," ","0.00","14.10","10","15.10","10","0.00",
="074761","聯發科台新49購03","0","0","0","--","--","--","--"," ","0.00","2.60","10","--","0","0.00",
="074762","長榮台新49購01","0","0","0","--","--","--","--"," ","0.00","0.31","10","--","0","0.00",
="074763","嘉澤台新49購01","0","0","0","--","--","--","--"," ","0.00","0.15","20","--","0","0.00",
="074764","貿聯台新49購01","0","0","0","--","--","--","--"," ","0.00","8.65","20","--","0","0.00",
="074765","亞翔台新49購01","0","0","0","--","--","--","--"," ","0.00","3.42","20","--","0","0.00",
="074766","台灣50永豐4B購03","0","0","0","--","--","--","--"," ","0.00","27.20","499","27.90","10","52.50",
="074767","T50正2永豐51購02","5,000","1","9,200","1.84","1.84","1.84","1.84","X","0.00","1.78","499","1.79","10","259.40",
="074768","美費半永豐4A購01","0","0","0","--","--","--","--"," ","0.00","7.20","499","7.40","10","45.51",
="074769","鴻海永豐4A購07","0","0","0","--","--","--","--"," ","0.00","1.56","499","1.66","10","206.00",
="07476P","華晶科永豐4C售02","59,000","6","8,980","0.15","0.18","0.15","0.18","+","0.03","0.15","10","0.16","10","0.00",
="074770","宏碁永豐4A購01","0","0","0","--","--","--","--"," ","0.00","0.13","10","0.16","10","29.95",
="074771","漢唐永豐4A購01","0","0","0","--","--","--","--"," ","0.00","29.50","499","30.40","10","1,190.00",
="074772","萬海永豐4B購01","0","0","0","--","--","--","--"," ","0.00","0.99","10","1.00","10","84.10",
="074773","長榮航永豐4A購02","0","0","0","--","--","--","--"," ","0.00","0.29","499","0.30","10","39.05",
="074774","奇鋐永豐4B購02","0","0","0","--","--","--","--"," ","0.00","9.45","499","9.80","10","1,015.00",
="074775","富華新永豐4A購01","0","0","0","--","--","--","--"," ","0.00","0.03","10","0.05","10","21.15",
="074776","嘉澤永豐49購01","0","0","0","--","--","--","--"," ","0.00","0.32","100","0.39","10","1,465.00",
="074777","立積永豐4B購03","0","0","0","--","--","--","--"," ","0.00","0.16","499","--","0","158.00",
="074778","美利達永豐4B購01","0","0","0","--","--","--","--"," ","0.00","0.11","10","0.12","10","112.50",
="074779","巨大永豐49購02","0","0","0","--","--","--","--"," ","0.00","--","0","0.10","10","104.50",
="07477P","京元電凱基49售03","0","0","0","--","--","--","--"," ","0.00","--","0","0.05","15","0.00",
="074780","台灣50元大49購22","0","0","0","--","--","--","--"," ","0.00","2.96","75","3.06","10","52.50",
="074781","道瓊銀元大51購01","0","0","0","--","--","--","--"," ","0.00","0.83","100","0.84","100","32.63",
="074782","華城元大49購21","0","0","0","--","--","--","--"," ","0.00","1.25","499","1.28","10","618.00",
="074783","華城元大4A購04","446,000","10","621,110","1.42","1.45","1.36","1.36","-","0.02","1.30","499","1.31","10","618.00",
="074784","華城元大51購04","96,000","3","88,420","0.93","0.93","0.92","0.92"," ","0.00","0.89","499","0.90","10","618.00",
="074785","大亞元大49購02","317,000","5","92,810","0.30","0.31","0.26","0.26","X","0.00","0.23","499","0.24","10","43.00",
="074786","美時元大49購06","0","0","0","--","--","--","--"," ","0.00","--","0","0.10","50","193.50",
="074787","美時元大49購07","0","0","0","--","--","--","--"," ","0.00","--","0","0.10","10","193.50",
="074788","美時元大49購08","0","0","0","--","--","--","--"," ","0.00","0.01","499","0.11","10","193.50",
="074789","中鋼元大49購07","0","0","0","--","--","--","--"," ","0.00","--","0","0.10","10","20.15",
="07478P","全新凱基49售02","0","0","0","--","--","--","--"," ","0.00","0.01","100","--","0","0.00",
="074790","中鋼元大49購08","0","0","0","--","--","--","--"," ","0.00","--","0","0.10","10","20.15",
="074791","中鋼元大4A購03","0","0","0","--","--","--","--"," ","0.00","--","0","0.10","10","20.15",
="074792","大成鋼元大49購12","0","0","0","--","--","--","--"," ","0.00","--","0","0.10","10","38.60",
="074793","大成鋼元大51購04","0","0","0","--","--","--","--"," ","0.00","0.14","499","0.15","10","38.60",
="074794","台積電元大49購19","0","0","0","--","--","--","--"," ","0.00","--","0","--","0","1,160.00",
="074795","台積電元大4C購08","0","0","0","--","--","--","--"," ","0.00","--","0","--","0","1,160.00",
="074796","台積電元大51購15","0","0","0","--","--","--","--"," ","0.00","0.90","11","--","0","1,160.00",
="074797","鴻準元大4B購05","0","0","0","--","--","--","--"," ","0.00","1.24","499","1.25","10","71.70",
="074798","鴻準元大4C購02","174,000","7","176,690","0.99","1.04","0.99","1.04","+","0.03","0.97","499","0.99","10","71.70",
="074799","鴻準元大51購01","117,000","10","107,350","0.92","0.95","0.87","0.90","-","0.04","0.89","499","0.90","30","71.70",
="07479P","新日興凱基49售04","0","0","0","--","--","--","--"," ","0.00","--","0","0.10","10","0.00",
="074800","微星元大49購04","0","0","0","--","--","--","--"," ","0.00","0.03","499","0.05","1","136.50",
="074801","台光電元大49購08","0","0","0","--","--","--","--"," ","0.00","--","0","--","0","1,250.00",
="074802","建準元大49購01","0","0","0","--","--","--","--"," ","0.00","1.25","499","1.33","10","137.00",
="074803","建準元大49購02","0","0","0","--","--","--","--"," ","0.00","1.39","499","1.46","10","137.00",
="074804","建準元大49購03","0","0","0","--","--","--","--"," ","0.00","1.50","25","1.55","10","137.00",
="074805","美律元大49購04","0","0","0","--","--","--","--"," ","0.00","0.01","499","0.11","10","107.50",
="074806","全新元大49購01","0","0","0","--","--","--","--"," ","0.00","0.78","499","0.82","10","153.50",
="074807","冠德元大49購01","0","0","0","--","--","--","--"," ","0.00","--","0","0.10","10","36.30",
="074808","裕民元大51購04","0","0","0","--","--","--","--"," ","0.00","0.20","499","0.21","10","57.30",
="074809","慧洋元大49購13","0","0","0","--","--","--","--"," ","0.00","--","0","0.10","10","61.80",
="07480P","臺股指凱基4A售16","0","0","0","--","--","--","--"," ","0.00","0.27","100","0.28","10","0.00",
="074810","威強電元大49購03","0","0","0","--","--","--","--"," ","0.00","--","0","0.10","10","70.90",
="074811","威強電元大49購04","0","0","0","--","--","--","--"," ","0.00","--","0","0.10","10","70.90",
="074812","威強電元大49購05","0","0","0","--","--","--","--"," ","0.00","--","0","0.10","10","70.90",
="074813","威強電元大49購06","0","0","0","--","--","--","--"," ","0.00","0.01","499","0.11","10","70.90",
="074814","欣興元大49購14","605,000","8","845,010","1.40","1.49","1.37","1.44","+","0.18","1.37","499","1.40","1","150.00",
="074815","欣興元大49購15","0","0","0","--","--","--","--"," ","0.00","1.51","450","1.58","10","150.00",
="074816","欣興元大49購16","0","0","0","--","--","--","--"," ","0.00","1.58","450","--","0","150.00",
="074817","富華新元大49購03","0","0","0","--","--","--","--"," ","0.00","--","0","0.10","10","21.15",
="074818","玉晶光元大49購01","0","0","0","--","--","--","--"," ","0.00","0.10","499","0.11","10","461.50",
="074819","京鼎元大49購01","0","0","0","--","--","--","--"," ","0.00","0.19","499","0.20","10","290.00",
="07481P","臺股指凱基52售02","0","0","0","--","--","--","--"," ","0.00","0.97","100","0.98","10","0.00",
="074820","群創元大49購03","247,000","8","107,880","0.41","0.60","0.40","0.60","X","0.00","0.60","499","0.62","10","14.15",
="074821","嘉澤元大4A購03","0","0","0","--","--","--","--"," ","0.00","0.22","499","0.23","10","1,465.00",
="074822","嘉澤元大4B購01","251,000","3","73,300","0.28","0.30","0.28","0.30","-","0.03","0.31","499","0.32","10","1,465.00",
="074823","嘉澤元大51購02","1,107,000","7","487,370","0.42","0.45","0.42","0.45","+","0.02","0.44","499","0.46","10","1,465.00",
="074824","世芯元大49購13","0","0","0","--","--","--","--"," ","0.00","3.11","200","3.18","10","4,000.00",
="074825","世芯元大49購14","0","0","0","--","--","--","--"," ","0.00","2.14","350","--","0","4,000.00",
="074826","世芯元大51購09","45,000","3","136,600","3.06","3.06","2.92","2.92","-","0.04","2.86","250","2.88","10","4,000.00",
="074827","迎廣元大49購01","0","0","0","--","--","--","--"," ","0.00","0.19","499","0.20","10","94.00",
="074828","亞翔元大49購12","0","0","0","--","--","--","--"," ","0.00","2.25","300","2.30","10","349.50",
="074829","樺漢元大49購02","2,000","1","2,200","1.10","1.10","1.10","1.10","+","0.15","1.09","499","1.16","10","326.00",
="07482P","臺股指凱基52售03","54,000","6","78,550","1.43","1.49","1.41","1.48","+","0.10","1.47","100","1.48","10","0.00",
="074830","鼎基元大49購01","0","0","0","--","--","--","--"," ","0.00","--","0","--","0","111.50",
="074831","菱光元大49購03","15,000","2","4,150","0.30","0.30","0.23","0.23","-","0.07","0.23","499","0.24","10","61.50",
="074832","臺股指元大49購40","0","0","0","--","--","--","--"," ","0.00","1.62","499","1.72","10","0.00",
="074833","嘉澤兆豐49購01","0","0","0","--","--","--","--"," ","0.00","0.26","10","0.27","10","1,465.00",
="074834","陽明台新49購01","0","0","0","--","--","--","--"," ","0.00","0.03","20","--","0","0.00",
="074835","富世達台新49購01","0","0","0","--","--","--","--"," ","0.00","3.84","20","--","0","0.00",
="074836","台灣50富邦4A購04","0","0","0","--","--","--","--"," ","0.00","3.01","100","3.03","10","0.00",
="074837","T50正2富邦4B購04","0","0","0","--","--","--","--"," ","0.00","2.50","100","2.51","10","0.00",
="074838","上銀富邦4B購01","0","0","0","--","--","--","--"," ","0.00","0.02","30","0.03","10","0.00",
="074839","鴻準富邦4C購01","0","0","0","--","--","--","--"," ","0.00","0.31","10","0.32","10","0.00",
="07483P","T50正2元富4A售02","0","0","0","--","--","--","--"," ","0.00","0.01","25","0.11","10","0.00",
="074840","皇昌富邦4B購03","165,000","3","52,450","0.32","0.32","0.31","0.31","-","0.01","0.31","10","0.32","10","0.00",
="074841","威強電富邦4A購01","0","0","0","--","--","--","--"," ","0.00","--","0","0.03","10","0.00",
="074842","創意富邦4A購04","108,000","4","50,610","0.42","0.48","0.42","0.47","+","0.04","0.45","30","0.46","10","0.00",
="074843","嘉澤富邦4B購01","100,000","1","24,000","0.24","0.24","0.24","0.24","X","0.00","0.22","10","0.23","10","0.00",
="074844","力積電富邦4B購01","0","0","0","--","--","--","--"," ","0.00","0.16","30","0.17","10","0.00",
="074845","台積電國泰4A購03","0","0","0","--","--","--","--"," ","0.00","1.95","499","2.05","100","1,160.00",
="074846","華邦電國泰4A購02","75,000","1","32,250","0.43","0.43","0.43","0.43"," ","0.00","0.41","499","0.42","100","19.60",
="074847","富邦金國泰4A購01","0","0","0","--","--","--","--"," ","0.00","0.56","499","0.57","10","85.20",
="074848","FBNQ2X國票4A購03","0","0","0","--","--","--","--"," ","0.00","5.45","25","5.60","10","144.85",
="074849","美費半國票4A購02","0","0","0","--","--","--","--"," ","0.00","4.15","25","4.22","10","45.51",
="07484P","川湖元富49售06","0","0","0","--","--","--","--"," ","0.00","--","0","0.10","25","0.00",
="074850","美費半國票4B購01","0","0","0","--","--","--","--"," ","0.00","3.54","25","3.55","10","45.51",
="074851","廣宇國票4A購03","120,000","7","138,140","1.34","1.34","1.11","1.11","-","0.15","1.11","5","1.21","10","60.90",
="074852","華邦電國票4B購02","0","0","0","--","--","--","--"," ","0.00","0.18","25","0.19","10","19.60",
="074853","華碩國票49購01","0","0","0","--","--","--","--"," ","0.00","1.48","25","1.57","10","634.00",
="074854","建準國票4C購01","2,000","1","4,840","2.42","2.42","2.42","2.42","X","0.00","2.42","25","2.44","10","137.00",
="074855","聯發科國票49購03","0","0","0","--","--","--","--"," ","0.00","0.46","25","0.48","10","1,385.00",
="074856","聯發科國票4A購02","100,000","1","54,000","0.54","0.54","0.54","0.54","-","0.06","0.54","25","0.57","10","1,385.00",
="074857","慧洋國票4C購01","0","0","0","--","--","--","--"," ","0.00","0.35","25","0.36","10","61.80",
="074858","智伸科國票4A購01","0","0","0","--","--","--","--"," ","0.00","2.55","25","2.65","10","168.50",
="074859","龍德船國票49購01","0","0","0","--","--","--","--"," ","0.00","2.17","25","2.27","10","146.00",
="07485P","大同元富49售02","0","0","0","--","--","--","--"," ","0.00","0.54","25","0.55","10","0.00",
="074860","台積電統一63購02","0","0","0","--","--","--","--"," ","0.00","0.96","10","0.97","10","1,160.00",
="074861","碩天統一55購01","0","0","0","--","--","--","--"," ","0.00","0.31","10","0.32","10","225.50",
="074862","材料統一63購01","0","0","0","--","--","--","--"," ","0.00","0.25","10","0.26","10","67.70",
="074863","台表科統一51購01","364,000","8","118,510","0.32","0.33","0.32","0.33","+","0.01","0.33","10","0.34","10","107.50",
="074864","S&P正2中信4C購01","0","0","0","--","--","--","--"," ","0.00","1.04","499","1.05","100","0.00",
="074865","華邦電中信49購02","0","0","0","--","--","--","--"," ","0.00","--","0","--","0","0.00",
="074866","華邦電中信4B購01","0","0","0","--","--","--","--"," ","0.00","0.23","10","0.24","10","0.00",
="074867","南亞科中信4B購01","50,000","5","21,800","0.45","0.45","0.42","0.42","-","0.06","0.41","10","0.43","10","0.00",
="074868","永崴控中信49購01","0","0","0","--","--","--","--"," ","0.00","--","0","0.01","10","0.00",
="074869","富世達中信49購01","30,000","3","45,800","1.65","1.65","1.46","1.47","-","0.19","1.39","499","1.46","10","0.00",
="07486P","華晶科元富49售02","0","0","0","--","--","--","--"," ","0.00","0.01","25","0.11","10","0.00",
="074870","富世達中信4A購01","11,000","2","10,280","0.93","0.98","0.93","0.98","-","0.09","0.98","10","1.02","10","0.00",
="074871","滬深2X永豐4A購05","40,000","2","23,200","0.58","0.58","0.58","0.58","X","0.00","0.50","499","0.51","10","18.32",
="074872","中興電永豐49購01","60,000","1","96,000","1.60","1.60","1.60","1.60","X","0.00","1.76","499","1.85","10","167.00",
="074873","台達電永豐4B購01","0","0","0","--","--","--","--"," ","0.00","29.10","4","29.70","10","709.00",
="074874","鴻海永豐4C購03","0","0","0","--","--","--","--"," ","0.00","1.97","10","2.07","10","206.00",
="074875","鴻海永豐4C購04","0","0","0","--","--","--","--"," ","0.00","1.43","70","1.53","10","206.00",
="074876","華邦電永豐4B購01","56,000","3","16,250","0.28","0.32","0.28","0.29","-","0.02","0.28","10","0.29","10","19.60",
="074877","台光電永豐4B購01","0","0","0","--","--","--","--"," ","0.00","82.00","10","85.00","10","1,250.00",
="074878","南亞科永豐4A購01","0","0","0","--","--","--","--"," ","0.00","1.47","10","1.49","10","46.65",
="074879","聯發科永豐4B購04","30,000","1","12,600","0.42","0.42","0.42","0.42","X","0.00","0.39","499","0.40","10","1,385.00",
="07487P","日月光元富49售02","0","0","0","--","--","--","--"," ","0.00","0.94","25","0.98","25","0.00",
="074880","奇鋐永豐49購06","0","0","0","--","--","--","--"," ","0.00","7.85","499","8.30","10","1,015.00",
="074881","威強電永豐4A購01","0","0","0","--","--","--","--"," ","0.00","0.04","499","0.05","10","70.90",
="074882","群創永豐49購01","82,000","3","58,360","0.69","0.87","0.69","0.87","X","0.00","0.77","10","0.84","10","14.15",
="074883","碩天永豐49購02","0","0","0","--","--","--","--"," ","0.00","--","0","0.10","10","225.50",
="074884","富世達永豐49購01","10,000","1","47,300","4.73","4.73","4.73","4.73","X","0.00","4.63","499","4.73","10","1,145.00",
="074885","臺股指永豐4A購03","0","0","0","--","--","--","--"," ","0.00","0.67","499","0.68","10","0.00",
="074886","臺股指永豐4A購04","0","0","0","--","--","--","--"," ","0.00","0.37","499","0.38","10","0.00",
="074887","臺股指永豐4A購05","0","0","0","--","--","--","--"," ","0.00","0.13","499","0.14","10","0.00",
="074888","台玻第一49購01","0","0","0","--","--","--","--"," ","0.00","6.95","10","--","0","0.00",
="074889","友訊第一49購01","0","0","0","--","--","--","--"," ","0.00","0.02","10","0.05","10","0.00",
="07488P","萬海群益4B售01","0","0","0","--","--","--","--"," ","0.00","0.68","10","0.78","10","0.00",
="074890","矽格第一49購01","0","0","0","--","--","--","--"," ","0.00","2.52","10","2.53","10","0.00",
="074891","力積電第一49購01","0","0","0","--","--","--","--"," ","0.00","1.39","10","1.40","10","0.00",
="074892","台泥凱基51購01","0","0","0","--","--","--","--"," ","0.00","0.16","100","0.17","40","22.80",
="074893","華城凱基49購06","0","0","0","--","--","--","--"," ","0.00","2.17","100","--","0","618.00",
="074894","華新凱基4A購04","213,000","5","83,520","0.42","0.43","0.38","0.38","+","0.02","0.37","10","0.38","10","23.35",
="074895","中鋼凱基4B購02","0","0","0","--","--","--","--"," ","0.00","0.02","100","0.11","3","20.15",
="074896","鴻海凱基4B購06","0","0","0","--","--","--","--"," ","0.00","4.36","23","4.46","10","206.00",
="074897","國巨凱基4B購02","40,000","4","30,960","0.83","0.84","0.73","0.73","-","0.02","0.75","100","0.78","10","137.00",
="074898","台積電凱基4A購29","0","0","0","--","--","--","--"," ","0.00","0.82","100","0.83","10","1,160.00",
="07489P","台塑化群益4B售02","0","0","0","--","--","--","--"," ","0.00","0.32","25","0.33","10","0.00",
="074901","台積電凱基53購07","0","0","0","--","--","--","--"," ","0.00","3.02","100","3.07","10","1,160.00",
="074902","台積電凱基53購08","0","0","0","--","--","--","--"," ","0.00","19.20","10","20.20","10","1,160.00",
="074903","華邦電凱基4A購02","0","0","0","--","--","--","--"," ","0.00","0.04","10","0.14","10","19.60",
="074904","鴻準凱基4B購03","0","0","0","--","--","--","--"," ","0.00","1.82","100","1.84","10","71.70",
="074905","昆盈凱基49購01","0","0","0","--","--","--","--"," ","0.00","1.70","100","--","0","49.85",
="074906","金像電凱基4A購01","0","0","0","--","--","--","--"," ","0.00","23.30","10","24.30","10","486.00",
="074907","台光電凱基49購07","0","0","0","--","--","--","--"," ","0.00","15.80","100","--","0","1,250.00",
="074908","南亞科凱基4B購01","22,000","2","24,510","1.12","1.12","0.99","0.99","-","0.16","0.97","100","0.98","10","46.65",
="07490P","中502X元大4C售01","0","0","0","--","--","--","--"," ","0.00","1.90","250","1.91","100","0.00",
="074910","聯發科凱基49購06","0","0","0","--","--","--","--"," ","0.00","--","0","0.10","10","1,385.00",
="074911","全新凱基49購03","0","0","0","--","--","--","--"," ","0.00","1.04","100","--","0","153.50",
="074912","新興凱基49購03","0","0","0","--","--","--","--"," ","0.00","0.03","10","0.13","10","23.65",
="074913","晶豪科凱基49購03","0","0","0","--","--","--","--"," ","0.00","--","0","0.10","10","57.40",
="074914","欣興凱基4B購02","100,000","15","253,990","2.42","2.64","2.39","2.56","-","0.07","2.56","40","2.59","10","150.00",
="074915","華擎凱基49購01","0","0","0","--","--","--","--"," ","0.00","3.27","10","3.37","10","281.00",
="074916","世芯凱基51購03","0","0","0","--","--","--","--"," ","0.00","4.01","100","4.11","10","4,000.00",
="074917","定穎控凱基49購01","0","0","0","--","--","--","--"," ","0.00","8.95","100","9.45","10","106.00",
="074918","精銳凱基49購01","0","0","0","--","--","--","--"," ","0.00","0.02","10","0.12","10","776.00",
="074919","訊芯凱基49購04","0","0","0","--","--","--","--"," ","0.00","0.19","10","0.29","10","165.00",
="07491P","川湖元大49售05","0","0","0","--","--","--","--"," ","0.00","--","0","0.06","4","0.00",
="074920","穎崴凱基4A購01","188,000","11","56,620","0.30","0.36","0.26","0.35","+","0.03","0.07","142","--","0","1,250.00",
="074921","泓德凱基49購01","0","0","0","--","--","--","--"," ","0.00","--","0","0.10","10","160.00",
="074922","巨大凱基4B購01","0","0","0","--","--","--","--"," ","0.00","0.01","599","0.02","50","104.50",
="074923","台灣50元富49購22","0","0","0","--","--","--","--"," ","0.00","17.50","25","17.60","25","52.50",
="074924","滬深2X元富49購04","5,000","1","9,800","1.96","1.96","1.96","1.96","X","0.00","1.75","25","1.85","10","18.32",
="074925","FBNQ2X元富53購02","0","0","0","--","--","--","--"," ","0.00","4.13","25","4.23","25","144.85",
="074926","中502X元富53購01","9,000","2","12,060","1.39","1.39","1.30","1.30","X","0.00","1.26","25","1.36","10","11.76",
="07492P","臺股指元大49售32","0","0","0","--","--","--","--"," ","0.00","--","0","0.10","10","0.00",
="074931","FANG+元富49購04","0","0","0","--","--","--","--"," ","0.00","2.10","25","2.20","10","110.85",
="074932","東鹼元富49購01","0","0","0","--","--","--","--"," ","0.00","0.02","25","0.10","10","32.20",
="074933","東鹼元富4C購01","290,000","3","53,600","0.18","0.20","0.18","0.20","+","0.01","0.19","25","0.20","25","32.20",
="074934","中鋼元富49購05","0","0","0","--","--","--","--"," ","0.00","--","0","0.10","10","20.15",
="074935","中鋼元富53購01","0","0","0","--","--","--","--"," ","0.00","0.31","25","0.32","25","20.15",
="074936","上銀元富49購03","0","0","0","--","--","--","--"," ","0.00","0.02","25","0.10","10","215.50",
="074937","華邦電元富4A購06","0","0","0","--","--","--","--"," ","0.00","0.23","25","0.24","25","19.60",
="074939","華邦電元富51購01","0","0","0","--","--","--","--"," ","0.00","0.24","25","0.25","25","19.60",
="07493P","臺股指元大49售33","0","0","0","--","--","--","--"," ","0.00","0.10","100","0.20","10","0.00",
="074940","昆盈元富49購02","21,000","2","21,400","1.00","1.02","1.00","1.02","+","0.04","0.86","25","0.87","25","49.85",
="074941","金像電元富49購02","0","0","0","--","--","--","--"," ","0.00","12.30","25","13.30","10","486.00",
="074942","南亞科元富4A購04","0","0","0","--","--","--","--"," ","0.00","0.33","25","0.34","25","46.65",
="074943","美食元富4A購01","0","0","0","--","--","--","--"," ","0.00","0.12","25","0.13","25","80.80",
="074944","晶豪科元富49購03","0","0","0","--","--","--","--"," ","0.00","0.05","25","0.10","10","57.40",
="074945","晶豪科元富4A購01","0","0","0","--","--","--","--"," ","0.00","0.05","25","0.10","10","57.40",
="074946","群創元富53購01","294,000","7","268,890","0.83","0.99","0.83","0.99","+","0.26","1.02","25","1.04","25","14.15",
="074948","時碩元富49購01","0","0","0","--","--","--","--"," ","0.00","0.06","25","0.10","10","64.20",
="074949","時碩元富49購02","0","0","0","--","--","--","--"," ","0.00","--","0","0.10","25","64.20",
="07494P","中502X凱基4C售02","0","0","0","--","--","--","--"," ","0.00","1.71","100","1.72","50","0.00",
="074951","穎崴元富4A購01","0","0","0","--","--","--","--"," ","0.00","0.04","1","--","0","1,250.00",
="074952","美利達元富4A購01","0","0","0","--","--","--","--"," ","0.00","0.02","25","0.10","10","112.50",
="074953","巨大元富4A購01","0","0","0","--","--","--","--"," ","0.00","0.01","25","0.10","10","104.50",
="074954","臺股指元富49購26","0","0","0","--","--","--","--"," ","0.00","10.10","25","10.20","25","0.00",
="074955","T50正2元大49購04","0","0","0","--","--","--","--"," ","0.00","0.38","499","0.48","10","259.40",
="074956","T50正2元大49購05","0","0","0","--","--","--","--"," ","0.00","0.80","100","0.90","10","259.40",
="074957","T50正2元大49購06","0","0","0","--","--","--","--"," ","0.00","1.58","499","1.68","10","259.40",
="074958","T50正2元大4A購03","100,000","4","39,250","0.38","0.41","0.38","0.40","-","0.13","0.39","100","0.49","10","259.40",
="074959","滬深2X元大4B購06","0","0","0","--","--","--","--"," ","0.00","1.10","499","1.11","250","18.32",
="07495P","川湖凱基49售03","0","0","0","--","--","--","--"," ","0.00","--","0","0.10","10","0.00",
="074960","滬深2X元大51購02","7,000","2","6,410","0.88","0.93","0.88","0.93","-","0.13","0.84","250","0.85","250","18.32",
="074961","台泥元大49購03","0","0","0","--","--","--","--"," ","0.00","--","0","0.10","10","22.80",
="074962","亞力元大49購01","0","0","0","--","--","--","--"," ","0.00","0.26","499","0.28","10","110.50",
="074964","元債2X元大49購01","0","0","0","--","--","--","--"," ","0.00","--","0","0.05","50","7.05",
="074965","華城元大49購22","0","0","0","--","--","--","--"," ","0.00","1.67","400","1.72","10","618.00",
="074966","華城元大49購23","0","0","0","--","--","--","--"," ","0.00","1.32","499","1.36","10","618.00",
="074967","華城元大51購05","191,000","10","197,740","1.06","1.06","1.02","1.02","-","0.03","1.00","499","1.01","10","618.00",
="074968","大成鋼元大49購13","0","0","0","--","--","--","--"," ","0.00","--","0","0.10","10","38.60",
="074969","上銀元大49購09","0","0","0","--","--","--","--"," ","0.00","--","0","0.10","10","215.50",
="07496P","華碩凱基49售01","0","0","0","--","--","--","--"," ","0.00","0.16","10","0.26","10","0.00",
="074970","鴻海元大51購04","0","0","0","--","--","--","--"," ","0.00","2.19","350","2.20","10","206.00",
="074971","廣宇元大49購04","13,000","2","13,620","0.94","1.08","0.94","1.08","+","0.02","1.01","499","1.03","10","60.90",
="074972","台積電元大49購20","0","0","0","--","--","--","--"," ","0.00","--","0","--","0","1,160.00",
="074973","台積電元大4C購09","0","0","0","--","--","--","--"," ","0.00","0.11","10","--","0","1,160.00",
="074974","台積電元大51購16","0","0","0","--","--","--","--"," ","0.00","0.12","9","--","0","1,160.00",
="074975","華邦電元大49購13","0","0","0","--","--","--","--"," ","0.00","--","0","0.10","10","19.60",
="074976","華邦電元大49購14","0","0","0","--","--","--","--"," ","0.00","--","0","0.10","10","19.60",
="074977","智邦元大49購03","0","0","0","--","--","--","--"," ","0.00","5.95","100","6.05","10","984.00",
="074978","智邦元大49購04","0","0","0","--","--","--","--"," ","0.00","6.15","100","--","0","984.00",
="074979","智邦元大4A購04","0","0","0","--","--","--","--"," ","0.00","5.50","150","5.60","10","984.00",
="07497P","牧德凱基49售01","0","0","0","--","--","--","--"," ","0.00","--","0","0.10","10","0.00",
="074980","鴻準元大49購03","0","0","0","--","--","--","--"," ","0.00","0.43","499","0.44","10","71.70",
="074981","所羅門元大49購02","0","0","0","--","--","--","--"," ","0.00","0.47","499","0.48","10","162.00",
="074982","大同元大49購02","0","0","0","--","--","--","--"," ","0.00","--","0","0.10","10","40.75",
="074983","微星元大49購05","0","0","0","--","--","--","--"," ","0.00","--","0","0.10","10","136.50",
="074984","微星元大49購06","0","0","0","--","--","--","--"," ","0.00","0.01","499","0.11","10","136.50",
="074985","台光電元大49購09","0","0","0","--","--","--","--"," ","0.00","--","0","--","0","1,250.00",
="074986","南亞科元大49購07","0","0","0","--","--","--","--"," ","0.00","0.30","499","0.31","10","46.65",
="074987","南亞科元大4A購01","0","0","0","--","--","--","--"," ","0.00","0.66","499","0.67","10","46.65",
="074988","南亞科元大4B購02","1,000","1","1,120","1.12","1.12","1.12","1.12","-","0.10","1.03","499","1.04","10","46.65",
="074989","全新元大49購02","0","0","0","--","--","--","--"," ","0.00","0.47","499","0.49","10","153.50",
="07498P","臺股指凱基49售32","0","0","0","--","--","--","--"," ","0.00","--","0","--","0","0.00",
="074990","義隆元大49購01","0","0","0","--","--","--","--"," ","0.00","--","0","0.10","10","120.00",
="074991","皇昌元大49購09","0","0","0","--","--","--","--"," ","0.00","0.02","499","0.12","10","83.50",
="074992","皇昌元大49購10","0","0","0","--","--","--","--"," ","0.00","0.03","499","0.13","10","83.50",
="074993","威強電元大49購07","0","0","0","--","--","--","--"," ","0.00","--","0","0.10","10","70.90",
="074994","偉訓元大4B購02","0","0","0","--","--","--","--"," ","0.00","0.52","499","0.62","10","110.00",
="074995","欣興元大49購17","0","0","0","--","--","--","--"," ","0.00","1.54","450","1.61","10","150.00",
="074996","欣興元大49購18","0","0","0","--","--","--","--"," ","0.00","1.60","450","1.65","10","150.00",
="074997","欣興元大49購19","0","0","0","--","--","--","--"," ","0.00","1.68","400","--","0","150.00",
="074998","富華新元大49購04","0","0","0","--","--","--","--"," ","0.00","--","0","0.10","10","21.15",
="074999","玉晶光元大49購02","10,000","1","1,000","0.10","0.10","0.10","0.10","-","0.02","0.10","499","0.11","10","461.50",
="07499P","台灣50元富49售05","0","0","0","--","--","--","--"," ","0.00","--","0","0.10","25","0.00",
="075000","群創元大49購04","0","0","0","--","--","--","--"," ","0.00","0.11","499","0.12","10","14.15",
="075001","亞翔元大51購03","0","0","0","--","--","--","--"," ","0.00","2.31","300","2.34","10","349.50",
="075002","富世達元大49購01","0","0","0","--","--","--","--"," ","0.00","--","0","--","0","1,145.00",
="075003","富世達元大49購02","24,000","4","33,360","1.39","1.39","1.39","1.39","-","0.10","0.01","499","--","0","1,145.00",
="075004","富世達元大49購03","248,000","1","181,040","0.73","0.73","0.73","0.73","-","0.01","0.73","4","--","0","1,145.00",
="075005","雲豹元大49購01","0","0","0","--","--","--","--"," ","0.00","--","0","0.10","10","130.50",
="075006","來億元大49購02","0","0","0","--","--","--","--"," ","0.00","--","0","0.10","10","243.50",
="075007","南電元大49購01","0","0","0","--","--","--","--"," ","0.00","3.35","305","--","0","226.00",
="075008","世紀鋼元大49購02","499,000","1","59,880","0.12","0.12","0.12","0.12","X","0.00","0.10","499","0.11","10","188.00",
="075009","滬深2X群益4B購05","0","0","0","--","--","--","--"," ","0.00","0.14","2","--","0","18.32",
="07500P","台灣50元富49售06","0","0","0","--","--","--","--"," ","0.00","--","0","0.10","25","0.00",
="075010","華城群益49購06","52,000","1","50,960","0.98","0.98","0.98","0.98","+","0.02","0.88","25","0.89","10","618.00",
="075011","華新群益49購06","0","0","0","--","--","--","--"," ","0.00","--","0","0.34","10","23.35",
="075012","大亞群益49購01","0","0","0","--","--","--","--"," ","0.00","--","0","--","0","43.00",
="075013","上銀群益4A購05","0","0","0","--","--","--","--"," ","0.00","0.03","10","0.13","10","215.50",
="075014","廣宇群益49購02","42,000","2","60,620","1.53","1.53","1.25","1.25","-","0.11","1.34","10","1.44","10","60.90",
="075015","廣宇群益4B購01","388,000","11","377,460","0.87","1.01","0.87","0.97","+","0.05","0.92","10","1.02","10","60.90",
="075016","台積電群益49購25","0","0","0","--","--","--","--"," ","0.00","--","0","--","0","1,160.00",
="075017","台積電群益49購26","0","0","0","--","--","--","--"," ","0.00","--","0","--","0","1,160.00",
="075018","華邦電群益49購05","0","0","0","--","--","--","--"," ","0.00","--","0","--","0","19.60",
="075019","華邦電群益4A購05","0","0","0","--","--","--","--"," ","0.00","0.04","100","0.05","100","19.60",
="07501P","華城國票4A售01","302,000","6","41,160","0.13","0.14","0.13","0.14"," ","0.00","0.14","25","0.15","10","0.00",
="075020","華碩群益49購02","0","0","0","--","--","--","--"," ","0.00","0.02","4","--","0","634.00",
="075021","大同群益49購03","0","0","0","--","--","--","--"," ","0.00","--","0","--","0","40.75",
="075022","台光電群益49購01","0","0","0","--","--","--","--"," ","0.00","--","0","--","0","1,250.00",
="075023","南亞科群益4A購04","0","0","0","--","--","--","--"," ","0.00","--","0","0.44","10","46.65",
="075024","京元電群益49購02","0","0","0","--","--","--","--"," ","0.00","--","0","--","0","142.00",
="075025","皇昌群益51購02","0","0","0","--","--","--","--"," ","0.00","0.27","10","0.37","10","83.50",
="075026","裕民群益4B購05","0","0","0","--","--","--","--"," ","0.00","0.32","100","0.33","100","57.30",
="075027","慧洋群益49購06","0","0","0","--","--","--","--"," ","0.00","0.02","499","0.12","10","61.80",
="075028","威強電群益4C購01","0","0","0","--","--","--","--"," ","0.00","0.05","10","0.15","10","70.90",
="075029","智原群益4A購01","0","0","0","--","--","--","--"," ","0.00","--","0","--","0","158.00",
="07502P","智邦國票4A售01","0","0","0","--","--","--","--"," ","0.00","0.01","25","0.05","10","0.00",
="075030","欣興群益49購04","17,000","4","36,960","2.07","2.51","2.07","2.38","+","0.07","2.28","25","2.29","10","150.00",
="075031","富華新群益49購02","0","0","0","--","--","--","--"," ","0.00","0.01","10","0.11","10","21.15",
="075032","富華新群益4A購01","0","0","0","--","--","--","--"," ","0.00","--","0","--","0","21.15",
="075033","群創群益4B購04","206,000","18","248,220","1.14","1.50","1.12","1.47","+","0.47","1.44","100","1.49","100","14.15",
="075034","嘉澤群益49購02","0","0","0","--","--","--","--"," ","0.00","--","0","0.28","10","1,465.00",
="075035","神達群益49購05","0","0","0","--","--","--","--"," ","0.00","--","0","--","0","95.90",
="075036","臻鼎群益49購01","0","0","0","--","--","--","--"," ","0.00","5.60","30","--","0","194.00",
="075037","中租群益49購01","0","0","0","--","--","--","--"," ","0.00","--","0","0.57","10","115.50",
="075038","亞翔群益49購11","0","0","0","--","--","--","--"," ","0.00","3.37","149","--","0","349.50",
="075039","台表科群益49購01","0","0","0","--","--","--","--"," ","0.00","--","0","--","0","107.50",
="07503P","裕民國票4A售01","0","0","0","--","--","--","--"," ","0.00","0.04","25","0.05","10","0.00",
="075040","迅得群益49購04","0","0","0","--","--","--","--"," ","0.00","--","0","0.26","10","193.50",
="075041","穎崴群益49購02","0","0","0","--","--","--","--"," ","0.00","--","0","0.20","10","1,250.00",
="075042","美利達群益49購01","0","0","0","--","--","--","--"," ","0.00","--","0","--","0","112.50",
="075043","萬海台新49購01","2,000","1","2,320","1.16","1.16","1.16","1.16","X","0.00","1.06","20","--","0","0.00",
="075044","台泥富邦49購02","0","0","0","--","--","--","--"," ","0.00","--","0","0.03","10","0.00",
="075045","台泥富邦4B購01","0","0","0","--","--","--","--"," ","0.00","0.01","100","0.03","10","0.00",
="075046","華新富邦49購03","0","0","0","--","--","--","--"," ","0.00","0.03","30","0.04","10","0.00",
="075047","川湖富邦49購04","0","0","0","--","--","--","--"," ","0.00","3.00","10","--","0","0.00",
="075048","華邦電富邦49購02","0","0","0","--","--","--","--"," ","0.00","--","0","--","0","0.00",
="075049","南亞科富邦4C購01","0","0","0","--","--","--","--"," ","0.00","0.16","10","0.23","14","0.00",
="07504P","新日興國票4A售02","60,000","1","51,600","0.86","0.86","0.86","0.86","X","0.00","0.88","25","0.90","10","0.00",
="075050","長榮富邦4B購03","0","0","0","--","--","--","--"," ","0.00","0.16","10","0.17","10","0.00",
="075051","萬海富邦4A購02","0","0","0","--","--","--","--"," ","0.00","0.34","10","0.35","10","0.00",
="075052","奇鋐富邦4B購04","0","0","0","--","--","--","--"," ","0.00","3.38","10","3.48","10","0.00",
="075053","鴻海兆豐53購01","0","0","0","--","--","--","--"," ","0.00","1.91","20","1.92","10","206.00",
="075054","世芯兆豐4B購01","0","0","0","--","--","--","--"," ","0.00","2.05","10","2.06","10","4,000.00",
="075055","台積電國泰4A購04","0","0","0","--","--","--","--"," ","0.00","5.95","499","6.25","200","1,160.00",
="075057","皇昌國泰4A購02","0","0","0","--","--","--","--"," ","0.00","0.26","499","0.27","100","83.50",
="075059","群創國泰4A購01","2,000","1","1,060","0.53","0.53","0.53","0.53","+","0.15","0.67","499","0.73","100","14.15",
="07505P","海華國票49售03","0","0","0","--","--","--","--"," ","0.00","0.01","25","--","0","0.00",
="075060","力成國泰4A購01","0","0","0","--","--","--","--"," ","0.00","0.71","499","0.74","499","118.50",
="075061","T50反1元富49購02","0","0","0","--","--","--","--"," ","0.00","--","0","0.10","10","19.79",
="075062","中502X元富49購06","0","0","0","--","--","--","--"," ","0.00","0.21","25","0.31","10","11.76",
="075063","台玻元富49購01","0","0","0","--","--","--","--"," ","0.00","--","0","--","0","34.55",
="075064","潤隆元富49購02","0","0","0","--","--","--","--"," ","0.00","0.01","25","0.11","10","30.10",
="075065","台積電元富4A購09","0","0","0","--","--","--","--"," ","0.00","2.76","25","2.86","10","1,160.00",
="075066","台積電元富4A購10","0","0","0","--","--","--","--"," ","0.00","2.32","25","2.42","10","1,160.00",
="075067","華碩元富49購03","0","0","0","--","--","--","--"," ","0.00","0.81","25","0.91","10","634.00",
="075068","群光元富49購01","0","0","0","--","--","--","--"," ","0.00","0.04","25","0.14","10","137.00",
="075069","南亞科元富4C購02","200,000","1","136,000","0.68","0.68","0.68","0.68","-","0.01","0.60","25","0.61","25","46.65",
="07506P","達興國票49售02","0","0","0","--","--","--","--"," ","0.00","--","0","--","0","0.00",
="075070","裕民元富49購01","0","0","0","--","--","--","--"," ","0.00","0.03","25","0.13","10","57.30",
="075071","富邦金元富53購01","20,000","2","17,800","0.90","0.90","0.88","0.88","-","0.04","0.87","25","0.97","10","85.20",
="075072","大立光元富49購08","0","0","0","--","--","--","--"," ","0.00","0.89","25","0.91","25","2,395.00",
="075074","健鼎元富49購01","0","0","0","--","--","--","--"," ","0.00","4.51","25","4.61","10","318.00",
="075075","時碩元富53購01","15,000","1","4,050","0.27","0.27","0.27","0.27","X","0.00","0.26","25","0.27","25","64.20",
="075076","和碩元富49購01","0","0","0","--","--","--","--"," ","0.00","0.06","25","0.16","10","70.60",
="075077","崇越元富49購01","0","0","0","--","--","--","--"," ","0.00","0.86","25","0.96","10","294.50",
="075078","泰金寶元富49購01","0","0","0","--","--","--","--"," ","0.00","0.02","25","0.12","10","6.01",
="075079","泰金寶元富49購02","0","0","0","--","--","--","--"," ","0.00","--","0","0.10","10","6.01",
="07507P","志強國票4A售03","0","0","0","--","--","--","--"," ","0.00","1.11","25","1.21","10","0.00",
="075080","廣隆國票4A購01","0","0","0","--","--","--","--"," ","0.00","0.05","25","0.06","10","130.50",
="075081","金寶國票4A購01","0","0","0","--","--","--","--"," ","0.00","0.29","25","0.30","10","19.05",
="075082","台積電國票4A購11","10,000","1","33,200","3.32","3.32","3.32","3.32","-","0.16","3.19","25","3.24","10","1,160.00",
="075083","台積電國票4A購12","2,000","1","3,480","1.74","1.74","1.74","1.74","X","0.00","1.66","25","1.72","26","1,160.00",
="075084","台積電國票4B購03","0","0","0","--","--","--","--"," ","0.00","4.31","25","4.41","10","1,160.00",
="075085","台積電國票4C購05","0","0","0","--","--","--","--"," ","0.00","4.21","25","4.31","10","1,160.00",
="075086","台積電國票55購01","0","0","0","--","--","--","--"," ","0.00","2.89","25","2.90","10","1,160.00",
="075087","智邦國票4A購04","0","0","0","--","--","--","--"," ","0.00","8.85","25","9.20","10","984.00",
="075088","微星國票4A購03","6,000","2","1,200","0.20","0.20","0.20","0.20","-","0.02","0.20","20","0.21","10","136.50",
="075089","漢唐國票4A購02","0","0","0","--","--","--","--"," ","0.00","74.00","25","76.00","10","1,190.00",
="07508P","滬深2X元大4A售07","283,000","19","70,170","0.28","0.28","0.22","0.28","+","0.11","0.27","251","0.28","249","0.00",
="075090","南亞科國票4A購02","421,000","9","256,870","0.64","0.67","0.58","0.58","-","0.17","0.57","25","0.58","10","46.65",
="075091","一詮國票4A購01","0","0","0","--","--","--","--"," ","0.00","0.08","25","0.09","10","80.20",
="075092","一詮國票4B購01","200,000","1","10,000","0.05","0.05","0.05","0.05"," ","0.00","0.04","25","0.05","10","80.20",
="075093","揚博國票4A購01","156,000","19","350,160","2.43","2.43","1.98","1.98","-","0.02","1.98","20","2.08","10","156.50",
="075094","皇昌國票4B購03","0","0","0","--","--","--","--"," ","0.00","0.37","25","0.38","10","83.50",
="075095","長榮國票4B購02","210,000","5","34,600","0.16","0.17","0.16","0.16","+","0.01","0.14","25","0.15","10","188.00",
="075096","美食國票4A購01","0","0","0","--","--","--","--"," ","0.00","0.02","25","0.03","10","80.80",
="075097","潤泰全國票4A購01","0","0","0","--","--","--","--"," ","0.00","0.02","25","0.03","10","53.60",
="075098","玉晶光國票49購04","0","0","0","--","--","--","--"," ","0.00","1.88","25","1.91","10","461.50",
="075099","貿聯國票4A購05","0","0","0","--","--","--","--"," ","0.00","12.70","25","13.30","10","981.00",
="07509P","中鋼元大49售04","0","0","0","--","--","--","--"," ","0.00","1.11","499","1.21","10","0.00",
="075100","精銳國票4A購01","212,000","5","244,530","1.15","1.30","1.12","1.27","+","0.12","1.23","25","1.25","10","776.00",
="075101","緯穎國票4A購03","0","0","0","--","--","--","--"," ","0.00","5.20","25","5.70","10","2,975.00",
="075102","電子類國票49購01","0","0","0","--","--","--","--"," ","0.00","3.57","499","3.58","499","0.00",
="075103","電子類國票49購02","0","0","0","--","--","--","--"," ","0.00","1.71","499","1.72","499","0.00",
="075104","電子類國票49購03","3,000","1","1,020","0.34","0.34","0.34","0.34","-","0.10","0.30","499","0.31","399","0.00",
="075105","金融類國票49購01","0","0","0","--","--","--","--"," ","0.00","0.23","499","0.24","499","0.00",
="075106","台積電統一53購07","5,000","1","4,500","0.90","0.90","0.90","0.90","-","0.01","0.87","15","0.88","10","1,160.00",
="075107","華邦電統一53購03","0","0","0","--","--","--","--"," ","0.00","0.43","10","0.44","10","19.60",
="075108","華邦電統一59購02","85,000","1","30,600","0.36","0.36","0.36","0.36","X","0.00","0.34","10","0.35","10","19.60",
="075109","華碩統一53購02","44,000","2","29,700","0.67","0.68","0.67","0.68","-","0.01","0.66","10","0.67","10","634.00",
="07510P","皇昌元大49售08","0","0","0","--","--","--","--"," ","0.00","0.04","499","0.14","10","0.00",
="075110","南亞科統一51購05","10,000","1","6,300","0.63","0.63","0.63","0.63","X","0.00","0.60","10","0.61","10","46.65",
="075111","南亞科統一59購01","21,000","2","10,710","0.51","0.51","0.51","0.51","X","0.00","0.49","10","0.50","10","46.65",
="075112","潤泰全統一53購01","0","0","0","--","--","--","--"," ","0.00","0.51","10","0.52","10","53.60",
="075113","威強電統一53購03","0","0","0","--","--","--","--"," ","0.00","0.14","10","0.24","10","70.90",
="075114","永崴控統一53購01","0","0","0","--","--","--","--"," ","0.00","0.22","10","0.23","10","36.60",
="075115","華邦電中信49購04","0","0","0","--","--","--","--"," ","0.00","0.06","499","0.07","10","0.00",
="075116","華碩中信49購01","0","0","0","--","--","--","--"," ","0.00","1.11","499","1.13","10","0.00",
="075117","南亞科中信49購02","0","0","0","--","--","--","--"," ","0.00","0.17","10","0.18","10","0.00",
="075118","南亞科中信49購03","0","0","0","--","--","--","--"," ","0.00","0.01","10","0.02","10","0.00",
="075119","豐藝中信49購01","0","0","0","--","--","--","--"," ","0.00","--","0","0.02","10","0.00",
="07511P","上銀群益49售05","0","0","0","--","--","--","--"," ","0.00","--","0","--","0","0.00",
="075120","T50正2永豐49購02","0","0","0","--","--","--","--"," ","0.00","2.15","499","2.18","10","259.40",
="075121","滬深2X永豐4C購03","0","0","0","--","--","--","--"," ","0.00","4.44","499","4.54","10","18.32",
="075122","FBNQ2X永豐4A購01","0","0","0","--","--","--","--"," ","0.00","7.20","499","7.45","10","144.85",
="075123","元債2X永豐56購01","0","0","0","--","--","--","--"," ","0.00","0.37","499","0.38","10","7.05",
="075124","華邦電永豐4C購01","50,000","2","10,100","0.19","0.21","0.19","0.21","+","0.01","0.18","10","0.19","10","19.60",
="075125","華碩永豐4B購01","79,000","5","100,040","1.26","1.28","1.26","1.28","-","0.02","1.24","499","1.25","10","634.00",
="075126","大立光永豐49購02","0","0","0","--","--","--","--"," ","0.00","0.29","499","0.39","10","2,395.00",
="075128","大立光永豐49購03","0","0","0","--","--","--","--"," ","0.00","0.15","499","0.25","10","2,395.00",
="07512P","邁達特群益4B售01","10,000","1","6,500","0.65","0.65","0.65","0.65","+","0.03","0.65","10","0.75","10","0.00",
="075130","欣興永豐49購03","28,000","5","39,830","1.54","1.54","1.21","1.30","-","0.07","1.21","10","1.30","20","150.00",
="075131","欣興永豐49購04","0","0","0","--","--","--","--"," ","0.00","1.56","499","--","0","150.00",
="075133","富華新永豐49購01","0","0","0","--","--","--","--"," ","0.00","0.01","499","0.11","10","21.15",
="075136","智伸科永豐4A購01","26,000","6","548,600","20.10","21.50","20.10","21.50","+","2.70","9.20","2","--","0","168.50",
="075138","材料永豐4C購02","0","0","0","--","--","--","--"," ","0.00","0.11","499","0.12","10","67.70",
="075139","崇越永豐4A購01","8,000","2","22,720","2.81","2.87","2.81","2.87","+","0.13","2.75","10","2.85","10","294.50",
="07513P","元黃金國票59售01","1,000","1","260","0.26","0.26","0.26","0.26"," ","0.00","0.25","25","0.26","10","0.00",
="075141","訊芯永豐4B購03","40,000","2","18,800","0.49","0.49","0.45","0.45","-","0.14","0.45","10","0.46","10","165.00",
="075142","臺股指永豐4C購03","0","0","0","--","--","--","--"," ","0.00","1.37","499","1.38","10","0.00",
="075143","臺股指永豐4C購04","0","0","0","--","--","--","--"," ","0.00","1.61","499","1.62","10","0.00",
="075144","群光第一49購01","0","0","0","--","--","--","--"," ","0.00","1.24","10","1.25","10","0.00",
="075146","華擎第一49購01","0","0","0","--","--","--","--"," ","0.00","3.65","10","3.75","10","0.00",
="075147","FBNQ2X凱基4C購02","0","0","0","--","--","--","--"," ","0.00","5.10","100","5.15","25","144.85",
="075149","美費半凱基4B購02","0","0","0","--","--","--","--"," ","0.00","4.89","100","4.91","25","45.51",
="07514P","華邦電國票4A售03","0","0","0","--","--","--","--"," ","0.00","0.04","25","0.05","10","0.00",
="075150","美費半凱基4C購01","1,000","1","4,370","4.37","4.37","4.37","4.37","X","0.00","4.39","100","4.40","50","45.51",
="075151","大成鋼凱基4C購04","0","0","0","--","--","--","--"," ","0.00","0.23","100","0.33","10","38.60",
="075152","上銀凱基49購10","0","0","0","--","--","--","--"," ","0.00","--","0","0.10","10","215.50",
="075153","台達電凱基4B購01","0","0","0","--","--","--","--"," ","0.00","22.00","20","23.00","10","709.00",
="075154","台積電凱基49購24","0","0","0","--","--","--","--"," ","0.00","1.06","95","1.16","10","1,160.00",
="075155","台積電凱基4A購30","0","0","0","--","--","--","--"," ","0.00","3.30","31","3.40","10","1,160.00",
="075156","台積電凱基4C購16","0","0","0","--","--","--","--"," ","0.00","20.80","100","21.00","10","1,160.00",
="075157","華邦電凱基4B購02","37,000","3","20,080","0.54","0.55","0.54","0.54","+","0.06","0.51","100","0.52","10","19.60",
="075158","華邦電凱基51購01","10,000","1","5,100","0.51","0.51","0.51","0.51","+","0.02","0.45","100","0.46","10","19.60",
="075159","智邦凱基49購05","0","0","0","--","--","--","--"," ","0.00","5.65","50","--","0","984.00",
="07515P","海華國票4A售01","0","0","0","--","--","--","--"," ","0.00","0.01","25","--","0","0.00",
="075160","華碩凱基49購03","0","0","0","--","--","--","--"," ","0.00","0.79","10","0.89","10","634.00",
="075161","大同凱基4A購01","0","0","0","--","--","--","--"," ","0.00","0.71","10","0.72","10","40.75",
="075162","微星凱基49購03","0","0","0","--","--","--","--"," ","0.00","0.01","100","0.11","10","136.50",
="075163","台光電凱基4C購01","0","0","0","--","--","--","--"," ","0.00","51.50","100","56.50","10","1,250.00",
="075164","群光凱基49購01","0","0","0","--","--","--","--"," ","0.00","0.01","100","0.11","10","137.00",
="075165","南亞科凱基49購06","0","0","0","--","--","--","--"," ","0.00","0.08","100","0.18","10","46.65",
="075166","京元電凱基49購04","0","0","0","--","--","--","--"," ","0.00","2.80","100","--","0","142.00",
="075167","長榮凱基4B購06","39,000","2","31,290","0.81","0.81","0.80","0.80","-","0.02","0.78","100","0.80","10","188.00",
="075168","裕民凱基4C購02","20,000","1","4,200","0.21","0.21","0.21","0.21","-","0.01","0.21","10","0.22","40","57.30",
="075169","慧洋凱基49購07","0","0","0","--","--","--","--"," ","0.00","0.01","10","0.11","10","61.80",
="07516P","鴻海元富49售04","0","0","0","--","--","--","--"," ","0.00","--","0","0.01","390","0.00",
="075170","群創凱基51購02","173,000","12","134,460","0.62","0.81","0.62","0.77","+","0.23","0.78","100","0.80","10","14.15",
="075172","永崴控凱基49購02","0","0","0","--","--","--","--"," ","0.00","--","0","0.10","10","36.60",
="075173","材料凱基49購08","0","0","0","--","--","--","--"," ","0.00","--","0","0.10","10","67.70",
="075174","亞翔凱基51購03","241,000","5","901,630","3.74","3.83","3.74","3.76","-","0.45","3.68","100","3.71","10","349.50",
="075175","力成凱基49購02","0","0","0","--","--","--","--"," ","0.00","0.26","100","0.36","10","118.50",
="075176","力成凱基4A購01","0","0","0","--","--","--","--"," ","0.00","0.12","100","0.13","10","118.50",
="075177","富世達凱基49購04","0","0","0","--","--","--","--"," ","0.00","1.78","100","1.88","10","1,145.00",
="075178","雲豹凱基49購01","0","0","0","--","--","--","--"," ","0.00","--","0","0.10","10","130.50",
="07517P","廣宇元富49售04","0","0","0","--","--","--","--"," ","0.00","--","0","0.10","25","0.00",
="075181","振樺電凱基49購02","0","0","0","--","--","--","--"," ","0.00","0.01","100","0.11","10","270.00",
="075182","台泥群益4B購01","0","0","0","--","--","--","--"," ","0.00","0.02","100","0.03","100","22.80",
="075183","華城群益49購07","0","0","0","--","--","--","--"," ","0.00","--","0","--","0","618.00",
="075184","華城群益4B購01","355,000","20","565,030","1.64","1.64","1.55","1.57","-","0.06","1.51","100","1.52","100","618.00",
="075185","中鋼群益52購01","10,000","1","5,900","0.59","0.59","0.59","0.59","-","0.04","0.59","10","0.69","10","20.15",
="075186","台積電群益49購27","0","0","0","--","--","--","--"," ","0.00","--","0","--","0","1,160.00",
="075187","台積電群益49購28","0","0","0","--","--","--","--"," ","0.00","--","0","--","0","1,160.00",
="075188","台積電群益49購29","0","0","0","--","--","--","--"," ","0.00","--","0","--","0","1,160.00",
="075189","華邦電群益49購06","0","0","0","--","--","--","--"," ","0.00","--","0","0.15","10","19.60",
="07518P","華邦電元富49售01","0","0","0","--","--","--","--"," ","0.00","0.03","25","0.10","10","0.00",
="075190","華邦電群益49購07","0","0","0","--","--","--","--"," ","0.00","--","0","0.11","10","19.60",
="075191","智邦群益49購05","0","0","0","--","--","--","--"," ","0.00","--","0","--","0","984.00",
="075192","鴻準群益49購02","0","0","0","--","--","--","--"," ","0.00","0.02","30","--","0","71.70",
="075193","南亞科群益49購05","0","0","0","--","--","--","--"," ","0.00","0.02","2","0.44","10","46.65",
="075194","皇昌群益51購03","0","0","0","--","--","--","--"," ","0.00","0.38","10","0.48","10","83.50",
="075195","華固群益49購01","0","0","0","--","--","--","--"," ","0.00","--","0","--","0","103.00",
="075196","新興群益4B購01","0","0","0","--","--","--","--"," ","0.00","0.18","25","0.19","10","23.65",
="075197","偉訓群益51購01","0","0","0","--","--","--","--"," ","0.00","1.51","6","2.63","10","110.00",
="075198","新日興群益49購03","0","0","0","--","--","--","--"," ","0.00","--","0","--","0","259.00",
="075199","玉晶光群益49購02","38,000","1","59,280","1.56","1.56","1.56","1.56","+","0.25","1.54","10","1.64","10","461.50",
="07519P","矽力元富49售02","0","0","0","--","--","--","--"," ","0.00","1.64","25","1.69","25","0.00",
="075200","神達群益49購06","0","0","0","--","--","--","--"," ","0.00","6.55","77","--","0","95.90",
="075201","迎廣群益4A購02","0","0","0","--","--","--","--"," ","0.00","0.12","10","0.22","10","94.00",
="075202","世紀鋼群益49購03","0","0","0","--","--","--","--"," ","0.00","--","0","--","0","188.00",
="075203","臺股指群益49購21","0","0","0","--","--","--","--"," ","0.00","1.55","499","1.56","499","0.00",
="075204","臺股指群益49購22","0","0","0","--","--","--","--"," ","0.00","2.71","499","2.72","100","0.00",
="075205","臺股指群益49購23","0","0","0","--","--","--","--"," ","0.00","2.40","499","2.41","499","0.00",
="075206","臺股指群益49購24","0","0","0","--","--","--","--"," ","0.00","1.94","499","1.95","499","0.00",
="075207","臺股指群益49購25","0","0","0","--","--","--","--"," ","0.00","1.70","499","1.71","499","0.00",
="075208","臺股指群益49購26","0","0","0","--","--","--","--"," ","0.00","1.87","499","1.88","499","0.00",
="075209","臺股指群益49購27","0","0","0","--","--","--","--"," ","0.00","1.14","499","1.15","499","0.00",
="07520P","世紀鋼元富49售03","45,000","4","3,250","0.07","0.08","0.07","0.08","X","0.00","0.09","25","0.10","25","0.00",
="075210","臺股指群益49購28","0","0","0","--","--","--","--"," ","0.00","1.11","499","1.12","499","0.00",
="075211","臺股指群益49購29","0","0","0","--","--","--","--"," ","0.00","1.59","499","1.60","499","0.00",
="075212","臺股指群益49購30","0","0","0","--","--","--","--"," ","0.00","0.60","499","0.61","499","0.00",
="075213","電子類群益49購01","0","0","0","--","--","--","--"," ","0.00","3.76","499","3.77","499","0.00",
="075214","FBNQ2X元大49購04","0","0","0","--","--","--","--"," ","0.00","3.01","499","3.11","10","144.85",
="075215","FBNQ2X元大4B購02","0","0","0","--","--","--","--"," ","0.00","2.95","499","3.05","10","144.85",
="075216","中502X元大4B購03","30,000","3","25,800","0.87","0.87","0.84","0.84","-","0.22","0.78","250","0.79","100","11.76",
="075217","中502X元大51購02","125,000","8","161,900","1.30","1.34","1.23","1.23","X","0.00","1.22","504","1.23","96","11.76",
="075218","FANG+元大4A購01","0","0","0","--","--","--","--"," ","0.00","1.85","100","1.95","10","110.85",
="075219","FANG+元大4C購01","0","0","0","--","--","--","--"," ","0.00","1.47","100","1.48","100","110.85",
="07521P","臺股指元富4C售01","0","0","0","--","--","--","--"," ","0.00","0.85","25","0.86","25","0.00",
="075220","美費半元大4B購02","0","0","0","--","--","--","--"," ","0.00","4.28","100","4.38","10","45.51",
="075221","華城元大51購06","54,000","6","85,820","1.61","1.61","1.58","1.58"," ","0.00","1.52","450","1.54","10","618.00",
="075222","華新元大49購10","0","0","0","--","--","--","--"," ","0.00","0.12","499","0.13","10","23.35",
="075223","中鴻元大49購11","0","0","0","--","--","--","--"," ","0.00","--","0","0.10","10","16.15",
="075224","大成鋼元大51購05","0","0","0","--","--","--","--"," ","0.00","0.10","499","0.11","10","38.60",
="075225","台積電元大49購21","0","0","0","--","--","--","--"," ","0.00","--","0","--","0","1,160.00",
="075226","台積電元大49購22","0","0","0","--","--","--","--"," ","0.00","--","0","--","0","1,160.00",
="075227","台積電元大51購17","0","0","0","--","--","--","--"," ","0.00","--","0","--","0","1,160.00",
="075228","旺宏元大49購03","20,000","1","2,000","0.10","0.10","0.10","0.10","X","0.00","0.10","499","0.11","10","20.10",
="075229","華邦電元大49購16","0","0","0","--","--","--","--"," ","0.00","0.01","499","0.11","10","19.60",
="07522P","臺股指元富4C售02","0","0","0","--","--","--","--"," ","0.00","0.70","25","0.71","25","0.00",
="075230","華邦電元大49購17","0","0","0","--","--","--","--"," ","0.00","--","0","0.10","10","19.60",
="075231","智邦元大49購05","0","0","0","--","--","--","--"," ","0.00","4.39","150","--","0","984.00",
="075232","鴻準元大49購04","0","0","0","--","--","--","--"," ","0.00","0.23","499","0.24","10","71.70",
="075233","大同元大49購03","0","0","0","--","--","--","--"," ","0.00","0.15","499","0.16","10","40.75",
="075234","漢唐元大49購01","0","0","0","--","--","--","--"," ","0.00","22.00","10","--","0","1,190.00",
="075235","漢唐元大4A購01","0","0","0","--","--","--","--"," ","0.00","20.50","50","--","0","1,190.00",
="075236","漢唐元大4B購02","0","0","0","--","--","--","--"," ","0.00","30.40","10","--","0","1,190.00",
="075237","南亞科元大49購08","0","0","0","--","--","--","--"," ","0.00","0.25","499","0.26","10","46.65",
="075238","南亞科元大49購09","110,000","2","93,110","0.85","0.85","0.84","0.84","-","0.08","0.76","499","0.77","10","46.65",
="075239","南亞科元大49購10","181,000","1","114,030","0.63","0.63","0.63","0.63","-","0.09","0.55","499","0.56","10","46.65",
="07523P","華邦電永豐4A售01","0","0","0","--","--","--","--"," ","0.00","0.26","499","0.27","10","0.00",
="075240","南亞科元大4A購02","0","0","0","--","--","--","--"," ","0.00","0.62","499","0.63","10","46.65",
="075241","南亞科元大4B購03","2,000","1","1,480","0.74","0.74","0.74","0.74","-","0.08","0.73","499","0.74","10","46.65",
="075242","友達元大49購02","0","0","0","--","--","--","--"," ","0.00","0.06","499","0.07","10","13.05",
="075243","全新元大49購03","0","0","0","--","--","--","--"," ","0.00","0.61","499","0.63","10","153.50",
="075244","新興元大49購04","0","0","0","--","--","--","--"," ","0.00","--","0","0.10","10","23.65",
="075245","晶豪科元大49購03","0","0","0","--","--","--","--"," ","0.00","--","0","0.10","10","57.40",
="075246","威強電元大49購09","0","0","0","--","--","--","--"," ","0.00","--","0","0.10","10","70.90",
="075247","智原元大49購03","0","0","0","--","--","--","--"," ","0.00","--","0","0.10","10","158.00",
="075248","華晶科元大49購02","44,000","2","4,460","0.10","0.13","0.10","0.13","-","0.04","0.12","499","0.13","10","50.30",
="075249","玉晶光元大49購03","0","0","0","--","--","--","--"," ","0.00","0.01","499","0.11","10","461.50",
="07524P","滬深2X凱基4A售08","76,000","10","14,660","0.21","0.21","0.17","0.21","+","0.08","0.16","20","0.22","60","0.00",
="075250","嘉澤元大49購06","0","0","0","--","--","--","--"," ","0.00","0.12","499","0.13","10","1,465.00",
="075251","立積元大49購04","0","0","0","--","--","--","--"," ","0.00","0.06","499","--","0","158.00",
="075252","亞翔元大51購04","0","0","0","--","--","--","--"," ","0.00","2.66","250","2.70","10","349.50",
="075253","力成元大49購01","0","0","0","--","--","--","--"," ","0.00","0.20","499","0.21","10","118.50",
="075254","緯穎元大4B購02","2,000","2","5,090","2.62","2.62","2.47","2.47","-","0.05","2.46","300","2.51","10","2,975.00",
="075255","緯穎元大51購01","7,000","2","20,200","2.95","2.95","2.86","2.86","-","0.01","2.81","25","2.84","10","2,975.00",
="075256","惠特元大49購01","0","0","0","--","--","--","--"," ","0.00","--","0","0.10","10","62.30",
="075257","富世達元大49購04","0","0","0","--","--","--","--"," ","0.00","--","0","--","0","1,145.00",
="075258","富世達元大49購05","248,000","1","374,480","1.51","1.51","1.51","1.51","X","0.00","--","0","--","0","1,145.00",
="075259","來億元大49購03","0","0","0","--","--","--","--"," ","0.00","--","0","0.10","10","243.50",
="07525P","中鴻凱基49售04","0","0","0","--","--","--","--"," ","0.00","3.85","10","3.95","10","0.00",
="075260","臺股指元大49購42","0","0","0","--","--","--","--"," ","0.00","0.02","499","0.12","10","0.00",
="075261","臺股指元大49購43","0","0","0","--","--","--","--"," ","0.00","0.21","499","0.31","10","0.00",
="075262","臺股指元大49購44","0","0","0","--","--","--","--"," ","0.00","1.56","499","1.66","10","0.00",
="075263","臺股指元大49購45","0","0","0","--","--","--","--"," ","0.00","1.46","100","1.56","10","0.00",
="075264","臺股指元大56購01","0","0","0","--","--","--","--"," ","0.00","1.09","499","1.19","10","0.00",
="075265","喬山第一49購01","0","0","0","--","--","--","--"," ","0.00","0.42","10","0.44","10","0.00",
="075266","喬山第一49購02","0","0","0","--","--","--","--"," ","0.00","0.46","10","0.48","10","0.00",
="075267","威強電第一49購02","0","0","0","--","--","--","--"," ","0.00","0.72","10","0.73","10","0.00",
="075268","滬深2X國票55購01","695,000","22","598,130","0.84","0.90","0.83","0.84","-","0.20","0.83","26","0.84","10","18.32",
="075269","華城國票4B購02","0","0","0","--","--","--","--"," ","0.00","3.65","25","3.73","10","618.00",
="07526P","華邦電凱基49售03","0","0","0","--","--","--","--"," ","0.00","0.06","10","0.16","10","0.00",
="075270","喬山國票4A購01","0","0","0","--","--","--","--"," ","0.00","0.04","25","0.05","10","146.00",
="075271","上銀國票4A購01","0","0","0","--","--","--","--"," ","0.00","0.03","25","0.04","10","215.50",
="075272","台積電國票4C購06","213,000","9","517,780","2.51","2.51","2.36","2.36","-","0.30","2.35","35","2.36","10","1,160.00",
="075273","台積電國票51購04","0","0","0","--","--","--","--"," ","0.00","3.79","25","3.87","10","1,160.00",
="075274","台積電國票53購02","0","0","0","--","--","--","--"," ","0.00","4.35","25","4.39","10","1,160.00",
="075275","旺宏國票49購02","0","0","0","--","--","--","--"," ","0.00","0.45","25","0.48","10","20.10",
="075276","旺宏國票4A購02","175,000","2","59,500","0.34","0.34","0.34","0.34","-","0.08","0.34","25","0.35","10","20.10",
="075277","旺宏國票4C購01","100,000","1","31,000","0.31","0.31","0.31","0.31","-","0.03","0.29","25","0.30","10","20.10",
="075278","晶豪科國票4B購01","0","0","0","--","--","--","--"," ","0.00","0.38","25","0.39","10","57.40",
="075279","智原國票4A購03","0","0","0","--","--","--","--"," ","0.00","0.03","25","0.04","10","158.00",
="07527P","智邦凱基49售04","0","0","0","--","--","--","--"," ","0.00","--","0","--","0","0.00",
="075280","創意國票4B購03","27,000","1","23,220","0.86","0.86","0.86","0.86","+","0.10","0.78","25","0.81","10","1,350.00",
="075281","元晶國票4A購02","0","0","0","--","--","--","--"," ","0.00","0.07","25","0.08","10","15.90",
="075282","鴻海國泰52購01","0","0","0","--","--","--","--"," ","0.00","4.85","499","4.90","10","206.00",
="075283","友達國泰4A購01","0","0","0","--","--","--","--"," ","0.00","0.18","499","--","0","13.05",
="075284","長榮國泰4A購02","0","0","0","--","--","--","--"," ","0.00","0.63","499","0.66","100","188.00",
="075285","慧洋國泰4A購02","0","0","0","--","--","--","--"," ","0.00","0.17","499","0.18","100","61.80",
="075286","貿聯國泰4A購03","0","0","0","--","--","--","--"," ","0.00","11.00","499","--","0","981.00",
="075287","亞翔國泰4A購01","0","0","0","--","--","--","--"," ","0.00","4.79","499","4.85","10","349.50",
="075288","中砂富邦4B購01","0","0","0","--","--","--","--"," ","0.00","1.69","10","1.73","1","0.00",
="075289","鴻海富邦4B購05","0","0","0","--","--","--","--"," ","0.00","1.91","30","1.98","10","0.00",
="07528P","裕民凱基49售04","0","0","0","--","--","--","--"," ","0.00","0.68","10","0.78","10","0.00",
="075290","鴻海富邦51購01","0","0","0","--","--","--","--"," ","0.00","1.52","30","1.58","10","0.00",
="075291","國巨富邦49購01","0","0","0","--","--","--","--"," ","0.00","0.41","10","0.45","10","0.00",
="075292","聯發科富邦4B購04","0","0","0","--","--","--","--"," ","0.00","0.65","30","0.67","10","0.00",
="075293","聯發科富邦4B購05","250,000","4","146,600","0.59","0.59","0.58","0.59","-","0.01","0.58","30","0.60","10","0.00",
="075294","貿聯富邦49購02","0","0","0","--","--","--","--"," ","0.00","4.10","10","4.15","10","0.00",
="075295","鴻海兆豐49購01","0","0","0","--","--","--","--"," ","0.00","1.77","10","1.78","10","206.00",
="075296","華邦電兆豐53購01","98,000","3","64,710","0.70","0.70","0.65","0.65","-","0.04","0.64","10","0.65","10","19.60",
="075297","緯穎兆豐53購01","0","0","0","--","--","--","--"," ","0.00","3.43","10","3.44","10","2,975.00",
="075298","喬山統一53購01","0","0","0","--","--","--","--"," ","0.00","0.10","10","0.11","10","146.00",
="075299","潤泰全統一53購02","0","0","0","--","--","--","--"," ","0.00","0.29","10","0.30","10","53.60",
="07529P","台積電台新49售04","0","0","0","--","--","--","--"," ","0.00","--","0","--","0","0.00",
="075300","富華新統一55購01","0","0","0","--","--","--","--"," ","0.00","0.37","10","0.38","10","21.15",
="075301","皇昌中信4A購01","0","0","0","--","--","--","--"," ","0.00","0.04","10","0.05","10","0.00",
="075302","材料中信49購03","0","0","0","--","--","--","--"," ","0.00","0.01","499","0.02","10","0.00",
="075303","台灣50永豐49購05","5,000","1","43,500","8.70","8.70","8.70","8.70","-","0.30","8.35","499","8.75","10","52.50",
="075304","滬深2X永豐49購06","0","0","0","--","--","--","--"," ","0.00","0.39","499","0.49","10","18.32",
="075305","中502X永豐53購01","0","0","0","--","--","--","--"," ","0.00","1.83","499","1.84","10","11.76",
="075307","美費半永豐49購01","0","0","0","--","--","--","--"," ","0.00","4.63","499","4.64","10","45.51",
="07530P","華邦電統一51售02","0","0","0","--","--","--","--"," ","0.00","0.17","10","0.18","10","0.00",
="075310","台塑永豐49購05","46,000","2","32,700","0.77","0.77","0.69","0.69","X","0.00","0.71","499","0.74","10","39.10",
="075311","東陽永豐49購01","0","0","0","--","--","--","--"," ","0.00","0.04","10","0.07","10","101.00",
="075312","華新永豐49購01","0","0","0","--","--","--","--"," ","0.00","0.34","10","0.36","10","23.35",
="075313","喬山永豐49購01","0","0","0","--","--","--","--"," ","0.00","0.01","499","0.11","10","146.00",
="075314","新興永豐49購01","0","0","0","--","--","--","--"," ","0.00","0.06","10","0.16","10","23.65",
="075315","欣興永豐49購05","6,000","2","13,310","2.28","2.28","1.91","1.91","-","0.40","2.10","499","2.20","10","150.00",
="075316","群創永豐49購02","0","0","0","--","--","--","--"," ","0.00","0.20","499","0.25","10","14.15",
="075317","振樺電永豐4A購01","0","0","0","--","--","--","--"," ","0.00","0.24","499","0.25","10","270.00",
="075318","晶心科台新49購01","0","0","0","--","--","--","--"," ","0.00","0.01","20","--","0","0.00",
="075319","台灣50元富49購25","0","0","0","--","--","--","--"," ","0.00","17.40","25","17.80","25","52.50",
="07531P","川湖群益4A售03","0","0","0","--","--","--","--"," ","0.00","--","0","0.11","10","0.00",
="075320","華新元富49購02","0","0","0","--","--","--","--"," ","0.00","0.04","25","0.10","10","23.35",
="075321","金寶元富49購02","40,000","1","4,000","0.10","0.10","0.10","0.10","+","0.01","0.09","25","0.10","25","19.05",
="075322","友訊元富49購01","0","0","0","--","--","--","--"," ","0.00","0.08","25","0.10","10","18.05",
="075323","鴻準元富49購02","5,000","1","5,900","1.18","1.18","1.18","1.18","X","0.00","1.08","25","1.18","25","71.70",
="075324","大同元富49購03","0","0","0","--","--","--","--"," ","0.00","0.71","25","0.72","25","40.75",
="075325","全新元富49購01","0","0","0","--","--","--","--"," ","0.00","1.43","25","1.53","10","153.50",
="075326","長榮元富4C購01","0","0","0","--","--","--","--"," ","0.00","0.57","25","0.58","25","188.00",
="075327","群創元富49購04","0","0","0","--","--","--","--"," ","0.00","--","0","0.09","10","14.15",
="075328","同欣電元富49購01","75,000","1","33,000","0.44","0.44","0.44","0.44","+","0.05","0.35","25","0.36","25","112.50",
="075329","元晶元富49購01","0","0","0","--","--","--","--"," ","0.00","--","0","0.10","25","15.90",
="07532P","台積電群益4A售24","2,000","1","100","0.05","0.05","0.05","0.05","X","0.00","0.06","1","0.15","10","0.00",
="075330","T50正2凱基49購07","0","0","0","--","--","--","--"," ","0.00","0.80","10","--","0","259.40",
="075331","中502X凱基53購02","150,000","3","176,500","1.19","1.19","1.16","1.16","X","0.00","1.11","100","1.12","50","11.76",
="075332","美費半凱基49購05","0","0","0","--","--","--","--"," ","0.00","1.25","100","1.35","10","45.51",
="075333","華城凱基51購03","0","0","0","--","--","--","--"," ","0.00","2.73","100","2.75","10","618.00",
="075334","華新凱基49購06","0","0","0","--","--","--","--"," ","0.00","0.14","10","0.24","10","23.35",
="075335","喬山凱基49購01","0","0","0","--","--","--","--"," ","0.00","--","0","0.10","10","146.00",
="075336","喬山凱基49購02","0","0","0","--","--","--","--"," ","0.00","--","0","0.10","60","146.00",
="075337","喬山凱基49購03","0","0","0","--","--","--","--"," ","0.00","0.01","100","0.11","10","146.00",
="075338","大成鋼凱基4B購02","0","0","0","--","--","--","--"," ","0.00","0.05","100","0.15","10","38.60",
="075339","鴻海凱基4A購07","0","0","0","--","--","--","--"," ","0.00","1.88","100","1.91","10","206.00",
="07533P","群高息元大4C售01","35,000","2","28,350","0.81","0.81","0.81","0.81","X","0.00","0.80","100","0.90","10","0.00",
="075340","台積電凱基49購25","0","0","0","--","--","--","--"," ","0.00","2.41","42","2.51","10","1,160.00",
="075341","台積電凱基4A購31","0","0","0","--","--","--","--"," ","0.00","1.48","100","1.51","10","1,160.00",
="075342","台積電凱基56購11","0","0","0","--","--","--","--"," ","0.00","3.01","34","3.11","10","1,160.00",
="075343","旺宏凱基49購03","0","0","0","--","--","--","--"," ","0.00","0.14","10","0.24","10","20.10",
="075344","聯強凱基49購01","0","0","0","--","--","--","--"," ","0.00","0.06","499","--","0","65.50",
="075345","鴻準凱基49購01","1,000","1","80","0.08","0.08","0.08","0.08","-","0.02","0.08","100","0.18","10","71.70",
="075346","所羅門凱基4B購03","75,000","6","121,470","1.73","1.73","1.48","1.48","-","0.26","1.45","100","1.47","10","162.00",
="075347","全新凱基49購04","0","0","0","--","--","--","--"," ","0.00","0.78","100","--","0","153.50",
="075348","一詮凱基4B購02","10,000","1","500","0.05","0.05","0.05","0.05","X","0.00","0.05","100","0.15","10","80.20",
="075349","中工凱基49購01","0","0","0","--","--","--","--"," ","0.00","0.16","100","--","0","11.25",
="07534P","華邦電元大49售02","0","0","0","--","--","--","--"," ","0.00","--","0","0.10","10","0.00",
="075350","新興凱基4B購01","0","0","0","--","--","--","--"," ","0.00","0.27","10","0.28","30","23.65",
="075351","晶豪科凱基49購04","0","0","0","--","--","--","--"," ","0.00","0.11","10","0.21","10","57.40",
="075352","大立光凱基49購04","0","0","0","--","--","--","--"," ","0.00","0.82","100","0.92","10","2,395.00",
="075353","威強電凱基4C購01","0","0","0","--","--","--","--"," ","0.00","0.15","10","0.16","50","70.90",
="075354","偉訓凱基51購01","53,000","7","120,830","2.28","2.31","2.24","2.31","+","0.06","2.14","100","2.18","10","110.00",
="075355","嘉澤凱基49購04","0","0","0","--","--","--","--"," ","0.00","0.24","100","0.34","10","1,465.00",
="075356","神達凱基4C購02","5,000","1","33,500","6.70","6.70","6.70","6.70","X","0.00","6.65","50","7.15","10","95.90",
="075359","矽力凱基4C購01","0","0","0","--","--","--","--"," ","0.00","0.43","10","0.53","10","317.00",
="07535P","華邦電元大49售03","0","0","0","--","--","--","--"," ","0.00","0.11","499","0.12","200","0.00",
="075360","迅得凱基4B購02","101,000","2","26,290","0.29","0.29","0.26","0.26","-","0.01","0.27","100","0.28","30","193.50",
="075361","緯穎凱基4A購06","0","0","0","--","--","--","--"," ","0.00","5.65","100","6.15","10","2,975.00",
="075362","臺股指凱基49購34","0","0","0","--","--","--","--"," ","0.00","2.48","100","--","0","0.00",
="075363","臺股指凱基49購35","0","0","0","--","--","--","--"," ","0.00","0.82","100","--","0","0.00",
="075364","台灣50群益49購07","0","0","0","--","--","--","--"," ","0.00","--","0","7.45","10","52.50",
="075365","T50正2群益49購04","0","0","0","--","--","--","--"," ","0.00","0.10","55","2.77","10","259.40",
="075366","FBNQ2X群益49購04","0","0","0","--","--","--","--"," ","0.00","0.10","55","--","0","144.85",
="075367","群臺2X群益4B購01","11,000","6","21,020","1.98","1.98","1.83","1.86","X","0.00","1.86","25","1.87","10","92.60",
="075368","華城群益4C購03","206,000","7","222,750","1.09","1.10","1.05","1.05","-","0.03","1.01","100","1.02","100","618.00",
="075369","華新群益49購07","0","0","0","--","--","--","--"," ","0.00","--","0","0.15","10","23.35",
="07536P","裕民元大49售01","0","0","0","--","--","--","--"," ","0.00","0.02","499","0.12","10","0.00",
="075370","喬山群益49購01","0","0","0","--","--","--","--"," ","0.00","--","0","--","0","146.00",
="075371","大成鋼群益49購06","0","0","0","--","--","--","--"," ","0.00","--","0","--","0","38.60",
="075372","台達電群益49購05","0","0","0","--","--","--","--"," ","0.00","--","0","--","0","709.00",
="075373","鴻海群益56購01","0","0","0","--","--","--","--"," ","0.00","1.03","10","1.10","3","206.00",
="075374","台積電群益49購30","0","0","0","--","--","--","--"," ","0.00","--","0","3.50","10","1,160.00",
="075375","台積電群益49購31","0","0","0","--","--","--","--"," ","0.00","2.33","499","2.43","10","1,160.00",
="075376","華邦電群益55購01","0","0","0","--","--","--","--"," ","0.00","0.39","100","0.40","100","19.60",
="075377","智邦群益49購06","0","0","0","--","--","--","--"," ","0.00","--","0","5.95","10","984.00",
="075378","鴻準群益49購03","0","0","0","--","--","--","--"," ","0.00","--","0","0.82","10","71.70",
="075379","華碩群益4B購01","0","0","0","--","--","--","--"," ","0.00","0.14","30","--","0","634.00",
="07537P","裕民元大49售02","0","0","0","--","--","--","--"," ","0.00","0.44","499","0.45","200","0.00",
="075380","微星群益49購03","0","0","0","--","--","--","--"," ","0.00","0.06","25","0.07","10","136.50",
="075381","台光電群益49購02","0","0","0","--","--","--","--"," ","0.00","--","0","14.00","10","1,250.00",
="075382","群光群益49購01","0","0","0","--","--","--","--"," ","0.00","--","0","--","0","137.00",
="075383","漢唐群益49購02","0","0","0","--","--","--","--"," ","0.00","15.80","32","16.80","10","1,190.00",
="075384","京元電群益51購01","0","0","0","--","--","--","--"," ","0.00","--","0","2.34","10","142.00",
="075385","長榮群益49購04","0","0","0","--","--","--","--"," ","0.00","0.78","10","0.88","10","188.00",
="075386","裕民群益51購01","0","0","0","--","--","--","--"," ","0.00","0.48","100","0.49","100","57.30",
="075387","慧洋群益4B購04","20,000","3","6,800","0.36","0.36","0.33","0.33","-","0.02","0.32","5","--","0","61.80",
="075388","威強電群益4B購01","0","0","0","--","--","--","--"," ","0.00","0.11","10","0.21","10","70.90",
="075389","新日興群益49購04","0","0","0","--","--","--","--"," ","0.00","--","0","0.49","10","259.00",
="07538P","裕民元大49售03","0","0","0","--","--","--","--"," ","0.00","0.81","499","0.91","10","0.00",
="075390","玉晶光群益53購02","15,000","4","16,080","1.07","1.08","1.07","1.07","+","0.05","1.07","10","1.17","10","461.50",
="075391","群創群益49購04","0","0","0","--","--","--","--"," ","0.00","0.08","25","0.09","10","14.15",
="075392","群創群益4A購02","254,000","8","265,630","0.87","1.10","0.87","1.06","+","0.29","1.10","100","1.14","100","14.15",
="075393","群創群益4B購05","0","0","0","--","--","--","--"," ","0.00","0.33","100","0.34","100","14.15",
="075394","嘉澤群益49購03","0","0","0","--","--","--","--"," ","0.00","--","0","0.23","10","1,465.00",
="075395","神達群益49購07","18,000","1","130,500","7.25","7.25","7.25","7.25","X","0.00","--","0","7.50","10","95.90",
="075396","永崴控群益49購03","0","0","0","--","--","--","--"," ","0.00","--","0","--","0","36.60",
="075397","亞翔群益49購12","0","0","0","--","--","--","--"," ","0.00","2.62","30","7.05","10","349.50",
="075398","力成群益49購02","0","0","0","--","--","--","--"," ","0.00","0.01","1","0.28","10","118.50",
="075399","世紀鋼群益51購02","0","0","0","--","--","--","--"," ","0.00","1.93","10","2.03","10","188.00",
="07539P","海華元大49售07","0","0","0","--","--","--","--"," ","0.00","--","0","--","0","0.00",
="075400","臺股指群益53購01","0","0","0","--","--","--","--"," ","0.00","2.20","499","2.21","499","0.00",
="075402","臺股指群益53購02","0","0","0","--","--","--","--"," ","0.00","4.79","499","4.80","499","0.00",
="075403","台灣50元大49購23","0","0","0","--","--","--","--"," ","0.00","6.85","100","7.35","10","52.50",
="075408","台灣50元大49購24","0","0","0","--","--","--","--"," ","0.00","5.15","100","5.65","10","52.50",
="07540P","海華元大49售08","0","0","0","--","--","--","--"," ","0.00","--","0","0.10","10","0.00",
="075412","台灣50元大51購01","1,073,000","19","3,843,320","3.76","3.77","3.54","3.62","-","0.34","3.51","75","3.61","10","52.50",
="075413","元黃金元大4B購01","0","0","0","--","--","--","--"," ","0.00","1.47","100","1.49","101","37.00",
="075415","日本反元大4B購01","0","0","0","--","--","--","--"," ","0.00","0.04","250","0.07","20","5.15",
="075416","元石油元大4B購01","0","0","0","--","--","--","--"," ","0.00","0.60","250","0.65","10","16.26",
="075417","元日2X元大54購01","1,433,000","6","644,860","0.45","0.46","0.45","0.46","+","0.01","0.45","101","0.46","130","5.97",
="075418","元日2X元大55購01","69,000","1","27,600","0.40","0.40","0.40","0.40","+","0.01","0.40","100","0.41","100","5.97",
="07541P","T50正2台新49售01","0","0","0","--","--","--","--"," ","0.00","0.07","20","--","0","0.00",
="075420","元日2X元大57購01","119,000","7","47,230","0.39","0.41","0.39","0.41","+","0.01","0.40","100","0.41","100","5.97",
="075421","中高息元大4A購01","144,000","4","79,100","0.58","0.59","0.54","0.54","-","0.16","0.52","100","0.62","10","13.96",
="075422","中興電元大49購08","10,000","1","9,600","0.96","0.96","0.96","0.96","X","0.00","0.96","499","1.01","10","167.00",
="075423","華城元大49購24","0","0","0","--","--","--","--"," ","0.00","2.38","300","2.43","10","618.00",
="075424","華城元大49購25","0","0","0","--","--","--","--"," ","0.00","1.17","499","1.19","10","618.00",
="075425","華城元大51購07","14,000","2","16,380","1.17","1.17","1.17","1.17","+","0.03","1.09","499","1.10","10","618.00",
="075426","喬山元大49購01","0","0","0","--","--","--","--"," ","0.00","--","0","0.10","10","146.00",
="075427","中鴻元大49購12","0","0","0","--","--","--","--"," ","0.00","--","0","0.10","10","16.15",
="075428","台積電元大49購23","0","0","0","--","--","--","--"," ","0.00","0.01","100","--","0","1,160.00",
="075429","台積電元大49購24","0","0","0","--","--","--","--"," ","0.00","--","0","--","0","1,160.00",
="07542P","南亞科永豐49售02","0","0","0","--","--","--","--"," ","0.00","0.02","499","0.12","10","0.00",
="075430","台積電元大51購18","0","0","0","--","--","--","--"," ","0.00","0.11","9","--","0","1,160.00",
="075431","華邦電元大49購18","0","0","0","--","--","--","--"," ","0.00","0.11","499","0.12","10","19.60",
="075432","鴻準元大49購05","58,000","1","59,740","1.03","1.03","1.03","1.03","X","0.00","0.94","499","0.96","10","71.70",
="075433","大同元大49購04","0","0","0","--","--","--","--"," ","0.00","0.25","499","0.26","10","40.75",
="075434","南亞科元大49購12","107,000","2","89,880","0.84","0.84","0.84","0.84","-","0.10","0.75","499","0.76","10","46.65",
="075435","南亞科元大49購13","0","0","0","--","--","--","--"," ","0.00","0.52","499","0.53","10","46.65",
="075436","南亞科元大49購14","0","0","0","--","--","--","--"," ","0.00","0.90","499","0.91","10","46.65",
="075437","南亞科元大49購15","0","0","0","--","--","--","--"," ","0.00","0.35","499","0.36","10","46.65",
="075438","南亞科元大51購01","0","0","0","--","--","--","--"," ","0.00","0.85","499","0.86","10","46.65",
="075439","友達元大49購03","0","0","0","--","--","--","--"," ","0.00","--","0","0.10","10","13.05",
="07543P","南亞科永豐49售03","0","0","0","--","--","--","--"," ","0.00","0.01","499","0.11","10","0.00",
="075440","全新元大49購04","0","0","0","--","--","--","--"," ","0.00","1.00","499","1.05","10","153.50",
="075441","冠德元大49購02","0","0","0","--","--","--","--"," ","0.00","--","0","0.10","10","36.30",
="075442","皇昌元大49購11","0","0","0","--","--","--","--"," ","0.00","0.12","499","0.13","10","83.50",
="075443","長榮元大4B購03","17,000","3","9,680","0.56","0.57","0.56","0.57","+","0.04","0.51","499","0.53","10","188.00",
="075444","長榮元大4C購01","300,000","4","212,300","0.70","0.71","0.70","0.70","+","0.03","0.65","499","0.67","10","188.00",
="075445","長榮元大51購03","284,000","5","230,640","0.80","0.82","0.80","0.81","+","0.04","0.75","499","0.77","10","188.00",
="075446","萬海元大49購06","128,000","2","128,680","1.01","1.01","1.00","1.00","+","0.04","0.91","499","0.92","10","84.10",
="075447","慧洋元大49購14","0","0","0","--","--","--","--"," ","0.00","0.04","499","0.14","10","61.80",
="075448","慧洋元大4C購03","0","0","0","--","--","--","--"," ","0.00","0.17","499","0.18","10","61.80",
="075449","晶豪科元大49購04","0","0","0","--","--","--","--"," ","0.00","0.02","499","0.12","10","57.40",
="07544P","川湖統一51售04","0","0","0","--","--","--","--"," ","0.00","0.05","20","0.06","50","0.00",
="075450","威強電元大49購10","0","0","0","--","--","--","--"," ","0.00","--","0","0.10","10","70.90",
="075451","智原元大49購04","0","0","0","--","--","--","--"," ","0.00","0.02","499","0.12","10","158.00",
="075452","健鼎元大49購01","0","0","0","--","--","--","--"," ","0.00","4.50","150","--","0","318.00",
="075453","玉晶光元大49購04","0","0","0","--","--","--","--"," ","0.00","1.20","499","1.24","10","461.50",
="075454","創意元大49購07","0","0","0","--","--","--","--"," ","0.00","--","0","--","0","1,350.00",
="075455","群創元大49購05","0","0","0","--","--","--","--"," ","0.00","0.06","499","0.07","10","14.15",
="075456","世芯元大49購15","0","0","0","--","--","--","--"," ","0.00","2.89","250","2.98","10","4,000.00",
="075457","永崴控元大49購01","0","0","0","--","--","--","--"," ","0.00","--","0","0.10","10","36.60",
="075458","立積元大49購05","0","0","0","--","--","--","--"," ","0.00","0.10","125","--","0","158.00",
="075459","迎廣元大49購02","0","0","0","--","--","--","--"," ","0.00","0.07","499","0.08","10","94.00",
="07545P","南亞科統一49售01","0","0","0","--","--","--","--"," ","0.00","--","0","0.01","359","0.00",
="075460","亞翔元大49購13","0","0","0","--","--","--","--"," ","0.00","1.55","450","1.58","10","349.50",
="075461","力成元大49購02","0","0","0","--","--","--","--"," ","0.00","0.10","25","0.11","10","118.50",
="075462","緯穎元大49購06","40,000","1","108,400","2.71","2.71","2.71","2.71","X","0.00","2.67","25","2.75","10","2,975.00",
="075463","緯穎元大49購07","0","0","0","--","--","--","--"," ","0.00","2.61","300","2.68","10","2,975.00",
="075464","緯穎元大4B購03","1,000","1","2,480","2.48","2.48","2.48","2.48","-","0.06","2.47","25","2.52","10","2,975.00",
="075465","緯穎元大4C購03","0","0","0","--","--","--","--"," ","0.00","2.65","300","2.68","10","2,975.00",
="075466","緯穎元大51購02","0","0","0","--","--","--","--"," ","0.00","2.45","25","2.47","10","2,975.00",
="075467","富世達元大49購06","0","0","0","--","--","--","--"," ","0.00","--","0","--","0","1,145.00",
="075468","富世達元大49購07","0","0","0","--","--","--","--"," ","0.00","--","0","--","0","1,145.00",
="075469","富世達元大49購08","0","0","0","--","--","--","--"," ","0.00","--","0","--","0","1,145.00",
="07546P","川湖國票4A售06","0","0","0","--","--","--","--"," ","0.00","0.02","25","0.05","10","0.00",
="075470","一詮第一49購01","0","0","0","--","--","--","--"," ","0.00","0.49","10","0.50","10","0.00",
="075471","立積第一49購01","0","0","0","--","--","--","--"," ","0.00","0.56","10","--","0","0.00",
="075472","矽力第一49購01","0","0","0","--","--","--","--"," ","0.00","0.17","10","0.18","10","0.00",
="075473","一詮國泰4A購01","0","0","0","--","--","--","--"," ","0.00","0.05","499","0.06","100","80.20",
="075474","世芯國泰4A購03","6,000","2","29,390","4.90","4.90","4.89","4.89","-","0.04","4.66","499","4.72","100","4,000.00",
="075475","和大國票4A購03","230,000","3","91,200","0.39","0.50","0.39","0.50","+","0.31","0.41","25","--","0","72.90",
="075476","漢翔國票4A購01","1,033,000","26","1,908,950","1.60","2.28","1.60","2.28","+","1.55","2.07","219","2.50","10","60.00",
="075477","智原國票4A購04","0","0","0","--","--","--","--"," ","0.00","--","0","--","0","158.00",
="075478","訊芯國票4A購02","3,000","1","840","0.28","0.28","0.28","0.28","-","0.07","0.27","25","0.29","10","165.00",
="075479","喬山台新49購01","0","0","0","--","--","--","--"," ","0.00","0.01","20","0.02","10","0.00",
="07547P","昆盈國票49售02","0","0","0","--","--","--","--"," ","0.00","0.02","25","0.05","10","0.00",
="075480","鴻準台新49購01","0","0","0","--","--","--","--"," ","0.00","0.38","20","0.48","10","0.00",
="075481","大成鋼富邦4A購04","0","0","0","--","--","--","--"," ","0.00","0.32","10","0.33","10","0.00",
="075482","大同富邦49購03","0","0","0","--","--","--","--"," ","0.00","0.02","10","0.05","10","0.00",
="075483","裕民富邦4B購03","76,000","2","20,520","0.27","0.27","0.27","0.27"," ","0.00","0.26","10","0.27","10","0.00",
="075484","長榮航富邦49購01","0","0","0","--","--","--","--"," ","0.00","0.03","30","0.04","10","0.00",
="075485","慧洋富邦49購03","0","0","0","--","--","--","--"," ","0.00","0.04","10","0.05","10","0.00",
="075486","群創富邦49購01","50,000","1","1,500","0.03","0.03","0.03","0.03","X","0.00","0.03","30","0.04","10","0.00",
="075487","材料富邦4C購02","0","0","0","--","--","--","--"," ","0.00","0.09","10","0.10","10","0.00",
="075488","旺宏中信4A購01","0","0","0","--","--","--","--"," ","0.00","0.07","499","0.08","10","0.00",
="075489","裕民中信4A購01","0","0","0","--","--","--","--"," ","0.00","0.03","499","0.04","10","0.00",
="07548P","台光電國票4A售02","0","0","0","--","--","--","--"," ","0.00","--","0","--","0","0.00",
="075490","群創中信49購01","0","0","0","--","--","--","--"," ","0.00","--","0","0.02","10","0.00",
="075491","群創中信49購02","1,386,000","25","142,120","0.06","0.13","0.06","0.11","+","0.07","0.10","10","0.11","10","0.00",
="075492","材料中信49購04","0","0","0","--","--","--","--"," ","0.00","--","0","0.02","10","0.00",
="075493","立積中信4A購01","0","0","0","--","--","--","--"," ","0.00","0.07","499","--","0","0.00",
="075494","力成中信49購01","0","0","0","--","--","--","--"," ","0.00","--","0","0.02","10","0.00",
="075495","臺股指中信4A購11","0","0","0","--","--","--","--"," ","0.00","--","0","0.02","10","0.00",
="075496","佳能永豐53購01","54,000","11","313,150","5.85","5.90","5.70","5.70","-","0.30","5.65","5","5.80","10","80.80",
="075497","陽明永豐49購03","0","0","0","--","--","--","--"," ","0.00","0.07","10","0.08","10","58.80",
="075498","漢翔永豐49購01","9,000","3","19,080","2.12","2.12","2.12","2.12","+","0.80","2.13","31","--","0","60.00",
="075499","漢翔永豐49購02","7,000","4","11,810","1.01","1.95","1.01","1.95","+","0.93","1.95","27","--","0","60.00",
="07549P","FBNQ2X凱基49售04","0","0","0","--","--","--","--"," ","0.00","--","0","0.10","10","0.00",
="075500","大立光永豐49購04","0","0","0","--","--","--","--"," ","0.00","0.02","499","0.12","10","2,395.00",
="075501","大立光永豐49購05","0","0","0","--","--","--","--"," ","0.00","0.49","10","0.56","5","2,395.00",
="075502","創意永豐4B購03","8,000","1","7,200","0.90","0.90","0.90","0.90","X","0.00","0.27","30","--","0","1,350.00",
="075503","群創永豐49購03","0","0","0","--","--","--","--"," ","0.00","0.21","499","0.22","10","14.15",
="075504","貿聯永豐4A購02","0","0","0","--","--","--","--"," ","0.00","--","0","--","0","981.00",
="075505","材料永豐59購01","0","0","0","--","--","--","--"," ","0.00","0.54","10","0.55","10","67.70",
="075506","臺股指永豐4B購07","42,000","5","21,060","0.52","0.52","0.48","0.48","-","0.08","0.47","499","0.48","10","0.00",
="075507","台塑統一5B購01","0","0","0","--","--","--","--"," ","0.00","0.50","10","0.51","10","39.10",
="075508","喬山統一55購01","0","0","0","--","--","--","--"," ","0.00","0.23","10","0.24","10","146.00",
="075509","長榮統一53購02","238,000","5","139,940","0.57","0.60","0.57","0.60","+","0.03","0.56","10","0.57","10","188.00",
="07550P","南亞科凱基49售02","0","0","0","--","--","--","--"," ","0.00","--","0","0.10","10","0.00",
="075510","大立光統一53購01","121,000","3","80,730","0.67","0.67","0.65","0.65","-","0.02","0.65","10","0.66","10","2,395.00",
="075511","材料統一53購02","0","0","0","--","--","--","--"," ","0.00","0.18","10","0.19","10","67.70",
="075512","台灣50元富49購27","0","0","0","--","--","--","--"," ","0.00","18.40","25","19.10","25","52.50",
="075513","中50元富4B購02","40,000","2","11,700","0.30","0.30","0.29","0.29","X","0.00","0.27","25","0.28","25","24.71",
="075514","大成鋼元富49購08","0","0","0","--","--","--","--"," ","0.00","0.01","25","0.11","10","38.60",
="075515","一詮元富49購03","0","0","0","--","--","--","--"," ","0.00","0.01","25","0.10","10","80.20",
="075516","長榮元富49購05","0","0","0","--","--","--","--"," ","0.00","1.82","25","1.92","10","188.00",
="075517","裕民元富49購02","0","0","0","--","--","--","--"," ","0.00","0.01","25","0.11","10","57.30",
="075518","慧洋元富49購06","0","0","0","--","--","--","--"," ","0.00","--","0","0.10","10","61.80",
="075519","欣興元富49購03","0","0","0","--","--","--","--"," ","0.00","4.09","25","4.19","25","150.00",
="07551P","南電凱基49售02","0","0","0","--","--","--","--"," ","0.00","--","0","--","0","0.00",
="075520","群創元富4A購01","0","0","0","--","--","--","--"," ","0.00","0.22","25","0.23","25","14.15",
="075521","世芯元富4C購04","0","0","0","--","--","--","--"," ","0.00","2.48","25","2.54","25","4,000.00",
="075522","時碩元富4A購02","0","0","0","--","--","--","--"," ","0.00","0.02","25","0.09","35","64.20",
="075523","材料元富49購07","0","0","0","--","--","--","--"," ","0.00","--","0","0.10","25","67.70",
="075524","緯穎元富49購09","0","0","0","--","--","--","--"," ","0.00","2.68","25","2.77","25","2,975.00",
="075525","富世達元富49購01","0","0","0","--","--","--","--"," ","0.00","4.30","25","4.40","25","1,145.00",
="075526","富世達元富49購02","0","0","0","--","--","--","--"," ","0.00","3.07","25","3.17","25","1,145.00",
="075527","雲豹元富49購01","0","0","0","--","--","--","--"," ","0.00","0.02","25","0.12","10","130.50",
="075528","泓德元富4A購03","5,000","1","950","0.19","0.19","0.19","0.19","-","0.13","0.19","25","0.20","25","160.00",
="075529","T50正2凱基49購08","0","0","0","--","--","--","--"," ","0.00","3.21","100","3.23","10","259.40",
="07552P","華通群益49售01","0","0","0","--","--","--","--"," ","0.00","--","0","0.10","10","0.00",
="075530","日本反凱基4B購01","0","0","0","--","--","--","--"," ","0.00","0.09","100","0.10","50","5.15",
="075531","元石油凱基4B購01","0","0","0","--","--","--","--"," ","0.00","0.61","100","0.62","10","16.26",
="075532","元日2X凱基55購01","0","0","0","--","--","--","--"," ","0.00","0.36","100","0.42","90","5.97",
="075533","中興電凱基49購04","30,000","3","36,900","1.24","1.27","1.18","1.27","+","0.13","1.27","100","1.30","10","167.00",
="075534","中鴻凱基49購06","0","0","0","--","--","--","--"," ","0.00","--","0","0.10","10","16.15",
="075535","上銀凱基49購11","0","0","0","--","--","--","--"," ","0.00","--","0","0.10","10","215.50",
="075536","華泰凱基4A購01","15,000","3","9,850","0.63","0.78","0.63","0.73","-","0.02","0.75","10","0.85","10","44.70",
="075537","華邦電凱基49購08","0","0","0","--","--","--","--"," ","0.00","0.01","10","0.11","10","19.60",
="075538","智邦凱基49購06","0","0","0","--","--","--","--"," ","0.00","7.35","100","7.85","10","984.00",
="075539","漢唐凱基49購03","0","0","0","--","--","--","--"," ","0.00","27.30","10","28.30","10","1,190.00",
="07553P","華邦電群益53售01","0","0","0","--","--","--","--"," ","0.00","0.41","100","0.42","201","0.00",
="075540","南亞科凱基4A購05","43,000","2","62,010","1.44","1.47","1.44","1.47","-","0.02","1.32","100","1.33","10","46.65",
="075541","友達凱基49購02","0","0","0","--","--","--","--"," ","0.00","0.02","100","0.12","10","13.05",
="075542","皇昌凱基49購06","0","0","0","--","--","--","--"," ","0.00","0.37","10","0.47","10","83.50",
="075543","長榮凱基49購05","0","0","0","--","--","--","--"," ","0.00","0.32","100","0.33","10","188.00",
="075544","裕民凱基49購06","0","0","0","--","--","--","--"," ","0.00","0.05","100","0.15","10","57.30",
="075545","萬海凱基49購05","0","0","0","--","--","--","--"," ","0.00","0.77","100","0.87","10","84.10",
="075546","慧洋凱基49購08","0","0","0","--","--","--","--"," ","0.00","0.02","100","0.12","10","61.80",
="075547","文曄凱基4A購01","6,000","4","4,310","0.70","0.75","0.70","0.75","+","0.03","0.70","100","0.72","10","123.00",
="075548","健鼎凱基49購02","0","0","0","--","--","--","--"," ","0.00","8.65","10","9.15","10","318.00",
="075549","創意凱基4B購03","35,000","1","22,750","0.65","0.65","0.65","0.65","+","0.09","0.59","100","0.61","10","1,350.00",
="07554P","台光電群益4B售03","0","0","0","--","--","--","--"," ","0.00","--","0","0.02","40","0.00",
="075550","群創凱基49購02","0","0","0","--","--","--","--"," ","0.00","0.01","100","0.11","10","14.15",
="075551","世芯凱基49購12","0","0","0","--","--","--","--"," ","0.00","5.30","100","5.80","10","4,000.00",
="075552","亞翔凱基49購06","0","0","0","--","--","--","--"," ","0.00","2.95","100","2.98","10","349.50",
="075553","力成凱基49購03","0","0","0","--","--","--","--"," ","0.00","--","0","0.10","10","118.50",
="075554","台塑化凱基4B購01","2,000","1","1,300","0.65","0.65","0.65","0.65","-","0.20","0.58","10","0.59","10","40.75",
="075555","緯穎凱基4A購07","0","0","0","--","--","--","--"," ","0.00","6.15","100","6.25","10","2,975.00",
="075556","富世達凱基49購05","0","0","0","--","--","--","--"," ","0.00","5.00","100","5.50","10","1,145.00",
="075557","世紀鋼凱基49購03","19,000","2","9,880","0.52","0.52","0.52","0.52","-","0.05","0.44","100","0.45","10","188.00",
="075558","臺股指凱基53購03","32,000","2","78,720","2.49","2.49","2.43","2.43","-","0.15","2.40","100","2.41","10","0.00",
="075559","S&P正2元大4A購01","0","0","0","--","--","--","--"," ","0.00","1.76","100","1.86","10","105.05",
="07555P","全新群益53售01","3,652,000","16","2,322,000","0.63","0.64","0.62","0.63","+","0.02","0.44","22","--","0","0.00",
="075560","臺指2X元大4B購01","0","0","0","--","--","--","--"," ","0.00","1.42","100","1.52","10","33.84",
="075561","中50元大4C購01","6,000","1","1,380","0.23","0.23","0.23","0.23","-","0.08","0.20","100","0.21","100","24.71",
="075562","華城元大49購26","0","0","0","--","--","--","--"," ","0.00","1.26","499","1.29","10","618.00",
="075563","和大元大49購08","0","0","0","--","--","--","--"," ","0.00","0.15","499","--","0","72.90",
="075564","旺宏元大49購04","0","0","0","--","--","--","--"," ","0.00","--","0","0.10","10","20.10",
="075565","華邦電元大49購21","0","0","0","--","--","--","--"," ","0.00","0.21","499","0.22","10","19.60",
="075566","智邦元大49購07","0","0","0","--","--","--","--"," ","0.00","4.59","150","4.66","10","984.00",
="075567","智邦元大49購08","0","0","0","--","--","--","--"," ","0.00","4.69","150","--","0","984.00",
="075568","智邦元大4A購05","13,000","4","60,390","4.62","4.73","4.62","4.62","-","0.12","4.54","150","4.57","10","984.00",
="075569","佳能元大49購04","0","0","0","--","--","--","--"," ","0.00","1.43","499","1.46","10","80.80",
="07556P","裕民群益4B售03","0","0","0","--","--","--","--"," ","0.00","2.62","10","2.72","10","0.00",
="075570","南亞科元大49購17","0","0","0","--","--","--","--"," ","0.00","0.21","499","0.22","10","46.65",
="075571","南亞科元大4C購02","0","0","0","--","--","--","--"," ","0.00","0.81","499","0.82","10","46.65",
="075572","南亞科元大51購02","0","0","0","--","--","--","--"," ","0.00","0.74","499","0.75","10","46.65",
="075573","全新元大49購05","0","0","0","--","--","--","--"," ","0.00","0.88","499","0.92","10","153.50",
="075574","長榮元大4B購04","394,000","4","310,260","0.79","0.79","0.78","0.78","+","0.01","0.74","499","0.76","10","188.00",
="075575","長榮元大4C購02","0","0","0","--","--","--","--"," ","0.00","0.42","499","0.44","10","188.00",
="075576","長榮元大51購04","0","0","0","--","--","--","--"," ","0.00","0.43","499","0.45","10","188.00",
="075577","新興元大49購05","0","0","0","--","--","--","--"," ","0.00","0.01","499","0.11","10","23.65",
="075578","裕民元大49購08","0","0","0","--","--","--","--"," ","0.00","0.01","499","0.11","10","57.30",
="075579","裕民元大49購09","0","0","0","--","--","--","--"," ","0.00","0.01","499","0.11","10","57.30",
="07557P","奇鋐群益4B售01","0","0","0","--","--","--","--"," ","0.00","--","0","--","0","0.00",
="075580","裕民元大49購10","0","0","0","--","--","--","--"," ","0.00","--","0","0.10","10","57.30",
="075581","慧洋元大49購15","0","0","0","--","--","--","--"," ","0.00","--","0","0.10","10","61.80",
="075582","慧洋元大49購16","0","0","0","--","--","--","--"," ","0.00","0.02","499","0.12","10","61.80",
="075583","慧洋元大4C購04","0","0","0","--","--","--","--"," ","0.00","0.07","499","0.08","10","61.80",
="075584","威強電元大49購11","0","0","0","--","--","--","--"," ","0.00","0.01","499","0.11","10","70.90",
="075585","智原元大49購05","0","0","0","--","--","--","--"," ","0.00","--","0","0.10","10","158.00",
="075586","欣興元大49購20","0","0","0","--","--","--","--"," ","0.00","1.91","10","1.98","10","150.00",
="075587","欣興元大49購21","0","0","0","--","--","--","--"," ","0.00","1.82","400","--","0","150.00",
="075588","健鼎元大49購02","0","0","0","--","--","--","--"," ","0.00","4.73","150","4.83","10","318.00",
="075589","富華新元大49購05","0","0","0","--","--","--","--"," ","0.00","--","0","0.10","10","21.15",
="07558P","景碩群益53售01","37,000","4","22,450","0.62","0.62","0.59","0.61","+","0.02","0.58","1","0.63","10","0.00",
="075590","華晶科元大49購03","0","0","0","--","--","--","--"," ","0.00","1.08","499","1.10","10","50.30",
="075591","玉晶光元大49購05","0","0","0","--","--","--","--"," ","0.00","1.13","499","1.16","10","461.50",
="075592","群創元大51購03","162,000","1","51,840","0.32","0.32","0.32","0.32","X","0.00","0.34","499","0.35","10","14.15",
="075593","華擎元大49購02","93,000","1","92,070","0.99","0.99","0.99","0.99","-","0.10","0.95","499","0.98","10","281.00",
="075594","時碩元大49購01","0","0","0","--","--","--","--"," ","0.00","0.01","499","0.11","10","64.20",
="075595","時碩元大49購02","0","0","0","--","--","--","--"," ","0.00","0.07","499","0.08","10","64.20",
="075596","時碩元大49購03","0","0","0","--","--","--","--"," ","0.00","0.09","499","0.10","10","64.20",
="075597","材料元大49購09","0","0","0","--","--","--","--"," ","0.00","--","0","0.10","10","67.70",
="075599","材料元大4C購03","0","0","0","--","--","--","--"," ","0.00","0.07","499","0.08","10","67.70",
="07559P","新日興群益49售02","0","0","0","--","--","--","--"," ","0.00","0.84","499","--","0","0.00",
="075600","材料元大51購08","0","0","0","--","--","--","--"," ","0.00","0.09","499","0.10","10","67.70",
="075601","立積元大49購06","0","0","0","--","--","--","--"," ","0.00","0.04","499","--","0","158.00",
="075602","緯穎元大4B購04","0","0","0","--","--","--","--"," ","0.00","3.28","25","3.34","10","2,975.00",
="075603","緯穎元大4C購04","1,000","1","2,940","2.94","2.94","2.94","2.94","-","0.04","2.93","250","2.98","10","2,975.00",
="075604","緯穎元大51購03","0","0","0","--","--","--","--"," ","0.00","2.51","25","2.53","10","2,975.00",
="075605","振樺電元大49購01","0","0","0","--","--","--","--"," ","0.00","0.10","499","0.11","10","270.00",
="075606","美利達元大49購01","0","0","0","--","--","--","--"," ","0.00","--","0","0.10","10","112.50",
="075607","美利達元大49購02","0","0","0","--","--","--","--"," ","0.00","--","0","0.10","10","112.50",
="075608","美利達元大49購03","0","0","0","--","--","--","--"," ","0.00","--","0","0.10","10","112.50",
="075609","華城群益49購08","0","0","0","--","--","--","--"," ","0.00","--","0","2.78","10","618.00",
="07560P","玉晶光群益53售01","3,000","1","3,780","1.26","1.26","1.26","1.26","X","0.00","0.65","1","--","0","0.00",
="075610","直得群益49購03","0","0","0","--","--","--","--"," ","0.00","--","0","0.19","10","89.20",
="075612","東鹼群益49購03","0","0","0","--","--","--","--"," ","0.00","--","0","0.16","10","32.20",
="075613","中鋼群益4B購03","0","0","0","--","--","--","--"," ","0.00","0.18","10","0.28","10","20.15",
="075614","大成鋼群益49購07","0","0","0","--","--","--","--"," ","0.00","--","0","0.11","10","38.60",
="075615","鴻海群益51購04","0","0","0","--","--","--","--"," ","0.00","3.25","154","3.35","10","206.00",
="075616","鴻海群益52購01","0","0","0","--","--","--","--"," ","0.00","--","0","3.04","10","206.00",
="075617","鴻海群益53購04","0","0","0","--","--","--","--"," ","0.00","2.76","25","2.77","10","206.00",
="075618","鴻海群益54購01","50,000","2","199,800","4.02","4.02","3.96","3.96","X","0.00","4.05","25","4.06","10","206.00",
="075619","鴻海群益55購02","829,000","7","2,294,880","2.81","2.81","2.74","2.77","-","0.14","2.81","100","--","0","206.00",
="07561P","材料群益49售04","0","0","0","--","--","--","--"," ","0.00","1.83","499","--","0","0.00",
="075620","華泰群益49購01","0","0","0","--","--","--","--"," ","0.00","0.06","3","0.91","10","44.70",
="075621","旺宏群益49購03","0","0","0","--","--","--","--"," ","0.00","0.05","25","0.06","10","20.10",
="075622","旺宏群益49購04","0","0","0","--","--","--","--"," ","0.00","0.03","25","0.04","10","20.10",
="075623","台光電群益49購03","0","0","0","--","--","--","--"," ","0.00","--","0","14.60","10","1,250.00",
="075624","聯發科群益4B購05","0","0","0","--","--","--","--"," ","0.00","0.07","30","--","0","1,385.00",
="075625","聯發科群益59購01","0","0","0","--","--","--","--"," ","0.00","0.74","30","--","0","1,385.00",
="075626","盟立群益49購02","0","0","0","--","--","--","--"," ","0.00","--","0","0.12","10","70.00",
="075627","皇昌群益53購01","0","0","0","--","--","--","--"," ","0.00","0.67","10","0.77","10","83.50",
="075628","長榮航群益49購03","5,000","1","2,800","0.56","0.56","0.56","0.56","X","0.00","0.52","10","0.62","10","39.05",
="075629","漢翔群益4A購01","50,000","1","67,000","1.34","1.34","1.34","1.34","X","0.00","1.41","10","--","0","60.00",
="07562P","矽格群益49售02","0","0","0","--","--","--","--"," ","0.00","--","0","--","0","0.00",
="075630","大立光群益49購08","0","0","0","--","--","--","--"," ","0.00","--","0","0.54","10","2,395.00",
="075631","威強電群益51購03","0","0","0","--","--","--","--"," ","0.00","0.26","10","0.36","10","70.90",
="075634","欣興群益49購05","0","0","0","--","--","--","--"," ","0.00","0.94","20","2.22","10","150.00",
="075635","健鼎群益49購01","0","0","0","--","--","--","--"," ","0.00","--","0","--","0","318.00",
="075638","日電貿群益49購02","0","0","0","--","--","--","--"," ","0.00","0.20","25","0.21","10","70.50",
="075639","玉晶光群益49購03","0","0","0","--","--","--","--"," ","0.00","0.24","10","0.34","10","461.50",
="07563P","啟碁群益53售01","0","0","0","--","--","--","--"," ","0.00","1.20","10","--","0","0.00",
="075641","群創群益49購05","0","0","0","--","--","--","--"," ","0.00","0.13","25","0.14","10","14.15",
="075642","嘉澤群益49購04","0","0","0","--","--","--","--"," ","0.00","--","0","0.25","10","1,465.00",
="075643","智易群益49購01","0","0","0","--","--","--","--"," ","0.00","--","0","0.95","10","236.00",
="075644","世芯群益49購14","1,000","1","8,100","8.10","8.10","8.10","8.10","X","0.00","2.85","30","8.25","10","4,000.00",
="075645","新唐群益49購01","0","0","0","--","--","--","--"," ","0.00","--","0","--","0","61.70",
="075646","崇越群益49購01","15,000","1","8,250","0.55","0.55","0.55","0.55","X","0.00","0.54","10","0.64","10","294.50",
="075647","台表科群益4A購01","0","0","0","--","--","--","--"," ","0.00","0.24","499","0.34","10","107.50",
="075648","矽力群益49購01","0","0","0","--","--","--","--"," ","0.00","--","0","--","0","317.00",
="075649","瑞祺群益49購02","0","0","0","--","--","--","--"," ","0.00","--","0","--","0","87.50",
="07564P","臺股指群益4A售17","0","0","0","--","--","--","--"," ","0.00","0.07","50","0.14","44","0.00",
="075650","達發群益49購01","0","0","0","--","--","--","--"," ","0.00","0.21","10","0.31","10","556.00",
="075651","緯穎群益49購08","0","0","0","--","--","--","--"," ","0.00","4.20","120","4.30","10","2,975.00",
="075652","洋基群益49購02","0","0","0","--","--","--","--"," ","0.00","3.55","141","3.65","10","476.00",
="075653","富世達群益4C購01","0","0","0","--","--","--","--"," ","0.00","--","0","3.26","10","1,145.00",
="075654","富世達群益51購01","0","0","0","--","--","--","--"," ","0.00","2.04","4","3.81","10","1,145.00",
="075655","來億群益49購03","0","0","0","--","--","--","--"," ","0.00","--","0","0.11","10","243.50",
="075656","勤誠群益49購03","0","0","0","--","--","--","--"," ","0.00","--","0","10.20","10","613.00",
="075657","勤誠群益4B購01","0","0","0","--","--","--","--"," ","0.00","--","0","12.50","10","613.00",
="075658","臺股指群益4B購12","0","0","0","--","--","--","--"," ","0.00","1.72","499","1.73","499","0.00",
="075659","臺股指群益4B購13","0","0","0","--","--","--","--"," ","0.00","0.94","499","0.95","499","0.00",
="07565P","台灣50元富49售10","0","0","0","--","--","--","--"," ","0.00","--","0","0.10","25","0.00",
="075660","所羅門第一49購03","0","0","0","--","--","--","--"," ","0.00","0.34","10","0.37","10","0.00",
="075661","一詮第一49購02","0","0","0","--","--","--","--"," ","0.00","0.55","10","0.56","10","0.00",
="075662","立積第一49購02","0","0","0","--","--","--","--"," ","0.00","0.58","10","--","0","0.00",
="075663","矽力第一49購02","0","0","0","--","--","--","--"," ","0.00","0.20","10","0.21","10","0.00",
="075664","台積電中信49購06","0","0","0","--","--","--","--"," ","0.00","0.03","499","0.04","30","0.00",
="075665","台積電中信49購07","0","0","0","--","--","--","--"," ","0.00","1.20","499","1.24","10","0.00",
="075666","亞翔中信4A購02","0","0","0","--","--","--","--"," ","0.00","0.81","10","0.82","10","0.00",
="075667","華城永豐4C購01","18,000","2","61,120","3.40","3.40","3.36","3.36","+","0.04","3.18","499","3.20","10","618.00",
="075668","川湖永豐4C購02","0","0","0","--","--","--","--"," ","0.00","4.24","499","--","0","2,925.00",
="07566P","滬深2X元富49售02","0","0","0","--","--","--","--"," ","0.00","0.03","25","0.10","10","0.00",
="075671","台積電永豐63購02","0","0","0","--","--","--","--"," ","0.00","2.26","10","2.36","10","1,160.00",
="075673","英業達永豐49購02","20,000","2","19,800","0.99","0.99","0.99","0.99","X","0.00","0.98","10","0.99","10","41.35",
="075677","全新永豐4A購02","0","0","0","--","--","--","--"," ","0.00","12.50","8","13.10","10","153.50",
="075679","長榮永豐49購02","0","0","0","--","--","--","--"," ","0.00","1.16","499","1.26","10","188.00",
="07567P","鴻海元富49售06","1,000","1","60","0.06","0.06","0.06","0.06"," ","0.00","--","0","0.06","9","0.00",
="075680","大銀永豐4C購01","0","0","0","--","--","--","--"," ","0.00","0.25","499","0.26","10","126.00",
="075682","緯穎永豐49購06","0","0","0","--","--","--","--"," ","0.00","3.09","499","--","0","2,975.00",
="075683","來億永豐49購01","0","0","0","--","--","--","--"," ","0.00","--","0","0.03","10","243.50",
="075684","台積電統一63購03","0","0","0","--","--","--","--"," ","0.00","1.32","10","1.33","10","1,160.00",
="075685","英業達統一53購02","13,000","2","4,550","0.35","0.35","0.35","0.35","-","0.01","0.35","10","0.36","10","41.35",
="075686","奇鋐統一53購01","0","0","0","--","--","--","--"," ","0.00","3.03","10","3.04","10","1,015.00",
="075687","華晶科統一53購02","21,000","3","17,270","0.87","0.87","0.82","0.82","-","0.06","0.83","10","0.84","10","50.30",
="075688","華城富邦4A購01","0","0","0","--","--","--","--"," ","0.00","1.36","10","1.46","10","0.00",
="075689","上銀富邦49購04","0","0","0","--","--","--","--"," ","0.00","--","0","0.03","10","0.00",
="07568P","南亞科元富4A售03","0","0","0","--","--","--","--"," ","0.00","0.15","25","0.16","25","0.00",
="075690","華泰富邦49購02","130,000","5","83,500","0.62","0.75","0.62","0.75","+","0.09","0.63","30","0.64","10","0.00",
="075691","台積電富邦49購11","0","0","0","--","--","--","--"," ","0.00","2.17","30","2.26","10","0.00",
="075693","台積電富邦4A購03","0","0","0","--","--","--","--"," ","0.00","1.97","30","2.06","10","0.00",
="075694","台積電富邦4B購08","0","0","0","--","--","--","--"," ","0.00","2.12","30","2.20","10","0.00",
="075695","所羅門富邦4A購03","127,000","9","35,980","0.27","0.30","0.26","0.30"," ","0.00","0.21","10","0.22","10","0.00",
="075696","一詮富邦4B購01","0","0","0","--","--","--","--"," ","0.00","0.19","10","0.20","10","0.00",
="075697","智原富邦49購04","0","0","0","--","--","--","--"," ","0.00","--","0","0.03","10","0.00",
="075699","威盛元富51購01","0","0","0","--","--","--","--"," ","0.00","0.01","305","0.06","20","62.00",
="07569P","大立光元富49售06","0","0","0","--","--","--","--"," ","0.00","0.01","5","--","0","0.00",
="075700","立積富邦4A購03","36,000","5","8,100","0.22","0.30","0.22","0.30","X","0.00","0.25","7","0.30","2","0.00",
="075701","亞翔富邦4A購02","15,000","4","23,130","1.61","1.61","1.40","1.40","-","0.18","1.37","10","1.38","10","0.00",
="075702","富世達富邦4B購02","0","0","0","--","--","--","--"," ","0.00","1.45","10","1.55","10","0.00",
="075703","鈺齊富邦49購01","0","0","0","--","--","--","--"," ","0.00","--","0","0.05","10","0.00",
="075704","中50凱基4B購01","0","0","0","--","--","--","--"," ","0.00","0.30","10","0.31","50","24.71",
="075705","華城凱基49購07","0","0","0","--","--","--","--"," ","0.00","3.58","100","3.68","10","618.00",
="075706","中鋼凱基49購06","0","0","0","--","--","--","--"," ","0.00","--","0","0.10","10","20.15",
="075707","大成鋼凱基4A購04","0","0","0","--","--","--","--"," ","0.00","0.02","100","0.12","10","38.60",
="075708","鴻海凱基56購01","0","0","0","--","--","--","--"," ","0.00","4.53","23","4.63","10","206.00",
="075709","華泰凱基49購01","0","0","0","--","--","--","--"," ","0.00","2.03","100","2.13","10","44.70",
="07570P","世芯元富49售11","0","0","0","--","--","--","--"," ","0.00","--","0","0.10","25","0.00",
="075710","旺宏凱基49購04","0","0","0","--","--","--","--"," ","0.00","0.06","10","0.16","10","20.10",
="075711","所羅門凱基4A購02","884,000","5","197,590","0.23","0.27","0.19","0.19","-","0.09","0.18","100","0.19","10","162.00",
="075712","聯發科凱基4A購07","0","0","0","--","--","--","--"," ","0.00","0.02","100","0.12","10","1,385.00",
="075714","長榮凱基4C購01","13,000","1","7,410","0.57","0.57","0.57","0.57","X","0.00","0.51","100","0.52","10","188.00",
="075715","漢翔凱基4A購01","56,000","12","105,110","1.73","2.34","1.60","2.34","+","1.33","2.06","10","3.79","5","60.00",
="075716","富邦金凱基49購01","0","0","0","--","--","--","--"," ","0.00","0.05","100","0.15","10","85.20",
="075717","大立光凱基51購01","0","0","0","--","--","--","--"," ","0.00","1.61","100","1.62","10","2,395.00",
="075718","欣興凱基49購07","0","0","0","--","--","--","--"," ","0.00","2.64","100","2.74","10","150.00",
="075719","創意凱基49購06","52,000","20","68,220","1.33","1.39","1.23","1.30","+","0.08","1.27","100","1.37","10","1,350.00",
="07571P","臻鼎元富49售01","0","0","0","--","--","--","--"," ","0.00","--","0","0.10","25","0.00",
="075720","群創凱基49購03","120,000","7","14,440","0.11","0.22","0.11","0.22","X","0.00","0.19","100","0.29","10","14.15",
="075721","嘉澤凱基4C購01","10,000","1","8,200","0.82","0.82","0.82","0.82","+","0.05","0.80","100","0.82","10","1,465.00",
="075722","貿聯凱基4C購01","0","0","0","--","--","--","--"," ","0.00","7.55","10","8.05","10","981.00",
="075723","立積凱基49購02","0","0","0","--","--","--","--"," ","0.00","0.12","100","--","0","158.00",
="075724","穎崴凱基51購01","440,000","7","520,300","1.03","1.25","1.03","1.25","+","0.05","1.21","100","1.31","10","1,250.00",
="075725","達發凱基49購02","0","0","0","--","--","--","--"," ","0.00","0.32","100","0.33","10","556.00",
="075726","緯穎凱基51購01","0","0","0","--","--","--","--"," ","0.00","5.60","100","5.65","10","2,975.00",
="075727","來億凱基49購03","0","0","0","--","--","--","--"," ","0.00","0.01","10","0.11","10","243.50",
="075728","美利達凱基49購02","0","0","0","--","--","--","--"," ","0.00","--","0","0.10","10","112.50",
="075729","臺股指凱基4B購15","0","0","0","--","--","--","--"," ","0.00","1.43","100","1.44","10","0.00",
="07572P","川湖元大49售07","0","0","0","--","--","--","--"," ","0.00","--","0","0.10","10","0.00",
="075730","智邦台新49購01","0","0","0","--","--","--","--"," ","0.00","20.40","10","--","0","0.00",
="075731","欣興台新49購01","80,000","7","360,590","4.36","4.74","4.29","4.74","+","0.26","4.57","20","4.58","10","0.00",
="075732","台灣50群益4B購03","0","0","0","--","--","--","--"," ","0.00","5.20","199","5.70","10","52.50",
="075733","元日2X群益59購01","0","0","0","--","--","--","--"," ","0.00","0.69","25","--","0","5.97",
="075734","台塑群益4A購01","10,000","1","1,800","0.18","0.18","0.18","0.18","X","0.00","0.17","10","0.27","10","39.10",
="075735","中興電群益49購07","40,000","3","59,400","1.48","1.49","1.48","1.49","+","0.12","1.51","25","1.56","10","167.00",
="075736","華城群益49購09","0","0","0","--","--","--","--"," ","0.00","--","0","3.57","10","618.00",
="075737","亞德客群益49購02","0","0","0","--","--","--","--"," ","0.00","--","0","0.11","10","800.00",
="075738","亞德客群益49購03","0","0","0","--","--","--","--"," ","0.00","0.02","25","0.03","10","800.00",
="075739","大成鋼群益49購08","0","0","0","--","--","--","--"," ","0.00","--","0","0.12","10","38.60",
="07573P","金融類元大49售02","0","0","0","--","--","--","--"," ","0.00","0.19","499","0.29","10","0.00",
="075740","台積電群益51購03","0","0","0","--","--","--","--"," ","0.00","1.81","499","1.91","10","1,160.00",
="075741","台積電群益53購02","0","0","0","--","--","--","--"," ","0.00","--","0","1.81","10","1,160.00",
="075742","旺宏群益49購05","0","0","0","--","--","--","--"," ","0.00","0.02","25","0.03","10","20.10",
="075743","智邦群益49購07","0","0","0","--","--","--","--"," ","0.00","--","0","4.68","10","984.00",
="075744","台光電群益49購04","0","0","0","--","--","--","--"," ","0.00","--","0","13.60","10","1,250.00",
="075745","漢唐群益49購03","0","0","0","--","--","--","--"," ","0.00","48.20","11","49.20","10","1,190.00",
="075746","漢唐群益49購04","0","0","0","--","--","--","--"," ","0.00","53.00","10","58.00","10","1,190.00",
="075747","南亞科群益51購02","9,000","2","25,350","2.80","2.85","2.80","2.85","-","0.08","2.68","100","2.71","100","46.65",
="075748","友達群益53購01","200,000","2","56,000","0.28","0.28","0.28","0.28","+","0.01","0.07","142","0.33","1","13.05",
="075749","立隆電群益49購01","0","0","0","--","--","--","--"," ","0.00","0.44","10","0.54","10","86.60",
="07574P","中鋼中信49售01","0","0","0","--","--","--","--"," ","0.00","0.55","499","--","0","0.00",
="075750","立隆電群益4A購01","103,000","2","51,600","0.51","0.51","0.50","0.50","+","0.01","0.07","142","0.57","10","86.60",
="075751","長榮群益4A購02","0","0","0","--","--","--","--"," ","0.00","0.37","10","0.47","10","188.00",
="075752","裕民群益49購01","0","0","0","--","--","--","--"," ","0.00","0.10","25","0.11","10","57.30",
="075753","陽明群益49購03","0","0","0","--","--","--","--"," ","0.00","0.18","10","0.28","10","58.80",
="075754","陽明群益4A購02","0","0","0","--","--","--","--"," ","0.00","0.05","10","0.15","10","58.80",
="075755","萬海群益49購03","0","0","0","--","--","--","--"," ","0.00","0.03","10","0.13","10","84.10",
="075756","長榮航群益49購04","0","0","0","--","--","--","--"," ","0.00","0.09","10","0.19","10","39.05",
="075757","慧洋群益49購07","0","0","0","--","--","--","--"," ","0.00","--","0","--","0","61.80",
="075758","慧洋群益49購08","0","0","0","--","--","--","--"," ","0.00","--","0","--","0","61.80",
="075759","文曄群益4B購01","245,000","7","212,020","0.83","0.87","0.83","0.86","-","0.02","0.26","38","--","0","123.00",
="07575P","台積電中信4B售04","0","0","0","--","--","--","--"," ","0.00","0.90","10","0.92","10","0.00",
="075760","欣興群益49購06","88,000","4","160,340","1.73","2.16","1.73","2.16","-","0.05","1.96","25","2.03","10","150.00",
="075761","健鼎群益49購02","0","0","0","--","--","--","--"," ","0.00","--","0","8.30","10","318.00",
="075762","健鼎群益49購03","0","0","0","--","--","--","--"," ","0.00","--","0","--","0","318.00",
="075763","世芯群益49購15","0","0","0","--","--","--","--"," ","0.00","--","0","3.51","10","4,000.00",
="075764","世芯群益49購16","0","0","0","--","--","--","--"," ","0.00","--","0","3.43","10","4,000.00",
="075765","貿聯群益49購04","0","0","0","--","--","--","--"," ","0.00","0.10","55","--","0","981.00",
="075766","貿聯群益49購05","0","0","0","--","--","--","--"," ","0.00","--","0","12.30","10","981.00",
="075767","迎廣群益4B購01","0","0","0","--","--","--","--"," ","0.00","0.05","10","0.15","10","94.00",
="075768","力成群益4A購01","0","0","0","--","--","--","--"," ","0.00","--","0","--","0","118.50",
="075769","台塑化群益49購01","0","0","0","--","--","--","--"," ","0.00","0.01","10","0.56","10","40.75",
="07576P","聯發科中信49售05","0","0","0","--","--","--","--"," ","0.00","0.46","499","0.48","10","0.00",
="075770","緯穎群益49購09","0","0","0","--","--","--","--"," ","0.00","--","0","--","0","2,975.00",
="075771","緯穎群益49購10","0","0","0","--","--","--","--"," ","0.00","3.94","127","--","0","2,975.00",
="075772","富世達群益49購03","0","0","0","--","--","--","--"," ","0.00","--","0","9.30","10","1,145.00",
="075773","臺股指群益55購01","10,000","4","19,350","1.97","1.98","1.92","1.93","-","0.09","1.90","499","1.91","499","0.00",
="075774","智邦國票4A購05","0","0","0","--","--","--","--"," ","0.00","7.25","25","7.55","10","984.00",
="075775","金像電國票4B購01","0","0","0","--","--","--","--"," ","0.00","22.00","25","23.00","10","486.00",
="075776","漢唐國票4A購03","0","0","0","--","--","--","--"," ","0.00","41.30","25","42.30","10","1,190.00",
="075777","裕民國票4A購04","698,000","3","98,720","0.15","0.15","0.13","0.13","-","0.01","0.13","25","0.14","20","57.30",
="075778","大銀國票4A購03","501,000","4","25,560","0.06","0.06","0.05","0.06","-","0.01","0.05","25","0.06","10","126.00",
="075779","緯穎國票4A購04","0","0","0","--","--","--","--"," ","0.00","5.40","25","5.65","10","2,975.00",
="07577P","和大國票4A售01","376,000","2","11,200","0.03","0.03","0.02","0.02","-","0.04","--","0","0.05","10","0.00",
="075780","巨大國票4A購01","0","0","0","--","--","--","--"," ","0.00","0.02","25","0.03","10","104.50",
="075781","大成鋼國泰4A購02","0","0","0","--","--","--","--"," ","0.00","0.04","10","0.05","10","38.60",
="075782","台積電國泰4A購05","0","0","0","--","--","--","--"," ","0.00","4.60","499","4.70","200","1,160.00",
="075783","台積電國泰4A購06","0","0","0","--","--","--","--"," ","0.00","3.70","499","3.80","200","1,160.00",
="075784","華邦電國泰4A購03","75,000","1","29,250","0.39","0.39","0.39","0.39","+","0.07","0.34","499","0.35","100","19.60",
="075785","所羅門國泰4A購01","192,000","11","196,570","1.09","1.09","0.92","0.92","-","0.22","0.90","499","0.92","499","162.00",
="075786","欣興國泰4A購01","16,000","3","71,340","4.13","4.61","4.13","4.61","+","0.12","4.29","499","4.35","100","150.00",
="075787","玉晶光國泰4A購01","30,000","5","62,680","2.03","2.14","2.03","2.14","+","0.14","2.01","499","2.03","100","461.50",
="075788","中502X元富4A購04","0","0","0","--","--","--","--"," ","0.00","0.40","25","0.41","25","11.76",
="075789","群高息元富49購01","0","0","0","--","--","--","--"," ","0.00","0.52","25","0.53","25","21.44",
="07578P","裕民國票4A售02","0","0","0","--","--","--","--"," ","0.00","0.95","25","0.97","10","0.00",
="075790","台達電元富49購02","0","0","0","--","--","--","--"," ","0.00","15.70","25","16.00","25","709.00",
="075791","台積電元富4A購11","0","0","0","--","--","--","--"," ","0.00","17.90","25","18.90","10","1,160.00",
="075792","台積電元富4A購12","0","0","0","--","--","--","--"," ","0.00","12.50","25","13.50","10","1,160.00",
="075793","台積電元富4A購13","0","0","0","--","--","--","--"," ","0.00","1.14","25","1.24","10","1,160.00",
="075794","台積電元富4A購14","0","0","0","--","--","--","--"," ","0.00","1.19","25","1.29","10","1,160.00",
="075795","台積電元富4A購15","1,000","1","10,200","10.20","10.20","10.20","10.20","X","0.00","8.90","25","9.40","10","1,160.00",
="075796","台積電元富4A購16","0","0","0","--","--","--","--"," ","0.00","2.09","25","2.19","10","1,160.00",
="075797","台積電元富4A購17","0","0","0","--","--","--","--"," ","0.00","1.96","25","2.06","10","1,160.00",
="075798","台積電元富4A購18","0","0","0","--","--","--","--"," ","0.00","18.50","25","19.50","10","1,160.00",
="075799","台積電元富4A購19","0","0","0","--","--","--","--"," ","0.00","1.84","25","1.94","10","1,160.00",
="07579P","華擎國票4A售01","0","0","0","--","--","--","--"," ","0.00","0.01","25","0.05","10","0.00",
="075800","台積電元富53購05","0","0","0","--","--","--","--"," ","0.00","1.78","25","1.88","10","1,160.00",
="075801","盟立元富49購03","0","0","0","--","--","--","--"," ","0.00","0.08","25","0.10","10","70.00",
="075802","長榮元富49購07","0","0","0","--","--","--","--"," ","0.00","0.22","25","0.23","25","188.00",
="075803","玉晶光元富49購03","0","0","0","--","--","--","--"," ","0.00","1.05","25","1.06","25","461.50",
="075804","群創元富49購06","0","0","0","--","--","--","--"," ","0.00","0.05","25","0.15","10","14.15",
="075805","時碩元富49購03","0","0","0","--","--","--","--"," ","0.00","0.03","25","0.10","10","64.20",
="075806","迎廣元富49購03","0","0","0","--","--","--","--"," ","0.00","0.04","25","0.10","10","94.00",
="075807","緯穎元富51購02","0","0","0","--","--","--","--"," ","0.00","3.43","25","3.45","25","2,975.00",
="075808","T50反1元大4A購03","0","0","0","--","--","--","--"," ","0.00","0.05","100","0.15","10","19.79",
="075809","中502X元大4A購04","0","0","0","--","--","--","--"," ","0.00","0.57","499","0.58","100","11.76",
="07580P","晶心科國票49售03","0","0","0","--","--","--","--"," ","0.00","3.32","25","3.42","10","0.00",
="075810","中502X元大4C購03","23,000","3","10,050","0.45","0.45","0.42","0.42","-","0.14","0.40","250","0.41","100","11.76",
="075811","鴻海元大49購05","10,000","1","9,900","0.99","0.99","0.99","0.99","-","0.21","1.04","499","1.06","10","206.00",
="075812","台積電元大49購25","0","0","0","--","--","--","--"," ","0.00","--","0","--","0","1,160.00",
="075813","台積電元大49購26","0","0","0","--","--","--","--"," ","0.00","--","0","--","0","1,160.00",
="075814","台積電元大51購19","0","0","0","--","--","--","--"," ","0.00","--","0","--","0","1,160.00",
="075815","華邦電元大49購22","0","0","0","--","--","--","--"," ","0.00","0.02","499","0.12","10","19.60",
="075816","智邦元大49購09","0","0","0","--","--","--","--"," ","0.00","4.24","200","4.31","10","984.00",
="075817","華碩元大49購02","0","0","0","--","--","--","--"," ","0.00","0.06","499","0.07","10","634.00",
="075818","華碩元大49購03","0","0","0","--","--","--","--"," ","0.00","0.31","25","0.33","10","634.00",
="075819","華碩元大49購04","251,000","2","154,110","0.62","0.62","0.61","0.61","-","0.03","0.60","25","0.63","10","634.00",
="07581P","群臺2X凱基4B售02","859,000","4","257,500","0.29","0.31","0.29","0.30","+","0.02","0.30","100","0.31","10","0.00",
="075820","所羅門元大49購03","0","0","0","--","--","--","--"," ","0.00","0.06","499","0.07","10","162.00",
="075821","所羅門元大49購04","0","0","0","--","--","--","--"," ","0.00","0.15","499","0.16","10","162.00",
="075822","所羅門元大49購05","163,000","1","53,790","0.33","0.33","0.33","0.33","-","0.06","0.28","499","0.29","10","162.00",
="075823","漢唐元大49購02","0","0","0","--","--","--","--"," ","0.00","39.50","10","--","0","1,190.00",
="075824","漢唐元大49購03","0","0","0","--","--","--","--"," ","0.00","28.80","50","--","0","1,190.00",
="075825","漢唐元大49購04","0","0","0","--","--","--","--"," ","0.00","23.40","50","--","0","1,190.00",
="075826","南亞科元大4C購03","46,000","5","147,080","3.20","3.22","3.16","3.22","-","0.05","2.98","250","3.00","10","46.65",
="075827","南亞科元大51購03","0","0","0","--","--","--","--"," ","0.00","1.53","450","1.54","10","46.65",
="075828","南亞科元大53購01","0","0","0","--","--","--","--"," ","0.00","0.70","499","0.71","10","46.65",
="075829","長榮元大4B購05","109,000","3","69,000","0.63","0.64","0.62","0.62","X","0.00","0.58","501","0.60","10","188.00",
="07582P","川湖凱基49售05","0","0","0","--","--","--","--"," ","0.00","--","0","0.10","20","0.00",
="075830","長榮元大4C購03","171,000","1","88,920","0.52","0.52","0.52","0.52","+","0.02","0.48","499","0.50","10","188.00",
="075831","長榮元大51購05","0","0","0","--","--","--","--"," ","0.00","0.36","499","0.37","10","188.00",
="075832","慧洋元大49購17","0","0","0","--","--","--","--"," ","0.00","0.10","499","0.11","10","61.80",
="075833","慧洋元大49購18","0","0","0","--","--","--","--"," ","0.00","0.01","499","0.11","10","61.80",
="075834","慧洋元大53購01","364,000","12","255,060","0.69","0.71","0.69","0.70","+","0.02","0.66","499","0.67","10","61.80",
="075835","中信金元大49購04","0","0","0","--","--","--","--"," ","0.00","0.95","25","1.03","10","41.80",
="075836","威強電元大49購12","0","0","0","--","--","--","--"," ","0.00","--","0","0.10","10","70.90",
="075837","文曄元大49購01","0","0","0","--","--","--","--"," ","0.00","0.56","499","0.58","10","123.00",
="075838","文曄元大49購02","0","0","0","--","--","--","--"," ","0.00","0.77","499","0.82","10","123.00",
="075839","欣興元大4A購01","4,000","1","6,920","1.73","1.73","1.73","1.73","X","0.00","1.61","450","1.65","10","150.00",
="07583P","華邦電凱基4B售01","0","0","0","--","--","--","--"," ","0.00","0.65","10","0.66","10","0.00",
="075840","健鼎元大49購03","0","0","0","--","--","--","--"," ","0.00","4.49","150","4.59","10","318.00",
="075841","玉晶光元大4A購01","0","0","0","--","--","--","--"," ","0.00","0.30","499","0.31","10","461.50",
="075842","群創元大49購06","0","0","0","--","--","--","--"," ","0.00","0.23","499","0.24","10","14.15",
="075843","世芯元大49購16","0","0","0","--","--","--","--"," ","0.00","3.01","250","3.09","10","4,000.00",
="075844","貿聯元大49購02","0","0","0","--","--","--","--"," ","0.00","5.65","150","5.80","10","981.00",
="075845","貿聯元大49購03","0","0","0","--","--","--","--"," ","0.00","4.86","150","--","0","981.00",
="075846","貿聯元大4B購01","181,000","13","797,970","4.08","4.59","4.08","4.35","+","0.21","4.40","200","4.48","10","981.00",
="075847","材料元大49購10","0","0","0","--","--","--","--"," ","0.00","--","0","0.10","10","67.70",
="075848","材料元大4C購04","0","0","0","--","--","--","--"," ","0.00","0.09","499","0.10","10","67.70",
="075849","材料元大51購09","0","0","0","--","--","--","--"," ","0.00","0.10","499","0.11","10","67.70",
="07584P","台光電凱基4A售02","0","0","0","--","--","--","--"," ","0.00","--","0","0.10","10","0.00",
="075850","立積元大49購07","0","0","0","--","--","--","--"," ","0.00","0.02","499","--","0","158.00",
="075851","力成元大49購03","0","0","0","--","--","--","--"," ","0.00","--","0","0.10","10","118.50",
="075852","緯穎元大4B購05","0","0","0","--","--","--","--"," ","0.00","3.25","250","--","0","2,975.00",
="075853","緯穎元大4C購05","0","0","0","--","--","--","--"," ","0.00","2.82","250","--","0","2,975.00",
="075854","緯穎元大51購04","1,000","1","2,510","2.51","2.51","2.51","2.51","-","0.09","2.41","25","2.43","10","2,975.00",
="075855","富世達元大49購09","0","0","0","--","--","--","--"," ","0.00","--","0","--","0","1,145.00",
="075856","寶成元大49購02","0","0","0","--","--","--","--"," ","0.00","0.04","100","0.12","10","28.70",
="075857","威盛中信4A購01","0","0","0","--","--","--","--"," ","0.00","--","0","--","0","0.00",
="075858","威盛中信4A購02","0","0","0","--","--","--","--"," ","0.00","0.02","499","0.03","10","0.00",
="075859","鉅祥中信4B購01","20,000","2","28,550","1.42","1.43","1.42","1.43","X","0.00","1.45","499","1.46","10","0.00",
="07585P","南亞科凱基4A售03","0","0","0","--","--","--","--"," ","0.00","0.04","10","0.05","10","0.00",
="075860","亞德客永豐4B購01","0","0","0","--","--","--","--"," ","0.00","0.10","499","0.11","10","800.00",
="075861","大成鋼永豐49購04","0","0","0","--","--","--","--"," ","0.00","0.01","499","0.11","10","38.60",
="075862","台積電永豐49購19","0","0","0","--","--","--","--"," ","0.00","1.08","499","1.18","10","1,160.00",
="075863","台積電永豐49購20","0","0","0","--","--","--","--"," ","0.00","0.77","499","0.87","10","1,160.00",
="075864","台積電永豐4A購12","0","0","0","--","--","--","--"," ","0.00","1.53","499","1.63","10","1,160.00",
="075865","台積電永豐63購03","0","0","0","--","--","--","--"," ","0.00","1.53","10","1.63","11","1,160.00",
="075866","台光電永豐49購03","0","0","0","--","--","--","--"," ","0.00","25.40","499","26.20","10","1,250.00",
="075867","聯發科永豐51購01","9,000","1","10,440","1.16","1.16","1.16","1.16","X","0.00","1.11","10","1.12","10","1,385.00",
="075868","聯詠永豐49購02","0","0","0","--","--","--","--"," ","0.00","0.10","499","0.11","10","435.00",
="075869","玉晶光永豐49購03","72,000","7","151,740","2.12","2.12","2.07","2.10","-","0.14","0.54","18","--","0","461.50",
="07586P","臺股指凱基4C售12","862,000","27","594,380","0.69","0.73","0.67","0.72","+","0.04","0.71","100","0.72","10","0.00",
="075870","晶心科永豐4A購01","0","0","0","--","--","--","--"," ","0.00","0.03","499","0.04","10","283.00",
="075871","雲豹永豐49購01","0","0","0","--","--","--","--"," ","0.00","--","0","0.03","10","130.50",
="075872","深中小元富4B購01","19,000","4","20,240","1.06","1.07","1.06","1.06","-","0.25","1.02","25","1.03","25","14.81",
="075873","SGBR2X元富49購02","0","0","0","--","--","--","--"," ","0.00","1.22","25","1.32","10","11.25",
="075874","中502X元富4A購05","0","0","0","--","--","--","--"," ","0.00","0.43","25","0.44","25","11.76",
="075875","鴻海元富49購09","6,000","1","129,000","21.50","21.50","21.50","21.50","X","0.00","21.50","25","22.00","25","206.00",
="075876","錸德元富49購01","0","0","0","--","--","--","--"," ","0.00","0.10","25","0.11","25","11.10",
="075877","南亞科元富49購06","0","0","0","--","--","--","--"," ","0.00","0.13","25","0.14","25","46.65",
="075878","亞航元富49購01","0","0","0","--","--","--","--"," ","0.00","--","0","--","0","62.70",
="075879","漢翔元富49購01","0","0","0","--","--","--","--"," ","0.00","0.64","10","0.83","24","60.00",
="07587P","台灣50元富49售12","0","0","0","--","--","--","--"," ","0.00","--","0","--","0","0.00",
="075880","上銀國票4A購02","0","0","0","--","--","--","--"," ","0.00","0.06","25","0.07","10","215.50",
="075881","宇隆國票4A購03","2,000","1","6,740","3.37","3.37","3.37","3.37","X","0.00","3.19","25","3.29","10","262.00",
="075882","鴻海國票51購01","0","0","0","--","--","--","--"," ","0.00","3.90","25","3.99","10","206.00",
="075883","錸德國票4A購01","206,000","2","22,600","0.10","0.11","0.10","0.11","+","0.01","0.10","25","0.11","10","11.10",
="075884","漢翔國票4A購02","515,000","23","415,710","0.70","1.00","0.70","1.00","+","0.67","0.86","20","1.50","1","60.00",
="075885","臺企銀國票4A購01","0","0","0","--","--","--","--"," ","0.00","0.44","25","0.46","10","15.05",
="075886","欣興國票4A購04","0","0","0","--","--","--","--"," ","0.00","3.06","25","3.16","10","150.00",
="075887","貿聯國票4A購06","0","0","0","--","--","--","--"," ","0.00","10.60","25","11.60","10","981.00",
="075888","台表科國票4A購01","199,000","1","65,670","0.33","0.33","0.33","0.33","X","0.00","0.31","25","0.32","10","107.50",
="075889","雲豹國票4B購01","65,000","3","11,350","0.17","0.18","0.17","0.17"," ","0.00","0.17","25","0.18","31","130.50",
="07588P","台灣50元富49售13","0","0","0","--","--","--","--"," ","0.00","--","0","0.10","25","0.00",
="075890","羅昇國票4A購01","12,000","5","9,090","0.76","0.77","0.74","0.74","-","0.03","0.74","24","0.76","10","114.50",
="075891","華新國泰4A購02","30,000","3","24,900","0.79","0.88","0.79","0.82"," ","0.00","0.19","52","--","0","23.35",
="075892","世芯國泰4A購04","0","0","0","--","--","--","--"," ","0.00","5.30","499","--","0","4,000.00",
="075893","華邦電富邦49購03","0","0","0","--","--","--","--"," ","0.00","0.16","30","0.17","28","0.00",
="075894","台光電富邦49購02","0","0","0","--","--","--","--"," ","0.00","5.85","30","6.05","10","0.00",
="075895","皇昌富邦4B購04","400,000","12","90,000","0.23","0.25","0.21","0.21","X","0.00","0.17","10","0.18","10","0.00",
="075896","玉晶光富邦4A購03","10,000","2","8,200","0.82","0.82","0.82","0.82","-","0.03","0.82","10","0.90","5","0.00",
="075897","碩天富邦4A購02","0","0","0","--","--","--","--"," ","0.00","0.01","100","0.03","10","0.00",
="075898","神達富邦49購03","0","0","0","--","--","--","--"," ","0.00","3.23","30","3.28","10","0.00",
="075899","緯穎富邦4A購04","0","0","0","--","--","--","--"," ","0.00","2.32","30","2.38","10","0.00",
="07589P","台灣50元富49售14","0","0","0","--","--","--","--"," ","0.00","--","0","0.10","25","0.00",
="075900","台積電統一57購11","5,000","1","3,650","0.73","0.73","0.73","0.73","-","0.02","0.71","10","0.72","10","1,160.00",
="075901","長榮統一55購03","0","0","0","--","--","--","--"," ","0.00","0.37","10","0.38","10","188.00",
="075903","新興統一53購01","0","0","0","--","--","--","--"," ","0.00","0.31","10","0.32","10","23.65",
="075904","陽明統一53購02","0","0","0","--","--","--","--"," ","0.00","0.22","10","0.23","10","58.80",
="075905","漢翔統一53購01","0","0","0","--","--","--","--"," ","0.00","0.99","10","--","0","60.00",
="075906","漢翔統一53購02","16,000","3","16,480","0.99","1.04","0.99","1.03","+","0.35","1.04","11","--","0","60.00",
="075907","漢翔統一55購01","99,000","15","82,110","0.75","0.93","0.75","0.93","+","0.24","0.83","5","--","0","60.00",
="075908","立積統一53購02","0","0","0","--","--","--","--"," ","0.00","0.41","10","--","0","158.00",
="075909","穎崴統一53購01","259,000","9","182,550","0.71","0.72","0.68","0.72","+","0.01","0.73","10","0.74","10","1,250.00",
="07590P","美律元富49售02","0","0","0","--","--","--","--"," ","0.00","0.23","25","0.24","25","0.00",
="075910","T50反1凱基51購02","10,000","1","5,800","0.58","0.58","0.58","0.58","X","0.00","0.59","100","0.60","10","19.79",
="075911","中502X凱基49購02","0","0","0","--","--","--","--"," ","0.00","0.07","100","0.17","10","11.76",
="075912","中502X凱基4A購03","0","0","0","--","--","--","--"," ","0.00","0.40","100","0.41","50","11.76",
="075913","道瓊銅凱基51購02","0","0","0","--","--","--","--"," ","0.00","0.57","10","0.58","50","24.91",
="075914","台塑凱基4A購03","68,000","3","9,520","0.14","0.14","0.14","0.14","-","0.04","0.12","100","0.13","40","39.10",
="075915","鴻海凱基53購02","0","0","0","--","--","--","--"," ","0.00","4.43","100","4.47","10","206.00",
="075916","台積電凱基49購26","0","0","0","--","--","--","--"," ","0.00","1.49","68","1.59","10","1,160.00",
="075917","台積電凱基4A購32","0","0","0","--","--","--","--"," ","0.00","3.51","29","3.61","10","1,160.00",
="075918","台積電凱基4A購33","0","0","0","--","--","--","--"," ","0.00","10.10","100","10.30","10","1,160.00",
="075919","台積電凱基4C購17","0","0","0","--","--","--","--"," ","0.00","1.87","100","1.90","10","1,160.00",
="07591P","長榮元富49售04","0","0","0","--","--","--","--"," ","0.00","0.05","25","0.10","10","0.00",
="075920","華邦電凱基4A購03","178,000","3","19,500","0.11","0.11","0.10","0.10","-","0.01","0.09","10","0.10","30","19.60",
="075921","智邦凱基49購08","0","0","0","--","--","--","--"," ","0.00","9.75","100","10.50","10","984.00",
="075922","華碩凱基49購04","1,000","1","120","0.12","0.12","0.12","0.12","X","0.00","0.02","10","0.12","9","634.00",
="075923","大同凱基49購02","0","0","0","--","--","--","--"," ","0.00","0.17","10","0.27","10","40.75",
="075924","台光電凱基49購08","0","0","0","--","--","--","--"," ","0.00","19.00","100","20.00","10","1,250.00",
="075925","漢唐凱基49購04","0","0","0","--","--","--","--"," ","0.00","53.50","10","58.50","10","1,190.00",
="075926","南亞科凱基51購01","1,000","1","1,390","1.39","1.39","1.39","1.39","-","0.13","1.38","100","1.39","10","46.65",
="075927","立隆電凱基49購01","0","0","0","--","--","--","--"," ","0.00","0.25","10","0.35","10","86.60",
="075928","陽明凱基49購04","0","0","0","--","--","--","--"," ","0.00","0.01","100","0.11","10","58.80",
="075929","長榮航凱基49購02","0","0","0","--","--","--","--"," ","0.00","0.04","10","0.14","10","39.05",
="07592P","台灣50元大49售15","0","0","0","--","--","--","--"," ","0.00","--","0","0.10","10","0.00",
="075930","慧洋凱基4B購02","0","0","0","--","--","--","--"," ","0.00","0.04","100","0.14","10","61.80",
="075931","永豐金凱基49購01","3,000","1","1,470","0.49","0.49","0.49","0.49","-","0.06","0.47","100","0.57","10","23.60",
="075932","中信金凱基49購02","0","0","0","--","--","--","--"," ","0.00","2.24","100","2.34","10","41.80",
="075933","智原凱基49購02","0","0","0","--","--","--","--"," ","0.00","--","0","0.10","10","158.00",
="075934","文曄凱基49購01","20,000","2","10,400","0.52","0.52","0.52","0.52","X","0.00","0.51","100","0.53","10","123.00",
="075935","世芯凱基51購04","5,000","2","24,650","4.99","4.99","4.89","4.89","+","0.14","4.62","100","4.65","10","4,000.00",
="075936","中租凱基49購03","0","0","0","--","--","--","--"," ","0.00","0.33","100","0.34","10","115.50",
="075937","力成凱基49購04","0","0","0","--","--","--","--"," ","0.00","0.15","100","0.25","10","118.50",
="075938","緯穎凱基4B購03","0","0","0","--","--","--","--"," ","0.00","5.35","100","5.85","10","2,975.00",
="075939","富世達凱基49購06","401,000","3","1,285,480","3.30","3.48","3.11","3.48","-","0.18","3.40","100","3.50","10","1,145.00",
="07593P","FBNQ2X元大51售01","9,000","9","4,630","0.52","0.52","0.51","0.52","+","0.03","0.49","100","0.52","48","0.00",
="075940","世紀鋼凱基49購05","0","0","0","--","--","--","--"," ","0.00","0.26","100","0.27","10","188.00",
="075941","T50正2台新49購02","0","0","0","--","--","--","--"," ","0.00","2.26","20","2.27","10","0.00",
="075942","華城台新49購01","0","0","0","--","--","--","--"," ","0.00","2.59","20","2.60","10","0.00",
="075943","漢唐台新49購01","0","0","0","--","--","--","--"," ","0.00","30.80","20","--","0","0.00",
="075944","台灣50群益49購08","0","0","0","--","--","--","--"," ","0.00","--","0","6.45","10","52.50",
="075945","華城群益49購10","0","0","0","--","--","--","--"," ","0.00","--","0","3.71","10","618.00",
="075948","亞德客群益4A購02","0","0","0","--","--","--","--"," ","0.00","0.05","100","0.06","100","800.00",
="07594P","和大元大49售05","0","0","0","--","--","--","--"," ","0.00","--","0","0.10","10","0.00",
="075950","大成鋼群益49購09","0","0","0","--","--","--","--"," ","0.00","--","0","0.12","10","38.60",
="075951","聯電群益49購05","0","0","0","--","--","--","--"," ","0.00","0.34","25","0.35","10","40.60",
="075952","台積電群益4A購27","0","0","0","--","--","--","--"," ","0.00","--","0","7.10","10","1,160.00",
="075953","台積電群益4A購28","21,000","3","87,110","4.31","4.31","4.04","4.04","-","0.46","0.42","23","--","0","1,160.00",
="075954","智邦群益49購08","0","0","0","--","--","--","--"," ","0.00","--","0","6.70","10","984.00",
="075955","錸德群益49購01","0","0","0","--","--","--","--"," ","0.00","0.01","30","0.22","10","11.10",
="075956","錸德群益4B購01","454,000","7","150,550","0.34","0.34","0.32","0.34"," ","0.00","0.10","100","--","0","11.10",
="075957","英業達群益49購01","0","0","0","--","--","--","--"," ","0.00","--","0","0.19","10","41.35",
="075958","金像電群益49購01","0","0","0","--","--","--","--"," ","0.00","25.50","20","26.50","10","486.00",
="075959","漢唐群益49購05","0","0","0","--","--","--","--"," ","0.00","--","0","17.20","10","1,190.00",
="07595P","南亞科元大49售02","0","0","0","--","--","--","--"," ","0.00","--","0","0.10","10","0.00",
="075960","全新群益4C購01","52,000","4","77,580","1.50","1.54","1.41","1.54","-","0.06","0.97","10","1.51","5","153.50",
="075961","鉅祥群益49購01","41,000","4","124,940","2.74","3.16","2.74","3.16","X","0.00","2.94","10","3.04","10","98.10",
="075962","一詮群益49購04","0","0","0","--","--","--","--"," ","0.00","--","0","--","0","80.20",
="075963","長榮群益49購05","0","0","0","--","--","--","--"," ","0.00","0.38","10","0.48","10","188.00",
="075964","漢翔群益49購02","0","0","0","--","--","--","--"," ","0.00","--","0","--","0","60.00",
="075965","漢翔群益4A購02","5,000","1","3,350","0.67","0.67","0.67","0.67","+","0.38","0.03","333","--","0","60.00",
="075966","富邦金群益49購04","0","0","0","--","--","--","--"," ","0.00","--","0","--","0","85.20",
="075967","晶豪科群益49購01","35,000","1","11,200","0.32","0.32","0.32","0.32","X","0.00","0.32","25","0.33","10","57.40",
="075968","奇鋐群益49購03","0","0","0","--","--","--","--"," ","0.00","--","0","11.70","10","1,015.00",
="075969","聯詠群益4A購01","0","0","0","--","--","--","--"," ","0.00","--","0","--","0","435.00",
="07596P","慧洋元大49售08","0","0","0","--","--","--","--"," ","0.00","0.16","499","0.17","200","0.00",
="075970","緯創群益49購01","0","0","0","--","--","--","--"," ","0.00","1.78","499","1.88","10","115.00",
="075971","創意群益49購12","7,000","1","10,850","1.55","1.55","1.55","1.55","+","0.07","0.49","20","1.62","10","1,350.00",
="075972","宏致群益4A購01","200,000","1","70,000","0.35","0.35","0.35","0.35","X","0.00","0.34","10","0.44","10","73.90",
="075973","世芯群益49購17","0","0","0","--","--","--","--"," ","0.00","--","0","3.47","10","4,000.00",
="075974","世芯群益4B購04","17,000","3","39,260","2.38","2.38","2.23","2.23","-","0.06","2.18","10","2.28","10","4,000.00",
="075975","時碩群益49購01","0","0","0","--","--","--","--"," ","0.00","--","0","0.14","10","64.20",
="075976","時碩群益49購02","0","0","0","--","--","--","--"," ","0.00","--","0","--","0","64.20",
="075977","材料群益4B購01","0","0","0","--","--","--","--"," ","0.00","0.10","10","0.20","10","67.70",
="075978","立積群益49購01","0","0","0","--","--","--","--"," ","0.00","--","0","--","0","158.00",
="075979","中租群益49購02","5,000","1","5,200","1.04","1.04","1.04","1.04","-","0.12","1.01","25","1.02","10","115.50",
="07597P","慧洋元大49售09","0","0","0","--","--","--","--"," ","0.00","0.78","499","0.88","10","0.00",
="075980","穎崴群益49購03","0","0","0","--","--","--","--"," ","0.00","--","0","0.61","10","1,250.00",
="075981","達發群益49購02","0","0","0","--","--","--","--"," ","0.00","0.01","30","0.26","10","556.00",
="075982","緯穎群益49購11","0","0","0","--","--","--","--"," ","0.00","3.93","128","4.03","10","2,975.00",
="075983","富世達群益49購04","0","0","0","--","--","--","--"," ","0.00","3.66","30","--","0","1,145.00",
="075984","來億群益4B購01","100,000","2","14,500","0.14","0.15","0.14","0.15","X","0.00","0.13","50","--","0","243.50",
="075985","振樺電群益53購01","467,000","21","600,160","1.30","1.31","1.20","1.20","-","0.05","0.58","17","--","0","270.00",
="075986","美利達群益49購02","0","0","0","--","--","--","--"," ","0.00","0.04","25","0.05","10","112.50",
="075987","台泥元大49購04","0","0","0","--","--","--","--"," ","0.00","--","0","0.10","10","22.80",
="075988","台玻元大49購03","0","0","0","--","--","--","--"," ","0.00","6.50","25","--","0","34.55",
="075989","上銀元大49購10","0","0","0","--","--","--","--"," ","0.00","0.02","499","0.12","10","215.50",
="07598P","大銀群益4A售03","0","0","0","--","--","--","--"," ","0.00","0.45","499","0.55","10","0.00",
="075990","華通元大49購01","26,000","3","76,800","2.50","3.10","2.50","3.08","+","0.42","2.70","300","2.78","10","79.30",
="075991","鴻海元大49購06","0","0","0","--","--","--","--"," ","0.00","1.93","350","2.02","10","206.00",
="075992","台積電元大49購28","0","0","0","--","--","--","--"," ","0.00","0.01","499","--","0","1,160.00",
="075993","台積電元大49購29","0","0","0","--","--","--","--"," ","0.00","--","0","--","0","1,160.00",
="075994","台積電元大51購20","30,000","3","49,800","1.66","1.66","1.66","1.66","-","0.07","1.63","20","--","0","1,160.00",
="075995","旺宏元大49購05","0","0","0","--","--","--","--"," ","0.00","--","0","0.10","10","20.10",
="075996","華邦電元大49購23","0","0","0","--","--","--","--"," ","0.00","0.17","499","0.18","10","19.60",
="075997","智邦元大49購11","0","0","0","--","--","--","--"," ","0.00","4.16","200","4.25","10","984.00",
="075998","大同元大49購05","0","0","0","--","--","--","--"," ","0.00","0.02","499","0.12","10","40.75",
="075999","瑞昱元大49購01","281,000","7","110,000","0.38","0.40","0.38","0.40","+","0.01","0.36","25","0.37","10","545.00",
="07599P","臺股指富邦4C售07","40,000","1","11,200","0.28","0.28","0.28","0.28","+","0.02","0.28","499","0.29","100","0.00",
="076000","南亞科元大49購18","0","0","0","--","--","--","--"," ","0.00","0.53","499","0.54","10","46.65",
="076001","南亞科元大51購04","7,000","1","14,000","2.00","2.00","2.00","2.00","-","0.01","1.87","350","1.88","10","46.65",
="076002","南亞科元大53購02","0","0","0","--","--","--","--"," ","0.00","0.79","499","0.80","10","46.65",
="076003","長榮元大4B購06","0","0","0","--","--","--","--"," ","0.00","0.65","499","0.67","10","188.00",
="076004","長榮元大4C購04","380,000","8","251,600","0.65","0.67","0.65","0.66","+","0.05","0.60","499","0.62","10","188.00",
="076005","長榮元大51購06","227,000","1","145,280","0.64","0.64","0.64","0.64","+","0.03","0.60","499","0.62","10","188.00",
="076006","慧洋元大49購19","0","0","0","--","--","--","--"," ","0.00","0.03","499","0.13","10","61.80",
="076007","晶豪科元大49購05","0","0","0","--","--","--","--"," ","0.00","0.17","499","0.18","10","57.40",
="076008","群創元大4C購02","2,000","1","400","0.20","0.20","0.20","0.20","X","0.00","0.23","499","0.24","10","14.15",
="076009","嘉澤元大49購07","0","0","0","--","--","--","--"," ","0.00","0.16","499","0.17","10","1,465.00",
="07600P","中502X國票4A售02","0","0","0","--","--","--","--"," ","0.00","0.32","25","0.33","10","0.00",
="076010","嘉澤元大51購03","773,000","10","421,020","0.53","0.57","0.52","0.57","-","0.02","0.57","499","0.59","10","1,465.00",
="076011","臻鼎元大49購01","0","0","0","--","--","--","--"," ","0.00","6.10","150","--","0","194.00",
="076012","迎廣元大49購03","0","0","0","--","--","--","--"," ","0.00","0.01","499","0.11","10","94.00",
="076013","迎廣元大49購04","0","0","0","--","--","--","--"," ","0.00","0.02","499","0.12","10","94.00",
="076014","迎廣元大49購05","0","0","0","--","--","--","--"," ","0.00","0.03","499","0.13","10","94.00",
="076015","亞翔元大49購14","0","0","0","--","--","--","--"," ","0.00","2.18","300","2.23","10","349.50",
="076016","力成元大49購04","0","0","0","--","--","--","--"," ","0.00","0.02","499","0.12","10","118.50",
="076017","緯穎元大49購08","0","0","0","--","--","--","--"," ","0.00","18.00","50","18.40","10","2,975.00",
="076018","緯穎元大49購09","0","0","0","--","--","--","--"," ","0.00","5.60","150","5.75","10","2,975.00",
="076019","緯穎元大4C購06","28,000","9","138,340","4.94","4.96","4.94","4.96","-","0.04","4.92","25","4.96","9","2,975.00",
="07601P","華新國票49售02","0","0","0","--","--","--","--"," ","0.00","1.24","25","1.26","10","0.00",
="076020","富世達元大49購10","0","0","0","--","--","--","--"," ","0.00","--","0","--","0","1,145.00",
="076021","富世達元大4C購01","0","0","0","--","--","--","--"," ","0.00","2.18","4","--","0","1,145.00",
="076022","富世達元大53購01","69,000","4","176,190","2.53","2.58","2.53","2.57","X","0.00","1.81","1,058","--","0","1,145.00",
="076023","來億元大49購04","15,000","1","150","0.01","0.01","0.01","0.01","X","0.00","0.01","499","0.11","10","243.50",
="076024","臺股指元大49購50","0","0","0","--","--","--","--"," ","0.00","2.15","499","2.25","10","0.00",
="076025","臺股指元大49購51","0","0","0","--","--","--","--"," ","0.00","2.00","499","2.10","10","0.00",
="076026","臺股指元大51購03","0","0","0","--","--","--","--"," ","0.00","2.10","100","2.20","10","0.00",
="076027","AES第一49購01","0","0","0","--","--","--","--"," ","0.00","2.22","10","2.32","10","0.00",
="076028","AES第一49購02","12,000","6","23,880","1.95","2.09","1.95","1.95","X","0.00","1.98","10","2.03","10","0.00",
="076029","T50反1兆豐51購01","0","0","0","--","--","--","--"," ","0.00","0.18","10","0.19","10","19.79",
="07602P","中鴻國票4A售02","0","0","0","--","--","--","--"," ","0.00","3.58","25","3.68","10","0.00",
="076030","保瑞兆豐49購01","0","0","0","--","--","--","--"," ","0.00","1.02","10","1.03","10","733.00",
="076031","威盛富邦49購01","0","0","0","--","--","--","--"," ","0.00","0.19","30","0.20","10","0.00",
="076032","陽明富邦4B購01","10,000","1","1,000","0.10","0.10","0.10","0.10","+","0.02","0.07","10","0.10","10","0.00",
="076033","漢翔富邦49購01","20,000","3","8,800","0.27","0.61","0.27","0.61","+","0.40","0.66","30","--","0","0.00",
="076034","大立光富邦4B購03","143,000","6","78,800","0.57","0.57","0.54","0.55","-","0.03","0.55","10","0.56","10","0.00",
="076035","聯詠富邦49購02","0","0","0","--","--","--","--"," ","0.00","--","0","0.03","10","0.00",
="076036","健策富邦49購02","0","0","0","--","--","--","--"," ","0.00","2.79","30","2.89","10","0.00",
="076037","AES富邦4B購01","0","0","0","--","--","--","--"," ","0.00","0.98","10","1.08","10","0.00",
="076038","世紀鋼富邦49購01","0","0","0","--","--","--","--"," ","0.00","0.23","30","0.24","28","0.00",
="076039","鴻海中信49購06","10,000","1","21,300","2.13","2.13","2.13","2.13","X","0.00","2.11","499","2.21","10","0.00",
="07603P","台化統一51售06","0","0","0","--","--","--","--"," ","0.00","0.24","10","0.25","10","0.00",
="076040","台積電中信49購08","0","0","0","--","--","--","--"," ","0.00","1.98","499","2.08","10","0.00",
="076041","台積電中信4A購03","0","0","0","--","--","--","--"," ","0.00","1.65","10","1.69","10","0.00",
="076042","漢翔中信49購01","1,000","1","230","0.23","0.23","0.23","0.23","+","0.18","0.17","50","0.40","1","0.00",
="076043","健策中信49購02","0","0","0","--","--","--","--"," ","0.00","3.71","10","--","0","0.00",
="076044","AES中信49購01","268,000","24","305,700","1.06","1.23","1.01","1.16","+","0.24","1.15","10","1.17","10","0.00",
="076045","AES中信4A購01","2,989,000","78","1,830,190","0.51","0.66","0.51","0.62","+","0.13","0.62","10","0.64","10","0.00",
="076046","AES中信4B購01","788,000","51","410,560","0.46","0.58","0.45","0.54","+","0.11","0.54","10","0.55","10","0.00",
="076047","東陽永豐4A購02","0","0","0","--","--","--","--"," ","0.00","0.13","499","0.14","10","101.00",
="076048","和大永豐4B購01","24,000","1","8,160","0.34","0.34","0.34","0.34","X","0.00","0.52","499","--","0","72.90",
="076049","華邦電永豐4B購02","381,000","6","176,260","0.46","0.47","0.46","0.46","-","0.01","0.45","10","0.46","10","19.60",
="07604P","中鴻統一51售03","1,000","1","1,060","1.06","1.06","1.06","1.06","+","0.01","1.05","10","1.06","10","0.00",
="076050","南亞科永豐49購06","0","0","0","--","--","--","--"," ","0.00","0.05","10","0.06","10","46.65",
="076051","南亞科永豐49購07","0","0","0","--","--","--","--"," ","0.00","0.56","10","0.57","10","46.65",
="076052","聯發科永豐53購01","0","0","0","--","--","--","--"," ","0.00","1.09","499","1.10","10","1,385.00",
="076053","冠德永豐49購01","0","0","0","--","--","--","--"," ","0.00","0.07","499","0.08","10","36.30",
="076054","健策永豐49購01","33,000","3","251,000","7.70","7.70","7.50","7.65","-","0.45","7.60","14","7.65","10","1,905.00",
="076055","南寶永豐4A購01","241,000","4","450,630","1.63","2.02","1.63","1.89","+","0.06","1.86","10","1.92","10","376.00",
="076056","力成永豐49購02","0","0","0","--","--","--","--"," ","0.00","0.08","499","0.10","10","118.50",
="076057","愛普永豐49購01","0","0","0","--","--","--","--"," ","0.00","1.17","499","1.18","10","305.50",
="076058","AES永豐49購01","4,000","1","4,960","1.24","1.24","1.24","1.24","X","0.00","1.30","10","1.38","10","1,350.00",
="076059","AES永豐4C購01","922,000","33","1,060,750","1.01","1.24","1.01","1.15","+","0.16","1.17","10","1.20","10","1,350.00",
="07605P","台積電統一53售06","1,000","1","160","0.16","0.16","0.16","0.16","X","0.00","0.15","10","0.16","10","0.00",
="076060","來億永豐49購02","0","0","0","--","--","--","--"," ","0.00","--","0","0.03","10","243.50",
="076061","鴻海統一53購12","30,000","3","49,300","1.65","1.65","1.64","1.64","-","0.04","1.63","499","1.64","499","206.00",
="076062","鴻海統一53購13","0","0","0","--","--","--","--"," ","0.00","1.44","10","1.45","10","206.00",
="076063","台積電統一53購08","0","0","0","--","--","--","--"," ","0.00","1.38","10","1.39","10","1,160.00",
="076064","聯發科統一51購04","271,000","5","156,950","0.58","0.59","0.57","0.59","-","0.01","0.56","499","0.57","499","1,385.00",
="076065","聯發科統一53購06","0","0","0","--","--","--","--"," ","0.00","0.52","108","0.53","108","1,385.00",
="076066","陽明統一53購03","25,000","5","13,300","0.53","0.54","0.52","0.52","X","0.00","0.51","10","0.52","10","58.80",
="076067","玉晶光統一53購02","15,000","1","15,150","1.01","1.01","1.01","1.01","X","0.00","0.99","10","1.00","10","461.50",
="076068","健策統一53購01","2,000","1","3,580","1.79","1.79","1.79","1.79","X","0.00","1.79","10","1.80","10","1,905.00",
="076069","立積統一56購03","102,000","2","30,600","0.30","0.30","0.30","0.30","+","0.02","0.36","10","--","0","158.00",
="07606P","台塑化統一51售04","0","0","0","--","--","--","--"," ","0.00","0.42","10","0.43","10","0.00",
="076070","全訊統一53購02","796,000","22","673,990","0.84","0.86","0.81","0.83","-","0.01","0.85","10","0.86","10","146.00",
="076071","AES統一53購01","294,000","8","262,780","0.89","0.91","0.87","0.91","+","0.06","0.90","10","0.91","10","1,350.00",
="076072","AES統一55購01","170,000","19","205,780","1.17","1.23","1.17","1.23","+","0.10","1.22","10","1.23","10","1,350.00",
="076073","AES統一59購01","72,000","6","77,850","1.04","1.12","1.04","1.12","+","0.10","1.11","10","1.12","10","1,350.00",
="076074","AES統一59購02","339,000","16","402,140","1.15","1.21","1.15","1.20","+","0.08","1.19","10","1.20","10","1,350.00",
="076075","AES統一63購01","0","0","0","--","--","--","--"," ","0.00","0.71","10","0.72","10","1,350.00",
="076076","T50正2群益49購05","0","0","0","--","--","--","--"," ","0.00","2.23","25","2.24","10","259.40",
="076077","中502X群益4B購01","4,000","2","5,380","1.35","1.35","1.33","1.33","-","0.29","1.02","2","1.33","10","11.76",
="076078","中502X群益52購01","0","0","0","--","--","--","--"," ","0.00","0.49","100","0.59","10","11.76",
="076079","川湖群益4A購04","0","0","0","--","--","--","--"," ","0.00","--","0","3.31","10","2,925.00",
="07607P","金寶元富49售01","0","0","0","--","--","--","--"," ","0.00","--","0","--","0","0.00",
="076080","台積電群益49購32","0","0","0","--","--","--","--"," ","0.00","6.75","75","7.25","10","1,160.00",
="076081","台積電群益4A購29","21,000","3","36,330","1.73","1.73","1.73","1.73","-","0.34","0.14","71","--","0","1,160.00",
="076082","台積電群益4A購30","0","0","0","--","--","--","--"," ","0.00","--","0","--","0","1,160.00",
="076083","台積電群益4A購31","0","0","0","--","--","--","--"," ","0.00","0.04","250","--","0","1,160.00",
="076084","智邦群益49購09","0","0","0","--","--","--","--"," ","0.00","--","0","10.80","10","984.00",
="076085","華碩群益49購03","0","0","0","--","--","--","--"," ","0.00","--","0","--","0","634.00",
="076086","大同群益49購04","0","0","0","--","--","--","--"," ","0.00","--","0","--","0","40.75",
="076087","佳能群益4A購01","10,000","1","13,800","1.38","1.38","1.38","1.38","-","0.18","1.33","10","1.43","10","80.80",
="076088","微星群益4A購01","0","0","0","--","--","--","--"," ","0.00","0.19","100","0.20","100","136.50",
="076089","台光電群益49購05","0","0","0","--","--","--","--"," ","0.00","--","0","--","0","1,250.00",
="07608P","材料元富4A售05","0","0","0","--","--","--","--"," ","0.00","2.42","25","2.45","25","0.00",
="076090","建準群益4A購03","36,000","4","54,820","1.49","1.55","1.49","1.55","+","0.03","0.38","26","--","0","137.00",
="076091","建準群益4B購01","650,000","11","790,420","1.15","1.25","1.13","1.19","-","0.01","1.01","50","--","0","137.00",
="076092","偉詮電群益49購01","0","0","0","--","--","--","--"," ","0.00","--","0","0.12","10","49.95",
="076093","全新群益49購02","0","0","0","--","--","--","--"," ","0.00","0.01","499","0.96","10","153.50",
="076094","強茂群益49購01","21,000","2","21,430","1.03","1.03","1.01","1.01","-","0.23","0.15","66","1.35","10","65.40",
="076095","一詮群益49購05","0","0","0","--","--","--","--"," ","0.00","--","0","--","0","80.20",
="076096","普安群益49購01","0","0","0","--","--","--","--"," ","0.00","--","0","0.11","10","21.85",
="076097","中信金群益53購01","10,000","6","8,990","0.89","0.91","0.88","0.88","-","0.02","0.87","111","0.97","10","41.80",
="076098","聯詠群益49購01","0","0","0","--","--","--","--"," ","0.00","--","0","--","0","435.00",
="076099","聯詠群益49購02","0","0","0","--","--","--","--"," ","0.00","--","0","--","0","435.00",
="07609P","慧洋凱基49售04","0","0","0","--","--","--","--"," ","0.00","1.17","10","1.27","10","0.00",
="076100","智原群益49購04","0","0","0","--","--","--","--"," ","0.00","--","0","--","0","158.00",
="076101","文曄群益49購01","0","0","0","--","--","--","--"," ","0.00","--","0","1.38","10","123.00",
="076102","新日興群益49購05","149,000","11","87,870","0.48","0.94","0.48","0.86","+","0.31","0.07","499","--","0","259.00",
="076103","創意群益49購13","0","0","0","--","--","--","--"," ","0.00","1.97","499","2.07","10","1,350.00",
="076104","智易群益4A購02","0","0","0","--","--","--","--"," ","0.00","0.06","51","--","0","236.00",
="076105","大銀群益49購04","0","0","0","--","--","--","--"," ","0.00","0.09","499","0.19","10","126.00",
="076106","新唐群益49購02","0","0","0","--","--","--","--"," ","0.00","--","0","0.10","10","61.70",
="076107","祥碩群益49購01","0","0","0","--","--","--","--"," ","0.00","--","0","0.17","10","1,665.00",
="076108","祥碩群益4A購02","0","0","0","--","--","--","--"," ","0.00","0.01","20","--","0","1,665.00",
="076109","緯穎群益49購12","0","0","0","--","--","--","--"," ","0.00","--","0","4.00","10","2,975.00",
="07610P","玉晶光凱基49售05","0","0","0","--","--","--","--"," ","0.00","0.20","10","0.30","10","0.00",
="076110","緯穎群益53購01","0","0","0","--","--","--","--"," ","0.00","1.26","499","1.36","10","2,975.00",
="076111","AES群益49購01","0","0","0","--","--","--","--"," ","0.00","0.22","5","1.84","10","1,350.00",
="076112","矽創群益49購01","0","0","0","--","--","--","--"," ","0.00","0.20","25","0.21","10","211.50",
="076113","富鼎群益49購01","0","0","0","--","--","--","--"," ","0.00","0.03","30","0.49","10","87.00",
="076114","元油反元富4C購01","0","0","0","--","--","--","--"," ","0.00","0.16","25","0.17","25","6.68",
="076115","中502X元富4A購06","0","0","0","--","--","--","--"," ","0.00","0.12","25","0.13","25","11.76",
="076116","台塑元富49購04","0","0","0","--","--","--","--"," ","0.00","0.08","25","0.18","10","39.10",
="076117","和大元富4C購01","526,000","7","395,680","0.74","1.11","0.74","1.11","+","0.44","1.13","5","--","0","72.90",
="076118","大成鋼元富49購09","0","0","0","--","--","--","--"," ","0.00","--","0","0.10","10","38.60",
="076119","鴻海元富49購10","0","0","0","--","--","--","--"," ","0.00","4.92","25","5.10","25","206.00",
="07611P","中鋼群益4C售02","0","0","0","--","--","--","--"," ","0.00","--","0","1.17","10","0.00",
="076120","鴻海元富49購11","0","0","0","--","--","--","--"," ","0.00","4.91","25","5.05","25","206.00",
="076121","南亞科元富51購01","0","0","0","--","--","--","--"," ","0.00","0.98","25","0.99","25","46.65",
="076122","南亞科元富53購02","0","0","0","--","--","--","--"," ","0.00","0.63","25","0.64","25","46.65",
="076123","陽明元富49購07","0","0","0","--","--","--","--"," ","0.00","0.04","25","0.10","10","58.80",
="076124","宏致元富49購01","1,000","1","550","0.55","0.55","0.55","0.55","X","0.00","0.43","25","0.44","25","73.90",
="076125","宏致元富4A購03","0","0","0","--","--","--","--"," ","0.00","0.51","25","0.52","25","73.90",
="076126","時碩元富4A購04","0","0","0","--","--","--","--"," ","0.00","0.09","25","0.10","25","64.20",
="076127","AES元富49購01","0","0","0","--","--","--","--"," ","0.00","3.26","25","3.36","25","1,350.00",
="076128","AES元富49購02","1,000","1","1,500","1.50","1.50","1.50","1.50","+","0.37","1.50","24","1.54","25","1,350.00",
="076129","香港反國票53購01","0","0","0","--","--","--","--"," ","0.00","0.29","25","0.30","10","5.57",
="07612P","大成鋼群益4A售05","0","0","0","--","--","--","--"," ","0.00","0.03","333","--","0","0.00",
="076130","台達電國票49購02","100,000","1","1,460,000","14.60","14.60","14.60","14.60","X","0.00","14.60","25","15.40","10","709.00",
="076131","台積電國票63購02","143,000","13","501,810","3.58","3.58","3.48","3.48","-","0.19","3.47","25","3.48","10","1,160.00",
="076132","南亞科國票4A購04","0","0","0","--","--","--","--"," ","0.00","0.47","25","0.48","10","46.65",
="076133","一詮國票4A購02","0","0","0","--","--","--","--"," ","0.00","0.01","25","0.02","10","80.20",
="076134","宏致國票49購02","90,000","8","16,450","0.22","0.24","0.16","0.17","-","0.04","0.16","25","0.17","10","73.90",
="076135","宏致國票49購03","0","0","0","--","--","--","--"," ","0.00","1.20","25","1.24","10","73.90",
="076136","宏致國票4A購01","0","0","0","--","--","--","--"," ","0.00","1.04","25","1.05","10","73.90",
="076137","宏致國票4B購01","0","0","0","--","--","--","--"," ","0.00","1.40","25","1.41","10","73.90",
="076138","健策國票4B購01","2,000","2","9,420","4.71","4.71","4.71","4.71","X","0.00","4.67","25","4.77","10","1,905.00",
="076139","時碩國票4A購01","100,000","1","9,000","0.09","0.09","0.09","0.09","X","0.00","0.10","25","0.11","10","64.20",
="07613P","川湖群益4B售01","0","0","0","--","--","--","--"," ","0.00","0.12","100","0.13","100","0.00",
="076140","大銀國票4A購04","3,000","1","630","0.21","0.21","0.21","0.21","X","0.00","0.18","25","0.19","10","126.00",
="076142","啟碁國票4A購02","137,000","5","28,620","0.21","0.21","0.20","0.20","-","0.03","0.18","25","0.19","10","127.00",
="076145","迅得國票4B購01","56,000","4","42,400","0.74","0.78","0.74","0.75","+","0.06","0.74","25","0.76","10","193.50",
="076146","訊芯國票4A購03","25,000","1","7,500","0.30","0.30","0.30","0.30","X","0.00","0.29","25","0.31","10","165.00",
="076147","晶碩國票4A購01","0","0","0","--","--","--","--"," ","0.00","0.09","25","0.10","10","322.00",
="076149","AES國票4B購01","468,000","27","486,960","0.88","1.13","0.88","1.08","+","0.22","1.06","25","1.09","10","1,350.00",
="07614P","鴻海群益4A售03","0","0","0","--","--","--","--"," ","0.00","0.06","10","0.16","10","0.00",
="076150","矽創國票4A購01","0","0","0","--","--","--","--"," ","0.00","0.79","25","0.81","10","211.50",
="076151","南亞科國泰4A購01","6,000","1","5,340","0.89","0.89","0.89","0.89","-","0.13","0.86","499","0.87","100","46.65",
="076152","大立光國泰4A購02","0","0","0","--","--","--","--"," ","0.00","0.59","10","0.69","10","2,395.00",
="076153","立積國泰4A購01","0","0","0","--","--","--","--"," ","0.00","0.16","499","--","0","158.00",
="076154","智邦台新49購02","0","0","0","--","--","--","--"," ","0.00","6.15","20","--","0","0.00",
="076155","慧洋台新49購01","0","0","0","--","--","--","--"," ","0.00","0.04","20","0.05","10","0.00",
="076156","大立光台新49購01","0","0","0","--","--","--","--"," ","0.00","0.39","20","0.40","10","0.00",
="076157","台灣50凱基53購01","0","0","0","--","--","--","--"," ","0.00","3.00","100","3.01","25","52.50",
="076158","元金2X凱基51購03","1,000","1","910","0.91","0.91","0.91","0.91","+","0.05","0.90","100","0.91","50","58.65",
="076159","中502X凱基53購03","79,000","7","134,280","1.73","1.74","1.62","1.62","-","0.37","1.61","100","1.62","30","11.76",
="07615P","慧洋群益4B售03","0","0","0","--","--","--","--"," ","0.00","0.95","10","1.05","10","0.00",
="076160","華城凱基49購08","55,000","8","197,510","3.68","3.68","3.53","3.53","-","0.08","3.24","31","3.28","10","618.00",
="076161","大成鋼凱基4A購05","0","0","0","--","--","--","--"," ","0.00","0.06","100","0.16","10","38.60",
="076162","上銀凱基4A購03","0","0","0","--","--","--","--"," ","0.00","0.21","100","0.22","30","215.50",
="076163","台積電凱基49購27","0","0","0","--","--","--","--"," ","0.00","6.05","17","6.55","10","1,160.00",
="076164","台積電凱基49購28","0","0","0","--","--","--","--"," ","0.00","4.03","100","4.13","10","1,160.00",
="076165","台積電凱基49購29","0","0","0","--","--","--","--"," ","0.00","0.30","100","0.40","10","1,160.00",
="076166","台積電凱基4C購18","0","0","0","--","--","--","--"," ","0.00","4.99","100","5.00","10","1,160.00",
="076167","旺宏凱基49購05","0","0","0","--","--","--","--"," ","0.00","0.02","10","0.12","10","20.10",
="076168","華邦電凱基49購09","103,000","11","8,300","0.08","0.10","0.08","0.10"," ","0.00","0.07","10","0.17","10","19.60",
="076169","南亞科凱基51購02","20,000","1","15,200","0.76","0.76","0.76","0.76","X","0.00","0.74","100","0.75","30","46.65",
="07616P","世芯群益4B售03","0","0","0","--","--","--","--"," ","0.00","0.21","10","0.31","10","0.00",
="076170","台積電元富51購01","0","0","0","--","--","--","--"," ","0.00","10.00","1","10.30","10","1,160.00",
="076171","長榮凱基51購04","65,000","4","79,320","1.23","1.24","1.16","1.16","-","0.01","1.13","100","1.15","10","188.00",
="076172","漢翔凱基4A購02","70,000","3","126,580","1.89","1.89","1.75","1.85","+","0.82","2.00","499","--","0","60.00",
="076173","大立光凱基51購02","85,000","4","60,750","0.74","0.74","0.71","0.72","-","0.01","0.70","100","0.71","10","2,395.00",
="076174","威強電凱基53購01","0","0","0","--","--","--","--"," ","0.00","0.11","100","0.12","50","70.90",
="076175","聯詠凱基49購01","0","0","0","--","--","--","--"," ","0.00","--","0","0.10","10","435.00",
="076176","緯創凱基4A購04","0","0","0","--","--","--","--"," ","0.00","1.01","100","1.99","110","115.00",
="076177","創意凱基4A購05","214,000","10","255,000","1.15","1.22","1.13","1.14","+","0.02","1.12","100","1.14","10","1,350.00",
="076178","健策凱基51購01","0","0","0","--","--","--","--"," ","0.00","4.61","100","--","0","1,905.00",
="076179","材料凱基49購10","0","0","0","--","--","--","--"," ","0.00","--","0","0.10","10","67.70",
="07617P","SGBR2X元大4B售01","10,000","1","9,100","0.91","0.91","0.91","0.91","-","0.04","0.93","100","0.94","50","0.00",
="076180","力成凱基4B購01","0","0","0","--","--","--","--"," ","0.00","0.06","100","0.16","10","118.50",
="076181","台表科凱基4B購01","185,000","6","86,110","0.44","0.50","0.44","0.50","X","0.00","0.47","100","0.49","10","107.50",
="076182","緯穎凱基51購02","1,000","1","5,550","5.55","5.55","5.55","5.55","X","0.00","5.50","100","5.55","10","2,975.00",
="076183","AES凱基49購01","0","0","0","--","--","--","--"," ","0.00","1.78","100","1.88","10","1,350.00",
="076184","AES凱基49購02","40,000","4","41,900","1.01","1.06","1.01","1.06","+","0.12","1.05","100","1.15","10","1,350.00",
="076185","來億凱基49購04","0","0","0","--","--","--","--"," ","0.00","--","0","0.05","60","243.50",
="076186","美利達凱基49購03","0","0","0","--","--","--","--"," ","0.00","--","0","0.01","60","112.50",
="076187","臺股指凱基49購38","0","0","0","--","--","--","--"," ","0.00","--","0","0.02","10","0.00",
="076188","臺股指凱基4B購16","0","0","0","--","--","--","--"," ","0.00","1.29","10","1.30","10","0.00",
="076189","台灣50元大49購26","44,000","1","178,640","4.06","4.06","4.06","4.06","-","0.51","3.68","200","3.78","10","52.50",
="07618P","華城元大49售18","0","0","0","--","--","--","--"," ","0.00","--","0","0.10","10","0.00",
="076190","台灣50元大49購27","0","0","0","--","--","--","--"," ","0.00","3.34","300","3.44","10","52.50",
="076191","台灣50元大49購28","0","0","0","--","--","--","--"," ","0.00","2.89","400","2.99","10","52.50",
="076192","FB越南元大49購01","0","0","0","--","--","--","--"," ","0.00","3.60","499","3.70","10","16.09",
="076193","FB越南元大4B購01","73,000","3","170,540","2.33","2.42","2.33","2.42","X","0.00","2.32","100","2.42","10","16.09",
="076194","統一元大49購01","0","0","0","--","--","--","--"," ","0.00","0.02","499","0.12","10","77.70",
="076195","大亞元大49購03","139,000","6","95,470","0.66","0.72","0.64","0.64","+","0.04","0.61","499","0.62","10","43.00",
="076196","大成鋼元大49購15","0","0","0","--","--","--","--"," ","0.00","--","0","0.10","10","38.60",
="076197","上銀元大49購11","0","0","0","--","--","--","--"," ","0.00","0.06","499","0.07","10","215.50",
="076198","鴻海元大4C購01","1,000","1","2,450","2.45","2.45","2.45","2.45","-","0.13","2.47","300","2.50","10","206.00",
="076199","鴻海元大51購05","691,000","8","946,150","1.36","1.37","1.33","1.37","-","0.07","1.36","502","1.38","10","206.00",
="07619P","華新元大49售07","0","0","0","--","--","--","--"," ","0.00","0.08","499","0.09","200","0.00",
="076200","台積電元大49購33","0","0","0","--","--","--","--"," ","0.00","0.82","3","--","0","1,160.00",
="076201","台積電元大49購34","0","0","0","--","--","--","--"," ","0.00","--","0","--","0","1,160.00",
="076202","台積電元大51購21","0","0","0","--","--","--","--"," ","0.00","--","0","--","0","1,160.00",
="076203","華邦電元大49購24","0","0","0","--","--","--","--"," ","0.00","0.10","499","0.11","10","19.60",
="076204","智邦元大49購12","0","0","0","--","--","--","--"," ","0.00","4.38","150","4.48","10","984.00",
="076205","大同元大49購06","0","0","0","--","--","--","--"," ","0.00","0.06","499","0.07","10","40.75",
="076206","南亞科元大49購20","0","0","0","--","--","--","--"," ","0.00","0.04","499","0.14","10","46.65",
="076207","南亞科元大49購21","0","0","0","--","--","--","--"," ","0.00","0.34","499","0.35","10","46.65",
="076209","一詮元大49購07","0","0","0","--","--","--","--"," ","0.00","--","0","0.10","10","80.20",
="07620P","華碩元大49售01","0","0","0","--","--","--","--"," ","0.00","0.20","25","0.21","10","0.00",
="076210","一詮元大49購08","0","0","0","--","--","--","--"," ","0.00","--","0","0.10","10","80.20",
="076211","一詮元大49購09","0","0","0","--","--","--","--"," ","0.00","--","0","0.10","10","80.20",
="076212","皇昌元大49購12","0","0","0","--","--","--","--"," ","0.00","0.01","499","0.11","10","83.50",
="076213","漢翔元大49購01","0","0","0","--","--","--","--"," ","0.00","0.39","499","--","0","60.00",
="076214","漢翔元大49購02","0","0","0","--","--","--","--"," ","0.00","1.32","10","--","0","60.00",
="076215","漢翔元大49購03","41,000","5","62,120","1.54","1.54","1.45","1.45","X","0.00","1.52","10","--","0","60.00",
="076216","威強電元大49購13","0","0","0","--","--","--","--"," ","0.00","--","0","0.10","10","70.90",
="076217","創意元大49購08","0","0","0","--","--","--","--"," ","0.00","--","0","--","0","1,350.00",
="076218","創意元大4C購03","226,000","6","418,160","1.91","1.99","1.84","1.99","+","0.13","0.95","10","1.98","10","1,350.00",
="076219","創意元大51購05","39,000","5","75,840","1.92","1.96","1.92","1.96","+","0.04","1.77","20","1.98","15","1,350.00",
="07621P","南亞科元大49售03","0","0","0","--","--","--","--"," ","0.00","--","0","0.10","10","0.00",
="076220","群創元大49購07","0","0","0","--","--","--","--"," ","0.00","0.11","499","0.12","10","14.15",
="076221","健策元大49購01","0","0","0","--","--","--","--"," ","0.00","2.43","300","2.51","10","1,905.00",
="076222","迎廣元大49購06","0","0","0","--","--","--","--"," ","0.00","0.04","499","0.14","10","94.00",
="076223","緯穎元大49購11","0","0","0","--","--","--","--"," ","0.00","3.00","250","3.09","10","2,975.00",
="076224","緯穎元大49購12","0","0","0","--","--","--","--"," ","0.00","2.96","250","3.04","10","2,975.00",
="076225","AES元大49購01","1,000","1","520","0.52","0.52","0.52","0.52","X","0.00","0.51","499","0.54","10","1,350.00",
="076226","AES元大49購02","0","0","0","--","--","--","--"," ","0.00","0.88","499","0.91","10","1,350.00",
="076227","AES元大49購03","140,000","1","117,600","0.84","0.84","0.84","0.84","+","0.10","0.84","499","0.88","10","1,350.00",
="076228","富世達元大49購11","0","0","0","--","--","--","--"," ","0.00","--","0","--","0","1,145.00",
="076229","臺股指元大49購53","0","0","0","--","--","--","--"," ","0.00","0.06","499","0.16","10","0.00",
="07622P","南亞科元大49售04","0","0","0","--","--","--","--"," ","0.00","--","0","0.10","10","0.00",
="076230","臺股指元大49購54","0","0","0","--","--","--","--"," ","0.00","1.80","499","1.90","10","0.00",
="076231","臺股指元大4B購14","0","0","0","--","--","--","--"," ","0.00","0.17","499","0.27","10","0.00",
="076232","臺股指元大51購04","0","0","0","--","--","--","--"," ","0.00","1.03","100","1.13","10","0.00",
="076233","臺股指元大55購01","40,000","3","48,800","1.25","1.25","1.19","1.19","-","0.12","1.16","100","1.26","10","0.00",
="076234","滬深2X永豐4B購04","0","0","0","--","--","--","--"," ","0.00","0.90","100","0.91","10","18.32",
="076235","上銀永豐49購03","20,000","1","2,600","0.13","0.13","0.13","0.13","X","0.00","0.13","499","0.16","10","215.50",
="076236","金寶永豐4A購01","0","0","0","--","--","--","--"," ","0.00","0.17","10","0.20","10","19.05",
="076237","鴻海永豐49購12","0","0","0","--","--","--","--"," ","0.00","2.77","499","2.87","10","206.00",
="076238","旺宏永豐4A購01","0","0","0","--","--","--","--"," ","0.00","0.27","10","0.29","10","20.10",
="076239","強茂永豐4B購01","109,000","9","133,870","1.23","1.42","1.16","1.42","+","0.18","1.41","8","1.42","9","65.40",
="07623P","南亞科元大49售05","0","0","0","--","--","--","--"," ","0.00","--","0","0.10","10","0.00",
="076240","京城永豐4A購01","0","0","0","--","--","--","--"," ","0.00","0.06","499","0.07","10","42.00",
="076241","華固永豐4A購01","72,000","5","22,370","0.29","0.35","0.29","0.35","X","0.00","0.35","499","0.37","10","103.00",
="076242","貿聯永豐49購03","0","0","0","--","--","--","--"," ","0.00","9.25","499","9.60","10","981.00",
="076243","長虹永豐4A購01","0","0","0","--","--","--","--"," ","0.00","0.03","499","0.04","10","76.20",
="076244","達麗永豐4A購01","0","0","0","--","--","--","--"," ","0.00","0.12","499","0.13","10","42.20",
="076245","同欣電永豐49購01","0","0","0","--","--","--","--"," ","0.00","0.19","10","0.20","10","112.50",
="076246","台灣50群益49購09","10,000","1","43,000","4.30","4.30","4.30","4.30","-","0.17","0.20","50","4.14","10","52.50",
="076247","T50反1群益4B購02","0","0","0","--","--","--","--"," ","0.00","0.30","100","0.31","100","19.79",
="076248","滬深2X群益4B購06","0","0","0","--","--","--","--"," ","0.00","0.12","3","--","0","18.32",
="076249","中502X群益4B購02","0","0","0","--","--","--","--"," ","0.00","1.18","100","1.28","10","11.76",
="07624P","臺股指元大49售37","0","0","0","--","--","--","--"," ","0.00","--","0","0.10","10","0.00",
="076250","美費半群益49購02","10,000","1","13,500","1.35","1.35","1.35","1.35","-","0.11","1.35","25","1.36","10","45.51",
="076251","大成鋼群益4B購03","0","0","0","--","--","--","--"," ","0.00","--","0","--","0","38.60",
="076252","上銀群益49購07","0","0","0","--","--","--","--"," ","0.00","--","0","0.16","10","215.50",
="076253","台積電群益49購33","0","0","0","--","--","--","--"," ","0.00","--","0","7.05","10","1,160.00",
="076254","台積電群益49購34","0","0","0","--","--","--","--"," ","0.00","3.15","499","3.25","10","1,160.00",
="076255","台積電群益49購35","0","0","0","--","--","--","--"," ","0.00","--","0","2.35","10","1,160.00",
="076256","台積電群益49購36","2,000","1","5,040","2.52","2.52","2.52","2.52","-","0.50","0.04","250","--","0","1,160.00",
="076257","旺宏群益4B購03","0","0","0","--","--","--","--"," ","0.00","0.09","25","0.10","10","20.10",
="076258","華邦電群益49購08","0","0","0","--","--","--","--"," ","0.00","--","0","0.53","10","19.60",
="076259","南亞科群益4B購04","3,000","1","4,470","1.49","1.49","1.49","1.49","-","0.06","1.37","100","1.38","100","46.65",
="07625P","臺股指元大49售38","0","0","0","--","--","--","--"," ","0.00","0.02","100","0.12","10","0.00",
="076260","全新群益49購03","0","0","0","--","--","--","--"," ","0.00","0.21","47","1.25","10","153.50",
="076261","長榮群益49購06","0","0","0","--","--","--","--"," ","0.00","0.08","10","0.18","10","188.00",
="076262","漢翔群益49購03","0","0","0","--","--","--","--"," ","0.00","2.64","6","--","0","60.00",
="076263","大立光群益49購09","0","0","0","--","--","--","--"," ","0.00","--","0","0.55","10","2,395.00",
="076264","威強電群益53購01","49,000","3","50,710","1.03","1.05","1.03","1.05","+","0.04","1.02","10","1.12","10","70.90",
="076265","緯創群益49購02","32,000","4","56,940","1.72","1.80","1.72","1.80","-","0.02","0.78","12","--","0","115.00",
="076266","創意群益49購14","0","0","0","--","--","--","--"," ","0.00","0.03","55","2.17","10","1,350.00",
="076267","力成群益4A購02","0","0","0","--","--","--","--"," ","0.00","--","0","--","0","118.50",
="076268","緯穎群益4A購03","0","0","0","--","--","--","--"," ","0.00","2.86","499","2.96","10","2,975.00",
="076269","AES群益4A購01","358,000","39","424,590","1.10","1.27","1.09","1.22","+","0.28","1.10","45","--","0","1,350.00",
="07626P","臺股指元大49售39","0","0","0","--","--","--","--"," ","0.00","--","0","0.04","10","0.00",
="076270","AES群益4B購01","725,000","32","1,154,410","1.37","1.69","1.35","1.66","+","0.33","1.60","3","--","0","1,350.00",
="076271","富世達群益4A購02","0","0","0","--","--","--","--"," ","0.00","--","0","8.95","10","1,145.00",
="076272","來億群益49購04","0","0","0","--","--","--","--"," ","0.00","--","0","0.04","60","243.50",
="076273","台積電富邦4A購04","0","0","0","--","--","--","--"," ","0.00","2.05","30","2.14","10","0.00",
="076274","台積電富邦4A購05","0","0","0","--","--","--","--"," ","0.00","2.19","30","2.26","10","0.00",
="076275","南亞科富邦4B購04","0","0","0","--","--","--","--"," ","0.00","0.39","10","0.40","10","0.00",
="076276","京元電富邦4B購02","0","0","0","--","--","--","--"," ","0.00","2.66","10","2.76","10","0.00",
="076277","可成富邦49購01","0","0","0","--","--","--","--"," ","0.00","0.25","30","0.26","10","0.00",
="076278","緯創富邦49購02","36,000","1","23,760","0.66","0.66","0.66","0.66","X","0.00","0.66","30","0.68","28","0.00",
="076279","精銳富邦49購02","0","0","0","--","--","--","--"," ","0.00","0.26","30","0.27","28","0.00",
="07627P","臺股指元大4A售18","0","0","0","--","--","--","--"," ","0.00","0.12","100","0.13","6","0.00",
="076280","訊芯富邦4A購03","50,000","1","12,500","0.25","0.25","0.25","0.25","-","0.04","0.23","10","0.24","10","0.00",
="076281","保瑞富邦4B購01","0","0","0","--","--","--","--"," ","0.00","0.88","10","0.98","10","0.00",
="076282","台灣50凱基49購11","0","0","0","--","--","--","--"," ","0.00","28.00","100","29.00","10","52.50",
="076283","FB越南凱基49購01","0","0","0","--","--","--","--"," ","0.00","3.11","100","3.14","15","16.09",
="076284","統一凱基49購02","0","0","0","--","--","--","--"," ","0.00","0.05","100","0.15","10","77.70",
="076285","大成鋼凱基4B購03","0","0","0","--","--","--","--"," ","0.00","0.11","100","0.21","10","38.60",
="076286","南港凱基4B購01","50,000","1","51,000","1.02","1.02","1.02","1.02","-","0.05","0.96","10","1.06","10","40.95",
="076287","鴻海凱基51購05","0","0","0","--","--","--","--"," ","0.00","3.80","27","3.90","10","206.00",
="076288","台積電凱基49購30","0","0","0","--","--","--","--"," ","0.00","0.27","100","0.28","10","1,160.00",
="076289","台積電凱基4A購34","0","0","0","--","--","--","--"," ","0.00","4.84","100","4.91","10","1,160.00",
="07628P","臺股指元大4A售19","20,000","2","6,550","0.29","0.34","0.29","0.34","+","0.05","0.32","100","0.42","10","0.00",
="076290","台積電凱基4B購09","0","0","0","--","--","--","--"," ","0.00","5.65","18","6.15","10","1,160.00",
="076291","台積電凱基51購08","0","0","0","--","--","--","--"," ","0.00","5.70","100","5.75","10","1,160.00",
="076292","華碩凱基49購05","0","0","0","--","--","--","--"," ","0.00","0.47","10","0.57","10","634.00",
="076293","建準凱基49購02","13,000","2","19,590","1.50","1.53","1.50","1.53","X","0.00","1.45","10","1.48","10","137.00",
="076294","一詮凱基49購04","0","0","0","--","--","--","--"," ","0.00","0.03","100","0.04","10","80.20",
="076295","漢翔凱基49購02","106,000","9","177,910","1.62","1.83","1.62","1.83","+","0.99","1.82","370","--","0","60.00",
="076296","文曄凱基49購02","33,000","4","50,220","1.51","1.54","1.51","1.51","-","0.01","1.48","100","1.53","10","123.00",
="076297","玉晶光凱基49購07","105,000","7","205,390","1.92","2.11","1.88","2.11","+","0.07","1.96","10","1.98","10","461.50",
="076298","嘉澤凱基51購01","322,000","12","252,250","0.76","0.81","0.76","0.81"," ","0.00","0.79","100","0.81","10","1,465.00",
="076299","智易凱基49購02","0","0","0","--","--","--","--"," ","0.00","0.23","10","0.33","10","236.00",
="07629P","臺股指元大4A售20","0","0","0","--","--","--","--"," ","0.00","0.06","100","0.10","7","0.00",
="076300","材料凱基4B購01","0","0","0","--","--","--","--"," ","0.00","0.02","100","0.12","10","67.70",
="076301","新唐凱基49購02","0","0","0","--","--","--","--"," ","0.00","0.01","10","0.02","10","61.70",
="076302","啟碁凱基49購02","0","0","0","--","--","--","--"," ","0.00","0.01","100","0.11","10","127.00",
="076303","迅得凱基49購03","45,000","5","17,520","0.36","0.42","0.36","0.42","+","0.04","0.42","100","0.43","10","193.50",
="076304","晶碩凱基4B購01","97,000","3","28,750","0.30","0.30","0.29","0.29","X","0.00","0.29","100","0.30","30","322.00",
="076305","矽創凱基49購01","0","0","0","--","--","--","--"," ","0.00","0.26","10","0.27","10","211.50",
="076306","臺股指凱基49購39","71,000","7","34,400","0.52","0.54","0.45","0.45","X","0.00","0.44","10","0.45","10","0.00",
="076307","喬山統一52購01","5,000","1","750","0.15","0.15","0.15","0.15","X","0.00","0.14","10","0.15","10","146.00",
="076308","一詮統一53購02","0","0","0","--","--","--","--"," ","0.00","0.26","10","0.27","10","80.20",
="076309","一詮統一53購03","0","0","0","--","--","--","--"," ","0.00","0.20","10","0.21","10","80.20",
="07630P","中502X永豐4A售03","0","0","0","--","--","--","--"," ","0.00","0.69","10","0.70","10","0.00",
="076310","力成統一51購03","10,000","1","3,200","0.32","0.32","0.32","0.32","X","0.00","0.31","10","0.33","10","118.50",
="076311","AES統一52購01","567,000","30","662,920","1.12","1.23","1.12","1.20","+","0.10","1.20","10","1.21","10","1,350.00",
="076312","AES統一53購02","283,000","10","216,640","0.75","0.78","0.74","0.78","+","0.04","0.77","10","0.78","10","1,350.00",
="076313","AES統一53購03","292,000","16","323,800","1.05","1.15","1.05","1.14","+","0.17","1.13","10","1.14","10","1,350.00",
="076314","AES統一56購01","1,093,000","22","931,140","0.82","0.89","0.82","0.87","+","0.10","0.87","5","0.93","20","1,350.00",
="076315","AES統一56購02","159,000","10","114,310","0.70","0.76","0.70","0.73","+","0.05","0.74","10","0.75","10","1,350.00",
="076316","AES統一63購02","100,000","7","75,610","0.74","0.76","0.74","0.75","+","0.02","0.75","10","0.76","10","1,350.00",
="076317","滬深2X元富49購05","36,000","6","34,590","0.91","1.05","0.89","1.02","-","0.37","0.88","25","0.98","10","18.32",
="076318","A50正2元富49購03","0","0","0","--","--","--","--"," ","0.00","1.19","25","1.20","10","31.56",
="076319","FBNQ2X元富4A購01","0","0","0","--","--","--","--"," ","0.00","3.48","25","3.58","25","144.85",
="07631P","大成鋼永豐49售03","0","0","0","--","--","--","--"," ","0.00","--","0","--","0","0.00",
="076320","中502X元富4A購07","4,000","1","5,040","1.26","1.26","1.26","1.26","-","0.41","1.18","25","1.28","10","11.76",
="076321","東陽元富49購02","0","0","0","--","--","--","--"," ","0.00","0.02","25","0.10","10","101.00",
="076322","鴻海元富49購12","0","0","0","--","--","--","--"," ","0.00","4.61","25","4.71","25","206.00",
="076323","聯發科元富49購02","0","0","0","--","--","--","--"," ","0.00","1.93","25","2.03","10","1,385.00",
="076324","奇鋐元富49購06","0","0","0","--","--","--","--"," ","0.00","13.60","25","13.90","25","1,015.00",
="076325","偉訓元富53購02","0","0","0","--","--","--","--"," ","0.00","1.02","25","1.04","25","110.00",
="076326","創意元富53購01","40,000","2","96,750","2.40","2.45","2.40","2.45","+","0.11","1.32","7","--","0","1,350.00",
="076327","時碩元富49購04","0","0","0","--","--","--","--"," ","0.00","0.14","25","0.15","25","64.20",
="076328","精銳元富49購01","0","0","0","--","--","--","--"," ","0.00","0.33","25","0.43","10","776.00",
="076329","迅得元富49購03","0","0","0","--","--","--","--"," ","0.00","0.54","25","0.56","25","193.50",
="07632P","台積電富邦4B售07","100,000","1","30,000","0.30","0.30","0.30","0.30","+","0.02","0.30","30","0.31","10","0.00",
="076330","世紀鋼元富49購04","0","0","0","--","--","--","--"," ","0.00","0.86","25","0.96","25","188.00",
="076331","臺股指元富51購02","0","0","0","--","--","--","--"," ","0.00","0.88","25","0.89","25","0.00",
="076332","臺股指元富51購03","0","0","0","--","--","--","--"," ","0.00","0.53","25","0.54","25","0.00",
="076333","臺股指元富51購04","80,000","12","29,290","0.38","0.38","0.33","0.35","-","0.05","0.33","25","0.34","25","0.00",
="076334","元債2X國票4B購02","0","0","0","--","--","--","--"," ","0.00","0.19","25","0.20","10","7.05",
="076335","元債2X國票51購01","0","0","0","--","--","--","--"," ","0.00","0.27","25","0.28","10","7.05",
="076336","美債2X國票4C購01","0","0","0","--","--","--","--"," ","0.00","0.24","25","0.25","10","7.03",
="076337","旺宏國票4B購01","0","0","0","--","--","--","--"," ","0.00","0.22","25","0.23","10","20.10",
="076338","京城國票4A購01","0","0","0","--","--","--","--"," ","0.00","0.01","25","0.02","10","42.00",
="076339","立積國票4B購01","54,000","5","4,450","0.08","0.15","0.08","0.15","X","0.00","0.15","25","1.59","50","158.00",
="07633P","台積電富邦51售04","0","0","0","--","--","--","--"," ","0.00","0.22","30","0.23","10","0.00",
="076340","力成國票4C購01","0","0","0","--","--","--","--"," ","0.00","0.22","25","0.23","10","118.50",
="076341","AES國票4A購01","153,000","6","185,770","1.15","1.24","1.15","1.24","+","0.29","1.17","25","1.21","10","1,350.00",
="076342","菱光國票49購02","107,000","2","166,500","1.56","1.56","1.50","1.50","+","0.01","1.41","25","1.48","10","61.50",
="076343","滬深2X台新49購01","0","0","0","--","--","--","--"," ","0.00","0.89","20","0.90","10","0.00",
="076344","材料台新49購02","0","0","0","--","--","--","--"," ","0.00","0.02","20","0.03","10","0.00",
="076345","AES台新49購01","39,000","1","81,900","2.10","2.10","2.10","2.10","X","0.00","2.34","20","2.35","10","0.00",
="076346","台灣50元大4B購04","377,000","14","253,300","0.71","0.71","0.64","0.65","-","0.17","0.64","3","0.73","10","52.50",
="076347","台灣50元大4B購05","0","0","0","--","--","--","--"," ","0.00","3.02","300","3.12","10","52.50",
="076348","滬深2X元大53購01","0","0","0","--","--","--","--"," ","0.00","1.73","499","1.74","250","18.32",
="076349","永續息元大4C購01","0","0","0","--","--","--","--"," ","0.00","1.06","100","1.16","10","20.42",
="07634P","聯發科富邦4B售03","41,000","1","28,700","0.70","0.70","0.70","0.70","+","0.01","0.68","30","0.71","10","0.00",
="076350","和大元大49購09","0","0","0","--","--","--","--"," ","0.00","0.35","499","--","0","72.90",
="076351","華新元大49購11","64,000","1","21,120","0.33","0.33","0.33","0.33","-","0.01","0.31","499","0.32","10","23.35",
="076352","台玻元大49購04","0","0","0","--","--","--","--"," ","0.00","6.40","25","--","0","34.55",
="076353","上銀元大49購12","0","0","0","--","--","--","--"," ","0.00","0.05","499","0.06","10","215.50",
="076354","光寶科元大49購01","0","0","0","--","--","--","--"," ","0.00","1.43","25","1.47","10","130.00",
="076355","鴻海元大4A購06","512,000","12","720,580","1.41","1.44","1.34","1.44","-","0.09","1.41","499","1.43","10","206.00",
="076356","鴻海元大4C購02","2,000","1","3,760","1.88","1.88","1.88","1.88","X","0.00","1.93","350","1.95","10","206.00",
="076357","鴻海元大51購06","510,000","3","749,700","1.47","1.47","1.47","1.47","-","0.09","1.46","499","1.48","10","206.00",
="076358","台積電元大49購36","0","0","0","--","--","--","--"," ","0.00","0.01","499","--","0","1,160.00",
="076359","台積電元大49購37","0","0","0","--","--","--","--"," ","0.00","--","0","--","0","1,160.00",
="07635P","聯發科富邦51售04","91,000","3","59,150","0.65","0.65","0.65","0.65","+","0.01","0.64","30","0.66","10","0.00",
="076360","台積電元大51購22","50,000","1","56,000","1.12","1.12","1.12","1.12","-","0.09","0.13","76","--","0","1,160.00",
="076362","旺宏元大49購06","0","0","0","--","--","--","--"," ","0.00","0.13","499","0.14","10","20.10",
="076363","華邦電元大49購25","0","0","0","--","--","--","--"," ","0.00","0.10","499","0.11","10","19.60",
="076364","智邦元大53購01","7,000","2","24,940","3.56","3.57","3.56","3.57","+","0.06","3.46","200","3.48","10","984.00",
="076365","大同元大49購07","0","0","0","--","--","--","--"," ","0.00","0.34","499","0.35","10","40.75",
="076366","台光電元大49購10","0","0","0","--","--","--","--"," ","0.00","--","0","--","0","1,250.00",
="076367","群光元大49購04","0","0","0","--","--","--","--"," ","0.00","--","0","0.10","10","137.00",
="076368","南亞科元大49購22","0","0","0","--","--","--","--"," ","0.00","0.17","499","0.18","10","46.65",
="076369","南亞科元大4A購03","0","0","0","--","--","--","--"," ","0.00","0.20","499","0.21","10","46.65",
="07636P","華城凱基49售05","0","0","0","--","--","--","--"," ","0.00","0.13","100","--","0","0.00",
="076370","建準元大49購04","0","0","0","--","--","--","--"," ","0.00","0.78","12","0.82","10","137.00",
="076371","美律元大49購05","800,000","2","8,000","0.01","0.01","0.01","0.01","X","0.00","0.01","499","0.11","10","107.50",
="076372","強茂元大49購02","30,000","4","32,000","1.02","1.17","1.02","1.15","+","0.05","1.25","499","1.29","10","65.40",
="076373","一詮元大49購10","0","0","0","--","--","--","--"," ","0.00","--","0","0.10","10","80.20",
="076374","威強電元大49購14","0","0","0","--","--","--","--"," ","0.00","0.01","499","0.11","10","70.90",
="076375","富華新元大49購06","0","0","0","--","--","--","--"," ","0.00","0.01","499","0.11","10","21.15",
="076376","華晶科元大49購04","0","0","0","--","--","--","--"," ","0.00","1.71","400","1.76","10","50.30",
="076377","玉晶光元大49購06","140,000","5","71,200","0.53","0.54","0.50","0.54","-","0.02","0.53","499","0.54","10","461.50",
="076378","宏致元大49購02","50,000","1","11,000","0.22","0.22","0.22","0.22","X","0.00","0.22","499","0.23","10","73.90",
="076379","亞翔元大49購15","10,000","1","8,200","0.82","0.82","0.82","0.82","-","0.22","0.79","499","0.80","10","349.50",
="07637P","大成鋼凱基49售09","0","0","0","--","--","--","--"," ","0.00","0.01","10","0.11","10","0.00",
="076380","亞翔元大49購16","0","0","0","--","--","--","--"," ","0.00","2.10","300","2.15","10","349.50",
="076381","啟碁元大49購02","0","0","0","--","--","--","--"," ","0.00","--","0","0.10","10","127.00",
="076382","啟碁元大49購03","0","0","0","--","--","--","--"," ","0.00","0.01","499","0.11","10","127.00",
="076383","啟碁元大49購04","0","0","0","--","--","--","--"," ","0.00","--","0","0.10","10","127.00",
="076384","緯穎元大49購13","36,000","2","71,640","1.99","1.99","1.99","1.99","-","0.10","1.85","400","1.89","10","2,975.00",
="076385","緯穎元大49購14","0","0","0","--","--","--","--"," ","0.00","2.71","250","2.77","10","2,975.00",
="076386","緯穎元大49購15","0","0","0","--","--","--","--"," ","0.00","2.81","250","--","0","2,975.00",
="076387","T50正2國泰4A購02","0","0","0","--","--","--","--"," ","0.00","2.81","499","2.91","100","259.40",
="076388","T50反1國泰4B購01","0","0","0","--","--","--","--"," ","0.00","0.03","499","0.06","100","19.79",
="076389","元債2X國泰4A購01","0","0","0","--","--","--","--"," ","0.00","0.11","499","0.12","100","7.05",
="07638P","南亞科凱基49售04","0","0","0","--","--","--","--"," ","0.00","0.02","10","0.12","10","0.00",
="076390","元日2X國泰52購01","0","0","0","--","--","--","--"," ","0.00","0.33","499","0.34","100","5.97",
="076391","滬深2X永豐4C購04","50,000","1","91,000","1.82","1.82","1.82","1.82","-","0.46","1.72","10","1.82","10","18.32",
="076392","中502X永豐53購02","0","0","0","--","--","--","--"," ","0.00","2.79","10","2.80","10","11.76",
="076393","台積電永豐4B購08","0","0","0","--","--","--","--"," ","0.00","2.19","499","2.29","10","1,160.00",
="076394","台積電永豐4B購09","0","0","0","--","--","--","--"," ","0.00","2.00","499","2.10","10","1,160.00",
="076395","台積電永豐4B購10","0","0","0","--","--","--","--"," ","0.00","2.76","499","2.86","10","1,160.00",
="076396","裕民永豐4A購01","24,000","1","13,440","0.56","0.56","0.56","0.56","-","0.02","0.56","499","0.57","10","57.30",
="076397","信邦永豐4A購01","0","0","0","--","--","--","--"," ","0.00","0.32","499","0.33","10","234.00",
="076398","智原永豐4B購01","0","0","0","--","--","--","--"," ","0.00","0.04","10","0.05","10","158.00",
="076399","富華新永豐4A購02","0","0","0","--","--","--","--"," ","0.00","0.05","499","0.06","10","21.15",
="07639P","臺股指凱基54售02","2,000","1","2,320","1.16","1.16","1.16","1.16","X","0.00","1.16","100","1.17","10","0.00",
="076400","昇陽半永豐49購03","0","0","0","--","--","--","--"," ","0.00","0.70","499","0.80","10","152.50",
="076401","鴻海中信49購07","10,000","1","23,700","2.37","2.37","2.37","2.37","X","0.00","2.32","499","2.42","10","0.00",
="076402","昆盈中信4B購01","96,000","7","109,640","1.14","1.18","1.10","1.10","-","0.01","1.04","10","1.05","10","0.00",
="076403","昆盈中信4C購01","427,000","27","348,190","0.82","0.88","0.78","0.78","-","0.02","0.79","10","0.80","10","0.00",
="076404","建準中信49購01","30,000","3","39,300","1.28","1.36","1.28","1.36","+","0.07","1.28","10","1.31","10","0.00",
="076405","全新中信49購01","113,000","4","62,030","0.56","0.56","0.51","0.56","-","0.07","0.49","10","0.51","10","0.00",
="076406","飛宏中信49購01","0","0","0","--","--","--","--"," ","0.00","0.03","10","--","0","0.00",
="076407","長榮中信49購05","18,000","2","11,380","0.65","0.65","0.61","0.61","+","0.01","0.56","499","0.58","10","0.00",
="076408","達發中信49購01","0","0","0","--","--","--","--"," ","0.00","0.03","499","0.04","10","0.00",
="076409","T50反1凱基4B購01","0","0","0","--","--","--","--"," ","0.00","0.12","100","0.13","10","19.79",
="07640P","鴻海台新49售01","0","0","0","--","--","--","--"," ","0.00","--","0","--","0","0.00",
="076410","國企2X凱基53購01","41,000","3","11,600","0.30","0.30","0.28","0.28","-","0.06","0.27","100","0.28","50","10.70",
="076411","華新凱基4A購05","0","0","0","--","--","--","--"," ","0.00","0.15","10","0.25","10","23.35",
="076412","台玻凱基49購01","0","0","0","--","--","--","--"," ","0.00","12.50","10","--","0","34.55",
="076413","上銀凱基49購12","0","0","0","--","--","--","--"," ","0.00","0.06","100","0.16","10","215.50",
="076414","鴻海凱基4A購08","46,000","1","215,740","4.69","4.69","4.69","4.69","X","0.00","4.73","22","4.83","10","206.00",
="076415","鴻海凱基4B購07","5,000","1","27,250","5.45","5.45","5.45","5.45","X","0.00","5.50","100","5.55","10","206.00",
="076416","台積電凱基4A購35","0","0","0","--","--","--","--"," ","0.00","2.50","40","2.60","10","1,160.00",
="076417","台積電凱基4A購36","0","0","0","--","--","--","--"," ","0.00","14.50","100","14.80","10","1,160.00",
="076418","台積電凱基4C購19","0","0","0","--","--","--","--"," ","0.00","5.50","19","6.00","10","1,160.00",
="076419","華邦電凱基49購10","0","0","0","--","--","--","--"," ","0.00","0.31","10","0.32","10","19.60",
="07641P","南亞科群益4B售02","0","0","0","--","--","--","--"," ","0.00","0.11","25","0.12","10","0.00",
="076420","台光電凱基4A購03","1,000","1","18,600","18.60","18.60","18.60","18.60","-","0.40","17.80","100","18.80","10","1,250.00",
="076421","南亞科凱基4B購02","0","0","0","--","--","--","--"," ","0.00","0.79","100","0.80","10","46.65",
="076422","美律凱基4B購02","60,000","2","12,000","0.20","0.20","0.20","0.20","-","0.04","0.19","100","0.20","10","107.50",
="076423","強茂凱基49購02","695,000","5","890,150","1.29","1.32","1.25","1.32","+","0.01","1.34","10","1.36","10","65.40",
="076424","京城凱基4A購01","0","0","0","--","--","--","--"," ","0.00","--","0","0.10","10","42.00",
="076425","漢翔凱基49購03","0","0","0","--","--","--","--"," ","0.00","0.50","100","--","0","60.00",
="076426","信邦凱基4A購02","0","0","0","--","--","--","--"," ","0.00","0.23","100","0.24","30","234.00",
="076427","創意凱基4C購03","19,000","2","30,180","1.57","1.62","1.57","1.62","+","0.06","1.55","100","1.60","10","1,350.00",
="076428","臻鼎凱基49購01","0","0","0","--","--","--","--"," ","0.00","7.35","100","--","0","194.00",
="076429","長虹凱基49購01","0","0","0","--","--","--","--"," ","0.00","0.01","100","0.11","10","76.20",
="07642P","台灣50元富49售17","0","0","0","--","--","--","--"," ","0.00","--","0","0.10","25","0.00",
="076430","保瑞凱基4A購03","23,000","1","41,170","1.79","1.79","1.79","1.79","-","0.22","1.78","100","1.81","10","733.00",
="076431","緯穎凱基49購08","0","0","0","--","--","--","--"," ","0.00","6.15","100","6.65","10","2,975.00",
="076432","富世達凱基4A購01","0","0","0","--","--","--","--"," ","0.00","8.30","100","8.80","10","1,145.00",
="076433","昇陽半凱基49購01","63,000","5","41,950","0.66","0.68","0.65","0.68"," ","0.00","0.65","100","0.67","10","152.50",
="076434","昇陽半凱基49購02","0","0","0","--","--","--","--"," ","0.00","0.31","100","--","0","152.50",
="076435","昇陽半凱基4A購02","207,000","11","284,540","1.33","1.40","1.32","1.32","X","0.00","1.34","100","1.36","10","152.50",
="076436","臺股指凱基51購06","212,000","11","625,530","2.99","3.01","2.81","2.81","-","0.39","2.80","10","2.81","8","0.00",
="076437","漢翔統一53購03","176,000","18","153,550","0.86","0.90","0.84","0.87","+","0.20","0.87","88","--","0","60.00",
="076438","全訊統一53購03","175,000","7","149,700","0.84","0.88","0.84","0.88","+","0.02","0.87","10","0.88","10","146.00",
="076439","迅得統一53購04","81,000","2","39,190","0.48","0.49","0.48","0.49","X","0.00","0.48","10","0.49","10","193.50",
="07643P","T50正2元富4C售01","0","0","0","--","--","--","--"," ","0.00","0.17","25","--","0","0.00",
="076440","富鼎統一53購01","0","0","0","--","--","--","--"," ","0.00","0.39","10","0.40","10","87.00",
="076441","南亞科兆豐53購01","79,000","1","75,840","0.96","0.96","0.96","0.96","-","0.01","0.87","10","0.88","10","46.65",
="076442","聯發科兆豐49購01","0","0","0","--","--","--","--"," ","0.00","0.06","10","0.07","10","1,385.00",
="076443","大立光兆豐49購01","58,000","1","27,840","0.48","0.48","0.48","0.48","-","0.03","0.46","10","0.47","10","2,395.00",
="076444","玉晶光兆豐49購01","14,000","1","13,720","0.98","0.98","0.98","0.98","-","0.02","0.97","10","0.98","10","461.50",
="076445","東陽台新49購01","0","0","0","--","--","--","--"," ","0.00","0.03","20","0.04","10","0.00",
="076446","昇陽半台新49購01","0","0","0","--","--","--","--"," ","0.00","1.00","20","1.01","10","0.00",
="076447","台灣50元富49購30","5,000","1","38,750","7.75","7.75","7.75","7.75","-","0.70","6.95","25","7.00","25","52.50",
="076448","道瓊銅元富49購01","0","0","0","--","--","--","--"," ","0.00","0.11","25","0.12","25","24.91",
="076449","鴻海元富49購14","0","0","0","--","--","--","--"," ","0.00","3.46","25","3.56","25","206.00",
="07644P","滬深2X元富49售03","0","0","0","--","--","--","--"," ","0.00","0.14","25","0.15","25","0.00",
="076450","一詮元富53購01","0","0","0","--","--","--","--"," ","0.00","0.62","25","0.63","25","80.20",
="076451","亞航元富4A購01","1,000","1","3,310","3.31","3.31","3.31","3.31","+","0.16","1.68","5","4.60","1","62.70",
="076452","漢翔元富4A購01","0","0","0","--","--","--","--"," ","0.00","0.70","25","--","0","60.00",
="076453","威強電元富49購03","0","0","0","--","--","--","--"," ","0.00","--","0","0.10","25","70.90",
="076454","信邦元富49購01","0","0","0","--","--","--","--"," ","0.00","0.32","25","0.33","25","234.00",
="076455","智原元富4A購05","0","0","0","--","--","--","--"," ","0.00","0.02","25","0.10","10","158.00",
="076456","智原元富4A購06","0","0","0","--","--","--","--"," ","0.00","--","0","0.10","25","158.00",
="076457","大銀元富49購05","0","0","0","--","--","--","--"," ","0.00","0.36","25","0.37","25","126.00",
="076458","大銀元富4C購01","285,000","8","116,500","0.43","0.43","0.38","0.39","-","0.05","0.37","25","0.38","25","126.00",
="076459","立積元富49購03","0","0","0","--","--","--","--"," ","0.00","0.08","25","--","0","158.00",
="07645P","國巨元富49售02","0","0","0","--","--","--","--"," ","0.00","0.06","25","0.10","10","0.00",
="076460","全訊元富49購01","0","0","0","--","--","--","--"," ","0.00","0.37","25","0.47","10","146.00",
="076461","達興元富49購03","0","0","0","--","--","--","--"," ","0.00","9.65","25","9.80","25","387.00",
="076462","啟碁元富49購02","0","0","0","--","--","--","--"," ","0.00","0.03","25","0.10","10","127.00",
="076463","昇陽半元富4C購01","77,000","2","110,270","1.41","1.58","1.41","1.58","+","0.07","1.58","25","1.60","25","152.50",
="076464","富鼎元富49購01","0","0","0","--","--","--","--"," ","0.00","0.40","25","0.41","25","87.00",
="076465","台灣50國票4B購03","0","0","0","--","--","--","--"," ","0.00","5.50","25","5.55","10","52.50",
="076466","台灣50國票4C購01","0","0","0","--","--","--","--"," ","0.00","4.62","25","4.63","10","52.50",
="076467","台灣50國票51購02","2,000","2","12,450","6.30","6.30","6.15","6.15","-","0.80","6.15","25","6.20","10","52.50",
="076468","T50反1國票4A購01","0","0","0","--","--","--","--"," ","0.00","0.20","25","0.21","10","19.79",
="076469","T50反1國票51購01","0","0","0","--","--","--","--"," ","0.00","0.34","25","0.41","10","19.79",
="07646P","南亞科元富49售04","0","0","0","--","--","--","--"," ","0.00","0.02","25","0.12","10","0.00",
="076470","慧洋國票4A購02","0","0","0","--","--","--","--"," ","0.00","0.17","25","0.18","10","61.80",
="076471","信邦國票4A購03","0","0","0","--","--","--","--"," ","0.00","0.38","25","0.39","10","234.00",
="076472","全訊國票4B購01","296,000","16","286,220","0.95","1.00","0.93","0.97","-","0.03","0.97","25","0.99","10","146.00",
="076473","長虹國票4A購01","0","0","0","--","--","--","--"," ","0.00","0.03","25","0.04","10","76.20",
="076474","昇陽半國票4B購01","20,000","2","19,510","0.93","1.00","0.93","1.00","+","0.11","0.92","25","0.94","10","152.50",
="076475","創意國泰4A購02","87,000","7","232,520","2.48","2.81","2.48","2.81","+","0.26","0.70","14","--","0","1,350.00",
="076476","緯穎國泰4A購01","0","0","0","--","--","--","--"," ","0.00","7.40","499","--","0","2,975.00",
="076477","緯穎國泰4A購02","0","0","0","--","--","--","--"," ","0.00","8.85","499","9.15","10","2,975.00",
="076478","昇陽半國泰4A購01","70,000","8","127,090","1.76","1.99","1.76","1.90","+","0.11","1.87","54","1.90","270","152.50",
="076479","美費半群益49購03","0","0","0","--","--","--","--"," ","0.00","0.10","55","--","0","45.51",
="07647P","材料元富49售06","150,000","1","256,500","1.71","1.71","1.71","1.71","-","1.29","1.75","25","1.80","25","0.00",
="07647T","台積電凱基4C售02","0","0","0","--","--","--","--"," ","0.00","0.10","20","0.12","20","0.00",
="076480","和大群益51購01","12,000","3","14,370","1.07","1.22","1.07","1.22","+","0.15","0.43","23","--","0","72.90",
="076481","鴻海群益49購12","0","0","0","--","--","--","--"," ","0.00","--","0","3.43","10","206.00",
="076482","鴻海群益4A購04","0","0","0","--","--","--","--"," ","0.00","--","0","3.97","10","206.00",
="076483","南亞科群益4B購05","26,000","2","31,030","1.19","1.22","1.19","1.22","-","0.06","1.11","100","1.12","100","46.65",
="076484","長榮群益4B購01","30,000","1","17,100","0.57","0.57","0.57","0.57","X","0.00","0.52","10","0.62","10","188.00",
="076485","大立光群益49購10","0","0","0","--","--","--","--"," ","0.00","0.56","10","0.66","10","2,395.00",
="076486","文曄群益49購02","0","0","0","--","--","--","--"," ","0.00","--","0","1.30","10","123.00",
="076487","迅得群益4C購01","0","0","0","--","--","--","--"," ","0.00","0.44","10","0.54","10","193.50",
="076488","晶碩群益49購01","0","0","0","--","--","--","--"," ","0.00","0.38","10","0.48","10","322.00",
="076489","緯穎群益4A購04","0","0","0","--","--","--","--"," ","0.00","--","0","2.78","10","2,975.00",
="07648P","台灣50元大49售20","0","0","0","--","--","--","--"," ","0.00","0.01","100","0.11","10","0.00",
="076490","富世達群益49購05","0","0","0","--","--","--","--"," ","0.00","--","0","--","0","1,145.00",
="076491","雲豹群益49購01","0","0","0","--","--","--","--"," ","0.00","--","0","0.12","20","130.50",
="076492","昇陽半群益4B購01","493,000","14","571,640","1.10","1.22","1.08","1.16","+","0.04","1.15","3","1.64","10","152.50",
="076493","滬深2X富邦49購02","0","0","0","--","--","--","--"," ","0.00","0.96","100","0.97","98","0.00",
="076494","鴻海富邦49購05","1,000","1","1,960","1.96","1.96","1.96","1.96","-","0.16","1.92","30","2.00","10","0.00",
="076495","南亞科富邦4C購02","0","0","0","--","--","--","--"," ","0.00","0.47","10","0.48","10","0.00",
="076496","欣興富邦49購02","0","0","0","--","--","--","--"," ","0.00","2.11","30","2.17","10","0.00",
="076497","創意富邦49購01","5,000","1","3,350","0.67","0.67","0.67","0.67","-","0.02","0.67","25","0.71","10","0.00",
="076499","迅得富邦4B購01","144,000","4","72,380","0.48","0.51","0.48","0.50","+","0.03","0.49","10","0.50","10","0.00",
="07649P","台灣50元大49售21","0","0","0","--","--","--","--"," ","0.00","--","0","0.10","10","0.00",
="076500","臺股指富邦4A購07","0","0","0","--","--","--","--"," ","0.00","1.65","499","1.66","100","0.00",
="076501","臺股指富邦4A購08","0","0","0","--","--","--","--"," ","0.00","1.90","499","1.91","10","0.00",
="076502","臺股指富邦4C購08","0","0","0","--","--","--","--"," ","0.00","2.04","499","2.05","100","0.00",
="076503","臺股指富邦56購03","0","0","0","--","--","--","--"," ","0.00","2.52","499","2.53","100","0.00",
="076504","滬深2X元大54購01","0","0","0","--","--","--","--"," ","0.00","2.39","250","2.40","250","18.32",
="076505","亞力元大49購02","0","0","0","--","--","--","--"," ","0.00","0.16","499","0.17","10","110.50",
="076506","台玻元大49購05","0","0","0","--","--","--","--"," ","0.00","7.15","25","--","0","34.55",
="076507","台玻元大49購06","0","0","0","--","--","--","--"," ","0.00","6.75","25","--","0","34.55",
="076508","台積電元大49購45","0","0","0","--","--","--","--"," ","0.00","--","0","--","0","1,160.00",
="076509","旺宏元大49購07","2,495,000","5","518,960","0.21","0.21","0.20","0.21","-","0.05","0.21","499","0.22","10","20.10",
="07650P","中50元大4A售01","0","0","0","--","--","--","--"," ","0.00","1.31","499","1.33","100","0.00",
="076510","華邦電元大49購26","0","0","0","--","--","--","--"," ","0.00","0.09","499","0.10","10","19.60",
="076511","智邦元大49購13","0","0","0","--","--","--","--"," ","0.00","4.51","150","4.59","10","984.00",
="076512","台光電元大49購11","0","0","0","--","--","--","--"," ","0.00","--","0","--","0","1,250.00",
="076513","建準元大49購05","0","0","0","--","--","--","--"," ","0.00","1.08","25","1.13","10","137.00",
="076514","美律元大49購06","0","0","0","--","--","--","--"," ","0.00","0.01","499","0.11","10","107.50",
="076515","一詮元大49購11","0","0","0","--","--","--","--"," ","0.00","--","0","0.10","10","80.20",
="076516","一詮元大49購12","0","0","0","--","--","--","--"," ","0.00","0.01","499","0.11","10","80.20",
="076517","一詮元大4C購01","0","0","0","--","--","--","--"," ","0.00","0.17","499","0.18","10","80.20",
="076518","陽明元大49購04","0","0","0","--","--","--","--"," ","0.00","0.16","499","0.17","10","58.80",
="076519","陽明元大49購05","0","0","0","--","--","--","--"," ","0.00","0.18","499","0.19","10","58.80",
="07651P","中502X元大4A售03","0","0","0","--","--","--","--"," ","0.00","0.60","499","0.61","100","0.00",
="076521","漢翔元大49購04","141,000","2","80,370","0.57","0.57","0.57","0.57","X","0.00","0.57","499","--","0","60.00",
="076522","漢翔元大49購05","0","0","0","--","--","--","--"," ","0.00","0.86","499","--","0","60.00",
="076523","漢翔元大49購06","0","0","0","--","--","--","--"," ","0.00","1.16","10","--","0","60.00",
="076524","慧洋元大49購20","166,000","5","49,610","0.30","0.31","0.28","0.28","-","0.02","0.26","10","0.27","10","61.80",
="076525","中信金元大49購05","0","0","0","--","--","--","--"," ","0.00","0.20","499","0.21","10","41.80",
="076526","威強電元大49購15","0","0","0","--","--","--","--"," ","0.00","--","0","0.10","10","70.90",
="076527","信邦元大49購04","0","0","0","--","--","--","--"," ","0.00","0.02","499","0.12","10","234.00",
="076528","信邦元大49購05","0","0","0","--","--","--","--"," ","0.00","0.04","499","0.14","10","234.00",
="076529","信邦元大49購06","0","0","0","--","--","--","--"," ","0.00","0.04","499","0.14","10","234.00",
="07652P","美費半元大49售02","0","0","0","--","--","--","--"," ","0.00","0.05","499","0.06","50","0.00",
="076530","信邦元大49購07","0","0","0","--","--","--","--"," ","0.00","0.05","499","0.06","10","234.00",
="076531","信邦元大49購08","0","0","0","--","--","--","--"," ","0.00","0.12","499","0.13","10","234.00",
="076532","華晶科元大49購05","1,051,000","8","674,230","0.68","0.68","0.63","0.63","-","0.04","0.59","499","0.60","10","50.30",
="076533","華擎元大49購03","0","0","0","--","--","--","--"," ","0.00","2.47","300","2.54","10","281.00",
="076534","嘉澤元大49購08","0","0","0","--","--","--","--"," ","0.00","0.04","499","0.06","99","1,465.00",
="076535","嘉澤元大49購09","212,000","2","69,960","0.33","0.33","0.33","0.33","-","0.02","0.36","499","0.38","10","1,465.00",
="076536","材料元大49購11","0","0","0","--","--","--","--"," ","0.00","--","0","0.10","10","67.70",
="076537","力成元大49購05","0","0","0","--","--","--","--"," ","0.00","--","0","0.10","10","118.50",
="076538","穎崴元大49購05","214,000","7","109,240","0.53","0.53","0.50","0.50","-","0.05","0.52","22","--","0","1,250.00",
="076539","緯穎元大49購16","0","0","0","--","--","--","--"," ","0.00","3.56","200","--","0","2,975.00",
="07653P","川湖元大49售08","0","0","0","--","--","--","--"," ","0.00","--","0","0.10","10","0.00",
="076540","昇陽半元大49購02","247,000","1","93,860","0.38","0.38","0.38","0.38","-","0.01","0.37","499","0.40","10","152.50",
="076541","昇陽半元大49購03","258,000","2","85,340","0.33","0.35","0.33","0.35","+","0.01","0.36","499","0.38","10","152.50",
="076542","昇陽半元大4A購01","175,000","5","78,800","0.42","0.52","0.42","0.52","+","0.05","0.48","499","0.50","10","152.50",
="076543","振樺電元大49購02","0","0","0","--","--","--","--"," ","0.00","0.09","499","0.10","10","270.00",
="076544","巨大元大49購03","0","0","0","--","--","--","--"," ","0.00","0.01","499","0.11","10","104.50",
="076545","T50反1富邦51購02","0","0","0","--","--","--","--"," ","0.00","0.12","100","0.13","98","0.00",
="076546","川湖富邦4B購01","0","0","0","--","--","--","--"," ","0.00","3.10","30","3.17","10","0.00",
="076547","鴻海富邦4A購06","0","0","0","--","--","--","--"," ","0.00","3.76","30","3.86","10","0.00",
="076548","鴻海富邦4B購06","7,000","4","28,260","3.94","4.15","3.94","4.15","-","0.36","4.10","30","4.20","10","0.00",
="076549","廣宇富邦4A購02","11,000","2","15,720","1.42","1.43","1.42","1.43","+","0.09","1.34","30","1.37","10","0.00",
="07654P","中鋼國票4A售03","0","0","0","--","--","--","--"," ","0.00","1.14","25","1.18","10","0.00",
="076550","台積電富邦4A購06","0","0","0","--","--","--","--"," ","0.00","2.83","30","2.92","10","0.00",
="076551","台積電富邦4B購09","15,000","1","35,850","2.39","2.39","2.39","2.39","-","0.17","2.31","30","2.37","10","0.00",
="076552","華邦電富邦4A購02","216,000","8","93,130","0.43","0.45","0.42","0.42","-","0.03","0.41","30","0.42","28","0.00",
="076553","智邦富邦4B購02","0","0","0","--","--","--","--"," ","0.00","3.23","10","3.33","10","0.00",
="076554","啟碁富邦4B購02","0","0","0","--","--","--","--"," ","0.00","0.32","10","0.33","10","0.00",
="076555","滬深2X國票4C購02","0","0","0","--","--","--","--"," ","0.00","1.93","25","1.94","10","18.32",
="076556","南港國票4A購01","0","0","0","--","--","--","--"," ","0.00","0.63","25","0.65","10","40.95",
="076557","廣宇國票4C購02","136,000","7","354,830","2.82","2.82","2.50","2.72","+","0.22","2.64","25","2.65","10","60.90",
="076558","順德國票4B購01","0","0","0","--","--","--","--"," ","0.00","0.33","25","0.34","10","88.20",
="076559","漢唐國票4A購04","0","0","0","--","--","--","--"," ","0.00","80.50","25","85.50","10","1,190.00",
="07655P","南亞科國票4A售01","0","0","0","--","--","--","--"," ","0.00","0.19","25","0.20","10","0.00",
="076560","強茂國票4A購01","238,000","24","741,420","3.03","3.27","2.92","3.27","+","0.17","3.27","25","3.31","6","65.40",
="076561","強茂國票4C購01","24,000","4","72,480","2.94","3.20","2.94","3.20","+","0.26","3.19","25","3.20","10","65.40",
="076562","台驊控國票4C購01","0","0","0","--","--","--","--"," ","0.00","1.04","25","1.05","10","72.00",
="076563","台驊控國票53購01","0","0","0","--","--","--","--"," ","0.00","1.23","25","1.24","10","72.00",
="076564","慧洋國票4B購02","10,000","1","7,900","0.79","0.79","0.79","0.79","X","0.00","0.74","25","0.75","10","61.80",
="076565","華晶科國票4A購02","54,000","6","120,420","2.23","2.23","2.23","2.23","-","0.08","2.08","25","2.18","10","50.30",
="076566","達麗國票4A購01","0","0","0","--","--","--","--"," ","0.00","0.61","25","0.63","10","42.20",
="076567","達麗國票4C購01","0","0","0","--","--","--","--"," ","0.00","0.78","25","0.80","10","42.20",
="076568","達麗國票53購01","0","0","0","--","--","--","--"," ","0.00","0.93","25","0.96","10","42.20",
="076569","訊芯國票4A購04","130,000","2","34,400","0.28","0.28","0.26","0.26","-","0.06","0.26","25","0.27","10","165.00",
="07656P","穎崴國票4A售04","0","0","0","--","--","--","--"," ","0.00","0.77","25","0.80","10","0.00",
="076570","晶碩國票4A購02","110,000","2","5,500","0.05","0.05","0.05","0.05","X","0.00","0.04","25","0.06","10","322.00",
="076571","達發國票4C購01","30,000","1","22,200","0.74","0.74","0.74","0.74","+","0.01","0.74","25","0.75","10","556.00",
="076572","達發國票53購01","0","0","0","--","--","--","--"," ","0.00","0.87","25","0.88","10","556.00",
="076573","廣宇國泰4A購02","45,000","13","114,570","2.50","2.68","2.32","2.50","+","0.03","2.47","499","2.50","419","60.90",
="076574","台積電國泰4A購07","0","0","0","--","--","--","--"," ","0.00","3.09","499","3.19","200","1,160.00",
="076575","漢翔國泰4A購01","13,000","2","22,480","1.66","1.96","1.66","1.96","+","0.98","1.97","31","--","0","60.00",
="076576","慧洋國泰4A購03","15,000","1","7,350","0.49","0.49","0.49","0.49","X","0.00","0.46","499","0.47","100","61.80",
="076577","信邦國泰4A購02","0","0","0","--","--","--","--"," ","0.00","0.51","499","0.52","100","234.00",
="076578","嘉澤國泰4A購02","107,000","3","75,550","0.70","0.83","0.70","0.83","+","0.03","0.77","499","0.79","499","1,465.00",
="076579","A50正2中信4A購01","0","0","0","--","--","--","--"," ","0.00","0.65","499","0.66","100","0.00",
="07657P","勤誠國票49售02","0","0","0","--","--","--","--"," ","0.00","--","0","--","0","0.00",
="076580","廣宇中信4B購01","118,000","15","66,580","0.53","0.60","0.53","0.57"," ","0.00","0.56","10","0.57","10","0.00",
="076581","漢翔中信49購02","50,000","2","17,100","0.32","0.43","0.32","0.43","+","0.20","0.43","10","--","0","0.00",
="076582","材料中信49購05","0","0","0","--","--","--","--"," ","0.00","0.66","499","0.67","10","0.00",
="076583","和大永豐4A購01","110,000","2","19,800","0.18","0.18","0.18","0.18","+","0.10","0.17","10","--","0","72.90",
="076584","南港永豐4A購01","0","0","0","--","--","--","--"," ","0.00","0.11","30","--","0","40.95",
="076585","鴻海永豐49購13","0","0","0","--","--","--","--"," ","0.00","2.29","499","2.39","10","206.00",
="076586","廣宇永豐4C購01","42,000","2","107,740","2.56","2.57","2.56","2.57","X","0.00","2.60","499","2.61","10","60.90",
="076587","燿華永豐4A購01","1,073,000","23","1,516,350","1.39","1.48","1.30","1.45","+","0.09","1.43","10","1.45","5","31.45",
="076588","興富發永豐4B購01","0","0","0","--","--","--","--"," ","0.00","0.77","499","0.78","10","41.90",
="076589","大立光永豐49購06","0","0","0","--","--","--","--"," ","0.00","0.07","499","0.17","10","2,395.00",
="07658P","和大永豐49售03","0","0","0","--","--","--","--"," ","0.00","--","0","0.13","10","0.00",
="076590","欣興永豐49購06","0","0","0","--","--","--","--"," ","0.00","2.80","499","2.90","10","150.00",
="076591","世芯永豐49購08","0","0","0","--","--","--","--"," ","0.00","3.91","499","4.01","10","4,000.00",
="076592","世芯永豐49購09","0","0","0","--","--","--","--"," ","0.00","--","0","--","0","4,000.00",
="076593","立積永豐49購02","0","0","0","--","--","--","--"," ","0.00","0.07","499","--","0","158.00",
="076594","緯穎永豐49購07","0","0","0","--","--","--","--"," ","0.00","3.32","499","3.42","10","2,975.00",
="076595","龍德船永豐4A購01","92,000","11","126,890","1.29","1.50","1.29","1.31","-","0.09","1.29","10","1.39","10","146.00",
="076596","昇陽半永豐4B購01","150,000","9","178,120","1.18","1.22","1.18","1.18","+","0.02","1.19","10","1.22","10","152.50",
="076597","滬深2X元富53購02","50,000","4","85,050","1.63","1.78","1.63","1.67","-","0.33","1.60","25","1.70","10","18.32",
="076598","中砂元富49購02","0","0","0","--","--","--","--"," ","0.00","4.58","25","4.68","10","347.00",
="076599","上銀元富49購04","0","0","0","--","--","--","--"," ","0.00","0.25","25","0.26","25","215.50",
="07659P","台積電永豐4A售10","0","0","0","--","--","--","--"," ","0.00","0.13","499","0.16","10","0.00",
="076600","鴻海元富53購03","0","0","0","--","--","--","--"," ","0.00","4.13","25","4.17","25","206.00",
="076601","廣宇元富49購07","0","0","0","--","--","--","--"," ","0.00","1.54","25","1.57","25","60.90",
="076602","旺宏元富49購01","0","0","0","--","--","--","--"," ","0.00","0.15","25","0.16","25","20.10",
="076603","所羅門元富49購03","68,000","1","68,680","1.01","1.01","1.01","1.01","X","0.00","0.98","25","1.00","25","162.00",
="076604","威盛元富49購02","0","0","0","--","--","--","--"," ","0.00","0.06","25","0.10","10","62.00",
="076605","京元電元富49購03","0","0","0","--","--","--","--"," ","0.00","7.15","25","7.35","25","142.00",
="076606","萬海元富49購06","0","0","0","--","--","--","--"," ","0.00","2.55","25","2.57","25","84.10",
="076607","富邦金元富49購02","0","0","0","--","--","--","--"," ","0.00","0.78","3","0.87","10","85.20",
="076608","國泰金元富49購01","0","0","0","--","--","--","--"," ","0.00","1.12","25","1.13","25","62.30",
="076609","凱基金元富53購01","0","0","0","--","--","--","--"," ","0.00","0.64","25","0.74","10","15.55",
="07660P","台積電永豐4B售07","0","0","0","--","--","--","--"," ","0.00","0.16","499","0.17","10","0.00",
="076610","中信金元富53購01","38,000","4","68,250","1.81","1.81","1.75","1.76","-","0.02","1.73","25","1.74","25","41.80",
="076611","晶豪科元富4C購01","150,000","3","96,000","0.64","0.64","0.64","0.64","-","0.01","0.64","25","0.65","25","57.40",
="076612","大立光元富49購10","0","0","0","--","--","--","--"," ","0.00","1.57","25","1.67","10","2,395.00",
="076613","日電貿元富4A購02","0","0","0","--","--","--","--"," ","0.00","0.37","25","0.38","25","70.50",
="076614","日月光元富49購04","0","0","0","--","--","--","--"," ","0.00","0.31","25","0.32","25","147.50",
="076615","時碩元富4C購01","499,000","1","154,690","0.31","0.31","0.31","0.31","X","0.00","0.28","25","0.29","25","64.20",
="076617","亞翔元富49購05","0","0","0","--","--","--","--"," ","0.00","17.70","25","18.00","25","349.50",
="07661P","台積電永豐4C售07","0","0","0","--","--","--","--"," ","0.00","0.10","10","0.11","10","0.00",
="076620","廣宇台新49購02","1,000","1","1,900","1.90","1.90","1.90","1.90","+","0.34","1.70","20","1.71","10","0.00",
="076621","聯發科台新4A購01","199,000","4","133,330","0.67","0.67","0.67","0.67","-","0.14","0.67","10","0.75","10","0.00",
="076622","漢翔台新49購01","50,000","7","71,800","1.34","1.49","1.34","1.49","+","0.73","1.49","20","--","0","0.00",
="076623","世芯台新49購01","0","0","0","--","--","--","--"," ","0.00","14.10","10","14.40","10","0.00",
="076626","世芯台新49購02","0","0","0","--","--","--","--"," ","0.00","3.13","20","--","0","0.00",
="076627","順德統一53購01","20,000","2","7,400","0.37","0.37","0.37","0.37"," ","0.00","0.19","52","0.38","10","88.20",
="076628","京城統一53購01","0","0","0","--","--","--","--"," ","0.00","0.09","10","0.10","10","42.00",
="076629","華固統一53購01","137,000","4","47,780","0.34","0.36","0.34","0.36","X","0.00","0.38","10","0.39","10","103.00",
="07662P","美費半國票4A售01","0","0","0","--","--","--","--"," ","0.00","0.40","25","0.41","10","0.00",
="076630","漢翔統一59購01","22,000","4","22,760","1.03","1.04","1.03","1.04","+","0.16","1.05","10","--","0","60.00",
="076631","全訊統一53購04","505,000","13","372,090","0.74","0.76","0.71","0.76","+","0.03","0.75","10","0.76","10","146.00",
="076632","長虹統一53購01","150,000","1","34,500","0.23","0.23","0.23","0.23","X","0.00","0.23","10","0.24","10","76.20",
="076633","長虹統一53購02","7,000","1","2,030","0.29","0.29","0.29","0.29","X","0.00","0.29","10","0.30","10","76.20",
="076634","達麗統一53購03","0","0","0","--","--","--","--"," ","0.00","0.41","10","0.42","10","42.20",
="076635","龍德船統一53購01","689,000","13","653,280","0.95","1.00","0.92","0.93","-","0.02","0.92","10","0.93","10","146.00",
="076636","來億統一53購02","0","0","0","--","--","--","--"," ","0.00","0.25","10","0.26","10","243.50",
="076637","台灣50凱基4C購05","5,000","1","22,000","4.40","4.40","4.40","4.40","X","0.00","4.34","100","4.35","50","52.50",
="076638","鴻海凱基49購15","0","0","0","--","--","--","--"," ","0.00","5.50","19","6.00","10","206.00",
="076639","鴻海凱基53購03","0","0","0","--","--","--","--"," ","0.00","5.75","100","5.80","10","206.00",
="07663P","三芳國票4A售02","0","0","0","--","--","--","--"," ","0.00","2.03","25","2.12","10","0.00",
="076640","國巨凱基4A購05","1,000","1","2,160","2.16","2.16","2.16","2.16","X","0.00","1.96","100","2.01","10","137.00",
="076641","台積電凱基49購32","0","0","0","--","--","--","--"," ","0.00","22.30","100","22.90","10","1,160.00",
="076642","台積電凱基49購33","0","0","0","--","--","--","--"," ","0.00","2.47","100","2.57","10","1,160.00",
="076643","台積電凱基51購09","0","0","0","--","--","--","--"," ","0.00","24.70","100","25.00","10","1,160.00",
="076644","旺宏凱基4A購01","0","0","0","--","--","--","--"," ","0.00","0.02","10","0.12","10","20.10",
="076645","佳能凱基49購01","32,000","3","139,010","4.26","4.35","4.25","4.35","-","0.19","4.22","100","4.32","10","80.80",
="076646","建準凱基49購03","72,000","2","107,280","1.49","1.49","1.49","1.49","X","0.00","1.43","10","1.47","10","137.00",
="076647","聯發科凱基49購08","0","0","0","--","--","--","--"," ","0.00","0.09","100","0.10","10","1,385.00",
="076648","長榮凱基49購07","0","0","0","--","--","--","--"," ","0.00","0.07","100","0.08","10","188.00",
="076649","陽明凱基4A購03","0","0","0","--","--","--","--"," ","0.00","0.04","100","0.14","10","58.80",
="07664P","華碩國票4A售01","20,000","1","13,000","0.65","0.65","0.65","0.65","X","0.00","0.63","25","0.65","10","0.00",
="076650","中信金凱基49購03","0","0","0","--","--","--","--"," ","0.00","0.30","100","0.31","10","41.80",
="076651","大立光凱基4A購04","30,000","1","15,900","0.53","0.53","0.53","0.53","-","0.04","0.51","100","0.52","10","2,395.00",
="076652","新日興凱基4A購01","1,163,000","50","418,240","0.26","0.53","0.23","0.39","+","0.14","0.46","15","0.49","10","259.00",
="076653","群創凱基4B購02","190,000","9","119,300","0.51","0.67","0.51","0.67","+","0.23","0.67","100","0.69","10","14.15",
="076654","嘉澤凱基49購05","0","0","0","--","--","--","--"," ","0.00","0.12","100","0.13","10","1,465.00",
="076655","世芯凱基49購13","33,000","3","119,100","3.63","3.63","3.60","3.60","-","0.02","3.25","31","3.30","10","4,000.00",
="076656","大銀凱基49購02","0","0","0","--","--","--","--"," ","0.00","0.27","100","0.28","10","126.00",
="076657","材料凱基51購03","0","0","0","--","--","--","--"," ","0.00","0.21","100","0.31","10","67.70",
="076658","南寶凱基4B購01","710,000","40","1,196,360","1.60","1.87","1.46","1.69","+","0.05","1.65","10","1.69","10","376.00",
="076659","天鈺凱基4B購01","50,000","2","31,000","0.63","0.63","0.61","0.61","X","0.00","0.59","100","0.60","10","178.50",
="07665P","華擎國票4A售02","0","0","0","--","--","--","--"," ","0.00","0.06","25","0.07","10","0.00",
="076660","帝寶凱基4A購01","0","0","0","--","--","--","--"," ","0.00","0.09","10","0.10","40","146.00",
="076661","AES凱基49購04","696,000","22","722,060","0.82","1.12","0.82","1.11","+","0.25","1.08","100","1.11","10","1,350.00",
="076662","雲豹凱基49購02","0","0","0","--","--","--","--"," ","0.00","0.02","10","0.10","120","130.50",
="076663","至上凱基4B購01","0","0","0","--","--","--","--"," ","0.00","0.21","10","0.22","50","44.35",
="076664","巨大凱基49購02","0","0","0","--","--","--","--"," ","0.00","0.01","100","0.11","10","104.50",
="076665","華新群益49購08","0","0","0","--","--","--","--"," ","0.00","--","0","1.26","10","23.35",
="076666","台玻群益49購02","0","0","0","--","--","--","--"," ","0.00","6.15","10","--","0","34.55",
="076667","上銀群益49購08","0","0","0","--","--","--","--"," ","0.00","--","0","0.17","10","215.50",
="076668","鴻海群益49購13","0","0","0","--","--","--","--"," ","0.00","--","0","2.73","10","206.00",
="076669","鴻海群益51購05","6,000","2","17,540","2.91","2.95","2.91","2.95","-","0.19","2.95","100","2.96","100","206.00",
="07666P","中502X元富49售04","0","0","0","--","--","--","--"," ","0.00","--","0","--","0","0.00",
="076670","鴻海群益53購06","264,000","5","739,980","2.82","2.82","2.76","2.82","-","0.17","2.82","100","2.85","100","206.00",
="076671","廣宇群益4B購02","31,000","2","35,930","1.22","1.22","1.13","1.13"," ","0.00","1.13","10","1.23","10","60.90",
="076672","台積電群益49購37","0","0","0","--","--","--","--"," ","0.00","--","0","4.15","10","1,160.00",
="076673","台積電群益49購38","0","0","0","--","--","--","--"," ","0.00","--","0","0.45","10","1,160.00",
="076674","台積電群益4B購15","20,000","2","57,200","2.86","2.86","2.86","2.86","X","0.00","0.31","1","--","0","1,160.00",
="076675","華邦電群益49購09","0","0","0","--","--","--","--"," ","0.00","--","0","0.95","10","19.60",
="076676","所羅門群益49購08","0","0","0","--","--","--","--"," ","0.00","0.03","333","0.33","10","162.00",
="076677","南亞科群益4B購06","34,000","3","67,660","2.05","2.05","1.97","2.01","-","0.09","1.87","100","1.89","100","46.65",
="076678","美律群益4B購03","220,000","3","150,320","0.68","0.70","0.68","0.70","-","0.10","0.21","47","0.88","20","107.50",
="076679","強茂群益49購02","0","0","0","--","--","--","--"," ","0.00","--","0","4.77","10","65.40",
="07667P","和大元富49售02","0","0","0","--","--","--","--"," ","0.00","--","0","0.19","10","0.00",
="076680","一詮群益49購06","0","0","0","--","--","--","--"," ","0.00","--","0","--","0","80.20",
="076681","皇昌群益49購10","0","0","0","--","--","--","--"," ","0.00","0.06","10","0.16","10","83.50",
="076682","長榮群益49購07","109,000","4","126,820","1.15","1.18","1.00","1.00","-","0.05","0.97","10","1.07","10","188.00",
="076683","漢翔群益49購04","3,000","1","5,940","1.98","1.98","1.98","1.98","+","0.76","0.38","26","--","0","60.00",
="076684","信邦群益49購01","0","0","0","--","--","--","--"," ","0.00","0.06","25","0.07","10","234.00",
="076685","信邦群益4A購03","0","0","0","--","--","--","--"," ","0.00","0.35","100","0.36","100","234.00",
="076686","智原群益49購06","0","0","0","--","--","--","--"," ","0.00","0.01","25","0.03","10","158.00",
="076687","創意群益49購15","0","0","0","--","--","--","--"," ","0.00","--","0","2.02","10","1,350.00",
="076688","臻鼎群益53購01","1,000","1","5,200","5.20","5.20","5.20","5.20","-","0.75","--","0","5.20","2","194.00",
="076689","全訊群益49購01","37,000","5","34,400","0.90","1.02","0.90","1.02","-","0.01","0.25","40","--","0","146.00",
="07668P","臺股指元富49售23","0","0","0","--","--","--","--"," ","0.00","0.01","25","0.10","10","0.00",
="076690","亞翔群益49購13","0","0","0","--","--","--","--"," ","0.00","--","0","6.15","10","349.50",
="076691","啟碁群益49購01","0","0","0","--","--","--","--"," ","0.00","--","0","--","0","127.00",
="076692","保瑞群益49購03","0","0","0","--","--","--","--"," ","0.00","--","0","1.88","10","733.00",
="076693","緯穎群益4A購05","0","0","0","--","--","--","--"," ","0.00","2.82","499","2.92","10","2,975.00",
="076694","昇陽半群益49購01","0","0","0","--","--","--","--"," ","0.00","0.13","27","0.98","10","152.50",
="076695","昇陽半群益4B購02","268,000","6","188,040","0.64","0.75","0.64","0.75","X","0.00","0.18","30","--","0","152.50",
="076696","台灣50元大49購30","50,000","1","138,000","2.76","2.76","2.76","2.76","-","0.29","2.46","100","2.56","10","52.50",
="076697","台灣50元大49購31","679,000","10","1,488,900","2.16","2.22","2.16","2.19","X","0.00","2.15","400","2.25","10","52.50",
="076698","台灣50元大51購02","77,000","11","105,780","1.39","1.42","1.31","1.32","-","0.22","1.29","100","1.38","10","52.50",
="076699","國企2X元大4C購02","0","0","0","--","--","--","--"," ","0.00","0.37","100","0.38","50","10.70",
="07669P","臺股指元富49售24","0","0","0","--","--","--","--"," ","0.00","0.02","25","0.10","10","0.00",
="076700","FBNQ2X元大4C購03","0","0","0","--","--","--","--"," ","0.00","2.13","100","2.14","50","144.85",
="076701","FBNQ2X元大53購01","0","0","0","--","--","--","--"," ","0.00","3.27","100","3.29","50","144.85",
="076702","東元元大49購01","0","0","0","--","--","--","--"," ","0.00","3.62","200","--","0","68.50",
="076703","亞力元大49購03","0","0","0","--","--","--","--"," ","0.00","0.17","499","0.18","10","110.50",
="076704","亞力元大49購04","0","0","0","--","--","--","--"," ","0.00","0.31","499","0.32","10","110.50",
="076705","華城元大4A購05","10,000","1","23,600","2.36","2.36","2.36","2.36","+","0.06","2.20","300","2.24","10","618.00",
="076706","南港元大49購01","0","0","0","--","--","--","--"," ","0.00","--","0","--","0","40.95",
="076707","鴻海元大49購09","0","0","0","--","--","--","--"," ","0.00","1.94","350","2.01","10","206.00",
="076708","智邦元大49購14","0","0","0","--","--","--","--"," ","0.00","4.21","200","--","0","984.00",
="076709","所羅門元大49購06","180,000","3","64,800","0.30","0.37","0.30","0.32","-","0.04","0.25","499","0.26","10","162.00",
="07670P","臺股指元富49售25","0","0","0","--","--","--","--"," ","0.00","0.05","25","0.10","10","0.00",
="076710","台光電元大49購12","0","0","0","--","--","--","--"," ","0.00","--","0","--","0","1,250.00",
="076711","漢唐元大4B購03","0","0","0","--","--","--","--"," ","0.00","15.20","50","--","0","1,190.00",
="076712","漢唐元大51購01","0","0","0","--","--","--","--"," ","0.00","15.70","50","--","0","1,190.00",
="076713","漢唐元大53購01","0","0","0","--","--","--","--"," ","0.00","14.50","10","--","0","1,190.00",
="076714","聯發科元大4A購04","0","0","0","--","--","--","--"," ","0.00","--","0","--","0","1,385.00",
="076715","國產元大49購01","0","0","0","--","--","--","--"," ","0.00","0.03","499","0.13","10","37.75",
="076716","京城元大49購01","0","0","0","--","--","--","--"," ","0.00","--","0","0.10","10","42.00",
="076717","漢翔元大49購07","2,000","1","1,500","0.75","0.75","0.75","0.75","X","0.00","0.79","499","--","0","60.00",
="076718","漢翔元大49購08","0","0","0","--","--","--","--"," ","0.00","1.30","10","--","0","60.00",
="076719","漢翔元大49購09","2,000","2","2,600","1.30","1.30","1.30","1.30","X","0.00","1.27","6","--","0","60.00",
="07671P","T50正2凱基49售06","0","0","0","--","--","--","--"," ","0.00","0.02","10","--","0","0.00",
="076720","漢翔元大4C購01","0","0","0","--","--","--","--"," ","0.00","1.10","499","--","0","60.00",
="076721","漢翔元大51購01","21,000","3","27,470","1.32","1.32","1.27","1.27","+","0.40","1.32","509","--","0","60.00",
="076722","奇鋐元大49購09","0","0","0","--","--","--","--"," ","0.00","--","0","9.20","10","1,015.00",
="076723","奇鋐元大4C購01","0","0","0","--","--","--","--"," ","0.00","--","0","--","0","1,015.00",
="076724","奇鋐元大51購02","0","0","0","--","--","--","--"," ","0.00","5.05","150","--","0","1,015.00",
="076725","信邦元大49購09","0","0","0","--","--","--","--"," ","0.00","0.17","499","0.18","10","234.00",
="076726","新日興元大49購09","0","0","0","--","--","--","--"," ","0.00","--","0","--","0","259.00",
="076727","新日興元大49購10","62,000","2","45,160","0.68","0.78","0.68","0.78","X","0.00","--","0","1.38","10","259.00",
="076728","新日興元大49購11","0","0","0","--","--","--","--"," ","0.00","--","0","--","0","259.00",
="076729","新日興元大49購12","0","0","0","--","--","--","--"," ","0.00","--","0","--","0","259.00",
="07672P","中50凱基4A售01","0","0","0","--","--","--","--"," ","0.00","1.13","10","1.14","50","0.00",
="076730","群創元大49購10","0","0","0","--","--","--","--"," ","0.00","0.23","499","0.24","10","14.15",
="076731","材料元大4C購05","0","0","0","--","--","--","--"," ","0.00","0.09","499","0.10","10","67.70",
="076732","和碩元大49購01","0","0","0","--","--","--","--"," ","0.00","0.02","499","0.12","10","70.60",
="076733","亞翔元大49購17","0","0","0","--","--","--","--"," ","0.00","1.57","400","1.59","10","349.50",
="076734","達麗元大49購01","10,000","1","700","0.07","0.07","0.07","0.07","X","0.00","0.06","499","0.07","10","42.20",
="076735","力成元大49購06","0","0","0","--","--","--","--"," ","0.00","0.02","499","0.12","10","118.50",
="076736","力成元大49購07","0","0","0","--","--","--","--"," ","0.00","0.05","499","0.06","10","118.50",
="076737","康舒元大49購01","0","0","0","--","--","--","--"," ","0.00","0.08","499","0.09","10","29.10",
="076738","瑞祺元大49購04","0","0","0","--","--","--","--"," ","0.00","0.06","499","0.09","10","87.50",
="076739","緯穎元大49購17","0","0","0","--","--","--","--"," ","0.00","3.10","250","--","0","2,975.00",
="07673P","中砂凱基53售01","16,000","3","7,720","0.49","0.49","0.47","0.47","-","0.05","0.48","10","0.49","50","0.00",
="076740","AES元大49購07","286,000","7","194,100","0.57","0.75","0.57","0.75","+","0.11","0.71","499","0.74","10","1,350.00",
="076741","AES元大49購08","0","0","0","--","--","--","--"," ","0.00","1.20","499","1.24","10","1,350.00",
="076742","富世達元大49購12","0","0","0","--","--","--","--"," ","0.00","--","0","--","0","1,145.00",
="076743","昇陽半元大49購04","225,000","3","107,000","0.48","0.48","0.47","0.48"," ","0.00","0.47","499","0.50","10","152.50",
="076744","世紀鋼元大49購03","0","0","0","--","--","--","--"," ","0.00","0.50","499","0.51","10","188.00",
="076745","世紀鋼元大4C購01","627,000","12","647,490","1.05","1.05","1.02","1.03","-","0.04","0.99","499","1.00","10","188.00",
="076746","世紀鋼元大51購01","518,000","12","503,260","0.99","0.99","0.96","0.96","-","0.06","0.93","499","0.94","10","188.00",
="076747","臺股指元大56購02","9,000","5","7,400","0.83","0.83","0.80","0.80","-","0.09","0.78","20","0.84","5","0.00",
="076748","亞翔中信49購02","0","0","0","--","--","--","--"," ","0.00","1.20","499","1.30","10","0.00",
="076749","直得永豐4A購01","0","0","0","--","--","--","--"," ","0.00","0.91","499","0.92","10","89.20",
="07674P","中鋼凱基49售04","0","0","0","--","--","--","--"," ","0.00","1.46","10","1.56","10","0.00",
="076750","華新永豐4A購01","30,000","1","13,800","0.46","0.46","0.46","0.46","X","0.00","0.46","499","0.47","10","23.35",
="076751","南僑永豐4C購01","0","0","0","--","--","--","--"," ","0.00","1.01","499","1.02","10","39.55",
="076752","正新永豐4C購01","0","0","0","--","--","--","--"," ","0.00","0.35","10","0.36","10","38.10",
="076753","昆盈永豐4A購01","15,000","2","29,400","1.94","1.97","1.94","1.97","+","0.09","1.73","10","1.74","10","49.85",
="076754","佳能永豐49購02","0","0","0","--","--","--","--"," ","0.00","3.01","499","3.11","10","80.80",
="076755","一詮永豐49購03","0","0","0","--","--","--","--"," ","0.00","0.02","499","0.04","10","80.20",
="076756","長榮永豐51購02","6,000","1","4,260","0.71","0.71","0.71","0.71","+","0.05","0.63","499","0.64","10","188.00",
="076757","漢翔永豐49購03","6,000","1","4,260","0.71","0.71","0.71","0.71","X","0.00","0.60","19","0.71","24","60.00",
="076758","漢翔永豐49購04","5,000","1","850","0.17","0.17","0.17","0.17","X","0.00","0.18","50","0.40","1","60.00",
="076759","精銳永豐49購02","0","0","0","--","--","--","--"," ","0.00","0.09","10","0.15","10","776.00",
="07675P","世芯凱基49售10","0","0","0","--","--","--","--"," ","0.00","--","0","0.01","18","0.00",
="076760","天鈺永豐4C購01","0","0","0","--","--","--","--"," ","0.00","0.90","499","0.92","10","178.50",
="076761","達發永豐4C購01","0","0","0","--","--","--","--"," ","0.00","0.86","10","0.87","10","556.00",
="076762","嘉基永豐4C購01","44,000","2","13,840","0.32","0.32","0.31","0.31","-","0.02","0.31","499","0.32","10","110.50",
="076763","欣巴巴永豐53購01","0","0","0","--","--","--","--"," ","0.00","0.18","499","0.19","10","70.70",
="076764","華城兆豐4A購02","0","0","0","--","--","--","--"," ","0.00","1.63","10","1.64","10","618.00",
="076765","國巨兆豐49購01","89,000","2","94,900","1.10","1.10","1.04","1.04","+","0.02","1.01","10","1.02","10","137.00",
="076766","啟碁兆豐4C購01","0","0","0","--","--","--","--"," ","0.00","0.30","10","0.31","10","127.00",
="076767","大成鋼群益4A購06","0","0","0","--","--","--","--"," ","0.00","0.01","499","--","0","38.60",
="076768","國巨群益49購02","0","0","0","--","--","--","--"," ","0.00","--","0","2.35","10","137.00",
="076769","台積電群益49購40","0","0","0","--","--","--","--"," ","0.00","1.26","30","5.90","10","1,160.00",
="07676P","矽格凱基49售03","0","0","0","--","--","--","--"," ","0.00","0.01","10","0.11","10","0.00",
="076770","台積電群益49購41","0","0","0","--","--","--","--"," ","0.00","2.77","499","2.87","10","1,160.00",
="076772","旺宏群益49購06","0","0","0","--","--","--","--"," ","0.00","--","0","0.94","10","20.10",
="076773","華邦電群益49購10","0","0","0","--","--","--","--"," ","0.00","--","0","0.98","10","19.60",
="076774","大同群益49購05","0","0","0","--","--","--","--"," ","0.00","--","0","--","0","40.75",
="076776","南亞科群益4C購02","69,000","4","153,330","2.24","2.27","2.16","2.20","-","0.09","2.06","100","2.07","100","46.65",
="076777","建準群益49購01","0","0","0","--","--","--","--"," ","0.00","--","0","3.44","10","137.00",
="076778","聯發科群益49購14","0","0","0","--","--","--","--"," ","0.00","--","0","--","0","1,385.00",
="076779","一詮群益49購07","0","0","0","--","--","--","--"," ","0.00","--","0","0.15","10","80.20",
="07677P","勤誠凱基49售02","0","0","0","--","--","--","--"," ","0.00","--","0","0.01","1,317","0.00",
="076780","長榮群益49購08","0","0","0","--","--","--","--"," ","0.00","--","0","0.69","10","188.00",
="076781","陽明群益4C購04","0","0","0","--","--","--","--"," ","0.00","0.70","10","0.80","10","58.80",
="076782","慧洋群益49購09","0","0","0","--","--","--","--"," ","0.00","--","0","--","0","61.80",
="076783","中信金群益49購02","0","0","0","--","--","--","--"," ","0.00","2.18","10","2.28","10","41.80",
="076784","大立光群益49購11","0","0","0","--","--","--","--"," ","0.00","0.45","10","0.55","10","2,395.00",
="076785","信邦群益49購02","0","0","0","--","--","--","--"," ","0.00","--","0","0.25","10","234.00",
="076786","嘉澤群益49購05","0","0","0","--","--","--","--"," ","0.00","0.05","30","0.51","10","1,465.00",
="076787","日月光群益4A購02","0","0","0","--","--","--","--"," ","0.00","0.55","100","0.56","100","147.50",
="076788","祥碩群益49購02","0","0","0","--","--","--","--"," ","0.00","--","0","--","0","1,665.00",
="076789","亞翔群益49購14","0","0","0","--","--","--","--"," ","0.00","3.29","10","3.39","10","349.50",
="07678P","中鋼群益49售05","0","0","0","--","--","--","--"," ","0.00","0.01","20","--","0","0.00",
="076790","啟碁群益49購02","0","0","0","--","--","--","--"," ","0.00","--","0","--","0","127.00",
="076791","緯穎群益49購13","0","0","0","--","--","--","--"," ","0.00","--","0","3.60","10","2,975.00",
="076792","巨大群益49購01","0","0","0","--","--","--","--"," ","0.00","0.02","499","0.12","10","104.50",
="076793","旺宏台新49購01","0","0","0","--","--","--","--"," ","0.00","0.20","20","0.21","10","0.00",
="076794","緯創台新49購01","0","0","0","--","--","--","--"," ","0.00","1.09","20","1.10","10","0.00",
="076795","大亞國泰4A購01","63,000","6","74,460","1.11","1.28","1.11","1.15","+","0.04","1.14","499","1.15","100","43.00",
="076796","台積電國泰4A購08","0","0","0","--","--","--","--"," ","0.00","3.74","499","3.84","100","1,160.00",
="076797","台積電國泰4A購09","0","0","0","--","--","--","--"," ","0.00","4.97","499","5.25","200","1,160.00",
="076798","旺宏國泰4A購01","50,000","5","24,400","0.50","0.50","0.47","0.50","-","0.09","0.50","499","0.51","499","20.10",
="076799","友達國泰4A購02","144,000","18","67,420","0.45","0.49","0.43","0.49","+","0.05","0.48","499","0.49","200","13.05",
="07679P","台積電群益49售21","0","0","0","--","--","--","--"," ","0.00","--","0","--","0","0.00",
="076800","全新國泰4A購01","47,000","2","158,920","3.36","3.40","3.36","3.40","-","0.17","3.28","499","3.32","10","153.50",
="076801","雲豹國泰4A購01","0","0","0","--","--","--","--"," ","0.00","0.18","499","0.19","100","130.50",
="076802","昇陽半國泰4A購02","85,000","3","133,930","1.57","1.73","1.57","1.73","+","0.21","1.64","499","1.67","300","152.50",
="076803","國企2X元富49購02","0","0","0","--","--","--","--"," ","0.00","0.16","25","0.17","25","10.70",
="076804","順德元富49購02","800,000","4","118,000","0.15","0.15","0.14","0.15","-","0.01","0.14","25","0.15","25","88.20",
="076805","聯詠元富49購01","0","0","0","--","--","--","--"," ","0.00","0.09","25","0.10","25","435.00",
="076806","訊芯元富49購03","0","0","0","--","--","--","--"," ","0.00","0.40","25","0.41","25","165.00",
="076807","東元國票4C購01","1,000","1","5,450","5.45","5.45","5.45","5.45","X","0.00","5.30","25","--","0","68.50",
="076808","中興電國票4A購03","0","0","0","--","--","--","--"," ","0.00","1.39","25","1.42","10","167.00",
="076809","潤隆國票4C購01","0","0","0","--","--","--","--"," ","0.00","0.94","25","0.96","10","30.10",
="07680P","南亞科群益51售01","0","0","0","--","--","--","--"," ","0.00","0.66","100","0.67","100","0.00",
="076810","鴻海國票4C購01","0","0","0","--","--","--","--"," ","0.00","4.03","25","4.13","10","206.00",
="076811","威盛國票4A購02","60,000","1","1,800","0.03","0.03","0.03","0.03","-","0.02","0.03","25","0.04","10","62.00",
="076812","飛宏國票4C購01","8,000","1","5,280","0.66","0.66","0.66","0.66","X","0.00","0.79","15","--","0","26.10",
="076813","偉訓國票4A購01","0","0","0","--","--","--","--"," ","0.00","2.47","25","2.57","10","110.00",
="076814","文曄國票4C購02","4,000","1","6,560","1.64","1.64","1.64","1.64","-","0.05","1.66","25","1.69","10","123.00",
="076815","智易國票4C購01","206,000","3","253,430","1.43","1.43","1.20","1.20","-","0.45","1.16","25","1.17","10","236.00",
="076816","健策國票4A購02","0","0","0","--","--","--","--"," ","0.00","3.67","25","3.77","10","1,905.00",
="076817","精銳國票4A購02","1,012,000","5","415,500","0.42","0.47","0.40","0.47","+","0.14","0.47","10","0.48","10","776.00",
="076818","材料國票4A購01","0","0","0","--","--","--","--"," ","0.00","0.06","25","0.07","10","67.70",
="076819","南寶國票4C購01","12,000","1","20,760","1.73","1.73","1.73","1.73","+","0.05","1.71","25","1.75","10","376.00",
="07681P","聯發科群益49售09","0","0","0","--","--","--","--"," ","0.00","0.06","499","--","0","0.00",
="076820","天鈺國票4C購01","0","0","0","--","--","--","--"," ","0.00","0.69","25","0.70","10","178.50",
="076821","立積國票49購02","0","0","0","--","--","--","--"," ","0.00","0.11","25","--","0","158.00",
="076822","立積國票4A購01","0","0","0","--","--","--","--"," ","0.00","0.16","25","--","0","158.00",
="076823","力成國票4A購02","200,000","1","50,000","0.25","0.25","0.25","0.25","X","0.00","0.25","25","0.26","10","118.50",
="076824","啟碁國票4C購01","75,000","3","16,500","0.22","0.22","0.22","0.22","X","0.00","0.21","25","0.22","10","127.00",
="076825","迅得國票4C購01","0","0","0","--","--","--","--"," ","0.00","0.84","25","0.86","10","193.50",
="076826","迅得國票4C購02","20,000","2","15,200","0.76","0.76","0.76","0.76","X","0.00","0.78","25","0.80","10","193.50",
="076827","洋基國票4A購01","0","0","0","--","--","--","--"," ","0.00","7.80","25","8.15","10","476.00",
="076828","雲豹國票4C購01","25,000","1","6,750","0.27","0.27","0.27","0.27","X","0.00","0.27","25","0.28","10","130.50",
="076829","昇陽半國票4A購05","427,000","2","439,270","1.01","1.03","1.01","1.03","-","0.04","0.97","25","0.99","10","152.50",
="07682P","聯發科群益49售10","0","0","0","--","--","--","--"," ","0.00","--","0","--","0","0.00",
="076830","巨大國票4C購01","0","0","0","--","--","--","--"," ","0.00","0.06","25","0.07","10","104.50",
="076831","台灣50富邦49購09","0","0","0","--","--","--","--"," ","0.00","2.58","100","2.62","10","0.00",
="076832","台灣50富邦53購02","0","0","0","--","--","--","--"," ","0.00","3.42","100","3.44","98","0.00",
="076833","華城富邦4C購02","0","0","0","--","--","--","--"," ","0.00","1.81","10","1.91","10","0.00",
="076834","台積電富邦4C購07","0","0","0","--","--","--","--"," ","0.00","3.18","30","3.22","10","0.00",
="076835","台積電富邦4C購08","0","0","0","--","--","--","--"," ","0.00","2.42","30","2.45","10","0.00",
="076836","華碩富邦49購02","210,000","3","97,600","0.46","0.47","0.46","0.46","-","0.03","0.47","30","0.48","10","0.00",
="076837","華碩富邦4C購01","473,000","11","262,210","0.55","0.56","0.55","0.55","-","0.02","0.55","30","0.56","10","0.00",
="076838","長榮富邦4C購01","0","0","0","--","--","--","--"," ","0.00","0.20","10","0.21","10","0.00",
="076839","慧洋富邦4C購01","78,000","2","24,180","0.31","0.31","0.31","0.31"," ","0.00","0.29","30","0.30","28","0.00",
="07683P","美費半凱基49售04","0","0","0","--","--","--","--"," ","0.00","0.03","10","0.13","10","0.00",
="076840","奇鋐富邦4A購02","0","0","0","--","--","--","--"," ","0.00","4.23","10","4.33","10","0.00",
="076841","昇陽半富邦4A購01","174,000","5","98,800","0.55","0.57","0.55","0.55","+","0.03","0.53","30","0.54","28","0.00",
="076842","漢翔統一59購02","40,000","6","23,800","0.60","0.60","0.58","0.60","+","0.11","0.60","13","--","0","60.00",
="076843","富華新統一59購01","1,000","1","280","0.28","0.28","0.28","0.28","X","0.00","0.27","10","0.28","10","21.15",
="076844","龍德船統一53購02","145,000","2","114,550","0.79","0.79","0.79","0.79","-","0.03","0.79","10","0.80","10","146.00",
="076845","昇陽半統一53購01","126,000","3","97,410","0.76","0.79","0.76","0.79","+","0.01","0.77","10","0.78","10","152.50",
="076846","日本2X元大4A購01","0","0","0","--","--","--","--"," ","0.00","0.94","250","1.00","10","63.45",
="076847","FH富產元大4C購01","0","0","0","--","--","--","--"," ","0.00","0.22","103","0.23","50","9.05",
="076848","華城元大49購27","0","0","0","--","--","--","--"," ","0.00","2.17","300","2.21","10","618.00",
="076849","大亞元大49購04","52,000","1","21,840","0.42","0.42","0.42","0.42","X","0.00","0.35","499","0.36","10","43.00",
="07684P","亞德客凱基49售03","0","0","0","--","--","--","--"," ","0.00","0.45","100","0.55","10","0.00",
="076850","大亞元大49購05","245,000","6","138,600","0.47","0.58","0.47","0.58","+","0.09","0.49","499","0.50","10","43.00",
="076851","喬山元大49購02","480,000","1","19,200","0.04","0.04","0.04","0.04","X","0.00","0.03","499","0.13","10","146.00",
="076852","鴻海元大4C購03","115,000","12","172,230","1.49","1.55","1.45","1.54","-","0.10","1.51","20","1.53","10","206.00",
="076853","鴻海元大4C購04","0","0","0","--","--","--","--"," ","0.00","2.38","300","2.43","10","206.00",
="076854","台積電元大49購46","0","0","0","--","--","--","--"," ","0.00","--","0","--","0","1,160.00",
="076855","台積電元大49購47","0","0","0","--","--","--","--"," ","0.00","--","0","--","0","1,160.00",
="076856","台積電元大4C購10","0","0","0","--","--","--","--"," ","0.00","0.13","8","--","0","1,160.00",
="076857","華碩元大49購06","0","0","0","--","--","--","--"," ","0.00","0.07","25","0.08","10","634.00",
="076858","華碩元大49購07","234,000","1","100,620","0.43","0.43","0.43","0.43","X","0.00","0.42","25","0.44","10","634.00",
="076859","所羅門元大49購07","10,000","1","5,100","0.51","0.51","0.51","0.51","X","0.00","0.38","499","0.40","10","162.00",
="07685P","南亞科凱基4A售04","0","0","0","--","--","--","--"," ","0.00","0.04","10","0.05","50","0.00",
="076860","大同元大49購08","0","0","0","--","--","--","--"," ","0.00","0.28","499","0.29","10","40.75",
="076861","群光元大49購05","0","0","0","--","--","--","--"," ","0.00","--","0","0.10","10","137.00",
="076862","南亞科元大49購24","0","0","0","--","--","--","--"," ","0.00","0.34","499","0.35","10","46.65",
="076863","友達元大49購04","0","0","0","--","--","--","--"," ","0.00","0.10","499","0.11","10","13.05",
="076864","建準元大49購06","0","0","0","--","--","--","--"," ","0.00","1.52","499","1.58","10","137.00",
="076865","聯發科元大4A購05","399,000","7","168,290","0.43","0.43","0.42","0.42","-","0.03","0.41","20","0.54","6","1,385.00",
="076866","一詮元大49購13","0","0","0","--","--","--","--"," ","0.00","0.01","499","0.11","10","80.20",
="076867","皇昌元大49購13","0","0","0","--","--","--","--"," ","0.00","0.01","499","0.11","10","83.50",
="076868","皇昌元大49購14","0","0","0","--","--","--","--"," ","0.00","0.21","499","0.22","10","83.50",
="076869","皇昌元大49購15","0","0","0","--","--","--","--"," ","0.00","0.13","499","0.14","10","83.50",
="07686P","材料凱基49售07","0","0","0","--","--","--","--"," ","0.00","4.43","10","4.53","10","0.00",
="076870","亞航元大49購01","25,000","3","119,750","4.93","4.93","4.23","4.23","-","0.15","4.07","25","4.93","2","62.70",
="076871","漢翔元大4A購01","37,000","14","69,860","1.78","2.09","1.77","2.00","+","0.60","1.89","31","2.09","8","60.00",
="076872","漢翔元大4C購02","32,000","2","50,310","1.57","1.64","1.57","1.64","+","0.59","1.66","5","--","0","60.00",
="076873","漢翔元大4C購03","64,000","12","108,590","1.63","1.92","1.63","1.92","+","0.75","1.72","12","1.92","1","60.00",
="076874","漢翔元大51購02","47,000","5","77,060","1.59","1.88","1.59","1.88","+","0.73","1.66","31","1.89","10","60.00",
="076875","漢翔元大53購01","9,000","5","19,380","2.09","2.25","2.09","2.25","+","0.61","2.25","125","--","0","60.00",
="076876","奇鋐元大49購10","0","0","0","--","--","--","--"," ","0.00","--","0","10.40","10","1,015.00",
="076877","奇鋐元大49購11","20,000","2","161,000","8.05","8.05","8.05","8.05","X","0.00","8.45","100","--","0","1,015.00",
="076878","玉晶光元大49購07","93,000","3","121,310","1.31","1.39","1.27","1.39","+","0.36","1.26","499","1.27","10","461.50",
="076879","群創元大49購11","8,000","1","1,040","0.13","0.13","0.13","0.13","+","0.04","0.19","499","0.20","10","14.15",
="07687P","達興凱基49售04","0","0","0","--","--","--","--"," ","0.00","--","0","0.02","8","0.00",
="076880","智易元大49購02","495,000","1","188,100","0.38","0.38","0.38","0.38","-","0.22","0.36","25","0.37","10","236.00",
="076881","世芯元大4C購02","0","0","0","--","--","--","--"," ","0.00","4.22","150","4.29","10","4,000.00",
="076882","世芯元大51購10","0","0","0","--","--","--","--"," ","0.00","3.46","200","3.51","10","4,000.00",
="076883","世芯元大53購01","21,000","3","81,650","3.94","3.94","3.79","3.79","-","0.11","3.74","200","3.76","10","4,000.00",
="076884","力成元大49購08","0","0","0","--","--","--","--"," ","0.00","0.07","499","0.08","10","118.50",
="076885","緯穎元大49購18","0","0","0","--","--","--","--"," ","0.00","4.93","150","5.00","10","2,975.00",
="076886","緯穎元大49購19","0","0","0","--","--","--","--"," ","0.00","3.72","200","3.80","10","2,975.00",
="076887","緯穎元大4A購06","0","0","0","--","--","--","--"," ","0.00","4.29","150","4.39","10","2,975.00",
="076888","AES元大49購09","377,000","3","272,280","0.72","0.76","0.70","0.76","X","0.00","0.74","499","0.77","10","1,350.00",
="076889","AES元大49購10","293,000","6","209,250","0.65","0.73","0.63","0.73","+","0.12","0.76","499","0.79","10","1,350.00",
="07688P","群臺2X群益49售01","0","0","0","--","--","--","--"," ","0.00","0.01","25","0.05","10","0.00",
="076890","雲豹元大49購02","0","0","0","--","--","--","--"," ","0.00","0.02","499","0.12","10","130.50",
="076891","南電元大49購02","0","0","0","--","--","--","--"," ","0.00","7.05","1","7.65","1","226.00",
="076892","長華元大49購01","0","0","0","--","--","--","--"," ","0.00","0.15","499","0.16","10","39.60",
="076893","臺股指元大49購56","0","0","0","--","--","--","--"," ","0.00","0.01","3","0.10","10","0.00",
="076894","臺股指元大49購57","0","0","0","--","--","--","--"," ","0.00","0.18","499","0.28","10","0.00",
="076895","臺股指元大49購58","0","0","0","--","--","--","--"," ","0.00","1.06","499","1.16","10","0.00",
="076896","臺股指元大56購03","65,000","8","184,630","2.84","2.86","2.82","2.82","-","0.11","2.70","100","2.80","10","0.00",
="076897","台灣50凱基4A購09","0","0","0","--","--","--","--"," ","0.00","4.60","5","4.61","50","52.50",
="076898","台灣50凱基56購01","80,000","3","298,800","3.71","3.75","3.71","3.75","-","0.17","3.68","100","3.69","50","52.50",
="076899","國企2X凱基4C購01","0","0","0","--","--","--","--"," ","0.00","0.55","100","0.56","50","10.70",
="07689P","台積電群益4B售14","0","0","0","--","--","--","--"," ","0.00","--","0","--","0","0.00",
="076900","FBNQ2X凱基4C購03","22,000","3","63,840","2.89","2.95","2.89","2.95","-","0.06","2.92","100","2.93","50","144.85",
="076901","台玻凱基49購02","0","0","0","--","--","--","--"," ","0.00","11.60","10","--","0","34.55",
="076902","南港凱基4A購01","0","0","0","--","--","--","--"," ","0.00","0.83","10","0.93","10","40.95",
="076903","長榮鋼凱基49購01","0","0","0","--","--","--","--"," ","0.00","0.37","10","0.38","10","90.30",
="076904","鴻海凱基49購16","0","0","0","--","--","--","--"," ","0.00","5.25","100","5.30","10","206.00",
="076905","鴻海凱基49購17","8,000","2","29,180","3.56","3.70","3.56","3.70","-","0.33","3.64","100","3.70","5","206.00",
="076906","台積電凱基49購35","0","0","0","--","--","--","--"," ","0.00","18.10","100","18.50","10","1,160.00",
="076907","台積電凱基49購36","0","0","0","--","--","--","--"," ","0.00","2.49","100","2.59","10","1,160.00",
="076908","台積電凱基53購09","5,000","1","13,000","2.60","2.60","2.60","2.60","-","0.06","2.47","100","2.48","10","1,160.00",
="076909","華邦電凱基4A購04","0","0","0","--","--","--","--"," ","0.00","0.69","1","0.73","10","19.60",
="07690P","聯發科群益49售12","0","0","0","--","--","--","--"," ","0.00","--","0","--","0","0.00",
="076910","智邦凱基4A購03","0","0","0","--","--","--","--"," ","0.00","7.80","100","7.95","10","984.00",
="076912","華碩凱基4A購02","0","0","0","--","--","--","--"," ","0.00","0.55","10","0.65","10","634.00",
="076913","漢唐凱基53購01","0","0","0","--","--","--","--"," ","0.00","34.50","10","35.50","10","1,190.00",
="076914","南亞科凱基4C購03","1,000","1","1,480","1.48","1.48","1.48","1.48","-","0.17","1.46","100","1.47","10","46.65",
="076915","強茂凱基4C購01","938,000","33","1,627,640","1.72","1.98","1.60","1.98","+","0.25","1.96","100","1.98","10","65.40",
="076916","國產凱基4C購01","0","0","0","--","--","--","--"," ","0.00","0.35","10","0.36","30","37.75",
="076917","漢翔凱基49購04","90,000","7","155,800","1.66","1.80","1.62","1.80","+","1.01","1.73","499","--","0","60.00",
="076918","台驊控凱基4C購01","0","0","0","--","--","--","--"," ","0.00","0.76","10","0.77","10","72.00",
="076919","潤泰全凱基4A購01","0","0","0","--","--","--","--"," ","0.00","0.13","10","0.14","40","53.60",
="07691P","大立光群益49售07","0","0","0","--","--","--","--"," ","0.00","0.01","30","--","0","0.00",
="076920","信邦凱基49購02","56,000","6","22,300","0.39","0.41","0.38","0.41","+","0.03","0.39","100","0.40","10","234.00",
="076921","聯詠凱基49購02","0","0","0","--","--","--","--"," ","0.00","0.03","10","0.13","10","435.00",
="076922","華晶科凱基49購01","20,000","1","22,400","1.12","1.12","1.12","1.12","-","0.11","1.12","100","1.14","10","50.30",
="076923","新日興凱基49購06","59,000","5","40,120","0.66","0.81","0.66","0.78","+","0.30","0.72","100","0.82","10","259.00",
="076924","精銳凱基49購02","0","0","0","--","--","--","--"," ","0.00","0.03","10","0.13","10","776.00",
="076925","和碩凱基49購01","0","0","0","--","--","--","--"," ","0.00","0.04","100","0.14","10","70.60",
="076926","立積凱基49購03","0","0","0","--","--","--","--"," ","0.00","0.04","100","--","0","158.00",
="076927","達麗凱基4C購01","0","0","0","--","--","--","--"," ","0.00","0.71","10","0.72","30","42.20",
="076928","康舒凱基49購01","0","0","0","--","--","--","--"," ","0.00","0.11","10","0.12","10","29.10",
="076929","啟碁凱基4C購02","0","0","0","--","--","--","--"," ","0.00","0.33","100","0.34","10","127.00",
="07692P","臺股指群益4A售20","1,000","1","130","0.13","0.13","0.13","0.13","+","0.01","0.03","499","0.13","1","0.00",
="076930","晶碩凱基4A購01","0","0","0","--","--","--","--"," ","0.00","0.07","10","0.08","50","322.00",
="076931","達發凱基53購01","34,000","1","30,260","0.89","0.89","0.89","0.89","-","0.04","0.90","100","0.91","10","556.00",
="076932","緯穎凱基4C購01","0","0","0","--","--","--","--"," ","0.00","5.60","100","6.10","10","2,975.00",
="076933","昇陽半凱基4C購01","182,000","10","257,460","1.38","1.48","1.28","1.40","+","0.04","1.41","100","1.43","10","152.50",
="076934","臺股指凱基56購02","5,000","1","7,550","1.51","1.51","1.51","1.51","-","0.06","1.51","100","1.52","10","0.00",
="076935","臺股指凱基56購03","34,000","8","53,490","1.60","1.60","1.55","1.55","-","0.13","1.55","10","1.56","10","0.00",
="076936","所羅門台新49購01","0","0","0","--","--","--","--"," ","0.00","1.28","20","1.29","10","0.00",
="076937","晟銘電台新49購01","58,000","4","60,370","1.04","1.06","0.72","0.72","-","0.11","0.73","20","0.74","10","0.00",
="076938","臺股指中信49購15","0","0","0","--","--","--","--"," ","0.00","1.63","499","1.64","10","0.00",
="076939","華城永豐52購01","0","0","0","--","--","--","--"," ","0.00","2.87","499","2.88","10","618.00",
="07693P","台灣50元富49售20","0","0","0","--","--","--","--"," ","0.00","0.01","25","0.10","10","0.00",
="076940","喬山永豐4A購01","0","0","0","--","--","--","--"," ","0.00","0.01","10","0.03","10","146.00",
="076941","中華永豐4A購01","0","0","0","--","--","--","--"," ","0.00","0.23","10","0.25","10","58.50",
="076942","台積電永豐52購02","0","0","0","--","--","--","--"," ","0.00","2.24","10","2.34","10","1,160.00",
="076943","台積電永豐53購02","9,000","1","22,770","2.53","2.53","2.53","2.53","X","0.00","2.42","499","2.52","10","1,160.00",
="076944","旺宏永豐49購01","0","0","0","--","--","--","--"," ","0.00","0.09","499","0.12","10","20.10",
="076945","旺宏永豐4C購01","0","0","0","--","--","--","--"," ","0.00","0.17","499","0.20","10","20.10",
="076946","金像電永豐4A購01","0","0","0","--","--","--","--"," ","0.00","15.70","499","16.30","10","486.00",
="076947","盟立永豐4A購01","43,000","4","63,240","1.46","1.57","1.46","1.57","X","0.00","1.41","10","1.43","10","70.00",
="076948","晟銘電永豐4C購01","0","0","0","--","--","--","--"," ","0.00","1.10","91","1.14","10","133.00",
="076949","晟銘電永豐52購01","117,000","7","188,810","1.79","1.80","1.45","1.47","-","0.04","1.45","10","1.47","10","133.00",
="07694P","台灣50元富49售21","0","0","0","--","--","--","--"," ","0.00","0.02","25","0.10","10","0.00",
="076950","瑞儀永豐4C購01","117,000","9","47,470","0.40","0.43","0.39","0.39","-","0.01","0.38","10","0.39","10","143.00",
="076951","豐藝永豐4A購01","0","0","0","--","--","--","--"," ","0.00","0.12","30","--","0","52.80",
="076952","台表科永豐4A購01","95,000","8","100,920","0.98","1.17","0.98","1.17","+","0.16","1.11","10","1.14","10","107.50",
="076953","至上永豐4A購01","0","0","0","--","--","--","--"," ","0.00","0.42","499","0.43","10","44.35",
="076954","華城國泰4A購02","0","0","0","--","--","--","--"," ","0.00","3.89","499","3.95","100","618.00",
="076955","華新國泰4A購03","90,000","8","77,940","0.87","0.91","0.82","0.84","+","0.03","0.17","58","0.84","2","23.35",
="076956","順德國泰4A購01","0","0","0","--","--","--","--"," ","0.00","0.65","499","--","0","88.20",
="076957","威盛國泰4A購01","0","0","0","--","--","--","--"," ","0.00","0.13","499","0.14","100","62.00",
="076958","台泥國票4C購01","0","0","0","--","--","--","--"," ","0.00","0.01","524","0.30","100","22.80",
="076959","聚陽國票4A購01","120,000","1","7,200","0.06","0.06","0.06","0.06","X","0.00","0.05","25","0.06","10","265.00",
="07695P","T50正2元富49售03","0","0","0","--","--","--","--"," ","0.00","--","0","0.06","102","0.00",
="076960","華城國票4A購03","0","0","0","--","--","--","--"," ","0.00","3.81","25","3.91","10","618.00",
="076961","華新國票4A購02","66,000","4","72,200","1.05","1.13","1.05","1.10","+","0.05","1.06","25","1.08","10","23.35",
="076962","喬山國票4A購02","0","0","0","--","--","--","--"," ","0.00","0.01","25","0.02","10","146.00",
="076963","旺宏國票4A購03","0","0","0","--","--","--","--"," ","0.00","0.07","25","0.08","10","20.10",
="076964","旺宏國票4C購02","50,000","1","7,500","0.15","0.15","0.15","0.15","X","0.00","0.12","25","0.13","10","20.10",
="076965","旺宏國票52購01","0","0","0","--","--","--","--"," ","0.00","0.72","25","0.73","10","20.10",
="076966","所羅門國票4C購01","17,000","1","23,290","1.37","1.37","1.37","1.37","-","0.19","1.35","25","1.36","10","162.00",
="076967","致茂國票4A購02","0","0","0","--","--","--","--"," ","0.00","12.70","25","13.70","10","556.00",
="076968","台光電國票4A購06","0","0","0","--","--","--","--"," ","0.00","26.60","25","27.60","10","1,250.00",
="076969","漢翔國票4A購03","19,000","3","22,800","1.20","1.20","1.20","1.20","+","0.42","1.65","25","--","0","60.00",
="07696P","緯穎元富49售08","0","0","0","--","--","--","--"," ","0.00","--","0","0.10","25","0.00",
="076970","慧洋國票52購01","11,000","2","9,400","0.90","0.90","0.85","0.85","X","0.00","0.83","25","0.84","10","61.80",
="076971","大立光國票4C購01","0","0","0","--","--","--","--"," ","0.00","0.33","25","0.35","10","2,395.00",
="076972","晟銘電國票49購05","55,000","4","53,500","1.04","1.04","0.87","0.87","+","0.01","0.78","25","0.79","10","133.00",
="076973","晟銘電國票4A購04","280,000","30","236,140","0.81","1.04","0.69","0.69","-","0.07","0.69","5","0.70","10","133.00",
="076974","晟銘電國票4C購01","87,000","8","84,140","1.07","1.07","0.85","0.85","-","0.06","0.83","25","0.84","10","133.00",
="076975","奇鋐國票4C購01","0","0","0","--","--","--","--"," ","0.00","17.00","25","18.00","10","1,015.00",
="076976","偉訓國票49購03","23,000","3","78,820","3.60","3.61","3.15","3.15","-","0.50","3.24","25","3.34","10","110.00",
="076977","創意國票4A購05","0","0","0","--","--","--","--"," ","0.00","0.97","25","0.99","10","1,350.00",
="076978","大銀國票4C購01","162,000","3","160,760","1.03","1.03","0.98","0.98","-","0.03","0.92","25","0.93","10","126.00",
="076979","瑞祺國票4A購02","0","0","0","--","--","--","--"," ","0.00","0.31","25","0.32","10","87.50",
="07697P","和大國票4A售02","194,000","8","73,010","0.38","0.38","0.37","0.38","X","0.00","0.38","33","0.46","10","0.00",
="076980","迅得國票53購01","16,000","1","17,280","1.08","1.08","1.08","1.08","X","0.00","1.03","25","1.05","10","193.50",
="076981","穎崴國票4A購06","0","0","0","--","--","--","--"," ","0.00","1.29","25","1.32","10","1,250.00",
="076982","緯穎國票4C購01","17,000","3","132,600","7.80","7.80","7.80","7.80","-","0.05","7.30","25","7.55","10","2,975.00",
="076983","龍德船國票4A購01","309,000","10","538,900","1.65","1.77","1.65","1.69","-","0.02","1.65","25","1.67","10","146.00",
="076984","汎銓國票49購01","337,000","20","430,400","1.27","1.41","1.23","1.23","+","0.10","1.21","25","1.23","5","159.00",
="076985","東陽兆豐4C購01","0","0","0","--","--","--","--"," ","0.00","0.14","10","0.15","10","101.00",
="076986","精銳兆豐4C購01","118,000","5","37,080","0.31","0.32","0.31","0.31","+","0.01","0.32","10","0.33","10","776.00",
="076987","旺宏統一57購01","10,000","1","4,000","0.40","0.40","0.40","0.40","-","0.01","0.38","10","0.39","10","20.10",
="076988","慧洋統一53購03","200,000","2","58,000","0.29","0.29","0.29","0.29"," ","0.00","0.26","10","0.27","10","61.80",
="076989","智易統一56購01","301,000","8","201,110","0.70","0.70","0.64","0.65","-","0.08","0.64","10","0.65","10","236.00",
="07698P","中砂國票4A售03","0","0","0","--","--","--","--"," ","0.00","0.07","25","0.08","10","0.00",
="076990","台灣50元富53購01","0","0","0","--","--","--","--"," ","0.00","6.10","25","6.15","25","52.50",
="076991","台灣50元富53購02","0","0","0","--","--","--","--"," ","0.00","11.30","25","11.40","25","52.50",
="076992","T50反1元富49購03","524,000","2","125,260","0.22","0.24","0.22","0.24","+","0.01","0.23","25","0.24","25","19.79",
="076993","T50反1元富49購04","0","0","0","--","--","--","--"," ","0.00","0.13","25","0.14","25","19.79",
="076994","T50反1元富53購01","0","0","0","--","--","--","--"," ","0.00","0.67","25","0.68","25","19.79",
="076995","FBNQ2X元富49購08","0","0","0","--","--","--","--"," ","0.00","6.15","25","6.20","25","144.85",
="076996","華城元富49購04","0","0","0","--","--","--","--"," ","0.00","2.52","25","2.60","25","618.00",
="076997","喬山元富53購01","8,000","1","4,800","0.60","0.60","0.60","0.60","-","0.03","0.58","25","0.60","25","146.00",
="076998","大成鋼元富49購10","0","0","0","--","--","--","--"," ","0.00","0.01","25","0.10","10","38.60",
="076999","鴻海元富53購04","0","0","0","--","--","--","--"," ","0.00","5.80","25","5.85","25","206.00",
="07699P","川湖國票4A售07","0","0","0","--","--","--","--"," ","0.00","--","0","--","0","0.00",
="077000","鴻海元富53購05","0","0","0","--","--","--","--"," ","0.00","5.50","25","5.55","25","206.00",
="077001","國巨元富53購02","1,000","1","2,870","2.87","2.87","2.87","2.87","X","0.00","2.68","25","2.72","25","137.00",
="077002","順德元富49購03","687,000","5","245,320","0.36","0.36","0.35","0.36","-","0.01","0.36","25","0.37","25","88.20",
="077003","順德元富4C購01","953,000","11","478,940","0.51","0.52","0.48","0.52"," ","0.00","0.51","25","0.52","25","88.20",
="077004","長榮元富56購02","23,000","1","17,710","0.77","0.77","0.77","0.77","X","0.00","0.75","25","0.76","25","188.00",
="077005","漢翔元富52購01","4,000","1","6,840","1.71","1.71","1.71","1.71","X","0.00","1.77","25","2.00","5","60.00",
="077006","漢翔元富53購01","0","0","0","--","--","--","--"," ","0.00","2.04","25","--","0","60.00",
="077007","世芯元富52購07","0","0","0","--","--","--","--"," ","0.00","2.23","25","2.28","25","4,000.00",
="077008","世芯元富53購01","0","0","0","--","--","--","--"," ","0.00","2.28","25","2.32","25","4,000.00",
="077009","南寶元富53購01","391,000","12","780,070","1.81","2.15","1.81","1.99","+","0.05","1.96","25","1.99","8","376.00",
="07700P","仁寶國票4A售01","0","0","0","--","--","--","--"," ","0.00","1.80","25","1.87","10","0.00",
="077010","jpp元富49購01","0","0","0","--","--","--","--"," ","0.00","--","0","--","0","276.00",
="077011","康舒元富53購01","35,000","3","37,050","1.06","1.10","1.05","1.10","+","0.05","1.09","25","1.10","25","29.10",
="077012","緯穎元富53購03","0","0","0","--","--","--","--"," ","0.00","3.69","25","3.75","25","2,975.00",
="077013","臺股指元富49購29","0","0","0","--","--","--","--"," ","0.00","4.01","25","4.02","25","0.00",
="077014","臺股指元富49購30","0","0","0","--","--","--","--"," ","0.00","3.78","25","3.79","25","0.00",
="077015","臺股指元富49購31","0","0","0","--","--","--","--"," ","0.00","3.57","25","3.58","25","0.00",
="077016","台灣50群益49購10","0","0","0","--","--","--","--"," ","0.00","7.95","199","8.45","10","52.50",
="077017","T50反1群益4C購02","1,000","1","200","0.20","0.20","0.20","0.20","+","0.01","0.01","220","0.30","10","19.79",
="077018","FBNQ2X群益49購05","0","0","0","--","--","--","--"," ","0.00","0.10","55","2.18","10","144.85",
="077019","FBNQ2X群益4C購01","0","0","0","--","--","--","--"," ","0.00","1.54","25","--","0","144.85",
="07701P","華邦電國票4A售05","0","0","0","--","--","--","--"," ","0.00","0.28","25","0.29","10","0.00",
="077020","大亞群益49購02","0","0","0","--","--","--","--"," ","0.00","--","0","0.22","10","43.00",
="077021","台玻群益49購03","0","0","0","--","--","--","--"," ","0.00","6.80","10","--","0","34.55",
="077022","南港群益4C購01","13,000","1","12,740","0.98","0.98","0.98","0.98","-","0.16","0.33","30","--","0","40.95",
="077023","鴻海群益49購14","0","0","0","--","--","--","--"," ","0.00","--","0","4.60","10","206.00",
="077024","台積電群益49購42","0","0","0","--","--","--","--"," ","0.00","--","0","8.05","10","1,160.00",
="077025","台積電群益49購43","0","0","0","--","--","--","--"," ","0.00","4.15","499","4.25","10","1,160.00",
="077026","華邦電群益49購11","0","0","0","--","--","--","--"," ","0.00","0.96","499","1.06","10","19.60",
="077027","智邦群益49購10","0","0","0","--","--","--","--"," ","0.00","--","0","12.80","10","984.00",
="077028","智邦群益49購11","0","0","0","--","--","--","--"," ","0.00","--","0","18.00","10","984.00",
="077029","聯強群益49購01","0","0","0","--","--","--","--"," ","0.00","0.30","30","--","0","65.50",
="07702P","富邦金國票4A售01","1,000","1","570","0.57","0.57","0.57","0.57"," ","0.00","0.55","25","0.56","10","0.00",
="077030","華碩群益49購04","87,000","2","134,180","1.54","1.56","1.54","1.56","-","0.04","0.20","50","--","0","634.00",
="077031","所羅門群益4C購01","76,000","9","148,740","1.91","2.05","1.73","1.73","-","0.25","1.73","4","1.95","39","162.00",
="077032","大同群益49購06","0","0","0","--","--","--","--"," ","0.00","--","0","0.68","10","40.75",
="077033","威盛群益49購02","0","0","0","--","--","--","--"," ","0.00","0.01","10","0.11","10","62.00",
="077034","漢唐群益49購06","0","0","0","--","--","--","--"," ","0.00","44.50","12","45.50","10","1,190.00",
="077035","南亞科群益4C購03","26,000","2","32,730","1.26","1.26","1.25","1.25","-","0.07","1.13","25","1.15","10","46.65",
="077036","強茂群益49購03","0","0","0","--","--","--","--"," ","0.00","1.85","5","1.92","10","65.40",
="077037","一詮群益49購08","0","0","0","--","--","--","--"," ","0.00","--","0","0.15","10","80.20",
="077038","裕民群益49購02","0","0","0","--","--","--","--"," ","0.00","0.16","25","0.17","10","57.30",
="077039","亞航群益49購02","0","0","0","--","--","--","--"," ","0.00","5.50","10","6.00","10","62.70",
="07703P","欣興國票4A售03","0","0","0","--","--","--","--"," ","0.00","0.02","25","0.05","10","0.00",
="077040","漢翔群益49購05","0","0","0","--","--","--","--"," ","0.00","--","0","--","0","60.00",
="077041","慧洋群益49購10","0","0","0","--","--","--","--"," ","0.00","0.01","499","0.11","10","61.80",
="077042","晟銘電群益49購04","260,000","2","97,700","0.52","0.52","0.37","0.37","-","0.03","0.33","25","0.34","10","133.00",
="077043","奇鋐群益49購04","0","0","0","--","--","--","--"," ","0.00","--","0","--","0","1,015.00",
="077044","信邦群益49購03","0","0","0","--","--","--","--"," ","0.00","0.04","30","0.71","10","234.00",
="077045","新日興群益49購06","201,000","11","357,570","1.68","2.21","1.61","2.21","+","0.55","0.50","20","--","0","259.00",
="077046","新日興群益49購07","230,000","3","237,400","1.04","1.04","0.98","0.98","X","0.00","0.06","5","--","0","259.00",
="077047","群創群益4C購01","31,000","3","19,270","0.50","0.63","0.50","0.63","+","0.20","0.61","100","0.63","100","14.15",
="077048","精銳群益4A購03","91,000","5","72,620","0.77","0.86","0.77","0.86","+","0.31","0.81","25","0.82","10","776.00",
="077049","亞翔群益49購15","0","0","0","--","--","--","--"," ","0.00","2.57","30","6.30","10","349.50",
="07704P","富華新國票4A售03","0","0","0","--","--","--","--"," ","0.00","0.12","25","0.13","10","0.00",
="077050","啟碁群益4C購01","21,000","1","13,020","0.62","0.62","0.62","0.62","-","0.04","0.20","50","--","0","127.00",
="077051","晶碩群益49購02","0","0","0","--","--","--","--"," ","0.00","0.04","10","0.14","10","322.00",
="077052","達發群益49購03","0","0","0","--","--","--","--"," ","0.00","0.33","10","0.43","10","556.00",
="077053","昇陽半群益49購02","0","0","0","--","--","--","--"," ","0.00","0.41","24","1.86","10","152.50",
="077054","臺股指群益49購35","0","0","0","--","--","--","--"," ","0.00","2.61","499","2.62","499","0.00",
="077055","臺股指群益49購36","0","0","0","--","--","--","--"," ","0.00","3.39","499","3.40","499","0.00",
="077056","國企2X凱基49購02","50,000","2","7,250","0.15","0.15","0.14","0.14","-","0.10","0.12","100","0.13","50","10.70",
="077057","FH富產凱基4C購01","0","0","0","--","--","--","--"," ","0.00","0.50","499","0.51","499","9.05",
="077058","華城凱基49購09","51,000","7","150,030","3.02","3.02","2.90","2.93","-","0.01","2.65","38","2.68","10","618.00",
="077059","大亞凱基49購02","22,000","3","6,900","0.31","0.40","0.30","0.40","+","0.12","0.31","10","0.41","10","43.00",
="07705P","嘉澤國票4A售04","0","0","0","--","--","--","--"," ","0.00","0.01","25","0.05","10","0.00",
="077060","潤隆凱基4C購01","0","0","0","--","--","--","--"," ","0.00","0.56","10","0.57","30","30.10",
="077061","大成鋼凱基52購01","0","0","0","--","--","--","--"," ","0.00","0.21","100","0.31","10","38.60",
="077062","鴻海凱基49購18","5,000","1","11,400","2.28","2.28","2.28","2.28","-","0.38","2.28","100","2.33","10","206.00",
="077063","鴻海凱基4C購02","0","0","0","--","--","--","--"," ","0.00","5.05","100","5.10","10","206.00",
="077064","台積電凱基49購37","0","0","0","--","--","--","--"," ","0.00","2.11","48","2.21","10","1,160.00",
="077065","台積電凱基5B購05","0","0","0","--","--","--","--"," ","0.00","29.00","100","29.10","10","1,160.00",
="077066","建準凱基49購04","0","0","0","--","--","--","--"," ","0.00","2.40","10","2.50","10","137.00",
="077067","皇昌凱基53購01","40,000","2","22,200","0.61","0.61","0.50","0.50","X","0.00","0.48","10","0.49","40","83.50",
="077068","華固凱基49購01","0","0","0","--","--","--","--"," ","0.00","0.10","100","0.11","10","103.00",
="077069","陽明凱基49購06","0","0","0","--","--","--","--"," ","0.00","0.03","100","0.13","10","58.80",
="07706P","上証2X元大4B售03","141,000","7","20,250","0.13","0.15","0.13","0.15","+","0.04","0.15","100","0.16","100","0.00",
="077070","慧洋凱基49購09","0","0","0","--","--","--","--"," ","0.00","0.16","100","0.26","10","61.80",
="077071","奇鋐凱基53購01","0","0","0","--","--","--","--"," ","0.00","8.85","100","9.35","10","1,015.00",
="077072","欣興凱基49購08","0","0","0","--","--","--","--"," ","0.00","3.02","100","3.12","10","150.00",
="077073","玉晶光凱基49購08","158,000","7","258,920","1.56","1.79","1.54","1.73","+","0.13","1.64","10","1.66","10","461.50",
="077074","智易凱基49購03","123,000","3","68,190","0.57","0.57","0.43","0.43","-","0.33","0.40","10","0.50","10","236.00",
="077075","貿聯凱基49購05","0","0","0","--","--","--","--"," ","0.00","7.90","10","8.40","10","981.00",
="077076","智伸科凱基4A購01","43,000","5","136,770","3.02","3.65","3.02","3.65","+","0.49","3.65","9","3.75","10","168.50",
="077077","全訊凱基49購01","29,000","5","21,220","0.71","0.80","0.65","0.70","-","0.08","0.77","10","0.79","10","146.00",
="077078","亞翔凱基49購07","0","0","0","--","--","--","--"," ","0.00","4.91","100","5.00","10","349.50",
="077079","志強凱基49購03","0","0","0","--","--","--","--"," ","0.00","0.01","10","0.02","10","105.50",
="07707P","富邦金元大49售02","0","0","0","--","--","--","--"," ","0.00","0.03","499","0.09","50","0.00",
="077080","AES凱基4C購01","328,000","18","486,850","1.36","1.54","1.36","1.53","+","0.30","1.51","100","1.53","10","1,350.00",
="077081","昇陽半凱基4C購02","0","0","0","--","--","--","--"," ","0.00","1.02","100","--","0","152.50",
="077082","南電凱基49購03","35,000","2","237,750","6.75","6.90","6.75","6.90","+","1.90","7.00","1","--","0","226.00",
="077083","長華凱基49購02","0","0","0","--","--","--","--"," ","0.00","0.01","10","0.11","10","39.60",
="077084","臺股指凱基49購41","28,000","4","8,660","0.31","0.33","0.30","0.30","-","0.13","0.26","10","0.27","10","0.00",
="077085","臺股指凱基56購04","294,000","75","1,064,500","3.75","3.79","3.51","3.58","-","0.31","3.58","11","3.59","10","0.00",
="077086","台灣50富邦49購10","0","0","0","--","--","--","--"," ","0.00","4.54","100","4.59","10","0.00",
="077087","台灣50富邦4C購03","0","0","0","--","--","--","--"," ","0.00","5.05","100","5.10","88","0.00",
="077088","鴻海富邦49購06","0","0","0","--","--","--","--"," ","0.00","2.93","30","3.03","10","0.00",
="077089","鴻海富邦4A購07","0","0","0","--","--","--","--"," ","0.00","2.95","30","3.04","10","0.00",
="07708P","台灣50富邦4C售02","0","0","0","--","--","--","--"," ","0.00","0.33","100","0.34","98","0.00",
="077090","旺宏富邦49購01","0","0","0","--","--","--","--"," ","0.00","0.16","30","0.17","10","0.00",
="077091","新日興富邦4A購02","338,000","17","226,040","0.56","0.83","0.56","0.83","+","0.27","0.71","10","0.72","10","0.00",
="077092","嘉澤富邦4C購01","415,000","20","185,390","0.45","0.47","0.42","0.47","-","0.02","0.48","10","0.49","10","0.00",
="077093","穎崴富邦4A購02","0","0","0","--","--","--","--"," ","0.00","0.77","10","0.87","10","0.00",
="077094","緯穎富邦4C購01","2,000","1","6,140","3.07","3.07","3.07","3.07","X","0.00","2.94","30","3.00","10","0.00",
="077095","世紀鋼富邦4C購01","391,000","16","345,090","0.91","0.91","0.87","0.87","-","0.08","0.85","30","0.87","28","0.00",
="077096","T50正2元大49購08","0","0","0","--","--","--","--"," ","0.00","1.72","499","1.82","10","259.40",
="077097","T50正2元大49購09","0","0","0","--","--","--","--"," ","0.00","2.03","499","2.13","10","259.40",
="077098","FANG+元大4A購02","0","0","0","--","--","--","--"," ","0.00","1.85","499","1.95","10","110.85",
="077099","FANG+元大4C購02","0","0","0","--","--","--","--"," ","0.00","1.12","100","1.13","100","110.85",
="07709P","宇隆國票4A售02","0","0","0","--","--","--","--"," ","0.00","0.11","25","0.12","10","0.00",
="077100","華城元大49購29","0","0","0","--","--","--","--"," ","0.00","3.74","200","3.83","10","618.00",
="077101","華城元大53購01","42,000","2","57,440","1.37","1.37","1.36","1.36","-","0.01","1.31","499","1.32","10","618.00",
="077102","大亞元大49購06","280,000","3","54,400","0.18","0.20","0.18","0.20","+","0.01","0.18","499","0.19","10","43.00",
="077103","大亞元大49購07","319,000","9","138,300","0.35","0.47","0.35","0.46","+","0.08","0.37","499","0.38","10","43.00",
="077104","大亞元大49購08","92,000","6","63,410","0.63","0.72","0.59","0.68","+","0.11","0.59","499","0.60","10","43.00",
="077105","台玻元大49購07","0","0","0","--","--","--","--"," ","0.00","5.85","25","--","0","34.55",
="077106","大成鋼元大4C購05","0","0","0","--","--","--","--"," ","0.00","0.20","499","0.21","10","38.60",
="077107","鴻海元大4A購07","0","0","0","--","--","--","--"," ","0.00","1.97","350","2.03","10","206.00",
="077108","鴻海元大4A購08","0","0","0","--","--","--","--"," ","0.00","2.04","350","2.08","10","206.00",
="077109","台積電元大49購50","20,000","2","82,200","4.11","4.11","4.11","4.11","-","0.19","2.00","5","--","0","1,160.00",
="07710P","廣宇國票4A售02","105,000","2","9,450","0.09","0.09","0.09","0.09","-","0.01","0.08","25","0.09","10","0.00",
="077110","台積電元大49購51","0","0","0","--","--","--","--"," ","0.00","--","0","--","0","1,160.00",
="077111","台積電元大4C購11","0","0","0","--","--","--","--"," ","0.00","2.96","10","--","0","1,160.00",
="077112","旺宏元大49購08","0","0","0","--","--","--","--"," ","0.00","0.01","499","0.11","10","20.10",
="077113","旺宏元大4C購01","0","0","0","--","--","--","--"," ","0.00","0.19","499","0.20","10","20.10",
="077114","旺宏元大52購01","344,000","3","123,840","0.36","0.36","0.36","0.36","-","0.04","0.36","499","0.37","10","20.10",
="077115","華邦電元大4C購01","171,000","10","131,370","0.75","0.80","0.75","0.75","-","0.05","0.74","499","0.75","10","19.60",
="077116","智邦元大49購16","0","0","0","--","--","--","--"," ","0.00","5.15","150","--","0","984.00",
="077117","華碩元大49購08","0","0","0","--","--","--","--"," ","0.00","0.46","499","0.48","10","634.00",
="077118","華碩元大49購09","0","0","0","--","--","--","--"," ","0.00","1.37","25","1.40","10","634.00",
="077119","所羅門元大49購08","1,219,000","13","487,680","0.40","0.46","0.39","0.39","-","0.16","0.37","499","0.38","10","162.00",
="07711P","華碩國票49售02","0","0","0","--","--","--","--"," ","0.00","0.01","25","0.05","10","0.00",
="077120","台光電元大4C購03","0","0","0","--","--","--","--"," ","0.00","--","0","--","0","1,250.00",
="077121","南亞科元大4A購04","126,000","6","152,440","1.24","1.24","1.14","1.14","-","0.15","1.12","499","1.13","10","46.65",
="077122","建準元大49購07","0","0","0","--","--","--","--"," ","0.00","1.70","25","--","0","137.00",
="077123","京元電元大49購02","0","0","0","--","--","--","--"," ","0.00","2.66","300","2.73","10","142.00",
="077124","聯發科元大4C購06","1,343,000","8","767,720","0.57","0.58","0.55","0.55","-","0.04","0.53","30","--","0","1,385.00",
="077125","義隆元大49購02","0","0","0","--","--","--","--"," ","0.00","0.01","499","0.11","10","120.00",
="077126","一詮元大49購14","0","0","0","--","--","--","--"," ","0.00","0.01","499","0.11","10","80.20",
="077127","長榮元大4A購03","0","0","0","--","--","--","--"," ","0.00","0.10","499","0.11","10","188.00",
="077128","萬海元大49購08","30,000","2","24,120","0.75","0.81","0.75","0.81","+","0.12","0.69","499","0.70","10","84.10",
="077129","亞航元大49購02","0","0","0","--","--","--","--"," ","0.00","4.96","25","5.15","10","62.70",
="07712P","華邦電中信49售03","0","0","0","--","--","--","--"," ","0.00","0.06","499","--","0","0.00",
="077130","漢翔元大4C購04","172,000","20","335,380","1.85","2.10","1.85","2.05","+","0.65","1.99","31","2.20","1","60.00",
="077131","漢翔元大53購02","282,000","25","624,610","2.06","2.81","2.06","2.81","+","1.11","2.40","7","2.70","1","60.00",
="077132","晟銘電元大49購01","0","0","0","--","--","--","--"," ","0.00","0.33","499","0.35","10","133.00",
="077133","晟銘電元大49購02","7,000","1","4,270","0.61","0.61","0.61","0.61","+","0.08","0.52","499","0.53","10","133.00",
="077134","晟銘電元大4C購01","439,000","5","256,810","0.65","0.65","0.55","0.55","-","0.01","0.54","499","0.55","10","133.00",
="077135","奇鋐元大49購13","0","0","0","--","--","--","--"," ","0.00","--","0","7.35","10","1,015.00",
="077136","奇鋐元大4C購02","0","0","0","--","--","--","--"," ","0.00","--","0","--","0","1,015.00",
="077137","威健元大49購01","0","0","0","--","--","--","--"," ","0.00","0.02","499","0.12","10","28.40",
="077138","智原元大4A購04","0","0","0","--","--","--","--"," ","0.00","0.01","499","0.11","10","158.00",
="077139","智易元大49購03","0","0","0","--","--","--","--"," ","0.00","0.52","499","0.53","10","236.00",
="07713P","臺股指永豐4A售01","0","0","0","--","--","--","--"," ","0.00","0.15","10","0.16","10","0.00",
="077140","智易元大49購04","0","0","0","--","--","--","--"," ","0.00","0.04","499","0.14","10","236.00",
="077141","智易元大49購05","0","0","0","--","--","--","--"," ","0.00","0.21","499","0.22","10","236.00",
="077142","健策元大49購03","0","0","0","--","--","--","--"," ","0.00","3.86","25","--","0","1,905.00",
="077143","材料元大49購12","0","0","0","--","--","--","--"," ","0.00","0.03","499","0.13","10","67.70",
="077144","jpp元大49購02","0","0","0","--","--","--","--"," ","0.00","4.47","25","--","0","276.00",
="077145","亞翔元大4A購01","0","0","0","--","--","--","--"," ","0.00","3.37","200","--","0","349.50",
="077146","力成元大49購09","0","0","0","--","--","--","--"," ","0.00","0.12","499","0.13","10","118.50",
="077147","保瑞元大49購02","0","0","0","--","--","--","--"," ","0.00","1.67","450","1.74","10","733.00",
="077148","保瑞元大4C購01","67,000","6","144,230","2.15","2.19","2.12","2.12","-","0.16","2.11","350","2.13","10","733.00",
="077149","緯穎元大49購20","0","0","0","--","--","--","--"," ","0.00","4.10","200","--","0","2,975.00",
="07714P","臺股指永豐4A售02","0","0","0","--","--","--","--"," ","0.00","0.07","499","0.08","10","0.00",
="077150","緯穎元大49購21","0","0","0","--","--","--","--"," ","0.00","4.71","25","--","0","2,975.00",
="077151","緯穎元大4A購07","0","0","0","--","--","--","--"," ","0.00","2.78","250","--","0","2,975.00",
="077152","昇陽半元大4C購01","331,000","8","162,710","0.50","0.52","0.46","0.51"," ","0.00","0.52","499","0.54","10","152.50",
="077153","電子類元大49購01","0","0","0","--","--","--","--"," ","0.00","2.15","499","2.25","10","0.00",
="077154","大成鋼富邦51購01","0","0","0","--","--","--","--"," ","0.00","0.17","10","0.18","10","0.00",
="077155","台積電富邦4B購10","0","0","0","--","--","--","--"," ","0.00","1.99","30","2.06","10","0.00",
="077156","神基富邦4A購02","60,000","7","123,700","2.14","2.14","2.04","2.04","+","0.17","2.21","30","2.28","10","0.00",
="077157","欣興富邦4B購02","85,000","10","237,600","2.80","2.88","2.69","2.84","-","0.18","2.88","30","2.96","10","0.00",
="077158","創意富邦4A購05","0","0","0","--","--","--","--"," ","0.00","1.09","30","1.13","10","0.00",
="077159","智易中信4A購01","0","0","0","--","--","--","--"," ","0.00","0.07","10","0.08","10","0.00",
="07715P","三芳凱基49售06","0","0","0","--","--","--","--"," ","0.00","2.13","10","2.23","10","0.00",
="077160","日本反永豐51購01","0","0","0","--","--","--","--"," ","0.00","0.18","10","0.19","10","5.15",
="077161","名軒永豐4A購01","0","0","0","--","--","--","--"," ","0.00","0.02","499","0.05","10","51.90",
="077162","聯強永豐4C購01","68,000","20","76,860","1.05","1.35","0.88","1.35","X","0.00","1.18","2","--","0","65.50",
="077163","藍天永豐4B購01","5,000","1","3,650","0.73","0.73","0.73","0.73","X","0.00","0.66","10","0.68","10","41.95",
="077164","建漢永豐4B購01","44,000","4","49,080","1.09","1.15","1.09","1.15","+","0.10","0.35","28","1.25","5","26.35",
="077165","世芯永豐4A購07","0","0","0","--","--","--","--"," ","0.00","--","0","--","0","4,000.00",
="077166","康舒永豐4B購01","77,000","2","75,460","0.98","0.98","0.98","0.98","+","0.10","0.97","10","0.98","10","29.10",
="077167","雲豹永豐51購01","85,000","3","30,600","0.36","0.36","0.36","0.36"," ","0.00","0.35","10","0.36","10","130.50",
="077168","世紀鋼永豐51購01","130,000","8","172,120","1.33","1.33","1.32","1.32","-","0.11","1.29","10","1.31","10","188.00",
="077169","台積電台新4A購02","0","0","0","--","--","--","--"," ","0.00","3.34","20","3.35","10","0.00",
="07716P","聯發科凱基49售05","0","0","0","--","--","--","--"," ","0.00","0.11","10","0.21","10","0.00",
="077170","大同台新4A購01","0","0","0","--","--","--","--"," ","0.00","0.28","20","0.29","10","0.00",
="077171","英業達統一54購01","67,000","5","39,430","0.59","0.59","0.57","0.57","-","0.02","0.57","10","0.58","10","41.35",
="077172","欣興統一54購01","22,000","3","43,560","1.98","1.98","1.98","1.98","+","0.07","1.91","10","1.92","10","150.00",
="077173","辛耘統一54購01","6,000","2","7,360","1.23","1.23","1.22","1.22","-","0.01","1.27","10","1.28","10","393.50",
="077174","智易統一54購01","60,000","1","48,000","0.80","0.80","0.80","0.80","-","0.04","0.74","10","0.75","10","236.00",
="077175","穎崴統一54購01","499,000","16","400,390","0.82","0.84","0.76","0.84","+","0.02","0.82","10","0.83","10","1,250.00",
="077176","台灣50元富54購01","0","0","0","--","--","--","--"," ","0.00","7.85","25","7.90","25","52.50",
="077177","T50正2元富54購01","6,000","1","16,020","2.67","2.67","2.67","2.67","-","0.04","2.56","25","2.57","25","259.40",
="077178","元日2X元富54購01","0","0","0","--","--","--","--"," ","0.00","0.46","25","0.47","25","5.97",
="077179","道瓊銀元富4A購01","0","0","0","--","--","--","--"," ","0.00","0.43","25","0.44","25","32.63",
="07717P","大立光凱基49售03","0","0","0","--","--","--","--"," ","0.00","0.07","10","0.17","10","0.00",
="077180","美時元富4A購01","0","0","0","--","--","--","--"," ","0.00","0.11","25","0.12","25","193.50",
="077181","台積電元富4A購20","0","0","0","--","--","--","--"," ","0.00","2.01","25","2.11","10","1,160.00",
="077182","台積電元富4A購21","0","0","0","--","--","--","--"," ","0.00","1.96","25","2.06","10","1,160.00",
="077183","台積電元富4A購22","0","0","0","--","--","--","--"," ","0.00","1.80","25","1.90","10","1,160.00",
="077184","大立光元富54購01","0","0","0","--","--","--","--"," ","0.00","1.76","25","1.77","25","2,395.00",
="077185","欣興元富4A購03","0","0","0","--","--","--","--"," ","0.00","4.21","25","4.31","25","150.00",
="077186","景碩元富4A購01","441,000","5","1,801,340","4.04","4.29","4.04","4.12","+","0.07","3.70","25","3.80","25","113.50",
="077187","智易元富4A購01","0","0","0","--","--","--","--"," ","0.00","0.82","25","0.83","25","236.00",
="077188","材料元富4A購06","0","0","0","--","--","--","--"," ","0.00","0.04","25","0.10","10","67.70",
="077189","迎廣元富4A購02","24,000","1","27,600","1.15","1.15","1.15","1.15","-","0.10","1.08","25","1.09","25","94.00",
="07718P","世芯凱基49售11","0","0","0","--","--","--","--"," ","0.00","--","0","0.01","100","0.00",
="077190","矽力元富4A購02","20,000","1","1,800","0.09","0.09","0.09","0.09","X","0.00","0.08","25","0.10","10","317.00",
="077191","保瑞元富4A購02","0","0","0","--","--","--","--"," ","0.00","2.87","25","2.97","25","733.00",
="077192","緯穎元富4B購03","0","0","0","--","--","--","--"," ","0.00","3.57","25","3.64","25","2,975.00",
="077193","鴻海國泰51購02","0","0","0","--","--","--","--"," ","0.00","6.75","499","7.00","10","206.00",
="077194","慧洋國泰4B購01","111,000","4","93,620","0.85","0.85","0.82","0.82","+","0.03","0.77","499","0.78","100","61.80",
="077195","精銳國泰4B購01","132,000","2","75,770","0.53","0.60","0.53","0.60","+","0.14","0.62","499","0.64","100","776.00",
="077196","台灣50國票4C購02","0","0","0","--","--","--","--"," ","0.00","6.00","25","6.10","10","52.50",
="077197","T50正2國票4C購02","6,000","1","27,960","4.66","4.66","4.66","4.66","-","0.21","4.63","25","4.64","10","259.40",
="077198","直得國票4B購01","47,000","5","32,730","0.71","0.81","0.62","0.62","+","0.02","0.61","25","0.62","10","89.20",
="077199","鴻海國票54購01","100,000","1","640,000","6.40","6.40","6.40","6.40","-","0.30","6.35","25","6.50","10","206.00",
="07719P","台灣50元富49售23","0","0","0","--","--","--","--"," ","0.00","0.01","25","0.02","60","0.00",
="077200","台積電國票4A購14","0","0","0","--","--","--","--"," ","0.00","4.54","25","4.64","10","1,160.00",
="077201","台積電國票4B購05","0","0","0","--","--","--","--"," ","0.00","3.70","25","3.80","10","1,160.00",
="077202","台積電國票4C購07","0","0","0","--","--","--","--"," ","0.00","3.78","25","3.87","10","1,160.00",
="077203","台積電國票52購01","0","0","0","--","--","--","--"," ","0.00","3.93","25","3.99","10","1,160.00",
="077204","台積電國票54購03","0","0","0","--","--","--","--"," ","0.00","3.87","25","3.88","10","1,160.00",
="077205","台積電國票57購02","0","0","0","--","--","--","--"," ","0.00","5.50","25","5.55","10","1,160.00",
="077206","順德國票4B購02","232,000","2","190,300","0.85","0.85","0.82","0.82","-","0.06","0.87","25","0.88","10","88.20",
="077207","漢唐國票4B購01","0","0","0","--","--","--","--"," ","0.00","71.50","25","76.50","10","1,190.00",
="077208","偉詮電國票4B購01","0","0","0","--","--","--","--"," ","0.00","0.55","25","0.57","10","49.95",
="077209","凱基金國票4B購01","0","0","0","--","--","--","--"," ","0.00","0.41","25","0.43","10","15.55",
="07720P","台灣50元富49售24","0","0","0","--","--","--","--"," ","0.00","0.01","25","0.10","10","0.00",
="077210","健和興國票4B購01","15,000","2","1,100","0.07","0.08","0.07","0.08"," ","0.00","0.08","25","0.09","10","53.50",
="077211","欣興國票4B購02","8,000","2","125,600","15.70","15.70","15.70","15.70","-","1.50","16.80","25","17.10","10","150.00",
="077212","新唐國票4B購01","0","0","0","--","--","--","--"," ","0.00","0.02","25","0.03","10","61.70",
="077214","崇越國票4C購01","39,000","10","58,710","1.45","1.58","1.45","1.55","+","0.02","1.48","2","1.54","19","294.50",
="077215","崇越國票54購01","2,000","1","3,400","1.70","1.70","1.70","1.70","+","0.03","1.67","25","1.68","10","294.50",
="077216","聯茂國票4B購01","0","0","0","--","--","--","--"," ","0.00","21.90","25","22.90","10","125.00",
="077217","達發國票4C購02","45,000","5","45,400","1.00","1.03","1.00","1.03","-","0.02","1.04","25","1.05","10","556.00",
="077218","惠特國票4B購01","0","0","0","--","--","--","--"," ","0.00","0.01","25","0.11","50","62.30",
="077219","AES國票4A購03","0","0","0","--","--","--","--"," ","0.00","4.87","25","4.98","10","1,350.00",
="07721P","南亞科元富49售05","0","0","0","--","--","--","--"," ","0.00","0.01","25","0.10","10","0.00",
="077220","臺股指國票4A購04","0","0","0","--","--","--","--"," ","0.00","5.00","499","5.05","499","0.00",
="077221","台灣50凱基4A購10","0","0","0","--","--","--","--"," ","0.00","7.70","100","8.20","10","52.50",
="077222","FANG+凱基4B購02","0","0","0","--","--","--","--"," ","0.00","1.57","499","1.58","499","110.85",
="077223","東元凱基4C購01","0","0","0","--","--","--","--"," ","0.00","6.00","50","6.50","10","68.50",
="077224","華新凱基4B購01","94,000","3","57,990","0.62","0.62","0.61","0.61","X","0.00","0.55","10","0.56","10","23.35",
="077225","鴻海凱基4A購09","0","0","0","--","--","--","--"," ","0.00","4.95","100","5.00","10","206.00",
="077226","鴻海凱基64購01","0","0","0","--","--","--","--"," ","0.00","10.00","100","10.10","10","206.00",
="077227","台積電凱基4A購38","0","0","0","--","--","--","--"," ","0.00","6.75","100","6.90","10","1,160.00",
="077228","台積電凱基4A購39","0","0","0","--","--","--","--"," ","0.00","1.62","100","1.66","10","1,160.00",
="077229","華邦電凱基4B購03","0","0","0","--","--","--","--"," ","0.00","0.83","10","0.84","10","19.60",
="07722P","滬深2X元大4C售04","0","0","0","--","--","--","--"," ","0.00","0.16","250","0.17","250","0.00",
="077230","華碩凱基4A購03","46,000","2","63,130","1.38","1.38","1.37","1.37","X","0.00","1.34","10","1.44","10","634.00",
="077231","群光凱基4A購01","0","0","0","--","--","--","--"," ","0.00","--","0","0.10","10","137.00",
="077233","漢唐凱基4A購01","0","0","0","--","--","--","--"," ","0.00","46.60","10","47.60","10","1,190.00",
="077234","南亞科凱基4A購06","80,000","10","89,660","1.15","1.15","1.02","1.02","-","0.19","0.98","100","0.99","10","46.65",
="077235","全新凱基4A購01","76,000","7","120,740","1.45","1.68","1.45","1.68","-","0.06","1.44","100","1.47","10","153.50",
="077236","飛宏凱基51購01","473,000","35","267,580","0.48","0.82","0.48","0.82","X","0.00","0.69","4","0.75","3","26.10",
="077237","義隆凱基4A購01","0","0","0","--","--","--","--"," ","0.00","0.03","100","0.13","10","120.00",
="077239","漢翔凱基51購01","76,000","7","168,500","2.21","2.30","2.17","2.30","+","0.85","2.31","31","--","0","60.00",
="07723P","川湖元大49售09","0","0","0","--","--","--","--"," ","0.00","--","0","0.09","10","0.00",
="077240","信邦凱基4A購03","0","0","0","--","--","--","--"," ","0.00","0.04","10","0.14","10","234.00",
="077245","威健凱基4A購01","0","0","0","--","--","--","--"," ","0.00","0.05","10","0.15","10","28.40",
="077246","新日興凱基4A購02","426,000","23","520,880","1.08","1.85","1.03","1.85","+","0.73","1.55","65","1.65","10","259.00",
="077247","精銳凱基4A購02","0","0","0","--","--","--","--"," ","0.00","0.36","100","0.37","10","776.00",
="077248","達發凱基51購01","0","0","0","--","--","--","--"," ","0.00","0.95","100","0.96","10","556.00",
="077249","緯穎凱基4B購04","0","0","0","--","--","--","--"," ","0.00","5.05","100","5.55","10","2,975.00",
="07724P","華邦電元大49售15","0","0","0","--","--","--","--"," ","0.00","0.11","499","0.12","200","0.00",
="077250","龍德船凱基4B購01","732,000","22","1,042,030","1.33","1.61","1.33","1.33","-","0.11","1.35","10","1.37","10","146.00",
="077251","昇陽半凱基4C購03","152,000","13","190,000","1.11","1.31","1.11","1.26","+","0.04","0.44","22","1.28","10","152.50",
="077252","臺股指凱基4A購20","0","0","0","--","--","--","--"," ","0.00","2.26","10","2.27","10","0.00",
="077253","國企2X元大4C購03","0","0","0","--","--","--","--"," ","0.00","0.55","100","0.56","50","10.70",
="077254","華城元大4B購01","0","0","0","--","--","--","--"," ","0.00","2.10","350","2.14","10","618.00",
="077255","喬山元大4A購01","0","0","0","--","--","--","--"," ","0.00","--","0","0.10","10","146.00",
="077256","台玻元大4A購02","0","0","0","--","--","--","--"," ","0.00","8.00","25","--","0","34.55",
="077257","大成鋼元大4B購06","0","0","0","--","--","--","--"," ","0.00","0.16","499","0.17","10","38.60",
="077258","鴻海元大4B購04","0","0","0","--","--","--","--"," ","0.00","3.02","250","--","0","206.00",
="077259","鴻海元大51購07","0","0","0","--","--","--","--"," ","0.00","2.62","300","2.67","10","206.00",
="07725P","威強電元大49售08","0","0","0","--","--","--","--"," ","0.00","1.10","499","1.20","10","0.00",
="077260","鴻海元大52購01","0","0","0","--","--","--","--"," ","0.00","3.61","200","3.68","10","206.00",
="077261","台積電元大4A購08","0","0","0","--","--","--","--"," ","0.00","--","0","--","0","1,160.00",
="077262","台積電元大4A購09","0","0","0","--","--","--","--"," ","0.00","--","0","--","0","1,160.00",
="077263","台積電元大4A購10","0","0","0","--","--","--","--"," ","0.00","--","0","--","0","1,160.00",
="077264","台積電元大4A購11","0","0","0","--","--","--","--"," ","0.00","--","0","--","0","1,160.00",
="077265","台積電元大4A購12","20,000","2","85,600","4.28","4.28","4.28","4.28","-","0.30","0.56","17","--","0","1,160.00",
="077266","台積電元大54購02","0","0","0","--","--","--","--"," ","0.00","0.21","4","--","0","1,160.00",
="077267","旺宏元大4C購02","422,000","8","145,110","0.35","0.35","0.34","0.34","-","0.04","0.34","499","0.35","10","20.10",
="077268","旺宏元大51購01","0","0","0","--","--","--","--"," ","0.00","0.32","499","0.33","10","20.10",
="077269","智邦元大4A購06","0","0","0","--","--","--","--"," ","0.00","4.93","150","--","0","984.00",
="07726P","臺股指元大49售41","0","0","0","--","--","--","--"," ","0.00","0.03","100","0.13","10","0.00",
="077270","所羅門元大4B購02","9,000","5","9,010","1.14","1.14","0.95","0.95","-","0.17","0.93","499","0.95","10","162.00",
="077271","台光電元大4B購01","0","0","0","--","--","--","--"," ","0.00","--","0","--","0","1,250.00",
="077272","威盛元大4B購02","25,000","1","7,500","0.30","0.30","0.30","0.30","-","0.02","0.28","499","0.29","10","62.00",
="077273","建準元大4A購01","0","0","0","--","--","--","--"," ","0.00","2.92","250","3.02","10","137.00",
="077274","美律元大4A購01","0","0","0","--","--","--","--"," ","0.00","0.14","499","0.15","10","107.50",
="077275","京元電元大4A購03","0","0","0","--","--","--","--"," ","0.00","2.82","300","--","0","142.00",
="077276","長榮元大4C購05","233,000","3","109,380","0.47","0.47","0.44","0.44","-","0.01","0.43","499","0.44","10","188.00",
="077277","長榮元大51購07","0","0","0","--","--","--","--"," ","0.00","0.49","499","0.51","10","188.00",
="077278","亞航元大4A購01","21,000","3","127,400","6.00","6.15","5.90","5.90","+","0.75","5.20","10","5.35","10","62.70",
="077279","漢翔元大4A購02","0","0","0","--","--","--","--"," ","0.00","1.36","125","--","0","60.00",
="07727P","鴻海兆豐53售02","0","0","0","--","--","--","--"," ","0.00","0.59","13","0.60","10","0.00",
="077280","漢翔元大4B購01","3,000","3","5,530","1.81","1.90","1.81","1.82","X","0.00","1.90","6","--","0","60.00",
="077281","漢翔元大4C購05","48,000","6","52,590","0.98","1.15","0.98","1.11","+","0.42","1.15","125","--","0","60.00",
="077282","奇鋐元大4B購04","0","0","0","--","--","--","--"," ","0.00","10.90","50","--","0","1,015.00",
="077283","信邦元大4A購01","253,000","4","73,960","0.28","0.30","0.28","0.30","+","0.02","0.29","499","0.31","10","234.00",
="077284","智原元大4B購03","0","0","0","--","--","--","--"," ","0.00","--","0","0.10","10","158.00",
="077285","健鼎元大4A購01","0","0","0","--","--","--","--"," ","0.00","6.15","100","6.40","10","318.00",
="077286","群創元大4B購02","201,000","10","121,020","0.55","0.70","0.54","0.69","+","0.20","0.68","499","0.69","10","14.15",
="077287","智易元大4A購01","0","0","0","--","--","--","--"," ","0.00","0.13","25","0.14","10","236.00",
="077288","世芯元大4B購05","16,000","2","46,940","2.96","2.96","2.89","2.89","+","0.08","2.69","250","2.71","10","4,000.00",
="077289","材料元大4B購06","0","0","0","--","--","--","--"," ","0.00","0.05","499","0.06","10","67.70",
="07728P","南亞科元富4A售05","0","0","0","--","--","--","--"," ","0.00","0.25","25","0.26","25","0.00",
="077290","崇越元大4A購01","0","0","0","--","--","--","--"," ","0.00","1.02","499","1.07","10","294.50",
="077291","迎廣元大4A購01","0","0","0","--","--","--","--"," ","0.00","0.23","499","0.24","10","94.00",
="077292","達麗元大4A購01","0","0","0","--","--","--","--"," ","0.00","0.24","499","0.25","10","42.20",
="077293","力成元大4A購01","0","0","0","--","--","--","--"," ","0.00","0.26","25","0.27","10","118.50",
="077294","同欣電元大4A購01","766,000","19","303,780","0.42","0.43","0.37","0.37","-","0.02","0.35","504","0.37","10","112.50",
="077295","保瑞元大4A購01","0","0","0","--","--","--","--"," ","0.00","1.67","450","1.71","10","733.00",
="077296","穎崴元大4A購01","246,000","4","128,700","0.51","0.53","0.51","0.53","-","0.03","0.53","1","--","0","1,250.00",
="077297","穎崴元大4C購01","82,000","7","70,740","0.89","0.92","0.84","0.92","+","0.02","0.40","25","--","0","1,250.00",
="077298","穎崴元大51購01","1,170,000","31","886,670","0.79","0.85","0.71","0.84","+","0.01","0.71","25","1.02","50","1,250.00",
="077299","緯穎元大4A購09","0","0","0","--","--","--","--"," ","0.00","2.45","25","--","0","2,975.00",
="07729P","大成鋼國票4A售03","0","0","0","--","--","--","--"," ","0.00","1.28","25","1.31","10","0.00",
="077300","巨大元大4A購01","0","0","0","--","--","--","--"," ","0.00","0.04","499","0.14","10","104.50",
="077301","台灣50群益4A購03","10,000","1","37,700","3.77","3.77","3.77","3.77","-","0.06","--","0","3.76","10","52.50",
="077302","台灣50群益4B購04","0","0","0","--","--","--","--"," ","0.00","9.60","100","9.65","100","52.50",
="077303","台灣50群益4B購05","0","0","0","--","--","--","--"," ","0.00","9.20","100","9.25","100","52.50",
="077304","FBNQ2X群益4A購03","0","0","0","--","--","--","--"," ","0.00","--","0","1.95","10","144.85",
="077305","東元群益4C購01","82,000","8","367,170","4.61","4.61","4.42","4.51","-","0.59","4.52","3","5.50","1","68.50",
="077306","華城群益4A購04","50,000","5","151,300","3.05","3.05","3.02","3.02","+","0.02","2.72","25","2.77","10","618.00",
="077307","大亞群益4A購01","0","0","0","--","--","--","--"," ","0.00","0.30","33","2.02","10","43.00",
="077308","永光群益4B購01","181,000","6","34,810","0.17","0.26","0.17","0.24","+","0.05","0.19","10","0.29","10","18.60",
="077309","潤隆群益4C購01","0","0","0","--","--","--","--"," ","0.00","0.51","10","0.61","10","30.10",
="07730P","台光電國票4A售04","0","0","0","--","--","--","--"," ","0.00","--","0","0.03","431","0.00",
="077310","潤隆群益4C購02","0","0","0","--","--","--","--"," ","0.00","0.16","10","0.26","10","30.10",
="077311","中華群益4C購02","0","0","0","--","--","--","--"," ","0.00","--","0","--","0","58.50",
="077312","鴻海群益4A購06","0","0","0","--","--","--","--"," ","0.00","--","0","7.15","10","206.00",
="077313","台積電群益4A購32","0","0","0","--","--","--","--"," ","0.00","--","0","8.90","10","1,160.00",
="077314","台積電群益4A購33","0","0","0","--","--","--","--"," ","0.00","--","0","6.05","10","1,160.00",
="077315","敬鵬群益4A購01","77,000","7","114,810","1.37","1.91","1.37","1.84","+","0.45","0.56","2","--","0","40.70",
="077316","精元群益4A購02","0","0","0","--","--","--","--"," ","0.00","0.01","10","0.11","10","41.70",
="077317","仲琦群益4A購01","0","0","0","--","--","--","--"," ","0.00","0.15","10","0.25","10","23.80",
="077318","建準群益4C購01","0","0","0","--","--","--","--"," ","0.00","--","0","5.55","10","137.00",
="077319","怡利電群益4A購02","10,000","1","5,900","0.59","0.59","0.59","0.59","X","0.00","0.02","30","0.65","10","53.20",
="07731P","皇昌國票4A售02","0","0","0","--","--","--","--"," ","0.00","0.87","25","0.89","10","0.00",
="077320","京城群益52購01","0","0","0","--","--","--","--"," ","0.00","0.29","25","0.30","10","42.00",
="077321","興富發群益4B購01","0","0","0","--","--","--","--"," ","0.00","0.60","10","0.70","10","41.90",
="077322","興富發群益4C購01","0","0","0","--","--","--","--"," ","0.00","0.40","10","0.50","10","41.90",
="077323","皇昌群益4A購05","0","0","0","--","--","--","--"," ","0.00","--","0","0.25","10","83.50",
="077324","華固群益4C購01","139,000","7","52,880","0.37","0.43","0.37","0.43","X","0.00","0.05","30","--","0","103.00",
="077325","陽明群益4B購02","0","0","0","--","--","--","--"," ","0.00","0.40","10","0.50","10","58.80",
="077326","亞航群益4A購01","0","0","0","--","--","--","--"," ","0.00","6.20","10","6.70","10","62.70",
="077327","美食群益4A購02","0","0","0","--","--","--","--"," ","0.00","--","0","0.22","10","80.80",
="077328","京城銀群益4B購01","5,000","1","4,700","0.94","0.94","0.94","0.94","-","0.01","0.92","10","1.02","10","55.40",
="077329","國票金群益4B購01","0","0","0","--","--","--","--"," ","0.00","0.76","30","2.69","10","15.50",
="07732P","矽力國票4A售01","0","0","0","--","--","--","--"," ","0.00","2.11","25","2.14","10","0.00",
="077330","大立光群益4A購03","0","0","0","--","--","--","--"," ","0.00","1.31","10","1.41","10","2,395.00",
="077331","華立群益4C購01","58,000","1","41,760","0.72","0.72","0.72","0.72","-","0.04","0.72","10","0.82","10","99.40",
="077332","晟銘電群益4A購01","20,000","1","36,400","1.82","1.82","1.82","1.82","+","0.17","1.51","25","1.52","10","133.00",
="077333","奇鋐群益4A購02","0","0","0","--","--","--","--"," ","0.00","--","0","16.40","10","1,015.00",
="077334","聯詠群益4A購02","0","0","0","--","--","--","--"," ","0.00","--","0","--","0","435.00",
="077335","智原群益4B購01","10,000","3","1,420","0.14","0.15","0.14","0.15"," ","0.00","0.14","100","0.15","100","158.00",
="077336","智原群益4B購02","0","0","0","--","--","--","--"," ","0.00","0.05","100","0.06","100","158.00",
="077337","欣興群益4A購04","0","0","0","--","--","--","--"," ","0.00","--","0","--","0","150.00",
="077338","健鼎群益4C購01","10,000","3","105,600","10.60","10.60","10.50","10.50","-","0.80","10.20","25","10.30","10","318.00",
="077339","新日興群益4A購02","613,000","28","1,150,620","1.64","2.29","1.64","2.29","+","0.55","0.44","22","3.21","1","259.00",
="07733P","電子類國票49售04","0","0","0","--","--","--","--"," ","0.00","0.02","499","0.09","86","0.00",
="077340","玉晶光群益4B購01","176,000","10","472,880","2.73","2.88","2.64","2.72","-","0.14","2.76","10","2.86","10","461.50",
="077341","揚明光群益4A購01","0","0","0","--","--","--","--"," ","0.00","0.09","20","0.73","10","59.70",
="077342","嘉澤群益4B購02","331,000","8","188,390","0.54","0.60","0.54","0.60","+","0.03","0.18","55","--","0","1,465.00",
="077343","洋華群益4C購01","5,000","1","3,450","0.69","0.69","0.69","0.69","+","0.05","0.15","66","--","0","55.90",
="077344","貿聯群益4A購01","0","0","0","--","--","--","--"," ","0.00","--","0","14.90","10","981.00",
="077345","上緯控群益4A購01","0","0","0","--","--","--","--"," ","0.00","8.15","10","8.65","10","131.00",
="077346","定穎控群益4A購01","0","0","0","--","--","--","--"," ","0.00","8.75","1","--","0","106.00",
="077347","智伸科群益4C購01","49,000","6","215,300","4.15","5.00","4.15","5.00","+","0.60","2.42","4","--","0","168.50",
="077348","精銳群益4A購04","42,000","2","35,100","0.83","0.91","0.83","0.91","+","0.17","0.88","25","0.89","10","776.00",
="077349","南寶群益4C購01","238,000","43","296,130","1.19","1.42","1.11","1.25","+","0.03","1.24","10","1.34","10","376.00",
="07734P","電子類國票49售05","0","0","0","--","--","--","--"," ","0.00","0.01","499","0.02","499","0.00",
="077350","遠傳群益4B購01","0","0","0","--","--","--","--"," ","0.00","0.06","10","0.16","10","83.50",
="077351","天鈺群益4A購01","20,000","1","4,800","0.24","0.24","0.24","0.24","X","0.00","0.23","5","0.32","10","178.50",
="077352","天鈺群益4B購01","0","0","0","--","--","--","--"," ","0.00","0.20","10","0.30","10","178.50",
="077353","崇越群益4C購01","222,000","8","425,400","1.91","1.95","1.90","1.95","+","0.04","1.87","10","1.97","10","294.50",
="077354","遠雄群益4C購01","0","0","0","--","--","--","--"," ","0.00","--","0","--","0","61.50",
="077355","迎廣群益4A購03","0","0","0","--","--","--","--"," ","0.00","0.27","15","1.25","10","94.00",
="077356","瑞儀群益4A購01","0","0","0","--","--","--","--"," ","0.00","0.08","25","0.09","10","143.00",
="077357","瑞儀群益4B購01","10,000","1","1,200","0.12","0.12","0.12","0.12","X","0.00","0.11","25","0.12","10","143.00",
="077358","元晶群益4A購02","0","0","0","--","--","--","--"," ","0.00","--","0","0.13","10","15.90",
="077359","達發群益54購01","160,000","11","166,750","1.04","1.05","1.02","1.05","+","0.01","1.03","10","1.13","10","556.00",
="07735P","金融類國票49售02","0","0","0","--","--","--","--"," ","0.00","0.16","499","0.17","499","0.00",
="077360","帝寶群益4C購01","0","0","0","--","--","--","--"," ","0.00","0.02","30","--","0","146.00",
="077361","力智群益4A購01","49,000","2","30,380","0.62","0.62","0.62","0.62","-","0.03","0.60","25","0.65","10","188.50",
="077362","AES群益4A購02","18,000","9","67,630","3.49","3.94","3.49","3.86","+","0.58","2.03","4","3.86","10","1,350.00",
="077363","昇陽半群益4A購02","0","0","0","--","--","--","--"," ","0.00","0.74","30","2.34","10","152.50",
="077364","臺股指群益4A購21","0","0","0","--","--","--","--"," ","0.00","4.03","499","4.04","499","0.00",
="077365","臺股指群益54購06","7,000","7","55,150","7.90","7.95","7.80","7.95","-","0.25","7.50","499","7.55","499","0.00",
="077366","臺股指群益54購07","116,000","3","279,840","2.40","2.43","2.40","2.42","-","0.13","2.24","499","2.25","499","0.00",
="077367","鴻海富邦4A購08","0","0","0","--","--","--","--"," ","0.00","3.41","30","3.50","10","0.00",
="077368","台積電富邦4A購07","0","0","0","--","--","--","--"," ","0.00","2.07","30","2.15","10","0.00",
="077369","台積電富邦4B購11","0","0","0","--","--","--","--"," ","0.00","2.36","30","2.43","10","0.00",
="07736P","南亞科統一51售06","267,000","11","72,630","0.28","0.30","0.27","0.30","+","0.02","0.29","10","0.30","14","0.00",
="077370","漢翔富邦4B購01","288,000","10","405,920","1.24","1.47","1.24","1.47","+","0.56","1.47","30","--","0","0.00",
="077371","國泰金富邦4A購01","83,000","2","70,550","0.85","0.85","0.85","0.85","X","0.00","0.80","30","0.82","10","0.00",
="077372","創意富邦4A購06","0","0","0","--","--","--","--"," ","0.00","1.69","30","1.75","10","0.00",
="077373","創意富邦4B購01","9,000","1","18,090","2.01","2.01","2.01","2.01","-","0.14","2.03","40","2.07","10","0.00",
="077374","滬深2X中信4A購02","0","0","0","--","--","--","--"," ","0.00","0.65","499","0.66","100","0.00",
="077375","大亞中信4B購01","467,000","27","358,070","0.74","0.83","0.71","0.79","+","0.04","0.74","10","0.75","10","0.00",
="077376","國泰金中信4A購01","0","0","0","--","--","--","--"," ","0.00","0.06","10","0.07","10","0.00",
="077377","創意中信4B購01","30,000","4","54,200","1.76","1.85","1.76","1.85","-","0.08","1.75","10","1.77","10","0.00",
="077378","保瑞中信4A購01","10,000","1","14,000","1.40","1.40","1.40","1.40","-","0.11","1.40","499","1.42","10","0.00",
="077379","晶心科中信4A購01","0","0","0","--","--","--","--"," ","0.00","0.09","499","0.10","10","0.00",
="07737P","華邦電中信49售05","0","0","0","--","--","--","--"," ","0.00","0.58","499","0.60","10","0.00",
="077380","台灣50永豐51購02","0","0","0","--","--","--","--"," ","0.00","39.90","499","40.40","10","52.50",
="077381","永光永豐4B購01","540,000","32","318,240","0.49","0.66","0.49","0.53","+","0.03","0.53","40","0.54","10","18.60",
="077382","鴻海永豐4A購08","0","0","0","--","--","--","--"," ","0.00","4.55","499","--","0","206.00",
="077383","台積電永豐57購01","0","0","0","--","--","--","--"," ","0.00","2.96","499","3.06","10","1,160.00",
="077384","台驊控永豐4B購01","0","0","0","--","--","--","--"," ","0.00","0.87","499","0.88","10","72.00",
="077385","潤泰全永豐4B購01","0","0","0","--","--","--","--"," ","0.00","0.20","10","0.22","10","53.60",
="077386","大立光永豐4A購01","0","0","0","--","--","--","--"," ","0.00","0.39","10","0.43","10","2,395.00",
="077387","晟銘電永豐4B購01","32,000","4","64,280","2.00","2.07","1.86","1.86","+","0.06","1.68","10","1.70","10","133.00",
="077388","奇鋐永豐4A購05","0","0","0","--","--","--","--"," ","0.00","18.10","499","18.60","10","1,015.00",
="077389","欣興永豐4A購01","0","0","0","--","--","--","--"," ","0.00","6.25","10","--","0","150.00",
="07738P","南亞科中信49售04","0","0","0","--","--","--","--"," ","0.00","0.03","10","0.04","10","0.00",
="077390","明泰永豐4B購01","0","0","0","--","--","--","--"," ","0.00","0.18","499","0.21","10","28.45",
="077391","乙盛永豐4B購01","35,000","10","221,950","6.00","7.00","6.00","7.00","+","2.11","6.20","10","6.50","10","81.40",
="077392","遠雄永豐51購01","0","0","0","--","--","--","--"," ","0.00","0.48","499","0.49","10","61.50",
="077393","晶碩永豐4C購01","82,000","7","53,280","0.65","0.66","0.64","0.65","+","0.05","0.65","8","0.66","10","322.00",
="077394","緯穎永豐4A購01","0","0","0","--","--","--","--"," ","0.00","5.15","499","--","0","2,975.00",
="077395","緯穎永豐4A購02","0","0","0","--","--","--","--"," ","0.00","5.20","499","--","0","2,975.00",
="077396","達方永豐4B購01","0","0","0","--","--","--","--"," ","0.00","0.29","499","0.30","10","36.10",
="077397","臺股指永豐53購02","10,000","7","34,190","3.46","3.46","3.38","3.38","-","0.14","3.33","499","3.34","10","0.00",
="077398","喬山統一54購01","0","0","0","--","--","--","--"," ","0.00","0.16","10","0.17","10","146.00",
="077399","旺宏統一54購01","0","0","0","--","--","--","--"," ","0.00","0.74","10","0.76","10","20.10",
="07739P","T50正2永豐4B售01","0","0","0","--","--","--","--"," ","0.00","0.16","60","0.17","10","0.00",
="077400","藍天統一54購01","0","0","0","--","--","--","--"," ","0.00","0.43","10","0.44","10","41.95",
="077401","明泰統一54購01","17,000","2","12,750","0.75","0.75","0.75","0.75"," ","0.00","0.74","10","0.75","10","28.45",
="077402","智伸科統一54購03","0","0","0","--","--","--","--"," ","0.00","1.80","10","1.83","10","168.50",
="077403","達麗統一54購01","0","0","0","--","--","--","--"," ","0.00","0.57","10","0.58","10","42.20",
="077404","台灣50台新4A購02","0","0","0","--","--","--","--"," ","0.00","6.50","20","6.55","10","0.00",
="077405","台灣50台新4B購01","0","0","0","--","--","--","--"," ","0.00","20.80","10","21.80","10","0.00",
="077406","川湖台新4A購01","0","0","0","--","--","--","--"," ","0.00","4.52","10","--","0","0.00",
="077407","台達電台新4A購01","0","0","0","--","--","--","--"," ","0.00","16.40","20","--","0","0.00",
="077408","鴻海台新4A購01","0","0","0","--","--","--","--"," ","0.00","6.90","20","6.95","10","0.00",
="077409","鴻海台新4A購02","0","0","0","--","--","--","--"," ","0.00","27.20","10","--","0","0.00",
="07740P","臺股指永豐4C售01","0","0","0","--","--","--","--"," ","0.00","0.40","499","0.41","10","0.00",
="077410","台灣50凱基4A購11","0","0","0","--","--","--","--"," ","0.00","4.30","100","4.40","10","52.50",
="077411","台灣50凱基54購01","4,000","2","31,000","7.75","7.75","7.75","7.75","-","0.50","7.75","100","7.80","50","52.50",
="077412","直得凱基54購01","71,000","15","65,690","0.90","0.99","0.90","0.93","+","0.07","0.88","100","0.89","10","89.20",
="077413","鴻海凱基64購02","0","0","0","--","--","--","--"," ","0.00","4.04","2","--","0","206.00",
="077414","台積電凱基64購02","7,000","5","40,950","5.85","5.90","5.75","5.75","X","0.00","5.65","100","5.70","10","1,160.00",
="077415","台積電凱基64購03","0","0","0","--","--","--","--"," ","0.00","5.90","100","5.95","10","1,160.00",
="077416","旺宏凱基4A購02","0","0","0","--","--","--","--"," ","0.00","0.03","10","0.13","10","20.10",
="077417","京元電凱基4A購02","0","0","0","--","--","--","--"," ","0.00","3.55","100","3.65","10","142.00",
="077418","一詮凱基51購02","0","0","0","--","--","--","--"," ","0.00","0.33","100","0.34","50","80.20",
="077419","京城凱基54購01","0","0","0","--","--","--","--"," ","0.00","0.57","10","0.67","10","42.00",
="07741P","臺股指永豐4C售02","25,000","2","9,050","0.36","0.37","0.36","0.37","X","0.00","0.36","10","0.37","10","0.00",
="077420","興富發凱基51購01","30,000","1","14,400","0.48","0.48","0.48","0.48","-","0.02","0.49","10","0.50","30","41.90",
="077421","皇昌凱基4C購01","18,000","2","12,620","0.71","0.71","0.55","0.55","X","0.00","0.50","10","0.51","30","83.50",
="077422","漢翔凱基4C購01","92,000","5","221,530","2.36","2.45","2.36","2.45","+","0.78","2.56","290","--","0","60.00",
="077423","美食凱基4B購01","0","0","0","--","--","--","--"," ","0.00","0.21","10","0.22","50","80.80",
="077424","京城銀凱基4C購01","19,000","2","30,020","1.58","1.58","1.58","1.58","-","0.03","1.56","100","1.58","10","55.40",
="077425","國票金凱基4C購01","67,000","5","151,910","2.22","2.29","2.22","2.22","+","0.01","2.11","10","2.15","10","15.50",
="077426","健和興凱基4C購01","0","0","0","--","--","--","--"," ","0.00","1.13","10","1.23","10","53.50",
="077427","華立凱基51購01","12,000","1","15,480","1.29","1.29","1.29","1.29","-","0.01","1.26","10","1.27","10","99.40",
="077428","威強電凱基4B購02","0","0","0","--","--","--","--"," ","0.00","0.04","10","0.14","10","70.90",
="077429","智易凱基4A購01","36,000","1","43,560","1.21","1.21","1.21","1.21","-","0.35","1.07","10","1.17","10","236.00",
="07742P","華邦電凱基49售07","0","0","0","--","--","--","--"," ","0.00","0.72","10","0.82","10","0.00",
="077430","材料凱基51購04","0","0","0","--","--","--","--"," ","0.00","0.10","100","0.20","10","67.70",
="077431","遠傳凱基4C購01","0","0","0","--","--","--","--"," ","0.00","0.29","10","0.30","30","83.50",
="077432","崇越凱基54購01","37,000","4","75,860","2.04","2.08","2.03","2.08","+","0.04","2.02","10","2.03","10","294.50",
="077433","遠雄凱基51購01","0","0","0","--","--","--","--"," ","0.00","0.44","10","0.54","10","61.50",
="077434","瑞儀凱基4C購01","33,000","2","14,880","0.46","0.46","0.45","0.45","+","0.02","0.41","100","0.42","10","143.00",
="077435","訊芯凱基4B購01","1,000","1","460","0.46","0.46","0.46","0.46","X","0.00","0.46","9","0.47","10","165.00",
="077436","帝寶凱基51購01","0","0","0","--","--","--","--"," ","0.00","0.55","10","0.57","10","146.00",
="077437","臺股指凱基4A購21","0","0","0","--","--","--","--"," ","0.00","3.87","100","3.88","10","0.00",
="077438","臺股指凱基54購03","0","0","0","--","--","--","--"," ","0.00","3.07","10","3.08","10","0.00",
="077439","台灣50群益4A購04","0","0","0","--","--","--","--"," ","0.00","8.65","25","8.70","10","52.50",
="07743P","華碩凱基49售02","0","0","0","--","--","--","--"," ","0.00","0.12","10","0.22","10","0.00",
="077440","滬深2X群益4C購03","0","0","0","--","--","--","--"," ","0.00","0.21","4","--","0","18.32",
="077441","國企2X群益52購01","100,000","1","104,000","1.04","1.04","1.04","1.04","-","0.24","1.00","25","1.01","10","10.70",
="077442","華城群益4A購05","0","0","0","--","--","--","--"," ","0.00","--","0","12.10","10","618.00",
="077443","大亞群益4A購02","0","0","0","--","--","--","--"," ","0.00","1.79","499","1.89","10","43.00",
="077444","喬山群益4A購01","0","0","0","--","--","--","--"," ","0.00","--","0","--","0","146.00",
="077445","正新群益51購01","0","0","0","--","--","--","--"," ","0.00","0.46","25","0.47","10","38.10",
="077446","鴻海群益4A購07","0","0","0","--","--","--","--"," ","0.00","--","0","4.43","10","206.00",
="077447","鴻海群益4A購08","0","0","0","--","--","--","--"," ","0.00","--","0","5.85","10","206.00",
="077448","台積電群益4A購34","0","0","0","--","--","--","--"," ","0.00","--","0","4.63","10","1,160.00",
="077449","台積電群益4A購35","0","0","0","--","--","--","--"," ","0.00","--","0","8.75","10","1,160.00",
="07744P","創意凱基4A售04","0","0","0","--","--","--","--"," ","0.00","0.23","100","0.24","10","0.00",
="077450","台積電群益4A購36","0","0","0","--","--","--","--"," ","0.00","--","0","8.50","10","1,160.00",
="077451","鴻準群益4A購03","50,000","6","111,500","2.23","2.24","2.22","2.22","-","0.06","1.20","8","2.29","10","71.70",
="077452","華碩群益4A購02","108,000","3","132,170","1.23","1.24","1.22","1.24","-","0.05","0.17","58","--","0","634.00",
="077453","金像電群益4A購01","0","0","0","--","--","--","--"," ","0.00","13.70","37","14.70","10","486.00",
="077454","台光電群益4A購01","0","0","0","--","--","--","--"," ","0.00","--","0","41.20","10","1,250.00",
="077455","群光群益4A購02","0","0","0","--","--","--","--"," ","0.00","--","0","--","0","137.00",
="077456","輔信群益4A購01","40,000","3","22,250","0.58","0.58","0.54","0.54","X","0.00","0.55","5","0.61","10","19.30",
="077457","南亞科群益4A購05","0","0","0","--","--","--","--"," ","0.00","--","0","2.42","10","46.65",
="077458","友達群益4B購02","20,000","2","8,500","0.41","0.44","0.41","0.44","+","0.02","0.10","100","--","0","13.05",
="077459","聯發科群益4A購04","0","0","0","--","--","--","--"," ","0.00","0.16","10","1.16","10","1,385.00",
="07745P","振樺電凱基49售03","0","0","0","--","--","--","--"," ","0.00","1.05","10","1.15","10","0.00",
="077462","聯發科群益4A購05","0","0","0","--","--","--","--"," ","0.00","0.31","5","2.73","5","1,385.00",
="077463","義隆群益4B購01","42,000","2","13,120","0.31","0.32","0.31","0.32","-","0.01","0.12","83","--","0","120.00",
="077464","亞航群益4A購02","0","0","0","--","--","--","--"," ","0.00","8.00","10","8.50","10","62.70",
="077465","漢翔群益4A購04","4,000","2","18,340","4.50","4.67","4.50","4.67","+","1.52","4.73","10","--","0","60.00",
="077466","奇鋐群益4A購03","0","0","0","--","--","--","--"," ","0.00","--","0","--","0","1,015.00",
="077467","威強電群益4A購02","0","0","0","--","--","--","--"," ","0.00","--","0","0.22","10","70.90",
="077468","群創群益4A購03","250,000","5","53,900","0.16","0.26","0.16","0.21","+","0.08","0.24","25","0.25","10","14.15",
="077469","嘉澤群益4A購03","10,000","1","7,000","0.70","0.70","0.70","0.70","X","0.00","0.16","30","0.89","10","1,465.00",
="07746P","群臺2X群益49售02","0","0","0","--","--","--","--"," ","0.00","0.01","25","0.05","10","0.00",
="077470","大聯大群益4B購01","34,000","2","45,780","1.34","1.35","1.34","1.35","+","0.07","0.33","30","1.31","1","67.00",
="077471","神達群益4A購01","0","0","0","--","--","--","--"," ","0.00","--","0","--","0","95.90",
="077472","精銳群益4A購05","119,000","7","169,140","1.37","1.47","1.25","1.47","+","0.16","1.42","25","1.45","10","776.00",
="077474","達興群益4A購02","0","0","0","--","--","--","--"," ","0.00","6.15","2","--","0","387.00",
="077475","康舒群益4A購01","126,000","10","112,470","0.85","0.93","0.85","0.93","+","0.05","0.91","10","1.01","10","29.10",
="077476","訊芯群益4B購03","306,000","8","184,270","0.61","0.62","0.59","0.59","-","0.11","0.57","25","0.58","10","165.00",
="077477","穎崴群益4A購02","0","0","0","--","--","--","--"," ","0.00","0.87","30","2.78","10","1,250.00",
="077478","緯穎群益4A購06","0","0","0","--","--","--","--"," ","0.00","--","0","4.20","10","2,975.00",
="077479","惠特群益4C購01","0","0","0","--","--","--","--"," ","0.00","0.37","28","0.53","20","62.30",
="07747P","大成鋼群益49售05","0","0","0","--","--","--","--"," ","0.00","1.03","499","1.13","10","0.00",
="077480","嘉基群益51購01","0","0","0","--","--","--","--"," ","0.00","0.88","25","0.94","10","110.50",
="077481","昇陽半群益4A購03","152,000","17","305,260","1.84","2.11","1.80","1.99","+","0.04","0.40","25","--","0","152.50",
="077482","世紀鋼群益4A購02","0","0","0","--","--","--","--"," ","0.00","--","0","3.66","10","188.00",
="077483","臺股指群益4A購22","5,000","1","10,900","2.18","2.18","2.18","2.18","-","0.04","2.11","499","2.12","100","0.00",
="077484","臺股指群益4A購23","0","0","0","--","--","--","--"," ","0.00","1.89","499","1.90","100","0.00",
="077485","台灣50元富4A購03","0","0","0","--","--","--","--"," ","0.00","6.45","25","6.65","25","52.50",
="077486","台灣50元富4A購04","0","0","0","--","--","--","--"," ","0.00","7.40","25","7.70","25","52.50",
="077487","台灣50元富4A購05","0","0","0","--","--","--","--"," ","0.00","9.90","25","10.10","25","52.50",
="077488","滬深2X元富54購01","5,000","2","16,820","3.34","3.37","3.34","3.37","-","0.34","3.11","25","3.21","10","18.32",
="077489","鴻海元富4A購06","0","0","0","--","--","--","--"," ","0.00","6.50","25","6.65","25","206.00",
="07748P","威強電群益51售02","0","0","0","--","--","--","--"," ","0.00","--","0","--","0","0.00",
="077490","鴻海元富4A購07","0","0","0","--","--","--","--"," ","0.00","8.95","25","9.20","25","206.00",
="077491","台積電元富4A購23","0","0","0","--","--","--","--"," ","0.00","24.50","25","25.50","10","1,160.00",
="077492","台積電元富54購01","0","0","0","--","--","--","--"," ","0.00","3.39","25","3.49","10","1,160.00",
="077493","台積電元富64購01","0","0","0","--","--","--","--"," ","0.00","1.96","25","2.02","20","1,160.00",
="077494","旺宏元富4A購02","1,495,000","3","732,550","0.49","0.49","0.49","0.49","-","0.12","0.50","25","0.51","25","20.10",
="077495","凱美元富4A購01","43,000","4","53,790","1.26","1.26","1.19","1.24","-","0.08","1.19","25","1.29","10","59.60",
="077496","凱美元富4A購02","0","0","0","--","--","--","--"," ","0.00","0.39","25","0.40","25","59.60",
="077497","緯創元富4A購02","0","0","0","--","--","--","--"," ","0.00","2.35","25","2.41","25","115.00",
="077498","昇貿元富4A購02","0","0","0","--","--","--","--"," ","0.00","9.55","25","--","0","129.00",
="077499","昇貿元富4A購03","0","0","0","--","--","--","--"," ","0.00","10.90","25","--","0","129.00",
="07749P","臺股指群益49售31","0","0","0","--","--","--","--"," ","0.00","--","0","--","0","0.00",
="077501","創意元富4A購01","0","0","0","--","--","--","--"," ","0.00","--","0","--","0","1,350.00",
="077502","創意元富54購01","24,000","2","280,700","11.60","11.70","11.60","11.70","X","0.00","8.00","2","--","0","1,350.00",
="077503","神達元富4A購01","0","0","0","--","--","--","--"," ","0.00","6.30","25","--","0","95.90",
="077504","保瑞元富4A購03","0","0","0","--","--","--","--"," ","0.00","4.00","25","4.10","25","733.00",
="077505","緯穎元富4A購04","0","0","0","--","--","--","--"," ","0.00","6.25","25","6.75","10","2,975.00",
="077506","AES元富4A購01","0","0","0","--","--","--","--"," ","0.00","7.05","25","7.20","25","1,350.00",
="077507","AES元富4A購02","0","0","0","--","--","--","--"," ","0.00","5.60","25","5.80","25","1,350.00",
="077508","上証2X國票4B購02","100,000","1","263,000","2.63","2.63","2.63","2.63","X","0.00","2.50","25","2.51","10","45.30",
="077509","國企2X國票51購01","0","0","0","--","--","--","--"," ","0.00","0.59","25","0.60","10","10.70",
="07750P","臺股指群益49售32","0","0","0","--","--","--","--"," ","0.00","--","0","--","0","0.00",
="077510","南僑國票51購01","0","0","0","--","--","--","--"," ","0.00","0.75","25","0.76","10","39.55",
="077511","正新國票4C購01","0","0","0","--","--","--","--"," ","0.00","0.11","25","0.12","10","38.10",
="077512","正新國票52購01","0","0","0","--","--","--","--"," ","0.00","0.21","25","0.22","10","38.10",
="077513","藍天國票51購01","0","0","0","--","--","--","--"," ","0.00","1.67","25","1.69","10","41.95",
="077514","新巨國票51購01","89,000","5","76,120","0.80","0.88","0.80","0.88","+","0.03","0.88","25","0.89","10","56.90",
="077515","興富發國票4C購01","7,000","7","6,160","0.88","0.88","0.88","0.88","-","0.01","0.92","25","0.93","10","41.90",
="077516","華固國票51購01","1,233,000","6","747,130","0.54","0.65","0.54","0.65","X","0.00","0.64","25","0.65","10","103.00",
="077517","潤泰全國票4C購01","0","0","0","--","--","--","--"," ","0.00","1.24","25","1.25","10","53.60",
="077518","明泰國票51購01","1,000","1","1,280","1.28","1.28","1.28","1.28","-","0.01","1.25","25","1.26","10","28.45",
="077519","揚明光國票4C購01","308,000","4","851,060","2.92","2.92","2.72","2.76","-","0.19","2.76","25","2.78","10","59.70",
="07751P","臺股指群益49售33","0","0","0","--","--","--","--"," ","0.00","0.02","499","--","0","0.00",
="077520","揚明光國票51購01","5,000","1","10,900","2.18","2.18","2.18","2.18","X","0.00","2.22","25","2.23","10","59.70",
="077521","TPK國票4C購01","80,000","14","247,280","2.95","3.30","2.95","3.13","+","0.21","3.13","25","3.16","10","41.20",
="077522","大聯大國票51購01","2,000","1","5,060","2.53","2.53","2.53","2.53","+","0.09","2.48","25","2.50","10","67.00",
="077523","大銀國票4B購01","0","0","0","--","--","--","--"," ","0.00","1.14","25","1.15","10","126.00",
="077524","和碩國票4C購01","0","0","0","--","--","--","--"," ","0.00","0.45","25","0.46","10","70.60",
="077525","和碩國票52購01","0","0","0","--","--","--","--"," ","0.00","0.88","25","0.89","10","70.60",
="077526","遠雄國票4C購01","30,000","1","21,600","0.72","0.72","0.72","0.72","+","0.05","0.73","25","0.74","10","61.50",
="077527","瑞儀國票4C購01","333,000","9","253,490","0.75","0.79","0.73","0.73","-","0.01","0.72","25","0.73","10","143.00",
="077528","瑞儀國票52購01","82,000","5","38,940","0.50","0.50","0.46","0.46","-","0.01","0.45","55","0.47","10","143.00",
="077529","康舒國票4C購01","10,000","1","12,700","1.27","1.27","1.27","1.27","+","0.09","1.26","25","1.28","10","29.10",
="07752P","臺股指群益49售34","0","0","0","--","--","--","--"," ","0.00","0.16","499","0.17","499","0.00",
="077530","元晶國票51購01","12,000","3","14,730","1.25","1.25","1.20","1.20","-","0.01","1.17","25","1.19","10","15.90",
="077531","元晶國票54購01","0","0","0","--","--","--","--"," ","0.00","1.05","25","1.07","10","15.90",
="077532","晶碩國票4B購01","70,000","6","61,700","0.89","0.89","0.86","0.88","+","0.07","0.87","25","0.89","10","322.00",
="077533","晶碩國票51購01","401,000","7","352,280","0.86","0.89","0.86","0.86","+","0.05","0.86","25","0.87","10","322.00",
="077534","惠特國票51購01","50,000","5","37,590","0.76","0.79","0.75","0.78","-","0.01","0.76","25","0.77","10","62.30",
="077535","嘉基國票51購01","0","0","0","--","--","--","--"," ","0.00","0.42","25","0.45","10","110.50",
="077536","龍德船國票4C購01","342,000","26","692,020","2.01","2.21","1.90","1.94","-","0.07","1.93","25","1.94","10","146.00",
="077537","龍德船國票51購01","6,000","4","13,240","2.05","2.32","2.05","2.32","+","0.08","2.07","25","2.10","10","146.00",
="077538","至上國票51購01","10,000","1","7,300","0.73","0.73","0.73","0.73","+","0.03","0.72","25","0.73","10","44.35",
="077539","達方國票51購01","0","0","0","--","--","--","--"," ","0.00","0.94","25","0.96","10","36.10",
="07753P","電子類群益49售02","0","0","0","--","--","--","--"," ","0.00","--","0","--","0","0.00",
="077540","欣巴巴國票51購01","0","0","0","--","--","--","--"," ","0.00","0.17","25","0.18","10","70.70",
="077541","台灣50元大4A購08","0","0","0","--","--","--","--"," ","0.00","3.24","300","3.34","10","52.50",
="077542","台灣50元大51購03","359,000","4","742,770","2.07","2.07","2.04","2.04","-","0.28","2.02","400","2.12","10","52.50",
="077543","T50反1元大4A購04","0","0","0","--","--","--","--"," ","0.00","--","0","0.10","10","19.79",
="077544","T50反1元大4B購02","0","0","0","--","--","--","--"," ","0.00","0.02","100","0.12","10","19.79",
="077545","T50反1元大4B購03","100,000","1","9,000","0.09","0.09","0.09","0.09","X","0.00","0.08","100","0.18","10","19.79",
="077546","T50反1元大4C購04","0","0","0","--","--","--","--"," ","0.00","0.03","100","0.13","10","19.79",
="077547","滬深2X元大53購02","0","0","0","--","--","--","--"," ","0.00","1.89","499","1.90","250","18.32",
="077548","臺指反元大52購01","0","0","0","--","--","--","--"," ","0.00","0.08","100","0.18","10","3.20",
="077549","華新元大52購01","52,000","4","96,840","1.83","1.97","1.83","1.97","+","0.04","1.86","400","1.88","10","23.35",
="07754P","FBNQ2X元大4A售03","0","0","0","--","--","--","--"," ","0.00","0.03","100","0.13","10","0.00",
="077550","華新元大54購01","153,000","6","333,930","2.14","2.24","2.13","2.24","+","0.01","2.16","350","2.18","10","23.35",
="077551","喬山元大4A購02","0","0","0","--","--","--","--"," ","0.00","0.01","499","0.11","10","146.00",
="077552","喬山元大4A購03","0","0","0","--","--","--","--"," ","0.00","0.01","499","0.11","10","146.00",
="077553","鴻海元大4A購09","0","0","0","--","--","--","--"," ","0.00","4.01","200","--","0","206.00",
="077554","鴻海元大4A購10","0","0","0","--","--","--","--"," ","0.00","4.97","150","--","0","206.00",
="077555","鴻海元大4A購11","0","0","0","--","--","--","--"," ","0.00","4.23","150","--","0","206.00",
="077556","鴻海元大4B購05","0","0","0","--","--","--","--"," ","0.00","4.10","200","4.18","10","206.00",
="077558","鴻海元大4C購05","0","0","0","--","--","--","--"," ","0.00","2.96","250","3.01","10","206.00",
="077559","鴻海元大52購02","0","0","0","--","--","--","--"," ","0.00","3.35","200","3.41","10","206.00",
="07755P","FBNQ2X元大4C售02","0","0","0","--","--","--","--"," ","0.00","0.14","10","0.18","10","0.00",
="077560","台積電元大4A購16","0","0","0","--","--","--","--"," ","0.00","--","0","--","0","1,160.00",
="077561","台積電元大4A購17","0","0","0","--","--","--","--"," ","0.00","--","0","--","0","1,160.00",
="077562","台積電元大4A購18","0","0","0","--","--","--","--"," ","0.00","--","0","--","0","1,160.00",
="077563","台積電元大4A購19","0","0","0","--","--","--","--"," ","0.00","--","0","--","0","1,160.00",
="077564","台積電元大4C購12","0","0","0","--","--","--","--"," ","0.00","--","0","--","0","1,160.00",
="077565","台積電元大51購23","0","0","0","--","--","--","--"," ","0.00","--","0","--","0","1,160.00",
="077567","友訊元大4A購02","195,000","2","92,600","0.48","0.48","0.47","0.47","-","0.02","0.48","499","0.49","10","18.05",
="077568","所羅門元大4C購03","48,000","5","73,840","1.54","1.65","1.44","1.46","-","0.15","1.42","499","1.46","10","162.00",
="077569","所羅門元大51購02","160,000","18","264,410","1.70","1.70","1.55","1.56","-","0.14","1.53","450","1.56","10","162.00",
="07756P","美費半元大4A售02","0","0","0","--","--","--","--"," ","0.00","0.55","100","0.56","50","0.00",
="077574","台光電元大4B購02","0","0","0","--","--","--","--"," ","0.00","--","0","--","0","1,250.00",
="077575","京元電元大4A購04","0","0","0","--","--","--","--"," ","0.00","8.05","100","8.35","10","142.00",
="077576","京元電元大4A購05","0","0","0","--","--","--","--"," ","0.00","6.50","100","--","0","142.00",
="077579","聯發科元大4B購06","0","0","0","--","--","--","--"," ","0.00","--","0","--","0","1,385.00",
="07757P","川湖元大49售10","0","0","0","--","--","--","--"," ","0.00","--","0","0.10","10","0.00",
="077580","聯發科元大4B購07","0","0","0","--","--","--","--"," ","0.00","0.56","10","--","0","1,385.00",
="077581","聯發科元大52購02","40,000","1","46,000","1.15","1.15","1.15","1.15","X","0.00","0.08","57","--","0","1,385.00",
="077582","義隆元大4A購01","0","0","0","--","--","--","--"," ","0.00","0.18","25","0.19","10","120.00",
="077583","一詮元大4C購02","0","0","0","--","--","--","--"," ","0.00","0.45","499","0.46","10","80.20",
="077584","長榮元大4A購04","0","0","0","--","--","--","--"," ","0.00","0.29","499","0.31","10","188.00",
="077585","長榮元大51購08","227,000","2","245,620","1.11","1.11","1.06","1.06","+","0.04","0.98","499","1.01","10","188.00",
="077586","奇鋐元大4A購02","0","0","0","--","--","--","--"," ","0.00","--","0","--","0","1,015.00",
="077587","奇鋐元大4A購03","0","0","0","--","--","--","--"," ","0.00","--","0","--","0","1,015.00",
="077588","奇鋐元大51購03","0","0","0","--","--","--","--"," ","0.00","--","0","--","0","1,015.00",
="07758P","聯電元大49售05","0","0","0","--","--","--","--"," ","0.00","0.97","499","0.98","200","0.00",
="077590","智原元大4B購04","0","0","0","--","--","--","--"," ","0.00","0.03","499","0.13","10","158.00",
="077591","智原元大4B購05","0","0","0","--","--","--","--"," ","0.00","0.12","499","0.13","10","158.00",
="077592","智原元大4C購02","99,000","4","22,470","0.22","0.23","0.22","0.23","+","0.01","0.22","499","0.23","10","158.00",
="077593","智原元大51購05","248,000","5","124,200","0.49","0.51","0.49","0.50","+","0.02","0.49","499","0.50","10","158.00",
="077594","欣興元大4B購08","0","0","0","--","--","--","--"," ","0.00","3.53","200","--","0","150.00",
="077595","欣興元大51購02","0","0","0","--","--","--","--"," ","0.00","6.10","100","6.30","10","150.00",
="077596","欣興元大52購01","16,000","6","108,350","6.75","7.15","6.40","7.05","+","0.05","6.75","100","6.85","10","150.00",
="077597","材料元大4A購02","0","0","0","--","--","--","--"," ","0.00","0.13","499","0.14","10","67.70",
="077598","崇越元大4A購02","0","0","0","--","--","--","--"," ","0.00","1.26","499","1.30","10","294.50",
="077599","保瑞元大4A購02","0","0","0","--","--","--","--"," ","0.00","3.83","200","3.93","10","733.00",
="07759P","智邦元大49售06","0","0","0","--","--","--","--"," ","0.00","--","0","0.10","10","0.00",
="077600","保瑞元大4C購02","0","0","0","--","--","--","--"," ","0.00","3.91","200","4.00","10","733.00",
="077601","保瑞元大51購01","61,000","5","197,250","3.22","3.33","3.20","3.33","-","0.02","3.22","250","3.27","10","733.00",
="077602","穎崴元大4B購02","48,000","3","59,200","1.22","1.24","1.22","1.24","-","0.06","0.68","29","--","0","1,250.00",
="077603","穎崴元大4C購02","266,000","16","294,480","1.15","1.23","1.04","1.23","+","0.06","0.42","47","1.87","10","1,250.00",
="077604","AES元大4A購01","5,000","1","16,200","3.24","3.24","3.24","3.24","X","0.00","3.31","250","--","0","1,350.00",
="077605","臺股指元大4A購24","0","0","0","--","--","--","--"," ","0.00","2.76","499","2.86","10","0.00",
="077606","臺股指元大4C購14","0","0","0","--","--","--","--"," ","0.00","2.45","100","2.55","10","0.00",
="077607","中興電兆豐54購01","128,000","11","245,410","1.91","1.93","1.89","1.92","+","0.08","1.92","10","1.93","10","167.00",
="077608","星宇第一4A購01","0","0","0","--","--","--","--"," ","0.00","0.43","10","0.45","10","0.00",
="077609","虎航第一4A購01","0","0","0","--","--","--","--"," ","0.00","0.30","10","0.31","10","0.00",
="07760P","南亞科元大49售11","0","0","0","--","--","--","--"," ","0.00","0.17","499","0.18","200","0.00",
="077611","連加第一4A購01","0","0","0","--","--","--","--"," ","0.00","0.44","10","0.46","10","0.00",
="077612","奇鋐台新4A購01","0","0","0","--","--","--","--"," ","0.00","--","0","--","0","0.00",
="077613","世紀鋼台新4A購01","39,000","1","80,340","2.06","2.06","2.06","2.06","-","0.14","1.97","20","1.98","10","0.00",
="077614","士電富邦4A購01","1,000","1","1,740","1.74","1.74","1.74","1.74","X","0.00","1.76","30","1.82","10","0.00",
="077615","華城富邦4B購04","0","0","0","--","--","--","--"," ","0.00","2.61","10","2.71","10","0.00",
="077616","星宇富邦4A購01","0","0","0","--","--","--","--"," ","0.00","0.33","30","0.34","10","0.00",
="077617","星宇富邦4C購01","110,000","3","50,500","0.46","0.46","0.45","0.46","-","0.01","0.45","30","0.46","10","0.00",
="077618","奇鋐富邦4B購05","0","0","0","--","--","--","--"," ","0.00","5.35","10","5.85","10","0.00",
="077619","嘉澤富邦4B購02","0","0","0","--","--","--","--"," ","0.00","1.04","10","1.14","10","0.00",
="07761P","富邦金元大49售03","0","0","0","--","--","--","--"," ","0.00","0.44","499","0.45","200","0.00",
="077620","上品富邦4A購01","93,000","2","28,020","0.30","0.31","0.30","0.31","-","0.03","0.30","30","0.31","28","0.00",
="077621","亞翔富邦4A購03","0","0","0","--","--","--","--"," ","0.00","3.03","30","3.07","10","0.00",
="077622","保瑞富邦4B購02","0","0","0","--","--","--","--"," ","0.00","2.14","10","2.24","10","0.00",
="077623","虎航富邦4A購01","0","0","0","--","--","--","--"," ","0.00","0.19","30","0.20","16","0.00",
="077624","虎航富邦4C購01","233,000","5","72,530","0.31","0.32","0.31","0.31","X","0.00","0.31","30","0.32","10","0.00",
="077625","ITH富邦4C購01","30,000","3","6,600","0.23","0.23","0.21","0.21","+","0.03","0.21","10","0.22","10","0.00",
="077626","T50正2群益4A購03","0","0","0","--","--","--","--"," ","0.00","--","0","5.85","10","259.40",
="077627","T50反1群益4C購03","0","0","0","--","--","--","--"," ","0.00","0.07","324","1.25","20","19.79",
="077628","T50反1群益4C購04","0","0","0","--","--","--","--"," ","0.00","0.18","100","0.19","100","19.79",
="077629","臺指反群益52購02","0","0","0","--","--","--","--"," ","0.00","0.31","25","0.32","10","3.20",
="07762P","新日興元大49售08","0","0","0","--","--","--","--"," ","0.00","--","0","0.10","10","0.00",
="077630","台聚群益4A購01","37,000","7","11,450","0.32","0.32","0.30","0.30","-","0.11","0.07","142","0.30","10","10.55",
="077631","國喬群益4C購01","0","0","0","--","--","--","--"," ","0.00","0.29","25","0.30","10","9.92",
="077632","得力群益4A購01","0","0","0","--","--","--","--"," ","0.00","--","0","--","0","11.20",
="077633","華城群益54購01","0","0","0","--","--","--","--"," ","0.00","--","0","9.20","10","618.00",
="077634","直得群益4A購01","23,000","8","19,460","0.77","0.96","0.77","0.96","+","0.22","0.74","10","0.84","10","89.20",
="077635","允強群益4A購01","0","0","0","--","--","--","--"," ","0.00","0.18","10","0.28","10","20.90",
="077636","光寶科群益4A購01","25,000","3","135,250","5.50","5.50","5.25","5.40","+","0.53","2.90","6","--","0","130.00",
="077637","鴻海群益4A購10","0","0","0","--","--","--","--"," ","0.00","--","0","7.00","10","206.00",
="077638","鴻海群益4B購04","16,000","5","98,450","6.15","6.20","6.05","6.20","-","0.35","6.15","100","6.20","100","206.00",
="077639","台積電群益4A購37","0","0","0","--","--","--","--"," ","0.00","0.53","3","6.20","10","1,160.00",
="07763P","穎崴元大49售02","110,000","1","62,700","0.57","0.57","0.57","0.57","-","0.01","0.08","125","--","0","0.00",
="077640","台積電群益4C購06","21,000","3","71,820","3.42","3.42","3.42","3.42","-","0.40","3.21","1","--","0","1,160.00",
="077641","京元電群益4A購04","53,000","9","398,300","6.95","7.90","6.95","7.50","-","0.05","3.34","5","--","0","142.00",
="077642","皇昌群益4A購06","30,000","1","45,300","1.51","1.51","1.51","1.51","+","0.43","1.13","10","1.23","10","83.50",
="077643","漢翔群益4B購01","0","0","0","--","--","--","--"," ","0.00","--","0","--","0","60.00",
="077644","八方群益4A購01","40,000","2","33,600","0.84","0.84","0.84","0.84","+","0.01","0.79","10","0.89","10","190.00",
="077645","台中銀群益4B購01","0","0","0","--","--","--","--"," ","0.00","3.03","25","3.09","10","21.50",
="077646","奇鋐群益4A購04","0","0","0","--","--","--","--"," ","0.00","--","0","18.30","10","1,015.00",
="077647","新日興群益4A購03","137,000","6","158,120","1.07","1.42","1.07","1.38","+","0.31","0.88","10","--","0","259.00",
="077648","晶睿群益4A購01","0","0","0","--","--","--","--"," ","0.00","0.07","25","0.08","10","99.50",
="077649","達邁群益4A購01","10,000","2","26,220","2.61","2.67","2.61","2.67","X","0.00","2.45","1","2.51","10","73.80",
="07764P","臺股指元大49售47","0","0","0","--","--","--","--"," ","0.00","--","0","0.10","10","0.00",
="077650","世芯群益4A購04","0","0","0","--","--","--","--"," ","0.00","4.44","21","10.40","10","4,000.00",
="077651","日月光群益4A購03","0","0","0","--","--","--","--"," ","0.00","0.67","25","0.68","10","147.50",
="077652","日月光群益4B購01","0","0","0","--","--","--","--"," ","0.00","0.64","100","0.65","100","147.50",
="077653","定穎控群益4A購02","0","0","0","--","--","--","--"," ","0.00","--","0","13.10","10","106.00",
="077654","承業醫群益4B購01","112,000","11","77,680","0.57","0.76","0.56","0.71","+","0.27","0.54","3","--","0","51.70",
="077655","材料群益52購03","0","0","0","--","--","--","--"," ","0.00","0.18","10","0.28","10","67.70",
="077656","上品群益4A購01","0","0","0","--","--","--","--"," ","0.00","0.16","30","0.73","10","284.00",
="077657","訊連群益4A購01","0","0","0","--","--","--","--"," ","0.00","0.09","30","0.56","10","97.70",
="077658","訊連群益4C購01","199,000","1","57,710","0.29","0.29","0.29","0.29","-","0.02","0.28","10","0.38","10","97.70",
="077659","祥碩群益4B購01","20,000","1","12,400","0.62","0.62","0.62","0.62"," ","0.00","0.53","5","--","0","1,665.00",
="07765P","臺股指元大49售48","0","0","0","--","--","--","--"," ","0.00","0.04","100","0.08","7","0.00",
="077660","瀚宇博群益4A購01","0","0","0","--","--","--","--"," ","0.00","--","0","--","0","81.70",
="077661","四維航群益4A購01","104,000","8","60,730","0.63","0.66","0.54","0.54","-","0.01","0.53","10","0.63","10","18.15",
="077662","四維航群益4B購01","97,000","3","53,040","0.53","0.56","0.46","0.46","-","0.08","0.46","10","0.56","10","18.15",
="077663","凌華群益4A購01","0","0","0","--","--","--","--"," ","0.00","0.01","5","0.19","10","65.40",
="077664","帆宣群益4A購01","0","0","0","--","--","--","--"," ","0.00","--","0","6.60","10","264.00",
="077666","飛捷群益4A購01","0","0","0","--","--","--","--"," ","0.00","0.22","25","0.23","10","112.50",
="077667","GIS群益4A購01","0","0","0","--","--","--","--"," ","0.00","--","0","1.37","10","59.90",
="077668","保瑞群益4C購01","28,000","3","106,280","3.76","3.81","3.76","3.81","-","0.09","3.75","25","3.76","10","733.00",
="077669","穎崴群益4C購02","70,000","6","218,760","3.18","3.38","2.94","3.38","+","0.11","2.98","1","--","0","1,250.00",
="07766P","臺股指元大49售49","0","0","0","--","--","--","--"," ","0.00","0.03","100","0.13","10","0.00",
="077670","復盛群益4A購01","0","0","0","--","--","--","--"," ","0.00","--","0","0.12","10","265.50",
="077671","虎航群益4A購01","0","0","0","--","--","--","--"," ","0.00","0.31","25","0.32","10","82.60",
="077672","虎航群益4B購01","0","0","0","--","--","--","--"," ","0.00","0.15","100","0.16","100","82.60",
="077673","連加群益4A購01","100,000","2","34,000","0.33","0.35","0.33","0.35","-","0.07","0.34","10","0.44","10","615.00",
="077674","世紀鋼群益4A購03","0","0","0","--","--","--","--"," ","0.00","0.37","1","2.11","10","188.00",
="077675","T50反1凱基4B購02","0","0","0","--","--","--","--"," ","0.00","0.03","100","0.04","10","19.79",
="077676","士電凱基4A購01","18,000","7","35,240","1.90","1.99","1.89","1.93","+","0.22","1.85","100","1.89","10","187.50",
="077677","士電凱基4A購02","14,000","2","27,440","2.01","2.01","1.94","1.94","X","0.00","1.94","100","1.97","10","187.50",
="077678","華榮凱基4C購01","268,000","23","465,630","1.95","1.96","1.55","1.57","-","0.19","1.57","10","1.67","10","29.85",
="077679","喬山凱基4B購01","0","0","0","--","--","--","--"," ","0.00","0.02","100","0.03","50","146.00",
="07767P","臺股指元大4A售21","0","0","0","--","--","--","--"," ","0.00","0.09","100","0.19","10","0.00",
="077680","廣宇凱基51購01","2,000","1","4,080","2.04","2.04","2.04","2.04","+","0.12","1.97","100","1.99","10","60.90",
="077683","台積電凱基4A購40","0","0","0","--","--","--","--"," ","0.00","2.67","100","2.77","10","1,160.00",
="077684","台積電凱基4A購41","0","0","0","--","--","--","--"," ","0.00","3.68","100","3.78","10","1,160.00",
="077685","旺宏凱基54購01","119,000","8","143,920","1.21","1.23","1.18","1.23","-","0.06","1.18","10","1.20","10","20.10",
="077686","順德凱基4B購01","51,000","3","69,060","1.35","1.41","1.35","1.36","-","0.08","1.38","10","1.39","10","88.20",
="077687","威盛凱基4B購01","10,000","4","3,620","0.37","0.37","0.35","0.37","-","0.03","0.34","10","0.35","30","62.00",
="077688","義隆凱基4A購02","0","0","0","--","--","--","--"," ","0.00","0.15","100","0.16","10","120.00",
="077689","漢翔凱基51購02","0","0","0","--","--","--","--"," ","0.00","1.88","100","--","0","60.00",
="07768P","臺股指元大4A售22","0","0","0","--","--","--","--"," ","0.00","0.13","499","0.23","10","0.00",
="077690","星宇凱基4C購01","33,000","5","29,950","0.92","0.92","0.90","0.90","-","0.02","0.89","100","0.90","10","25.15",
="077691","八方凱基4C購01","81,000","3","80,430","1.01","1.01","0.99","0.99","-","0.03","0.98","100","1.00","10","190.00",
="077693","晟銘電凱基4A購03","81,000","4","124,290","1.75","1.75","1.49","1.49","+","0.12","1.26","80","1.29","10","133.00",
="077694","晶睿凱基4B購01","0","0","0","--","--","--","--"," ","0.00","0.10","10","0.11","10","99.50",
="077695","健策凱基4A購02","0","0","0","--","--","--","--"," ","0.00","6.25","100","--","0","1,905.00",
="077696","神達凱基4A購03","0","0","0","--","--","--","--"," ","0.00","11.70","100","--","0","95.90",
="077697","大銀凱基4B購01","81,000","3","47,380","0.58","0.62","0.58","0.58","-","0.02","0.53","100","0.54","10","126.00",
="077698","上品凱基4A購01","120,000","3","93,200","0.80","0.80","0.76","0.76","-","0.08","0.75","100","0.79","10","284.00",
="077699","凌華凱基4C購01","4,000","3","1,590","0.41","0.41","0.38","0.38","X","0.00","0.34","10","0.44","10","65.40",
="07769P","臺股指元大54售02","304,000","6","115,720","0.38","0.39","0.38","0.38","+","0.01","0.38","100","0.39","92","0.00",
="077700","凌華凱基4C購02","5,000","1","1,050","0.21","0.21","0.21","0.21","+","0.04","0.17","10","0.26","38","65.40",
="077701","帆宣凱基4B購01","0","0","0","--","--","--","--"," ","0.00","7.65","100","8.15","10","264.00",
="077702","帆宣凱基4C購01","0","0","0","--","--","--","--"," ","0.00","3.90","100","3.97","10","264.00",
="077703","飛捷凱基4C購01","93,000","2","57,010","0.61","0.62","0.61","0.62","-","0.01","0.61","100","0.62","10","112.50",
="077704","穎崴凱基4B購03","63,000","3","116,360","1.64","1.88","1.64","1.88","+","0.30","1.86","100","1.96","10","1,250.00",
="077705","虎航凱基52購01","48,000","2","35,040","0.73","0.73","0.73","0.73","X","0.00","0.73","10","0.74","30","82.60",
="077706","AES凱基4A購01","0","0","0","--","--","--","--"," ","0.00","6.40","100","6.90","10","1,350.00",
="077707","采鈺凱基4A購01","181,000","10","310,770","1.69","1.80","1.57","1.80","+","0.36","1.74","10","1.76","10","264.00",
="077708","采鈺凱基4B購01","113,000","8","149,030","1.27","1.38","1.19","1.36","+","0.28","1.32","10","1.34","10","264.00",
="077709","ITH凱基4A購01","0","0","0","--","--","--","--"," ","0.00","0.13","100","0.14","10","45.10",
="07770P","鴻海國票4A售04","0","0","0","--","--","--","--"," ","0.00","0.02","25","0.05","10","0.00",
="077710","昇陽半凱基4A購03","34,000","5","72,550","2.03","2.19","2.03","2.03","-","0.05","2.06","100","2.12","10","152.50",
="077711","元黃金國票54購01","13,000","1","13,390","1.03","1.03","1.03","1.03","X","0.00","1.03","25","1.04","10","37.00",
="077712","華城國票4B購03","0","0","0","--","--","--","--"," ","0.00","12.00","25","12.50","10","618.00",
="077713","宇隆國票4B購02","0","0","0","--","--","--","--"," ","0.00","2.04","25","2.14","10","262.00",
="077714","台亞國票4B購01","899,000","9","579,310","0.63","0.68","0.60","0.62","-","0.10","0.61","25","0.62","10","22.85",
="077715","佳能國票4B購01","0","0","0","--","--","--","--"," ","0.00","6.20","25","6.45","10","80.80",
="077716","台光電國票4B購01","0","0","0","--","--","--","--"," ","0.00","38.70","25","39.70","10","1,250.00",
="077717","漢翔國票4B購02","193,000","15","443,600","1.65","2.70","1.65","2.50","+","0.85","2.46","200","3.30","5","60.00",
="077718","大立光國票4B購03","0","0","0","--","--","--","--"," ","0.00","1.01","25","1.03","10","2,395.00",
="077719","奇鋐國票4B購01","0","0","0","--","--","--","--"," ","0.00","26.10","25","27.10","10","1,015.00",
="07771P","台積電國票49售07","0","0","0","--","--","--","--"," ","0.00","0.02","25","0.05","10","0.00",
="077720","嘉澤國票4B購01","0","0","0","--","--","--","--"," ","0.00","1.02","25","1.04","10","1,465.00",
="077721","健策國票4B購02","0","0","0","--","--","--","--"," ","0.00","4.15","25","4.25","10","1,905.00",
="077722","訊連國票4C購01","0","0","0","--","--","--","--"," ","0.00","0.26","25","0.27","10","97.70",
="077723","四維航國票4B購01","0","0","0","--","--","--","--"," ","0.00","0.45","25","0.46","10","18.15",
="077724","訊芯國票51購01","15,000","2","16,140","1.09","1.09","1.06","1.06","-","0.17","1.04","25","1.05","10","165.00",
="077725","巧新統一56購01","0","0","0","--","--","--","--"," ","0.00","0.48","10","0.49","10","49.85",
="077726","聯電統一54購02","5,000","3","2,460","0.50","0.50","0.49","0.49","-","0.02","0.48","10","0.49","10","40.60",
="077727","一詮統一5A購02","0","0","0","--","--","--","--"," ","0.00","0.60","10","0.61","10","80.20",
="077728","星宇統一54購01","0","0","0","--","--","--","--"," ","0.00","0.66","10","0.67","10","25.15",
="077729","飛捷統一56購01","215,000","6","83,800","0.39","0.39","0.38","0.39","-","0.01","0.38","10","0.39","10","112.50",
="07772P","台積電國票4A售13","0","0","0","--","--","--","--"," ","0.00","0.06","25","0.08","10","0.00",
="077730","虎航統一56購01","0","0","0","--","--","--","--"," ","0.00","0.47","10","0.48","10","82.60",
="077731","AES統一54購01","0","0","0","--","--","--","--"," ","0.00","1.30","10","1.31","10","1,350.00",
="077732","采鈺統一54購01","102,000","5","89,590","0.87","0.89","0.84","0.89","+","0.10","0.86","10","0.87","10","264.00",
="077733","采鈺統一5A購01","7,000","2","4,770","0.69","0.69","0.68","0.68","+","0.05","0.69","10","0.70","10","264.00",
="077734","富世達統一54購04","0","0","0","--","--","--","--"," ","0.00","2.36","10","2.37","10","1,145.00",
="077735","ITH統一56購01","11,000","2","4,960","0.44","0.46","0.44","0.46","+","0.04","0.44","10","0.45","10","45.10",
="077736","聯電中信4A購01","0","0","0","--","--","--","--"," ","0.00","0.01","150","0.03","10","0.00",
="077737","上品中信4A購01","10,000","1","5,900","0.59","0.59","0.59","0.59","-","0.05","0.57","499","0.60","10","0.00",
="077738","帆宣中信4A購01","10,000","1","37,900","3.79","3.79","3.79","3.79","+","0.16","3.61","499","3.71","10","0.00",
="077739","虎航中信4A購01","0","0","0","--","--","--","--"," ","0.00","0.02","10","0.03","10","0.00",
="07773P","南亞科國泰4B售01","0","0","0","--","--","--","--"," ","0.00","0.80","499","0.81","100","0.00",
="077741","采鈺中信4A購01","58,000","8","55,460","0.94","1.01","0.87","0.94","+","0.18","0.93","10","0.95","10","0.00",
="077742","ITH中信4B購01","0","0","0","--","--","--","--"," ","0.00","0.15","10","0.16","10","0.00",
="077743","連加中信4A購01","90,000","1","21,600","0.24","0.24","0.24","0.24","X","0.00","0.22","10","0.23","10","0.00",
="077744","連加中信4B購01","0","0","0","--","--","--","--"," ","0.00","0.30","10","0.31","10","0.00",
="077745","T50反1永豐54購01","0","0","0","--","--","--","--"," ","0.00","0.54","10","0.55","10","19.79",
="077746","國喬永豐4A購01","0","0","0","--","--","--","--"," ","0.00","0.08","10","0.10","10","9.92",
="077747","士電永豐4B購01","43,000","9","98,350","2.39","2.39","2.19","2.30","+","0.34","2.18","10","2.21","10","187.50",
="077748","華榮永豐4A購01","38,000","2","67,520","1.81","1.81","1.72","1.72","-","0.19","0.54","37","--","0","29.85",
="077749","喬山永豐4B購01","0","0","0","--","--","--","--"," ","0.00","0.02","499","0.03","10","146.00",
="07774P","台積電台新49售05","0","0","0","--","--","--","--"," ","0.00","--","0","--","0","0.00",
="077750","允強永豐4A購01","0","0","0","--","--","--","--"," ","0.00","0.12","10","0.15","10","20.90",
="077751","鴻海永豐4A購09","0","0","0","--","--","--","--"," ","0.00","5.90","499","6.05","10","206.00",
="077752","台積電永豐55購01","0","0","0","--","--","--","--"," ","0.00","13.10","499","14.10","10","1,160.00",
="077753","台積電永豐56購01","0","0","0","--","--","--","--"," ","0.00","12.80","10","13.80","10","1,160.00",
="077754","台積電永豐59購01","0","0","0","--","--","--","--"," ","0.00","21.70","499","22.70","10","1,160.00",
="077755","大同永豐4A購01","0","0","0","--","--","--","--"," ","0.00","0.68","10","0.70","10","40.75",
="077756","聯發科永豐52購01","0","0","0","--","--","--","--"," ","0.00","1.04","499","1.05","10","1,385.00",
="077757","敦陽科永豐4B購01","7,000","2","11,200","1.66","1.66","1.59","1.59","-","0.14","1.52","499","1.55","10","174.00",
="077758","長榮永豐52購01","70,000","8","352,300","4.88","5.10","4.78","4.78","+","0.04","4.63","10","4.73","10","188.00",
="077759","漢翔永豐4B購01","0","0","0","--","--","--","--"," ","0.00","1.62","10","--","0","60.00",
="07775P","台灣50元富49售26","0","0","0","--","--","--","--"," ","0.00","0.03","25","0.10","10","0.00",
="077760","漢翔永豐51購01","667,000","58","1,031,650","1.42","2.00","0.85","1.99","+","0.94","1.99","2","2.00","37","60.00",
="077761","星宇永豐4A購01","0","0","0","--","--","--","--"," ","0.00","0.37","499","0.39","10","25.15",
="077762","星宇永豐4A購02","0","0","0","--","--","--","--"," ","0.00","0.47","10","0.50","10","25.15",
="077763","星宇永豐4B購01","0","0","0","--","--","--","--"," ","0.00","0.38","499","0.39","10","25.15",
="077764","八方永豐4A購01","0","0","0","--","--","--","--"," ","0.00","0.58","10","0.62","10","190.00",
="077765","大立光永豐4A購02","0","0","0","--","--","--","--"," ","0.00","0.19","499","0.20","10","2,395.00",
="077766","晶睿永豐4A購01","0","0","0","--","--","--","--"," ","0.00","0.02","499","0.03","10","99.50",
="077767","神達永豐4A購03","5,000","1","88,000","17.60","17.60","17.60","17.60","+","2.20","17.90","10","18.50","10","95.90",
="077768","上品永豐4A購01","0","0","0","--","--","--","--"," ","0.00","0.86","499","0.96","10","284.00",
="077769","瀚宇博永豐4B購01","0","0","0","--","--","--","--"," ","0.00","5.85","10","6.20","10","81.70",
="07776P","大立光元富49售09","0","0","0","--","--","--","--"," ","0.00","0.07","25","0.10","10","0.00",
="077770","凌華永豐4B購01","0","0","0","--","--","--","--"," ","0.00","0.35","10","0.36","10","65.40",
="077771","飛捷永豐4A購01","0","0","0","--","--","--","--"," ","0.00","0.14","10","0.15","10","112.50",
="077772","GIS永豐4B購01","34,000","4","90,610","2.56","2.73","2.56","2.73","+","0.03","2.71","499","2.76","10","59.90",
="077773","虎航永豐4B購01","0","0","0","--","--","--","--"," ","0.00","1.00","499","1.01","10","82.60",
="077774","AES永豐4A購01","121,000","4","346,080","2.82","2.87","2.76","2.87","+","0.32","2.84","499","2.92","10","1,350.00",
="077775","采鈺永豐4B購01","200,000","14","520,790","2.54","2.75","2.47","2.59","+","0.42","2.57","10","2.62","10","264.00",
="077776","ITH永豐4B購01","475,000","4","159,550","0.34","0.34","0.33","0.34","+","0.04","0.31","10","0.32","10","45.10",
="077778","ITH永豐4C購01","0","0","0","--","--","--","--"," ","0.00","0.50","499","0.51","10","45.10",
="077779","得力國泰4B購01","0","0","0","--","--","--","--"," ","0.00","0.07","10","0.08","10","11.20",
="07777P","迅得元富49售02","0","0","0","--","--","--","--"," ","0.00","0.29","25","0.30","25","0.00",
="077780","敦陽科國泰4B購01","0","0","0","--","--","--","--"," ","0.00","5.85","499","6.15","10","174.00",
="077781","星宇國泰4B購01","0","0","0","--","--","--","--"," ","0.00","1.19","499","1.21","100","25.15",
="077782","達邁國泰4B購01","0","0","0","--","--","--","--"," ","0.00","3.60","499","3.66","10","73.80",
="077784","健策國泰4B購01","0","0","0","--","--","--","--"," ","0.00","9.60","499","--","0","1,905.00",
="077785","承業醫國泰4B購01","284,000","14","345,530","1.06","1.48","1.06","1.48","+","0.50","1.43","499","1.44","100","51.70",
="077786","訊連國泰4B購01","0","0","0","--","--","--","--"," ","0.00","0.67","499","0.68","100","97.70",
="07778P","台灣50凱基51售01","1,000","1","170","0.17","0.17","0.17","0.17"," ","0.00","0.18","100","0.19","50","0.00",
="077790","四維航國泰4B購01","5,000","2","10,050","1.97","2.02","1.97","2.02","X","0.00","1.75","499","1.78","100","18.15",
="077791","凌華國泰4B購01","350,000","4","118,900","0.33","0.35","0.32","0.32","+","0.03","0.31","499","0.33","100","65.40",
="077793","帆宣國泰4B購01","0","0","0","--","--","--","--"," ","0.00","10.00","10","--","0","264.00",
="077795","穎崴國泰4B購01","0","0","0","--","--","--","--"," ","0.00","3.54","10","3.60","10","1,250.00",
="077796","虎航國泰4B購01","0","0","0","--","--","--","--"," ","0.00","0.69","499","0.70","100","82.60",
="077797","虎航國泰4B購02","0","0","0","--","--","--","--"," ","0.00","0.33","499","0.34","100","82.60",
="07779P","大成鋼凱基49售11","0","0","0","--","--","--","--"," ","0.00","1.99","10","2.09","10","0.00",
="077804","ITH國泰4B購01","0","0","0","--","--","--","--"," ","0.00","0.67","499","0.68","100","45.10",
="077805","ITH國泰4B購02","0","0","0","--","--","--","--"," ","0.00","0.48","499","0.49","100","45.10",
="077809","連加國泰4B購01","0","0","0","--","--","--","--"," ","0.00","1.00","499","1.03","100","615.00",
="07780P","微星凱基49售04","0","0","0","--","--","--","--"," ","0.00","1.52","100","1.62","10","0.00",
="077811","連加國泰4B購02","0","0","0","--","--","--","--"," ","0.00","0.70","499","0.71","100","615.00",
="077812","連加國泰4C購01","0","0","0","--","--","--","--"," ","0.00","0.83","499","0.85","100","615.00",
="077813","連加國泰4C購02","100,000","1","106,000","1.06","1.06","1.06","1.06","X","0.00","1.00","499","1.02","100","615.00",
="077815","深中小元富4A購02","0","0","0","--","--","--","--"," ","0.00","1.98","25","2.02","25","14.81",
="077816","道瓊銀元富54購01","0","0","0","--","--","--","--"," ","0.00","3.50","25","3.51","25","32.63",
="077817","美費半元富4A購01","0","0","0","--","--","--","--"," ","0.00","7.85","25","7.90","25","45.51",
="077818","國喬元富4A購01","403,000","3","110,970","0.30","0.30","0.27","0.27","-","0.11","0.27","25","0.37","10","9.92",
="077819","士電元富4A購01","5,000","1","14,750","2.95","2.95","2.95","2.95","X","0.00","2.95","25","3.02","25","187.50",
="07781P","矽力凱基49售02","0","0","0","--","--","--","--"," ","0.00","1.68","10","1.78","10","0.00",
="077820","中興電元富4A購01","0","0","0","--","--","--","--"," ","0.00","2.84","25","2.94","25","167.00",
="077821","巧新元富4A購01","0","0","0","--","--","--","--"," ","0.00","0.05","25","0.10","10","49.85",
="077822","東聯元富4A購01","0","0","0","--","--","--","--"," ","0.00","0.14","25","0.15","25","12.40",
="077823","鴻海元富54購01","0","0","0","--","--","--","--"," ","0.00","9.50","25","9.65","25","206.00",
="077824","旺宏元富4A購03","0","0","0","--","--","--","--"," ","0.00","0.30","25","0.31","25","20.10",
="077825","敦陽科元富4A購01","0","0","0","--","--","--","--"," ","0.00","6.80","25","7.30","25","174.00",
="077826","皇昌元富4A購02","0","0","0","--","--","--","--"," ","0.00","0.40","25","0.41","25","83.50",
="077827","長榮元富4C購02","126,000","3","90,470","0.71","0.72","0.71","0.72","+","0.05","0.65","25","0.66","25","188.00",
="077828","漢翔元富4A購02","2,000","1","3,120","1.56","1.56","1.56","1.56","+","0.60","1.71","25","--","0","60.00",
="077829","星宇元富4A購01","0","0","0","--","--","--","--"," ","0.00","0.93","25","0.95","25","25.15",
="07782P","臺股指凱基49售36","0","0","0","--","--","--","--"," ","0.00","0.01","100","--","0","0.00",
="077830","德律元富4A購01","0","0","0","--","--","--","--"," ","0.00","9.40","25","9.60","25","206.00",
="077831","世芯元富4A購04","0","0","0","--","--","--","--"," ","0.00","3.41","25","3.51","25","4,000.00",
="077832","日月光元富4A購01","0","0","0","--","--","--","--"," ","0.00","0.99","25","1.01","25","147.50",
="077833","上品元富4A購01","3,000","1","2,730","0.91","0.91","0.91","0.91","X","0.00","0.90","10","0.98","10","284.00",
="077834","凌華元富54購01","87,000","7","74,670","0.82","0.88","0.82","0.88","X","0.00","0.80","25","0.81","25","65.40",
="077835","帆宣元富54購01","0","0","0","--","--","--","--"," ","0.00","6.20","25","6.70","10","264.00",
="077836","矽力元富4A購03","0","0","0","--","--","--","--"," ","0.00","0.23","25","0.24","25","317.00",
="077837","GIS元富54購01","203,000","13","757,840","3.70","3.93","3.51","3.90","+","0.09","3.83","25","3.86","25","59.90",
="077838","虎航元富4A購01","0","0","0","--","--","--","--"," ","0.00","0.79","25","0.80","25","82.60",
="077839","采鈺元富54購01","27,000","3","95,770","3.53","3.66","3.45","3.66","+","0.35","3.57","25","3.59","25","264.00",
="07783P","臺股指凱基49售37","0","0","0","--","--","--","--"," ","0.00","--","0","0.04","50","0.00",
="077840","富世達元富4A購01","0","0","0","--","--","--","--"," ","0.00","12.60","25","13.00","25","1,145.00",
="077841","臺股指元富4A購03","0","0","0","--","--","--","--"," ","0.00","3.09","25","3.19","10","0.00",
="077842","臺股指元富4A購04","0","0","0","--","--","--","--"," ","0.00","3.06","25","3.07","25","0.00",
="077843","臺股指元富4A購05","0","0","0","--","--","--","--"," ","0.00","3.12","25","3.13","25","0.00",
="077844","台灣50元大4A購09","0","0","0","--","--","--","--"," ","0.00","9.35","25","9.85","10","52.50",
="077846","T50正2元大4A購06","10,000","4","21,460","2.11","2.16","2.11","2.12","-","0.23","1.94","499","2.04","10","259.40",
="077847","T50正2元大52購01","10,000","3","18,640","1.88","1.88","1.83","1.83","-","0.13","1.78","100","1.88","10","259.40",
="077848","A50正2元大4A購01","254,000","13","327,160","1.25","1.39","1.25","1.26","-","0.39","1.24","100","1.25","100","31.56",
="077849","元金2X元大4B購01","244,000","16","489,730","2.02","2.02","2.00","2.02","+","0.12","2.01","250","2.02","202","58.65",
="07784P","臺股指凱基53售02","0","0","0","--","--","--","--"," ","0.00","1.43","100","1.44","10","0.00",
="077850","士電元大4B購01","0","0","0","--","--","--","--"," ","0.00","1.70","450","1.75","10","187.50",
="077851","士電元大4C購01","95,000","9","146,170","1.59","1.59","1.44","1.44","+","0.07","1.47","499","1.49","10","187.50",
="077852","華榮元大4A購01","1,000","1","1,490","1.49","1.49","1.49","1.49","+","0.14","1.22","25","1.27","10","29.85",
="077853","允強元大4A購01","0","0","0","--","--","--","--"," ","0.00","0.20","499","0.21","10","20.90",
="077854","上銀元大4B購05","142,000","4","148,930","1.00","1.07","0.99","1.00","+","0.05","0.95","499","0.97","10","215.50",
="077855","上銀元大52購01","145,000","6","200,010","1.37","1.43","1.37","1.38","+","0.07","1.32","499","1.34","10","215.50",
="077856","鴻海元大4A購14","24,000","6","95,320","4.03","4.06","3.89","4.06","-","0.26","3.96","150","4.03","10","206.00",
="077857","鴻海元大4A購15","0","0","0","--","--","--","--"," ","0.00","3.98","200","4.08","10","206.00",
="077858","鴻海元大4A購16","0","0","0","--","--","--","--"," ","0.00","3.00","250","3.08","10","206.00",
="077859","鴻海元大4B購06","50,000","12","151,190","3.18","3.18","2.95","3.01","-","0.25","3.01","250","3.07","10","206.00",
="07785P","欣興群益4A售03","0","0","0","--","--","--","--"," ","0.00","--","0","0.11","10","0.00",
="077860","鴻海元大51購08","10,000","4","45,200","4.56","4.56","4.51","4.51","-","0.22","4.51","150","4.56","10","206.00",
="077861","鴻海元大52購03","2,000","2","8,040","4.02","4.02","4.02","4.02","-","0.18","4.02","200","4.06","10","206.00",
="077862","廣宇元大4C購01","0","0","0","--","--","--","--"," ","0.00","2.49","300","2.53","10","60.90",
="077863","廣宇元大4C購02","166,000","10","350,900","2.04","2.15","2.02","2.05","+","0.04","2.02","400","2.04","10","60.90",
="077864","台積電元大4A購20","0","0","0","--","--","--","--"," ","0.00","--","0","--","0","1,160.00",
="077865","台積電元大4A購21","0","0","0","--","--","--","--"," ","0.00","--","0","--","0","1,160.00",
="077866","台積電元大4A購22","0","0","0","--","--","--","--"," ","0.00","--","0","--","0","1,160.00",
="077867","台積電元大4A購23","5,000","1","11,550","2.31","2.31","2.31","2.31","X","0.00","--","0","--","0","1,160.00",
="077868","台積電元大4A購24","20,000","2","72,200","3.61","3.61","3.61","3.61","-","0.22","0.96","10","--","0","1,160.00",
="077869","台積電元大4A購25","0","0","0","--","--","--","--"," ","0.00","--","0","--","0","1,160.00",
="07786P","臺股指群益53售03","5,000","1","1,700","0.34","0.34","0.34","0.34","+","0.01","0.33","499","0.34","494","0.00",
="077870","台積電元大51購24","1,000","1","3,300","3.30","3.30","3.30","3.30","X","0.00","0.35","4","--","0","1,160.00",
="077871","所羅門元大4A購03","135,000","6","100,420","0.83","0.84","0.72","0.72","-","0.13","0.71","499","0.73","10","162.00",
="077872","所羅門元大4A購04","2,000","1","2,800","1.40","1.40","1.40","1.40"," ","0.00","1.17","499","1.22","10","162.00",
="077873","威盛元大4C購01","301,000","17","186,610","0.62","0.64","0.58","0.60","-","0.04","0.58","499","0.59","10","62.00",
="077874","聯發科元大4A購06","0","0","0","--","--","--","--"," ","0.00","0.02","499","0.12","10","1,385.00",
="077875","聯發科元大4A購07","0","0","0","--","--","--","--"," ","0.00","--","0","--","0","1,385.00",
="077876","聯發科元大4B購08","0","0","0","--","--","--","--"," ","0.00","--","0","--","0","1,385.00",
="077877","一詮元大4C購03","0","0","0","--","--","--","--"," ","0.00","0.15","499","0.16","10","80.20",
="077878","一詮元大4C購04","15,000","6","8,150","0.55","0.55","0.52","0.52"," ","0.00","0.51","500","0.52","10","80.20",
="077879","皇昌元大4B購01","328,000","17","321,330","0.91","1.06","0.83","0.83","-","0.02","0.78","499","0.79","10","83.50",
="07787P","台灣50元大49售25","0","0","0","--","--","--","--"," ","0.00","--","0","0.10","10","0.00",
="077880","皇昌元大52購01","119,000","8","114,040","0.95","0.98","0.81","0.81","+","0.01","0.76","499","0.78","10","83.50",
="077881","皇昌元大54購01","445,000","24","519,920","1.10","1.20","1.05","1.05"," ","0.00","1.02","499","1.03","10","83.50",
="077882","長榮元大4A購05","10,000","1","600","0.06","0.06","0.06","0.06"," ","0.00","0.04","499","0.14","10","188.00",
="077883","長榮元大4A購06","0","0","0","--","--","--","--"," ","0.00","0.15","499","0.16","10","188.00",
="077884","長榮元大51購09","171,000","2","146,930","0.88","0.88","0.83","0.83","+","0.03","0.76","499","0.79","10","188.00",
="077885","陽明元大4C購01","426,000","14","558,450","1.31","1.34","1.25","1.25","-","0.01","1.22","499","1.24","10","58.80",
="077886","陽明元大52購01","0","0","0","--","--","--","--"," ","0.00","1.23","499","1.25","10","58.80",
="077887","星宇元大4A購01","0","0","0","--","--","--","--"," ","0.00","0.09","499","0.10","10","25.15",
="077888","星宇元大4A購02","0","0","0","--","--","--","--"," ","0.00","0.51","499","0.52","10","25.15",
="077889","威強電元大4A購01","2,000","2","490","0.24","0.25","0.24","0.25","+","0.02","0.23","25","0.24","10","70.90",
="07788P","元石油元大4A售01","0","0","0","--","--","--","--"," ","0.00","0.41","250","0.46","10","0.00",
="077890","偉訓元大4A購01","0","0","0","--","--","--","--"," ","0.00","5.70","100","5.95","10","110.00",
="077891","偉訓元大4A購02","0","0","0","--","--","--","--"," ","0.00","6.65","100","--","0","110.00",
="077892","欣興元大4A購03","25,000","3","119,100","4.82","4.82","4.72","4.78","-","0.13","4.75","150","4.85","10","150.00",
="077893","欣興元大51購03","0","0","0","--","--","--","--"," ","0.00","7.45","100","7.60","10","150.00",
="077894","景碩元大4A購03","23,000","3","136,050","5.70","6.15","5.70","6.15","-","0.50","5.70","100","5.95","10","113.50",
="077895","玉晶光元大4C購01","15,000","1","43,350","2.89","2.89","2.89","2.89","-","0.18","2.96","250","2.98","10","461.50",
="077896","玉晶光元大51購01","34,000","10","81,140","2.36","2.52","2.30","2.40","-","0.07","2.40","298","2.42","10","461.50",
="077897","晶睿元大4C購01","0","0","0","--","--","--","--"," ","0.00","0.08","499","0.11","10","99.50",
="077898","達邁元大4A購01","611,000","32","744,080","1.31","1.33","1.14","1.14","-","0.15","1.14","499","1.15","10","73.80",
="077899","達邁元大4A購02","72,000","6","153,360","2.15","2.18","2.08","2.08","-","0.29","2.05","350","2.09","10","73.80",
="07789P","川湖元大49售11","0","0","0","--","--","--","--"," ","0.00","--","0","0.10","10","0.00",
="077900","世芯元大4A購06","0","0","0","--","--","--","--"," ","0.00","4.81","150","--","0","4,000.00",
="077901","世芯元大4A購07","0","0","0","--","--","--","--"," ","0.00","3.92","200","--","0","4,000.00",
="077902","世芯元大4A購08","0","0","0","--","--","--","--"," ","0.00","3.52","200","--","0","4,000.00",
="077903","承業醫元大4A購01","6,000","4","6,120","0.74","1.08","0.74","1.07","X","0.00","1.00","25","1.03","10","51.70",
="077904","材料元大4A購03","0","0","0","--","--","--","--"," ","0.00","0.01","499","0.11","10","67.70",
="077905","材料元大4A購04","0","0","0","--","--","--","--"," ","0.00","0.02","499","0.12","10","67.70",
="077906","上品元大4A購01","0","0","0","--","--","--","--"," ","0.00","0.90","499","0.94","10","284.00",
="077907","上品元大4B購01","202,000","6","129,730","0.66","0.66","0.63","0.63","-","0.05","0.62","499","0.64","10","284.00",
="077908","訊連元大4C購01","0","0","0","--","--","--","--"," ","0.00","0.24","499","0.27","10","97.70",
="077909","訊連元大4C購02","0","0","0","--","--","--","--"," ","0.00","0.35","499","0.38","10","97.70",
="07790P","華邦電元大49售19","0","0","0","--","--","--","--"," ","0.00","0.68","499","0.70","200","0.00",
="077910","瀚宇博元大4A購01","0","0","0","--","--","--","--"," ","0.00","4.71","150","--","0","81.70",
="077911","凌華元大4A購01","0","0","0","--","--","--","--"," ","0.00","0.17","499","0.18","10","65.40",
="077912","帆宣元大4B購01","0","0","0","--","--","--","--"," ","0.00","5.10","25","--","0","264.00",
="077913","帆宣元大4C購01","0","0","0","--","--","--","--"," ","0.00","5.75","25","5.85","10","264.00",
="077915","飛捷元大4A購01","248,000","4","88,700","0.35","0.36","0.35","0.36","-","0.02","0.35","499","0.36","10","112.50",
="077916","飛捷元大4C購01","248,000","3","113,690","0.45","0.46","0.45","0.46","+","0.03","0.45","499","0.46","10","112.50",
="077917","訊芯元大4A購03","163,000","5","53,090","0.35","0.35","0.32","0.33","-","0.12","0.32","499","0.33","10","165.00",
="077918","訊芯元大4A購04","2,000","2","1,190","0.61","0.61","0.58","0.58","-","0.11","0.54","499","0.55","10","165.00",
="077919","保瑞元大4A購03","0","0","0","--","--","--","--"," ","0.00","2.74","250","2.84","10","733.00",
="07791P","華邦電元大49售20","0","0","0","--","--","--","--"," ","0.00","0.46","499","0.47","200","0.00",
="077920","保瑞元大4C購03","15,000","3","37,800","2.50","2.60","2.50","2.60","-","0.12","2.50","300","2.54","10","733.00",
="077921","穎崴元大4A購02","146,000","4","69,660","0.55","0.55","0.46","0.46","-","0.15","0.02","499","--","0","1,250.00",
="077922","穎崴元大4A購03","0","0","0","--","--","--","--"," ","0.00","0.12","83","--","0","1,250.00",
="077923","虎航元大4A購01","0","0","0","--","--","--","--"," ","0.00","0.34","499","0.35","10","82.60",
="077924","虎航元大4C購01","2,000","1","700","0.35","0.35","0.35","0.35","X","0.00","0.34","499","0.35","10","82.60",
="077925","采鈺元大4A購01","153,000","11","113,110","0.65","0.78","0.63","0.78","+","0.23","0.72","499","0.74","10","264.00",
="077926","采鈺元大4A購02","0","0","0","--","--","--","--"," ","0.00","1.68","499","1.71","10","264.00",
="077927","ITH元大4A購01","0","0","0","--","--","--","--"," ","0.00","0.12","499","0.13","10","45.10",
="077929","ITH元大4A購02","0","0","0","--","--","--","--"," ","0.00","0.33","499","0.34","10","45.10",
="07792P","華邦電元大4B售04","0","0","0","--","--","--","--"," ","0.00","0.18","499","0.19","200","0.00",
="077930","臺股指元大4A購25","12,000","3","19,500","1.65","1.65","1.59","1.59","-","0.28","1.52","100","1.62","10","0.00",
="077931","臺股指元大4A購26","0","0","0","--","--","--","--"," ","0.00","2.34","499","2.44","10","0.00",
="077932","臺股指元大4A購27","0","0","0","--","--","--","--"," ","0.00","2.32","499","2.42","10","0.00",
="077933","喬山中信4A購01","0","0","0","--","--","--","--"," ","0.00","--","0","0.02","10","0.00",
="077934","T50正2永豐4B購02","0","0","0","--","--","--","--"," ","0.00","1.84","499","1.85","10","259.40",
="077935","中興電永豐4A購03","1,000","1","1,990","1.99","1.99","1.99","1.99","X","0.00","2.01","499","--","0","167.00",
="077936","台積電永豐4B購11","0","0","0","--","--","--","--"," ","0.00","18.40","499","19.40","10","1,160.00",
="077937","京元電永豐4A購02","0","0","0","--","--","--","--"," ","0.00","11.10","499","11.60","10","142.00",
="077938","可成永豐4B購01","0","0","0","--","--","--","--"," ","0.00","0.26","499","0.28","10","190.00",
="077939","富邦金永豐4B購01","115,000","8","145,200","1.22","1.31","1.22","1.25","-","0.08","1.23","10","1.33","10","85.20",
="07793P","南亞科元大49售16","0","0","0","--","--","--","--"," ","0.00","--","0","0.10","10","0.00",
="077940","奇鋐永豐4A購06","0","0","0","--","--","--","--"," ","0.00","7.80","499","8.10","10","1,015.00",
="077943","玉晶光永豐4C購02","39,000","2","94,900","2.43","2.44","2.43","2.44","-","0.17","0.61","16","--","0","461.50",
="077944","佳必琪永豐4B購01","0","0","0","--","--","--","--"," ","0.00","2.94","10","--","0","178.50",
="077945","迅得永豐4A購03","0","0","0","--","--","--","--"," ","0.00","1.14","499","1.17","10","193.50",
="077946","世紀鋼永豐4A購03","0","0","0","--","--","--","--"," ","0.00","0.43","499","0.53","10","188.00",
="077947","臺股指永豐51購03","3,000","3","9,830","3.31","3.31","3.24","3.24","-","0.14","3.21","10","3.22","10","0.00",
="077948","華城國泰4B購01","0","0","0","--","--","--","--"," ","0.00","6.80","499","--","0","618.00",
="077949","奇鋐國泰4B購01","0","0","0","--","--","--","--"," ","0.00","16.00","499","16.60","10","1,015.00",
="07794P","材料元大49售08","0","0","0","--","--","--","--"," ","0.00","1.77","400","1.87","10","0.00",
="077950","緯創國泰4B購01","0","0","0","--","--","--","--"," ","0.00","3.08","499","3.14","10","115.00",
="077951","迅得國泰4B購01","215,000","10","332,570","1.49","1.57","1.44","1.57","+","0.08","1.57","499","1.59","340","193.50",
="077952","中興電富邦4A購02","475,000","16","688,820","1.46","1.47","1.41","1.47","+","0.15","1.47","30","1.49","10","0.00",
="077955","華新富邦4B購01","0","0","0","--","--","--","--"," ","0.00","0.16","30","0.17","10","0.00",
="077956","旺宏富邦4C購01","0","0","0","--","--","--","--"," ","0.00","0.24","30","0.25","10","0.00",
="077957","鴻準富邦4B購01","0","0","0","--","--","--","--"," ","0.00","1.25","10","1.35","10","0.00",
="077959","皇昌富邦4C購01","693,000","37","585,860","0.78","0.88","0.78","0.81","+","0.08","0.71","10","0.72","10","0.00",
="07795P","富華新國票4A售05","1,000","1","550","0.55","0.55","0.55","0.55","X","0.00","0.58","25","0.59","10","0.00",
="077960","長榮富邦51購01","0","0","0","--","--","--","--"," ","0.00","0.21","10","0.22","10","0.00",
="077961","健策富邦4A購01","0","0","0","--","--","--","--"," ","0.00","4.35","30","4.45","10","0.00",
="077963","緯穎富邦4A購05","0","0","0","--","--","--","--"," ","0.00","4.62","30","4.69","10","0.00",
="077964","世紀鋼富邦4A購03","38,000","2","30,700","0.83","0.83","0.80","0.80","+","0.02","0.76","30","0.77","28","0.00",
="077965","士電統一54購01","380,000","12","349,910","0.97","0.97","0.90","0.91","+","0.03","0.91","25","--","0","187.50",
="077966","華城統一54購02","1,000","1","1,750","1.75","1.75","1.75","1.75","+","0.02","1.66","10","1.67","10","618.00",
="077967","允強統一54購01","1,996,000","4","603,790","0.30","0.31","0.30","0.30"," ","0.00","0.30","10","0.31","10","20.90",
="077968","星宇統一54購02","0","0","0","--","--","--","--"," ","0.00","0.47","10","0.48","10","25.15",
="077969","融程電統一54購01","931,000","49","904,960","1.02","1.03","0.90","0.92","-","0.07","0.93","10","0.94","10","189.00",
="07796P","群創中信49售03","0","0","0","--","--","--","--"," ","0.00","0.15","499","0.16","10","0.00",
="077970","ITH統一54購01","36,000","3","8,490","0.24","0.24","0.23","0.24","+","0.02","0.23","10","0.24","10","45.10",
="077971","連加統一5A購01","115,000","9","58,050","0.52","0.52","0.50","0.50","-","0.02","0.49","10","0.50","10","615.00",
="077972","一詮台新4A購01","0","0","0","--","--","--","--"," ","0.00","0.25","20","0.26","10","0.00",
="077973","星宇台新4A購01","0","0","0","--","--","--","--"," ","0.00","0.33","20","0.34","10","0.00",
="077974","材料台新4A購01","0","0","0","--","--","--","--"," ","0.00","0.04","20","0.05","10","0.00",
="077975","迅得台新4A購01","300,000","3","215,000","0.71","0.72","0.71","0.72","-","0.01","0.86","20","0.87","10","0.00",
="077976","虎航台新4A購01","0","0","0","--","--","--","--"," ","0.00","0.30","20","0.31","10","0.00",
="077977","國喬國票4B購01","0","0","0","--","--","--","--"," ","0.00","0.18","25","0.19","10","9.92",
="077978","華榮國票4B購01","199,000","25","402,300","2.18","2.18","1.74","1.74","-","0.25","1.74","25","1.76","10","29.85",
="077979","新光鋼國票4B購01","0","0","0","--","--","--","--"," ","0.00","0.89","25","0.90","10","44.65",
="07797P","元日2X元富49售03","0","0","0","--","--","--","--"," ","0.00","0.58","25","0.59","25","0.00",
="077980","允強國票4B購01","0","0","0","--","--","--","--"," ","0.00","0.17","25","0.18","10","20.90",
="077981","敦陽科國票4B購01","0","0","0","--","--","--","--"," ","0.00","2.06","25","2.14","10","174.00",
="077982","中航國票4B購01","268,000","20","563,280","2.20","2.20","1.99","1.99"," ","0.00","2.04","25","2.07","10","55.50",
="077983","德律國票4C購01","0","0","0","--","--","--","--"," ","0.00","6.35","25","6.60","10","206.00",
="077984","達邁國票4B購01","0","0","0","--","--","--","--"," ","0.00","2.95","25","3.00","10","73.80",
="077985","永崴控國票4B購02","0","0","0","--","--","--","--"," ","0.00","0.18","25","0.19","10","36.60",
="077986","國光生國票4B購01","202,000","18","73,310","0.35","0.40","0.34","0.34","-","0.09","0.33","36","0.34","10","18.65",
="077987","上品國票4B購01","29,000","2","16,200","0.56","0.56","0.55","0.55","-","0.04","0.55","25","0.56","10","284.00",
="077988","訊連國票4B購01","0","0","0","--","--","--","--"," ","0.00","0.05","25","0.06","10","97.70",
="077989","帆宣國票4C購01","0","0","0","--","--","--","--"," ","0.00","6.05","25","6.15","10","264.00",
="07798P","美費半元富49售02","0","0","0","--","--","--","--"," ","0.00","0.21","25","0.22","25","0.00",
="077990","緯穎國票4B購03","0","0","0","--","--","--","--"," ","0.00","5.70","25","6.20","10","2,975.00",
="077991","永道國票4B購01","22,000","1","3,080","0.14","0.14","0.14","0.14","-","0.01","0.11","25","0.12","10","154.50",
="077992","連加國票4B購01","0","0","0","--","--","--","--"," ","0.00","0.27","25","0.28","10","615.00",
="077993","連加國票4B購02","1,000","1","330","0.33","0.33","0.33","0.33","-","0.09","0.32","25","0.33","10","615.00",
="077994","連加國票4B購03","0","0","0","--","--","--","--"," ","0.00","0.43","25","0.44","10","615.00",
="077995","矽創國票4B購01","0","0","0","--","--","--","--"," ","0.00","1.48","25","1.52","10","211.50",
="077996","T50正2凱基4B購02","10,000","1","30,800","3.08","3.08","3.08","3.08","-","0.19","2.96","100","2.97","10","259.40",
="077997","T50正2凱基52購02","20,000","1","60,000","3.00","3.00","3.00","3.00","-","0.26","3.05","100","3.06","10","259.40",
="077998","元黃金凱基4C購01","299,000","1","179,400","0.60","0.60","0.60","0.60","+","0.04","0.60","100","0.61","10","37.00",
="077999","台泥凱基4A購02","0","0","0","--","--","--","--"," ","0.00","--","0","0.10","10","22.80",
="07799P","長榮元富49售06","0","0","0","--","--","--","--"," ","0.00","0.05","25","0.10","10","0.00",
="078000","台聚凱基4A購01","10,000","1","1,600","0.16","0.16","0.16","0.16","X","0.00","0.16","10","0.17","10","10.55",
="078001","華城凱基4B購02","0","0","0","--","--","--","--"," ","0.00","5.70","100","6.20","10","618.00",
="078002","允強凱基4A購01","0","0","0","--","--","--","--"," ","0.00","0.01","10","0.11","10","20.90",
="078003","上銀凱基4B購04","68,000","6","67,580","0.99","1.04","0.96","0.96","-","0.02","0.94","100","0.95","10","215.50",
="078004","鴻海凱基4C購03","0","0","0","--","--","--","--"," ","0.00","5.85","100","5.90","10","206.00",
="078005","鴻海凱基57購01","0","0","0","--","--","--","--"," ","0.00","5.85","18","6.35","10","206.00",
="078006","鴻海凱基57購02","0","0","0","--","--","--","--"," ","0.00","12.40","100","12.50","10","206.00",
="078007","台積電凱基4A購43","50,000","1","152,000","3.04","3.04","3.04","3.04","-","0.45","2.77","100","2.87","10","1,160.00",
="078008","台積電凱基4C購21","0","0","0","--","--","--","--"," ","0.00","2.38","100","2.44","10","1,160.00",
="078009","台積電凱基64購04","0","0","0","--","--","--","--"," ","0.00","6.35","100","6.40","10","1,160.00",
="07800P","群創元富49售05","0","0","0","--","--","--","--"," ","0.00","0.15","25","0.25","10","0.00",
="078010","智邦凱基4A購04","0","0","0","--","--","--","--"," ","0.00","10.40","100","11.40","10","984.00",
="078011","金像電凱基4A購02","0","0","0","--","--","--","--"," ","0.00","18.80","10","19.80","10","486.00",
="078012","皇昌凱基4A購06","220,000","1","55,000","0.25","0.25","0.25","0.25","X","0.00","0.14","10","0.15","10","83.50",
="078013","長榮凱基51購05","51,000","5","79,280","1.50","1.58","1.50","1.58","+","0.10","1.45","100","1.47","10","188.00",
="078014","漢翔凱基4C購02","12,000","2","18,840","1.57","1.57","1.57","1.57","+","0.75","2.10","100","--","0","60.00",
="078015","星宇凱基4A購01","0","0","0","--","--","--","--"," ","0.00","0.07","100","0.08","10","25.15",
="078016","奇鋐凱基4A購04","0","0","0","--","--","--","--"," ","0.00","20.80","100","21.80","10","1,015.00",
="078017","嘉澤凱基4B購01","73,000","3","72,880","0.96","1.00","0.96","1.00","+","0.06","0.99","100","1.01","10","1,465.00",
="078018","世芯凱基52購02","0","0","0","--","--","--","--"," ","0.00","4.12","100","4.22","10","4,000.00",
="078019","定穎控凱基4A購01","0","0","0","--","--","--","--"," ","0.00","19.20","100","20.20","10","106.00",
="07801P","元石油凱基4A售01","0","0","0","--","--","--","--"," ","0.00","1.14","100","1.15","50","0.00",
="078020","瀚宇博凱基4A購01","10,000","4","66,350","7.45","7.45","6.30","6.30","-","0.50","6.20","50","6.25","10","81.70",
="078021","佳必琪凱基4A購01","0","0","0","--","--","--","--"," ","0.00","2.25","100","2.31","10","178.50",
="078022","保瑞凱基4A購04","0","0","0","--","--","--","--"," ","0.00","3.79","10","3.89","10","733.00",
="078023","虎航凱基4C購01","0","0","0","--","--","--","--"," ","0.00","0.26","10","0.27","50","82.60",
="078024","連加凱基4A購01","0","0","0","--","--","--","--"," ","0.00","0.36","100","0.37","10","615.00",
="078025","世紀鋼凱基4B購04","0","0","0","--","--","--","--"," ","0.00","0.92","100","0.93","10","188.00",
="078026","臺股指凱基4A購23","0","0","0","--","--","--","--"," ","0.00","2.88","100","2.89","10","0.00",
="078027","臺股指凱基4A購24","0","0","0","--","--","--","--"," ","0.00","3.34","100","3.35","10","0.00",
="078028","臺股指凱基4A購25","0","0","0","--","--","--","--"," ","0.00","3.06","100","3.07","10","0.00",
="078029","T50正2群益4A購04","0","0","0","--","--","--","--"," ","0.00","1.24","25","1.25","10","259.40",
="07802P","台達電凱基49售04","0","0","0","--","--","--","--"," ","0.00","--","0","0.01","150","0.00",
="078030","華城群益54購02","100,000","1","590,000","5.90","5.90","5.90","5.90","X","0.00","5.70","100","5.75","100","618.00",
="078031","巧新群益4A購01","0","0","0","--","--","--","--"," ","0.00","0.14","25","0.15","10","49.85",
="078032","華榮群益4A購01","7,000","6","8,550","1.24","1.25","1.20","1.20","-","0.04","0.29","34","1.19","10","29.85",
="078033","鴻海群益4C購01","0","0","0","--","--","--","--"," ","0.00","--","0","8.40","10","206.00",
="078034","旺宏群益52購01","131,000","6","109,420","0.84","0.86","0.82","0.86","-","0.02","0.81","25","0.82","10","20.10",
="078035","智邦群益4A購03","10,000","1","119,000","11.90","11.90","11.90","11.90","X","0.00","--","0","12.80","10","984.00",
="078036","所羅門群益4A購01","62,000","2","96,100","1.55","1.55","1.55","1.55","-","0.34","0.43","23","1.61","10","162.00",
="078037","台光電群益4A購02","0","0","0","--","--","--","--"," ","0.00","--","0","43.60","10","1,250.00",
="078038","聯發科群益4A購06","9,000","1","14,670","1.63","1.63","1.63","1.63","X","0.00","0.22","2","--","0","1,385.00",
="078039","義隆群益52購01","32,000","1","15,680","0.49","0.49","0.49","0.49","+","0.01","0.15","66","--","0","120.00",
="07803P","華邦電凱基53售01","25,000","2","8,250","0.33","0.33","0.33","0.33","-","0.01","0.34","10","0.35","30","0.00",
="078040","敦陽科群益4A購01","8,000","1","33,200","4.15","4.15","4.15","4.15","X","0.00","3.64","25","3.65","10","174.00",
="078041","漢翔群益52購01","40,000","6","87,550","2.05","2.30","2.05","2.17","X","0.00","0.56","30","--","0","60.00",
="078042","星宇群益4A購01","0","0","0","--","--","--","--"," ","0.00","0.40","25","0.41","10","25.15",
="078043","星宇群益4B購01","1,000","1","740","0.74","0.74","0.74","0.74","X","0.00","0.71","100","0.72","100","25.15",
="078044","晟銘電群益4A購02","32,000","11","100,690","3.32","3.32","2.74","2.74","-","0.04","2.74","25","2.80","10","133.00",
="078045","奇鋐群益4A購05","0","0","0","--","--","--","--"," ","0.00","--","0","17.70","10","1,015.00",
="078046","世芯群益4A購05","0","0","0","--","--","--","--"," ","0.00","--","0","11.50","10","4,000.00",
="078047","材料群益4C購04","0","0","0","--","--","--","--"," ","0.00","0.29","10","0.39","10","67.70",
="078048","四維航群益4A購02","115,000","4","125,850","1.02","1.13","1.02","1.10","+","0.06","0.95","10","1.05","10","18.15",
="078049","佳必琪群益4A購01","454,000","35","893,770","1.86","2.05","1.79","1.82","-","0.06","1.79","10","1.89","10","178.50",
="07804P","南亞科凱基49售07","0","0","0","--","--","--","--"," ","0.00","0.48","1","0.50","10","0.00",
="078050","保瑞群益4C購02","32,000","3","143,310","4.42","4.51","4.42","4.51","-","0.07","4.41","25","4.42","10","733.00",
="078051","穎崴群益4A購03","20,000","3","52,500","2.76","2.76","2.49","2.76","-","0.07","2.97","499","3.07","10","1,250.00",
="078052","緯穎群益54購01","0","0","0","--","--","--","--"," ","0.00","--","0","3.16","10","2,975.00",
="078053","永道群益4A購02","0","0","0","--","--","--","--"," ","0.00","0.02","30","0.29","10","154.50",
="078054","ITH群益4A購01","0","0","0","--","--","--","--"," ","0.00","0.08","10","0.18","10","45.10",
="078055","台灣50元富54購02","0","0","0","--","--","--","--"," ","0.00","12.30","25","13.30","10","52.50",
="078056","S&P反1元富4A購01","0","0","0","--","--","--","--"," ","0.00","0.14","25","0.15","25","4.56",
="078057","元金2X元富54購01","25,000","1","17,750","0.71","0.71","0.71","0.71","+","0.03","0.71","25","0.72","25","58.65",
="078058","星宇元富4A購02","0","0","0","--","--","--","--"," ","0.00","0.30","25","0.31","25","25.15",
="078059","國泰金元富4A購01","0","0","0","--","--","--","--"," ","0.00","1.99","25","2.04","25","62.30",
="07805P","欣興凱基49售06","0","0","0","--","--","--","--"," ","0.00","--","0","0.10","10","0.00",
="078060","奇鋐元富4A購10","0","0","0","--","--","--","--"," ","0.00","19.60","25","20.10","25","1,015.00",
="078061","世芯元富4A購05","0","0","0","--","--","--","--"," ","0.00","--","0","--","0","4,000.00",
="078062","緯穎元富4A購05","0","0","0","--","--","--","--"," ","0.00","3.89","25","3.96","25","2,975.00",
="078063","虎航元富4A購02","0","0","0","--","--","--","--"," ","0.00","0.16","25","0.17","25","82.60",
="078064","連加元富4A購01","0","0","0","--","--","--","--"," ","0.00","0.87","25","0.88","25","615.00",
="078065","連加元富4A購02","0","0","0","--","--","--","--"," ","0.00","0.40","25","0.41","25","615.00",
="078066","世紀鋼元富4A購01","0","0","0","--","--","--","--"," ","0.00","1.79","25","1.89","10","188.00",
="078067","台灣50元大4A購11","19,000","1","135,850","7.15","7.15","7.15","7.15","-","0.65","6.50","25","7.00","10","52.50",
="078068","鴻海元大4A購17","0","0","0","--","--","--","--"," ","0.00","3.63","200","--","0","206.00",
="078069","鴻海元大4A購18","0","0","0","--","--","--","--"," ","0.00","3.59","200","3.67","10","206.00",
="07806P","群創凱基4A售04","5,000","1","2,700","0.54","0.54","0.54","0.54","X","0.00","0.53","100","0.54","10","0.00",
="078070","鴻海元大4A購19","0","0","0","--","--","--","--"," ","0.00","2.82","250","2.90","10","206.00",
="078072","鴻海元大4A購20","0","0","0","--","--","--","--"," ","0.00","3.64","200","3.74","10","206.00",
="078073","鴻海元大4C購07","0","0","0","--","--","--","--"," ","0.00","4.05","200","4.14","10","206.00",
="078074","鴻海元大51購09","0","0","0","--","--","--","--"," ","0.00","3.17","250","3.24","10","206.00",
="078075","鴻海元大52購04","2,000","1","7,680","3.84","3.84","3.84","3.84","-","0.19","3.80","200","3.84","10","206.00",
="078076","台積電元大4A購28","0","0","0","--","--","--","--"," ","0.00","--","0","--","0","1,160.00",
="078077","台積電元大4A購29","0","0","0","--","--","--","--"," ","0.00","--","0","--","0","1,160.00",
="078078","台積電元大4A購30","0","0","0","--","--","--","--"," ","0.00","0.04","250","--","0","1,160.00",
="078079","台積電元大4A購31","0","0","0","--","--","--","--"," ","0.00","--","0","--","0","1,160.00",
="07807P","矽力元大49售02","0","0","0","--","--","--","--"," ","0.00","1.30","499","1.40","10","0.00",
="078080","台積電元大4A購32","1,000","1","2,490","2.49","2.49","2.49","2.49","X","0.00","0.67","1","--","0","1,160.00",
="078081","台積電元大4A購33","0","0","0","--","--","--","--"," ","0.00","--","0","--","0","1,160.00",
="078082","台積電元大4A購34","0","0","0","--","--","--","--"," ","0.00","--","0","--","0","1,160.00",
="078083","台積電元大51購25","0","0","0","--","--","--","--"," ","0.00","0.15","6","--","0","1,160.00",
="078084","所羅門元大52購01","279,000","13","262,290","0.96","1.03","0.87","0.87","-","0.12","0.87","499","0.89","10","162.00",
="078085","金像電元大4A購02","0","0","0","--","--","--","--"," ","0.00","11.00","50","--","0","486.00",
="078086","金像電元大4A購03","0","0","0","--","--","--","--"," ","0.00","12.00","50","--","0","486.00",
="078087","建準元大4A購02","0","0","0","--","--","--","--"," ","0.00","5.10","150","5.25","10","137.00",
="078088","建準元大4A購03","76,000","6","318,700","4.23","4.40","4.15","4.40","+","0.11","4.23","10","4.33","10","137.00",
="078089","建準元大4A購04","1,000","1","4,930","4.93","4.93","4.93","4.93"," ","0.00","4.82","25","--","0","137.00",
="07808P","喬山群益49售02","0","0","0","--","--","--","--"," ","0.00","0.62","25","0.63","10","0.00",
="078091","長榮元大4A購07","10,000","1","19,200","1.92","1.92","1.92","1.92","+","0.17","1.56","499","1.62","10","188.00",
="078092","長榮元大51購10","124,000","2","72,860","0.59","0.59","0.56","0.56","X","0.00","0.53","499","0.55","10","188.00",
="078093","凱基金元大51購01","400,000","2","192,000","0.48","0.48","0.48","0.48","X","0.00","--","0","--","0","15.55",
="078094","偉訓元大52購01","0","0","0","--","--","--","--"," ","0.00","1.91","350","--","0","110.00",
="078097","富華新元大4A購01","0","0","0","--","--","--","--"," ","0.00","--","0","0.10","10","21.15",
="078098","創意元大4A購02","0","0","0","--","--","--","--"," ","0.00","0.77","12","--","0","1,350.00",
="078099","創意元大4A購03","0","0","0","--","--","--","--"," ","0.00","--","0","--","0","1,350.00",
="07809P","鴻海群益4B售03","0","0","0","--","--","--","--"," ","0.00","0.09","10","0.19","10","0.00",
="078100","創意元大4A購04","0","0","0","--","--","--","--"," ","0.00","0.68","14","--","0","1,350.00",
="078101","創意元大4A購05","0","0","0","--","--","--","--"," ","0.00","0.01","499","--","0","1,350.00",
="078102","創意元大4A購06","0","0","0","--","--","--","--"," ","0.00","--","0","--","0","1,350.00",
="078105","世芯元大4A購09","0","0","0","--","--","--","--"," ","0.00","3.81","200","--","0","4,000.00",
="078106","世芯元大52購03","0","0","0","--","--","--","--"," ","0.00","5.75","100","--","0","4,000.00",
="078108","材料元大4A購05","0","0","0","--","--","--","--"," ","0.00","0.05","499","0.06","10","67.70",
="07810P","鴻海群益53售05","5,000","1","850","0.17","0.17","0.17","0.17","X","0.00","0.16","10","0.19","20","0.00",
="078111","材料元大51購10","0","0","0","--","--","--","--"," ","0.00","0.10","499","0.11","10","67.70",
="078112","訊連元大51購01","0","0","0","--","--","--","--"," ","0.00","0.29","499","0.33","10","97.70",
="078113","四維航元大4A購01","0","0","0","--","--","--","--"," ","0.00","0.63","499","0.65","10","18.15",
="078114","迎廣元大4A購02","40,000","3","22,000","0.57","0.57","0.54","0.54","-","0.01","0.48","499","0.49","10","94.00",
="078115","志強元大4A購01","4,000","1","920","0.23","0.23","0.23","0.23","X","0.00","0.21","499","0.22","10","105.50",
="078116","AES元大4A購02","0","0","0","--","--","--","--"," ","0.00","3.43","250","--","0","1,350.00",
="078117","雲豹元大4A購01","0","0","0","--","--","--","--"," ","0.00","0.18","499","0.19","10","130.50",
="078118","連加元大4A購01","0","0","0","--","--","--","--"," ","0.00","0.80","499","0.82","10","615.00",
="078119","南電元大4C購01","0","0","0","--","--","--","--"," ","0.00","5.60","150","--","0","226.00",
="07811P","臺股指群益4B售14","10,000","2","2,800","0.27","0.29","0.27","0.29","+","0.01","0.28","504","--","0","0.00",
="078120","上証2X中信4A購01","0","0","0","--","--","--","--"," ","0.00","0.33","499","0.34","100","0.00",
="078121","S&P500中信4A購01","0","0","0","--","--","--","--"," ","0.00","0.28","499","0.29","100","0.00",
="078122","臺股指中信4B購08","0","0","0","--","--","--","--"," ","0.00","2.22","499","2.23","10","0.00",
="078123","滬深2X永豐4A購06","0","0","0","--","--","--","--"," ","0.00","4.49","499","--","0","18.32",
="078124","滬深2X永豐4B購05","0","0","0","--","--","--","--"," ","0.00","5.30","499","--","0","18.32",
="078125","台灣50富邦4A購05","0","0","0","--","--","--","--"," ","0.00","4.16","100","4.21","10","0.00",
="078126","台灣50富邦51購03","0","0","0","--","--","--","--"," ","0.00","4.55","100","4.59","10","0.00",
="078127","鴻海富邦4A購09","0","0","0","--","--","--","--"," ","0.00","3.90","30","4.00","10","0.00",
="078128","鴻海富邦4C購02","0","0","0","--","--","--","--"," ","0.00","4.23","30","4.32","10","0.00",
="078129","台積電富邦4A購08","0","0","0","--","--","--","--"," ","0.00","2.60","30","2.68","10","0.00",
="07812P","臺股指群益4B售15","12,000","2","3,970","0.33","0.34","0.33","0.34","+","0.01","0.35","499","0.36","499","0.00",
="078130","台積電富邦4B購12","0","0","0","--","--","--","--"," ","0.00","3.81","30","3.90","10","0.00",
="078131","聯發科富邦4A購06","0","0","0","--","--","--","--"," ","0.00","1.10","30","1.16","10","0.00",
="078132","聯發科富邦4C購02","0","0","0","--","--","--","--"," ","0.00","1.47","30","1.54","10","0.00",
="078133","材料富邦4B購03","0","0","0","--","--","--","--"," ","0.00","0.25","10","0.26","10","0.00",
="078134","臺股指富邦4A購09","0","0","0","--","--","--","--"," ","0.00","3.51","499","3.55","10","0.00",
="078135","臺股指富邦4A購10","0","0","0","--","--","--","--"," ","0.00","4.23","499","4.27","10","0.00",
="078136","臺股指富邦51購03","0","0","0","--","--","--","--"," ","0.00","3.81","499","3.85","10","0.00",
="078137","臺股指富邦52購03","0","0","0","--","--","--","--"," ","0.00","3.55","499","3.56","10","0.00",
="078138","中華電群益4A購02","0","0","0","--","--","--","--"," ","0.00","0.06","166","--","0","133.00",
="078139","富華新群益4A購02","0","0","0","--","--","--","--"," ","0.00","0.13","10","0.23","10","21.15",
="07813P","台積電統一51售09","0","0","0","--","--","--","--"," ","0.00","0.21","10","0.22","10","0.00",
="078140","臺股指群益4A購24","0","0","0","--","--","--","--"," ","0.00","2.71","499","--","0","0.00",
="078141","滬深2X國票4B購03","0","0","0","--","--","--","--"," ","0.00","4.45","25","4.52","10","18.32",
="078142","滬深2X國票4C購03","0","0","0","--","--","--","--"," ","0.00","3.73","25","3.75","10","18.32",
="078143","滬深2X國票53購01","0","0","0","--","--","--","--"," ","0.00","2.83","25","2.84","10","18.32",
="078144","滬深2X國票55購02","3,000","2","10,350","3.45","3.45","3.45","3.45","X","0.00","3.44","25","3.45","10","18.32",
="078145","滬深2X國票57購01","0","0","0","--","--","--","--"," ","0.00","2.39","25","2.40","10","18.32",
="078146","滬深2X國票58購01","5,000","5","17,400","3.49","3.49","3.47","3.47","X","0.00","3.47","25","3.48","10","18.32",
="078147","鴻海國票4B購04","0","0","0","--","--","--","--"," ","0.00","6.20","25","6.70","10","206.00",
="078148","鴻海國票53購01","0","0","0","--","--","--","--"," ","0.00","5.45","25","5.65","10","206.00",
="078149","長榮國票4B購03","0","0","0","--","--","--","--"," ","0.00","1.92","25","1.96","10","188.00",
="07814P","長榮凱基49售06","0","0","0","--","--","--","--"," ","0.00","0.02","10","0.12","10","0.00",
="078150","長榮國票4C購01","30,000","5","28,850","0.90","0.99","0.90","0.99","+","0.12","0.85","25","0.86","10","188.00",
="078151","大立光國票4B購05","0","0","0","--","--","--","--"," ","0.00","1.59","25","1.66","10","2,395.00",
="078152","奇鋐國票4B購03","0","0","0","--","--","--","--"," ","0.00","18.60","25","19.60","10","1,015.00",
="078153","材料國票4B購01","19,000","2","4,630","0.24","0.25","0.24","0.25","+","0.01","0.24","25","0.25","10","67.70",
="078154","緯穎國票4B購04","0","0","0","--","--","--","--"," ","0.00","8.55","25","9.05","10","2,975.00",
="078155","昇陽半國票4B購02","0","0","0","--","--","--","--"," ","0.00","2.18","25","2.27","10","152.50",
="078156","滬深2X國泰4B購01","0","0","0","--","--","--","--"," ","0.00","3.96","499","4.02","10","18.32",
="078157","元債2X國泰4B購01","0","0","0","--","--","--","--"," ","0.00","0.29","499","0.31","100","7.05",
="078158","鴻海國泰4B購01","0","0","0","--","--","--","--"," ","0.00","10.00","499","--","0","206.00",
="078159","台積電國泰4B購04","0","0","0","--","--","--","--"," ","0.00","6.90","499","--","0","1,160.00",
="07815P","陽明凱基49售03","5,000","3","7,210","1.46","1.46","1.41","1.44","-","0.04","1.45","10","1.55","10","0.00",
="078160","台積電國泰4B購05","0","0","0","--","--","--","--"," ","0.00","6.20","499","--","0","1,160.00",
="078161","聯發科國泰4B購01","5,000","2","10,800","2.16","2.16","2.16","2.16","+","0.01","2.06","1","2.09","10","1,385.00",
="078162","慧洋國泰4B購02","0","0","0","--","--","--","--"," ","0.00","2.77","499","2.83","10","61.80",
="078163","世芯國泰4B購01","0","0","0","--","--","--","--"," ","0.00","8.85","499","--","0","4,000.00",
="078164","台灣50台新4A購05","0","0","0","--","--","--","--"," ","0.00","5.05","10","--","0","0.00",
="078165","台積電台新4A購04","0","0","0","--","--","--","--"," ","0.00","3.69","20","--","0","0.00",
="078166","台積電台新4A購05","0","0","0","--","--","--","--"," ","0.00","23.50","10","--","0","0.00",
="078167","T50正2元富4A購05","0","0","0","--","--","--","--"," ","0.00","2.52","25","2.57","25","259.40",
="078168","T50正2元富54購02","0","0","0","--","--","--","--"," ","0.00","1.89","25","1.92","25","259.40",
="078169","T50反1元富4A購01","0","0","0","--","--","--","--"," ","0.00","0.02","25","0.10","10","19.79",
="07816P","材料凱基49售09","0","0","0","--","--","--","--"," ","0.00","2.66","10","2.76","10","0.00",
="078170","T50反1元富54購01","0","0","0","--","--","--","--"," ","0.00","0.16","25","0.17","25","19.79",
="078171","上証2X元富4A購05","0","0","0","--","--","--","--"," ","0.00","2.63","25","2.73","10","45.30",
="078172","FBNQ2X元富4A購02","0","0","0","--","--","--","--"," ","0.00","3.21","25","3.31","25","144.85",
="078173","FBNQ2X元富54購01","0","0","0","--","--","--","--"," ","0.00","2.99","25","3.09","25","144.85",
="078174","SGBR2X元富54購01","0","0","0","--","--","--","--"," ","0.00","3.11","25","3.12","25","11.25",
="078175","中502X元富54購01","45,000","3","167,230","3.77","3.77","3.71","3.71","-","0.57","3.63","25","3.73","10","11.76",
="078176","FANG+元富54購01","0","0","0","--","--","--","--"," ","0.00","3.64","25","3.74","25","110.85",
="078177","台積電元富4A購26","0","0","0","--","--","--","--"," ","0.00","3.23","25","3.33","10","1,160.00",
="078178","台積電元富4A購27","0","0","0","--","--","--","--"," ","0.00","3.69","25","3.79","10","1,160.00",
="078179","台積電元富54購02","0","0","0","--","--","--","--"," ","0.00","4.13","25","4.23","10","1,160.00",
="07817P","穎崴凱基49售04","0","0","0","--","--","--","--"," ","0.00","0.01","10","0.11","10","0.00",
="078180","台積電元富54購03","0","0","0","--","--","--","--"," ","0.00","3.79","25","3.89","10","1,160.00",
="078181","臺股指元富4A購07","0","0","0","--","--","--","--"," ","0.00","2.90","25","3.00","25","0.00",
="078182","臺股指元富4A購08","0","0","0","--","--","--","--"," ","0.00","2.72","25","2.82","25","0.00",
="078183","臺股指元富4A購09","0","0","0","--","--","--","--"," ","0.00","2.41","25","2.51","25","0.00",
="078185","台灣50元大4A購13","0","0","0","--","--","--","--"," ","0.00","7.35","100","7.85","10","52.50",
="078186","台灣50元大4A購14","0","0","0","--","--","--","--"," ","0.00","6.35","100","6.85","10","52.50",
="078187","台灣50元大4A購15","0","0","0","--","--","--","--"," ","0.00","5.15","100","5.65","10","52.50",
="078188","台灣50元大4A購16","0","0","0","--","--","--","--"," ","0.00","4.68","200","4.78","10","52.50",
="078189","元黃金元大4C購01","17,000","5","23,290","1.38","1.38","1.36","1.37","+","0.03","1.37","100","1.38","100","37.00",
="07818P","世紀鋼凱基49售04","0","0","0","--","--","--","--"," ","0.00","0.36","10","0.46","10","0.00",
="078190","滬深2X元大4C購05","0","0","0","--","--","--","--"," ","0.00","2.40","100","2.50","10","18.32",
="078191","S&P正2元大51購01","0","0","0","--","--","--","--"," ","0.00","6.80","499","--","0","105.05",
="078192","香港2X元大4A購01","0","0","0","--","--","--","--"," ","0.00","2.30","100","2.40","10","16.40",
="078193","鴻海元大4A購21","0","0","0","--","--","--","--"," ","0.00","2.63","300","--","0","206.00",
="078194","鴻海元大51購10","0","0","0","--","--","--","--"," ","0.00","2.40","300","--","0","206.00",
="078195","鴻海元大52購05","0","0","0","--","--","--","--"," ","0.00","2.36","300","--","0","206.00",
="078196","台積電元大4A購35","0","0","0","--","--","--","--"," ","0.00","--","0","--","0","1,160.00",
="078197","台積電元大4A購36","0","0","0","--","--","--","--"," ","0.00","--","0","--","0","1,160.00",
="078198","台積電元大51購26","0","0","0","--","--","--","--"," ","0.00","--","0","--","0","1,160.00",
="078199","聯發科元大51購09","624,000","7","623,850","1.00","1.00","0.99","1.00","-","0.02","0.91","10","--","0","1,385.00",
="07819P","台灣50台新49售03","0","0","0","--","--","--","--"," ","0.00","0.03","10","0.13","10","0.00",
="078200","聯發科元大52購03","165,000","3","197,960","1.19","1.21","1.19","1.21"," ","0.00","0.51","19","--","0","1,385.00",
="078201","長榮元大4A購08","0","0","0","--","--","--","--"," ","0.00","0.82","499","0.85","10","188.00",
="078202","長榮元大51購11","123,000","2","132,840","1.08","1.08","1.08","1.08","X","0.00","1.00","499","1.03","10","188.00",
="078203","漢翔元大4A購03","2,000","1","5,140","2.57","2.57","2.57","2.57","+","0.83","2.43","125","--","0","60.00",
="078204","世芯元大4A購10","0","0","0","--","--","--","--"," ","0.00","4.84","150","--","0","4,000.00",
="078205","世芯元大52購04","0","0","0","--","--","--","--"," ","0.00","5.05","150","--","0","4,000.00",
="078206","訊連元大4A購01","0","0","0","--","--","--","--"," ","0.00","0.20","499","0.24","10","97.70",
="078207","訊連元大4A購02","0","0","0","--","--","--","--"," ","0.00","0.29","499","0.33","10","97.70",
="078208","訊連元大54購01","0","0","0","--","--","--","--"," ","0.00","0.54","499","0.58","10","97.70",
="078209","臺股指元大4A購30","0","0","0","--","--","--","--"," ","0.00","6.65","499","7.15","10","0.00",
="07820P","聯發科台新49售04","0","0","0","--","--","--","--"," ","0.00","0.34","20","0.35","10","0.00",
="078210","臺股指元大4A購31","0","0","0","--","--","--","--"," ","0.00","5.10","499","5.60","10","0.00",
="078211","臺股指元大4A購32","0","0","0","--","--","--","--"," ","0.00","5.70","499","6.20","10","0.00",
="078212","臺股指元大4A購33","0","0","0","--","--","--","--"," ","0.00","4.31","499","4.41","10","0.00",
="078213","臺股指元大4A購34","0","0","0","--","--","--","--"," ","0.00","4.40","499","4.50","10","0.00",
="078214","臺股指元大4A購35","0","0","0","--","--","--","--"," ","0.00","3.82","499","3.92","10","0.00",
="078215","道瓊銀凱基4B購02","0","0","0","--","--","--","--"," ","0.00","1.17","100","1.18","10","32.63",
="078216","鴻海凱基4A購10","0","0","0","--","--","--","--"," ","0.00","4.42","23","4.52","10","206.00",
="078217","鴻海凱基52購02","0","0","0","--","--","--","--"," ","0.00","4.75","22","4.85","10","206.00",
="078218","台積電凱基4A購45","0","0","0","--","--","--","--"," ","0.00","7.95","13","8.45","10","1,160.00",
="078219","台積電凱基51購10","0","0","0","--","--","--","--"," ","0.00","7.25","14","7.75","10","1,160.00",
="07821P","創意群益4C售02","0","0","0","--","--","--","--"," ","0.00","0.46","21","--","0","0.00",
="078220","材料凱基4A購03","100,000","1","83,000","0.83","0.83","0.83","0.83","+","0.08","0.76","100","0.86","10","67.70",
="078221","S&P正2中信4B購01","0","0","0","--","--","--","--"," ","0.00","2.00","499","2.01","10","0.00",
="078222","東陽中信4A購01","0","0","0","--","--","--","--"," ","0.00","0.13","499","0.14","10","0.00",
="078223","創意中信4A購01","0","0","0","--","--","--","--"," ","0.00","1.89","499","--","0","0.00",
="078224","緯穎中信4A購03","0","0","0","--","--","--","--"," ","0.00","--","0","--","0","0.00",
="078225","鴻海永豐4A購10","0","0","0","--","--","--","--"," ","0.00","5.75","499","--","0","206.00",
="078226","鴻海永豐4A購11","0","0","0","--","--","--","--"," ","0.00","5.45","499","5.95","10","206.00",
="078227","台積電永豐4A購13","0","0","0","--","--","--","--"," ","0.00","4.46","499","4.56","10","1,160.00",
="078228","所羅門永豐4C購02","0","0","0","--","--","--","--"," ","0.00","1.82","499","1.87","10","162.00",
="078229","欣興永豐4A購02","0","0","0","--","--","--","--"," ","0.00","11.60","499","--","0","150.00",
="07822P","臺股指群益55售02","2,000","1","1,100","0.55","0.55","0.55","0.55","+","0.03","0.55","499","0.56","499","0.00",
="078230","世芯永豐4A購08","0","0","0","--","--","--","--"," ","0.00","7.60","499","--","0","4,000.00",
="078231","保瑞永豐4C購01","0","0","0","--","--","--","--"," ","0.00","3.19","499","3.28","10","733.00",
="078232","臺股指永豐4A購07","3,000","3","10,820","3.64","3.64","3.57","3.57","-","0.09","3.50","499","3.52","10","0.00",
="078233","台灣50凱基4A購13","0","0","0","--","--","--","--"," ","0.00","8.05","100","--","0","52.50",
="078234","台灣50凱基4B購04","0","0","0","--","--","--","--"," ","0.00","12.10","100","13.10","10","52.50",
="078235","T50正2凱基4A購07","0","0","0","--","--","--","--"," ","0.00","7.80","100","--","0","259.40",
="078236","T50正2凱基4B購03","0","0","0","--","--","--","--"," ","0.00","8.65","100","--","0","259.40",
="078237","元黃金凱基54購01","30,000","1","72,300","2.41","2.41","2.41","2.41","X","0.00","2.40","100","2.41","10","37.00",
="078238","滬深2X凱基4B購07","0","0","0","--","--","--","--"," ","0.00","4.47","10","4.57","10","18.32",
="078239","日本2X凱基4B購01","0","0","0","--","--","--","--"," ","0.00","6.80","499","--","0","63.45",
="07823P","元金2X國票4B售01","0","0","0","--","--","--","--"," ","0.00","0.21","25","0.22","10","0.00",
="078240","國企2X凱基4A購06","114,000","4","228,470","2.06","2.06","1.99","1.99","X","0.00","1.94","100","1.95","50","10.70",
="078241","元金2X凱基4C購01","100,000","5","100,000","1.00","1.00","1.00","1.00","X","0.00","1.00","100","1.01","50","58.65",
="078242","鴻海凱基4B購08","0","0","0","--","--","--","--"," ","0.00","4.23","24","4.33","10","206.00",
="078243","國巨凱基4A購06","0","0","0","--","--","--","--"," ","0.00","4.01","100","4.11","10","137.00",
="078244","長榮凱基4A購04","59,000","5","128,530","2.27","2.27","2.13","2.13","-","0.02","2.07","49","2.09","10","188.00",
="078245","亞光凱基4B購01","0","0","0","--","--","--","--"," ","0.00","2.66","100","2.76","10","164.00",
="078246","世芯凱基4A購08","0","0","0","--","--","--","--"," ","0.00","9.65","100","10.30","10","4,000.00",
="078247","臺股指凱基4A購28","0","0","0","--","--","--","--"," ","0.00","6.80","100","--","0","0.00",
="078248","臺股指凱基4B購17","0","0","0","--","--","--","--"," ","0.00","8.00","100","8.05","10","0.00",
="078249","臺股指凱基4B購18","0","0","0","--","--","--","--"," ","0.00","7.70","100","7.75","10","0.00",
="07824P","大成鋼國票4A售04","503,000","2","120,800","0.26","0.26","0.24","0.24","-","0.01","0.26","25","0.27","10","0.00",
="078250","台灣50元富4A購08","0","0","0","--","--","--","--"," ","0.00","9.90","25","10.20","25","52.50",
="078251","台灣50元富4A購09","0","0","0","--","--","--","--"," ","0.00","10.50","25","10.80","25","52.50",
="078252","台灣50元富4A購10","0","0","0","--","--","--","--"," ","0.00","11.20","25","11.50","25","52.50",
="078253","T50正2元富51購03","0","0","0","--","--","--","--"," ","0.00","3.82","25","3.87","25","259.40",
="078254","滬深2X元富4A購06","0","0","0","--","--","--","--"," ","0.00","4.01","25","4.11","10","18.32",
="078255","世芯元富4A購06","0","0","0","--","--","--","--"," ","0.00","5.15","25","5.25","25","4,000.00",
="078256","世芯元富4A購07","0","0","0","--","--","--","--"," ","0.00","3.57","25","3.64","25","4,000.00",
="078257","世芯元富51購05","0","0","0","--","--","--","--"," ","0.00","5.15","25","5.25","25","4,000.00",
="078258","世芯元富54購02","0","0","0","--","--","--","--"," ","0.00","5.15","25","5.25","25","4,000.00",
="078259","材料元富4A購07","0","0","0","--","--","--","--"," ","0.00","0.29","25","0.30","25","67.70",
="07825P","華邦電國票4B售03","0","0","0","--","--","--","--"," ","0.00","0.47","25","0.48","10","0.00",
="078260","緯穎元富51購03","0","0","0","--","--","--","--"," ","0.00","4.14","25","4.20","25","2,975.00",
="078261","虎航元富4A購03","25,000","2","16,750","0.67","0.67","0.67","0.67","X","0.00","0.66","25","0.67","25","82.60",
="078262","國企2X國票4A購01","0","0","0","--","--","--","--"," ","0.00","1.93","25","1.97","10","10.70",
="078263","國企2X國票4C購01","85,000","5","102,900","1.27","1.28","1.17","1.17","-","0.41","0.20","99","1.17","40","10.70",
="078264","台積電國票4A購15","0","0","0","--","--","--","--"," ","0.00","7.00","25","7.50","10","1,160.00",
="078265","台積電國票4A購16","0","0","0","--","--","--","--"," ","0.00","6.00","25","6.50","10","1,160.00",
="078266","台積電國票4B購06","0","0","0","--","--","--","--"," ","0.00","6.60","25","7.00","10","1,160.00",
="078267","台積電國票4B購07","0","0","0","--","--","--","--"," ","0.00","5.60","25","6.00","10","1,160.00",
="078268","臺股指國票4A購06","5,000","5","36,700","7.40","7.40","7.30","7.30","-","0.20","7.25","499","7.30","399","0.00",
="078269","臺股指國票4A購07","5,000","5","31,700","6.40","6.40","6.30","6.30","-","0.20","6.25","499","6.30","399","0.00",
="07826P","台光電國票4A售05","0","0","0","--","--","--","--"," ","0.00","--","0","--","0","0.00",
="078270","臺股指國票4A購08","0","0","0","--","--","--","--"," ","0.00","5.30","499","5.35","499","0.00",
="078271","臺股指國票4A購09","0","0","0","--","--","--","--"," ","0.00","6.50","499","6.55","499","0.00",
="078272","華邦電國泰4B購01","0","0","0","--","--","--","--"," ","0.00","4.00","499","4.06","10","19.60",
="078273","大立光國泰4B購01","0","0","0","--","--","--","--"," ","0.00","4.59","499","--","0","2,395.00",
="078274","材料國泰4B購01","34,000","4","35,240","1.01","1.06","1.00","1.00","+","0.04","1.00","499","1.01","100","67.70",
="078275","緯穎國泰4B購01","0","0","0","--","--","--","--"," ","0.00","8.40","499","8.70","10","2,975.00",
="078276","台灣50群益4A購05","0","0","0","--","--","--","--"," ","0.00","5.20","97","5.70","10","52.50",
="078277","台灣50群益4A購06","0","0","0","--","--","--","--"," ","0.00","5.15","25","5.20","10","52.50",
="078278","T50正2群益4A購06","0","0","0","--","--","--","--"," ","0.00","4.74","25","4.75","10","259.40",
="078279","上証2X群益52購01","0","0","0","--","--","--","--"," ","0.00","5.50","10","6.00","10","45.30",
="07827P","長榮國票4A售05","0","0","0","--","--","--","--"," ","0.00","1.65","25","1.66","10","0.00",
="078280","滬深2X群益52購01","0","0","0","--","--","--","--"," ","0.00","0.35","2","--","0","18.32",
="078281","FBNQ2X群益54購01","0","0","0","--","--","--","--"," ","0.00","4.16","25","4.17","10","144.85",
="078282","SGBR2X群益54購01","10,000","2","11,900","1.19","1.19","1.19","1.19","+","0.02","1.17","25","1.18","10","11.25",
="078283","中502X群益4C購01","0","0","0","--","--","--","--"," ","0.00","0.33","3","3.22","10","11.76",
="078284","統一群益4B購01","37,000","2","24,050","0.65","0.65","0.65","0.65","X","0.00","0.64","100","0.65","100","77.70",
="078285","華新群益4A購05","0","0","0","--","--","--","--"," ","0.00","--","0","1.91","10","23.35",
="078286","台玻群益4A購03","0","0","0","--","--","--","--"," ","0.00","12.70","10","--","0","34.55",
="078287","台達電群益4A購01","0","0","0","--","--","--","--"," ","0.00","--","0","--","0","709.00",
="078288","鴻海群益4A購11","0","0","0","--","--","--","--"," ","0.00","--","0","5.55","10","206.00",
="078289","鴻海群益4B購05","0","0","0","--","--","--","--"," ","0.00","--","0","6.30","10","206.00",
="07828P","穎崴國票4A售05","0","0","0","--","--","--","--"," ","0.00","0.02","25","0.05","10","0.00",
="078290","鴻海群益54購02","0","0","0","--","--","--","--"," ","0.00","--","0","12.10","10","206.00",
="078291","仁寶群益4A購01","62,000","3","44,500","0.70","0.72","0.70","0.72","+","0.02","0.15","66","0.75","3","28.10",
="078292","台積電群益4A購38","0","0","0","--","--","--","--"," ","0.00","--","0","6.40","10","1,160.00",
="078293","台積電群益4A購39","0","0","0","--","--","--","--"," ","0.00","5.35","94","5.85","10","1,160.00",
="078294","瑞昱群益4A購02","0","0","0","--","--","--","--"," ","0.00","--","0","1.66","10","545.00",
="078295","友達群益4A購01","0","0","0","--","--","--","--"," ","0.00","0.20","50","1.40","10","13.05",
="078296","漢翔群益4A購05","30,000","2","53,500","1.83","1.83","1.78","1.78","+","0.69","1.78","10","--","0","60.00",
="078297","富邦金群益4A購02","11,000","2","19,910","1.81","1.81","1.81","1.81","-","0.08","0.43","23","--","0","85.20",
="078298","大立光群益4A購04","0","0","0","--","--","--","--"," ","0.00","--","0","2.89","10","2,395.00",
="078299","奇鋐群益54購03","0","0","0","--","--","--","--"," ","0.00","--","0","17.50","10","1,015.00",
="07829P","川湖元富49售07","0","0","0","--","--","--","--"," ","0.00","--","0","0.10","25","0.00",
="078300","亞光群益4A購02","0","0","0","--","--","--","--"," ","0.00","--","0","2.33","10","164.00",
="078301","創意群益4A購04","0","0","0","--","--","--","--"," ","0.00","1.00","12","--","0","1,350.00",
="078302","世芯群益54購01","0","0","0","--","--","--","--"," ","0.00","--","0","8.90","10","4,000.00",
="078303","材料群益54購01","15,000","2","15,150","1.01","1.01","1.01","1.01","X","0.00","0.96","10","1.06","10","67.70",
="078304","緯穎群益54購02","20,000","2","91,400","4.57","4.57","4.57","4.57","X","0.00","--","0","4.55","10","2,975.00",
="078305","臺股指群益4A購25","0","0","0","--","--","--","--"," ","0.00","3.09","499","--","0","0.00",
="078306","臺股指群益4A購26","0","0","0","--","--","--","--"," ","0.00","2.30","499","--","0","0.00",
="078307","臺股指群益4A購27","0","0","0","--","--","--","--"," ","0.00","4.63","499","4.64","499","0.00",
="078308","T50反1台新4A購01","0","0","0","--","--","--","--"," ","0.00","--","0","0.01","10","0.00",
="078309","滬深2X台新4A購01","0","0","0","--","--","--","--"," ","0.00","2.60","20","2.61","10","0.00",
="07830P","迎廣元富49售04","0","0","0","--","--","--","--"," ","0.00","1.18","25","1.20","25","0.00",
="078310","鴻海台新4A購04","0","0","0","--","--","--","--"," ","0.00","40.80","10","--","0","0.00",
="078311","聯發科台新4A購03","2,000","1","2,000","1.00","1.00","1.00","1.00","-","0.07","1.01","10","1.05","10","0.00",
="078312","嘉澤台新4A購01","0","0","0","--","--","--","--"," ","0.00","2.02","10","2.07","10","0.00",
="078313","上証2X元大4C購01","0","0","0","--","--","--","--"," ","0.00","2.16","499","2.26","10","45.30",
="078314","滬深2X元大4A購08","0","0","0","--","--","--","--"," ","0.00","2.18","499","2.28","10","18.32",
="078315","滬深2X元大4B購07","0","0","0","--","--","--","--"," ","0.00","2.45","499","--","0","18.32",
="078318","日本2X元大4C購01","0","0","0","--","--","--","--"," ","0.00","5.20","499","--","0","63.45",
="078319","道瓊反元大54購01","55,000","2","4,400","0.08","0.08","0.08","0.08","-","0.01","0.07","103","0.17","10","5.93",
="07831P","亞翔元富49售04","0","0","0","--","--","--","--"," ","0.00","0.01","25","0.05","8","0.00",
="078321","FBNQ2X元大4A購05","0","0","0","--","--","--","--"," ","0.00","5.55","499","--","0","144.85",
="078323","FBNQ2X元大4B購03","0","0","0","--","--","--","--"," ","0.00","5.05","499","--","0","144.85",
="078324","FBNQ2X元大4C購04","0","0","0","--","--","--","--"," ","0.00","5.20","499","--","0","144.85",
="078325","FANG+元大4A購03","0","0","0","--","--","--","--"," ","0.00","2.64","499","2.74","10","110.85",
="078326","FANG+元大4B購02","0","0","0","--","--","--","--"," ","0.00","2.30","499","2.40","10","110.85",
="078327","美費半元大4A購03","0","0","0","--","--","--","--"," ","0.00","6.35","499","--","0","45.51",
="078328","美費半元大4B購03","0","0","0","--","--","--","--"," ","0.00","5.25","499","5.75","10","45.51",
="078329","鴻海元大4A購22","0","0","0","--","--","--","--"," ","0.00","3.50","200","--","0","206.00",
="07832P","中502X元大4B售04","35,000","3","40,500","1.13","1.17","1.13","1.17","+","0.17","1.20","499","1.21","100","0.00",
="078330","鴻海元大51購11","0","0","0","--","--","--","--"," ","0.00","2.97","250","--","0","206.00",
="078331","鴻海元大52購06","0","0","0","--","--","--","--"," ","0.00","3.19","250","--","0","206.00",
="078332","台積電元大4A購37","0","0","0","--","--","--","--"," ","0.00","--","0","--","0","1,160.00",
="078333","台積電元大4A購38","0","0","0","--","--","--","--"," ","0.00","--","0","--","0","1,160.00",
="078334","台積電元大51購27","0","0","0","--","--","--","--"," ","0.00","--","0","--","0","1,160.00",
="078335","聯發科元大4A購08","0","0","0","--","--","--","--"," ","0.00","--","0","--","0","1,385.00",
="078336","聯發科元大4A購09","0","0","0","--","--","--","--"," ","0.00","--","0","--","0","1,385.00",
="078337","長榮元大4A購09","188,000","4","170,270","0.91","0.91","0.86","0.86","+","0.01","0.81","499","0.84","10","188.00",
="078338","長榮元大4A購10","0","0","0","--","--","--","--"," ","0.00","1.22","499","1.26","10","188.00",
="078339","亞光元大4A購02","0","0","0","--","--","--","--"," ","0.00","1.67","450","--","0","164.00",
="07833P","台達電元大49售04","0","0","0","--","--","--","--"," ","0.00","--","0","0.01","200","0.00",
="078340","世芯元大4A購11","0","0","0","--","--","--","--"," ","0.00","5.40","150","--","0","4,000.00",
="078341","世芯元大4A購12","0","0","0","--","--","--","--"," ","0.00","5.10","150","--","0","4,000.00",
="078342","世芯元大52購05","0","0","0","--","--","--","--"," ","0.00","3.17","250","--","0","4,000.00",
="078343","元石油中信4C購01","5,000","1","4,300","0.86","0.86","0.86","0.86","X","0.00","0.86","30","0.87","30","0.00",
="078344","道瓊反中信51購01","0","0","0","--","--","--","--"," ","0.00","0.65","499","0.66","100","0.00",
="078345","元債反中信4A購01","0","0","0","--","--","--","--"," ","0.00","1.08","499","1.10","100","0.00",
="078346","上銀中信4A購02","10,000","1","18,800","1.88","1.88","1.88","1.88","+","0.03","1.73","499","1.81","10","0.00",
="078347","鴻海中信4B購01","0","0","0","--","--","--","--"," ","0.00","3.07","499","3.09","10","0.00",
="078348","台積電中信4A購04","12,000","1","42,000","3.50","3.50","3.50","3.50","-","0.15","3.38","499","3.43","10","0.00",
="078349","緯穎中信4B購02","0","0","0","--","--","--","--"," ","0.00","--","0","--","0","0.00",
="07834P","台積電元大49售27","0","0","0","--","--","--","--"," ","0.00","--","0","0.10","10","0.00",
="078350","台灣50永豐4A購04","0","0","0","--","--","--","--"," ","0.00","8.30","10","8.60","10","52.50",
="078351","上証2X永豐4A購02","0","0","0","--","--","--","--"," ","0.00","3.18","499","3.28","10","45.30",
="078352","鴻海永豐4A購12","0","0","0","--","--","--","--"," ","0.00","6.70","10","--","0","206.00",
="078353","廣宇永豐51購01","0","0","0","--","--","--","--"," ","0.00","5.00","499","--","0","60.90",
="078354","台積電永豐64購01","42,000","3","116,960","2.82","2.82","2.75","2.75","-","0.10","2.69","15","2.79","10","1,160.00",
="078355","長榮永豐4A購03","6,000","1","12,600","2.10","2.10","2.10","2.10","+","0.18","1.82","499","1.92","10","188.00",
="078356","臺股指永豐4C購05","0","0","0","--","--","--","--"," ","0.00","5.70","499","5.75","10","0.00",
="078357","T50正2凱基51購04","0","0","0","--","--","--","--"," ","0.00","5.20","100","--","0","259.40",
="078358","S&P正2凱基51購01","0","0","0","--","--","--","--"," ","0.00","5.70","100","6.20","10","105.05",
="078359","FBNQ2X凱基4A購02","0","0","0","--","--","--","--"," ","0.00","5.60","100","6.10","10","144.85",
="07835P","智邦元大49售10","0","0","0","--","--","--","--"," ","0.00","--","0","0.10","10","0.00",
="078360","元金2X凱基54購01","235,000","2","338,400","1.44","1.44","1.44","1.44","+","0.05","1.44","10","1.45","50","58.65",
="078361","道瓊銀凱基4B購03","0","0","0","--","--","--","--"," ","0.00","1.21","100","1.24","10","32.63",
="078362","美費半凱基4B購03","0","0","0","--","--","--","--"," ","0.00","5.70","100","6.20","10","45.51",
="078363","鴻海凱基4C購04","0","0","0","--","--","--","--"," ","0.00","5.65","18","6.15","10","206.00",
="078364","台積電凱基4A購46","0","0","0","--","--","--","--"," ","0.00","6.20","17","6.70","10","1,160.00",
="078365","台積電凱基54購09","2,000","1","8,220","4.11","4.11","4.11","4.11","-","0.05","3.94","26","4.04","10","1,160.00",
="078366","聯發科凱基51購03","9,000","4","13,040","1.47","1.47","1.42","1.45","-","0.02","1.41","100","1.42","10","1,385.00",
="078367","富邦金凱基4A購02","44,000","4","109,240","2.47","2.56","2.47","2.56","-","0.06","2.45","100","2.55","10","85.20",
="078368","大立光凱基4A購05","0","0","0","--","--","--","--"," ","0.00","3.15","100","3.25","10","2,395.00",
="078369","世芯凱基4A購09","0","0","0","--","--","--","--"," ","0.00","12.60","100","13.60","10","4,000.00",
="07836P","穎崴元大49售03","0","0","0","--","--","--","--"," ","0.00","0.06","499","0.07","200","0.00",
="078370","迅得凱基4A購02","73,000","8","232,440","3.25","3.25","3.08","3.15","+","0.07","3.18","100","3.28","10","193.50",
="078371","緯穎凱基4A購08","0","0","0","--","--","--","--"," ","0.00","7.35","100","7.85","10","2,975.00",
="078372","台灣50群益4A購08","0","0","0","--","--","--","--"," ","0.00","--","0","6.70","10","52.50",
="078373","T50正2群益4A購07","0","0","0","--","--","--","--"," ","0.00","5.25","25","5.30","10","259.40",
="078374","國企2X群益54購01","7,000","1","18,200","2.60","2.60","2.60","2.60","X","0.00","2.52","25","2.53","10","10.70",
="078375","鴻海群益52購02","5,000","2","60,000","12.00","12.00","12.00","12.00","X","0.00","12.00","25","12.10","10","206.00",
="078376","國巨群益54購01","5,000","1","22,000","4.40","4.40","4.40","4.40","X","0.00","4.39","25","4.45","10","137.00",
="078377","台積電群益4A購40","0","0","0","--","--","--","--"," ","0.00","--","0","3.13","10","1,160.00",
="078378","台積電群益4B購16","0","0","0","--","--","--","--"," ","0.00","--","0","4.93","10","1,160.00",
="078379","台積電群益4C購07","0","0","0","--","--","--","--"," ","0.00","--","0","2.14","10","1,160.00",
="07837P","台積電中信4A售02","0","0","0","--","--","--","--"," ","0.00","0.19","499","0.20","10","0.00",
="078380","台積電群益52購03","0","0","0","--","--","--","--"," ","0.00","0.82","20","--","0","1,160.00",
="078381","聯發科群益4A購07","0","0","0","--","--","--","--"," ","0.00","2.00","6","2.74","10","1,385.00",
="078382","聯發科群益4A購08","0","0","0","--","--","--","--"," ","0.00","--","0","2.01","10","1,385.00",
="078383","聯發科群益4C購03","0","0","0","--","--","--","--"," ","0.00","--","0","--","0","1,385.00",
="078384","亞光群益52購01","0","0","0","--","--","--","--"," ","0.00","1.44","30","2.35","10","164.00",
="078385","材料群益54購02","0","0","0","--","--","--","--"," ","0.00","1.03","10","1.13","10","67.70",
="078386","臺股指群益4A購30","0","0","0","--","--","--","--"," ","0.00","3.52","499","3.53","499","0.00",
="078387","川湖台新4A購02","0","0","0","--","--","--","--"," ","0.00","6.90","10","--","0","0.00",
="078388","鴻海台新4A購05","0","0","0","--","--","--","--"," ","0.00","8.40","20","--","0","0.00",
="078389","台積電台新4A購06","10,000","1","33,100","3.31","3.31","3.31","3.31","X","0.00","3.24","10","3.33","10","0.00",
="07838P","A50正2永豐49售01","0","0","0","--","--","--","--"," ","0.00","0.01","10","0.05","50","0.00",
="078390","大立光台新4A購01","0","0","0","--","--","--","--"," ","0.00","2.99","20","3.00","10","0.00",
="078391","奇鋐台新4A購02","0","0","0","--","--","--","--"," ","0.00","--","0","--","0","0.00",
="078392","世芯台新4A購01","0","0","0","--","--","--","--"," ","0.00","9.10","20","--","0","0.00",
="078393","台灣50元富4A購11","0","0","0","--","--","--","--"," ","0.00","6.20","25","6.70","10","52.50",
="078394","台灣50元富4A購12","0","0","0","--","--","--","--"," ","0.00","6.60","25","6.75","25","52.50",
="078395","FANG+元富54購02","0","0","0","--","--","--","--"," ","0.00","2.99","25","3.09","25","110.85",
="078396","鴻海元富4A購09","0","0","0","--","--","--","--"," ","0.00","4.96","25","5.05","25","206.00",
="078397","鴻海元富4A購10","0","0","0","--","--","--","--"," ","0.00","4.71","25","4.80","25","206.00",
="078398","台積電元富4A購28","0","0","0","--","--","--","--"," ","0.00","36.70","25","37.70","10","1,160.00",
="078399","台積電元富4A購29","0","0","0","--","--","--","--"," ","0.00","4.17","25","4.27","10","1,160.00",
="07839P","聯發科永豐4A售03","3,000","1","2,190","0.73","0.73","0.73","0.73","+","0.02","0.21","47","--","0","0.00",
="078400","台積電元富4A購30","0","0","0","--","--","--","--"," ","0.00","1.92","25","2.02","10","1,160.00",
="078401","台積電元富4B購05","0","0","0","--","--","--","--"," ","0.00","3.38","25","3.48","10","1,160.00",
="078402","台積電元富54購04","0","0","0","--","--","--","--"," ","0.00","3.75","25","3.85","10","1,160.00",
="078403","台積電元富54購05","0","0","0","--","--","--","--"," ","0.00","5.30","25","5.80","10","1,160.00",
="078404","台積電元富64購02","0","0","0","--","--","--","--"," ","0.00","3.50","25","3.60","10","1,160.00",
="078405","富邦金元富54購01","35,000","6","113,530","3.23","3.29","3.22","3.22","-","0.09","3.18","25","3.28","11","85.20",
="078406","台灣50國票4A購03","0","0","0","--","--","--","--"," ","0.00","6.20","25","6.35","10","52.50",
="078407","台灣50國票4A購04","0","0","0","--","--","--","--"," ","0.00","6.30","25","6.45","10","52.50",
="078408","T50正2國票4A購05","0","0","0","--","--","--","--"," ","0.00","6.50","25","7.00","10","259.40",
="078409","T50正2國票4A購06","0","0","0","--","--","--","--"," ","0.00","7.00","25","7.50","10","259.40",
="07840P","FANG+元富49售05","0","0","0","--","--","--","--"," ","0.00","0.07","25","0.17","10","0.00",
="078410","T50正2國票4A購07","0","0","0","--","--","--","--"," ","0.00","7.35","25","7.50","10","259.40",
="078411","材料國票4B購02","289,000","18","248,870","0.89","0.91","0.83","0.84","-","0.01","0.85","25","0.86","10","67.70",
="078412","大成鋼國泰4B購01","0","0","0","--","--","--","--"," ","0.00","0.39","10","0.40","10","38.60",
="078413","智邦國泰4B購01","0","0","0","--","--","--","--"," ","0.00","9.25","499","--","0","984.00",
="078414","T50正2元大4A購09","0","0","0","--","--","--","--"," ","0.00","5.55","499","--","0","259.40",
="078415","日本2X元大4B購01","0","0","0","--","--","--","--"," ","0.00","4.67","499","--","0","63.45",
="078416","國企2X元大4B購03","0","0","0","--","--","--","--"," ","0.00","2.98","499","3.08","10","10.70",
="078417","中502X元大4A購05","0","0","0","--","--","--","--"," ","0.00","3.83","100","--","0","11.76",
="078418","中502X元大4B購05","0","0","0","--","--","--","--"," ","0.00","2.84","499","2.94","10","11.76",
="078419","中502X元大4B購06","0","0","0","--","--","--","--"," ","0.00","3.57","499","--","0","11.76",
="07841P","時碩元富4A售03","0","0","0","--","--","--","--"," ","0.00","1.07","25","1.08","25","0.00",
="078420","中502X元大4C購04","0","0","0","--","--","--","--"," ","0.00","3.41","100","3.51","10","11.76",
="078421","鴻海元大4A購23","0","0","0","--","--","--","--"," ","0.00","3.90","200","--","0","206.00",
="078422","鴻海元大51購12","0","0","0","--","--","--","--"," ","0.00","3.86","200","--","0","206.00",
="078423","鴻海元大54購01","0","0","0","--","--","--","--"," ","0.00","3.70","5","--","0","206.00",
="078424","台積電元大4A購39","0","0","0","--","--","--","--"," ","0.00","--","0","--","0","1,160.00",
="078425","台積電元大4A購40","0","0","0","--","--","--","--"," ","0.00","--","0","--","0","1,160.00",
="078426","台積電元大4A購41","0","0","0","--","--","--","--"," ","0.00","--","0","--","0","1,160.00",
="078427","聯發科元大4A購10","0","0","0","--","--","--","--"," ","0.00","--","0","--","0","1,385.00",
="078428","聯發科元大4A購11","0","0","0","--","--","--","--"," ","0.00","--","0","--","0","1,385.00",
="078429","聯發科元大51購10","714,000","5","913,980","1.32","1.32","1.26","1.26","-","0.04","0.60","33","--","0","1,385.00",
="07842P","南亞科國票4A售03","0","0","0","--","--","--","--"," ","0.00","0.43","25","0.44","10","0.00",
="078430","長榮元大4A購11","0","0","0","--","--","--","--"," ","0.00","1.50","499","1.54","10","188.00",
="078431","大立光元大4A購06","5,000","1","12,950","2.59","2.59","2.59","2.59","-","0.02","2.59","25","2.64","10","2,395.00",
="078432","大立光元大4A購07","0","0","0","--","--","--","--"," ","0.00","2.14","350","2.19","10","2,395.00",
="078433","奇鋐元大4A購04","0","0","0","--","--","--","--"," ","0.00","--","0","--","0","1,015.00",
="078434","亞光元大4A購03","20,000","1","45,200","2.26","2.26","2.26","2.26","-","0.19","2.21","25","2.27","10","164.00",
="078435","緯創元大4A購03","0","0","0","--","--","--","--"," ","0.00","3.08","250","3.17","10","115.00",
="078436","群創元大4A購03","22,000","2","28,720","1.30","1.31","1.30","1.31","X","0.00","1.33","499","1.38","10","14.15",
="078437","世芯元大4A購13","0","0","0","--","--","--","--"," ","0.00","6.15","100","--","0","4,000.00",
="078438","亞翔元大4A購02","0","0","0","--","--","--","--"," ","0.00","5.75","100","--","0","349.50",
="078439","世紀鋼元大4A購03","0","0","0","--","--","--","--"," ","0.00","1.57","450","1.60","10","188.00",
="07843P","建準國票4A售02","0","0","0","--","--","--","--"," ","0.00","0.12","25","0.13","10","0.00",
="078440","臺股指元大4A購39","0","0","0","--","--","--","--"," ","0.00","8.05","499","8.55","10","0.00",
="078441","臺股指元大4A購40","0","0","0","--","--","--","--"," ","0.00","5.75","499","6.25","10","0.00",
="078442","臺股指元大4A購41","0","0","0","--","--","--","--"," ","0.00","4.67","499","--","0","0.00",
="078443","金融類元大4A購01","0","0","0","--","--","--","--"," ","0.00","1.78","499","1.88","10","0.00",
="078445","元債2X富邦54購01","0","0","0","--","--","--","--"," ","0.00","0.39","100","0.40","98","0.00",
="078446","台達電富邦4A購01","0","0","0","--","--","--","--"," ","0.00","12.10","30","12.60","10","0.00",
="078447","台達電富邦4B購01","0","0","0","--","--","--","--"," ","0.00","9.15","30","9.40","10","0.00",
="078448","大立光富邦4B購04","0","0","0","--","--","--","--"," ","0.00","2.17","10","2.27","10","0.00",
="078449","日月光富邦4A購02","0","0","0","--","--","--","--"," ","0.00","1.74","30","1.81","10","0.00",
="07844P","萬海國票4A售03","10,000","1","2,300","0.23","0.23","0.23","0.23","X","0.00","0.24","25","0.34","10","0.00",
="078450","日月光富邦4C購01","10,000","2","16,250","1.64","1.64","1.61","1.61","-","0.08","1.56","30","1.61","10","0.00",
="078451","臺股指富邦51購04","0","0","0","--","--","--","--"," ","0.00","5.10","100","5.30","10","0.00",
="078452","T50正2永豐51購03","0","0","0","--","--","--","--"," ","0.00","6.75","10","7.00","10","259.40",
="078453","國企2X永豐51購01","15,000","2","21,550","1.43","1.45","1.43","1.45","X","0.00","1.38","499","1.39","10","10.70",
="078454","宇隆永豐51購01","0","0","0","--","--","--","--"," ","0.00","4.42","499","--","0","262.00",
="078455","鴻海永豐51購02","0","0","0","--","--","--","--"," ","0.00","2.92","499","--","0","206.00",
="078456","鴻海永豐51購03","0","0","0","--","--","--","--"," ","0.00","3.11","499","--","0","206.00",
="078457","世芯永豐4A購09","0","0","0","--","--","--","--"," ","0.00","6.05","499","--","0","4,000.00",
="078458","世芯永豐51購03","0","0","0","--","--","--","--"," ","0.00","5.90","499","--","0","4,000.00",
="078459","T50正2元富4B購03","0","0","0","--","--","--","--"," ","0.00","3.63","25","3.71","25","259.40",
="07845P","奇鋐國票4A售03","0","0","0","--","--","--","--"," ","0.00","--","0","--","0","0.00",
="078460","日本2X元富54購01","0","0","0","--","--","--","--"," ","0.00","4.04","25","4.14","25","63.45",
="078461","S&P反1元富54購01","0","0","0","--","--","--","--"," ","0.00","0.52","25","0.53","25","4.56",
="078462","國企2X元富54購01","20,000","3","63,200","3.19","3.19","3.13","3.13","X","0.00","3.06","25","3.07","25","10.70",
="078463","國巨元富4A購01","8,000","2","35,760","4.47","4.47","4.47","4.47","+","0.19","4.23","25","4.33","25","137.00",
="078464","大立光元富4A購01","0","0","0","--","--","--","--"," ","0.00","1.79","25","1.84","25","2,395.00",
="078465","智原元富4A購07","0","0","0","--","--","--","--"," ","0.00","0.09","25","0.10","25","158.00",
="078466","世芯元富4B購08","0","0","0","--","--","--","--"," ","0.00","2.68","25","2.74","25","4,000.00",
="078467","鈞興元富4A購01","0","0","0","--","--","--","--"," ","0.00","2.88","25","2.96","25","200.00",
="078468","材料元富4A購08","0","0","0","--","--","--","--"," ","0.00","0.29","25","0.30","25","67.70",
="078469","緯穎元富4A購06","0","0","0","--","--","--","--"," ","0.00","5.60","25","5.70","25","2,975.00",
="07846P","緯創國票4A售04","0","0","0","--","--","--","--"," ","0.00","0.18","25","0.19","10","0.00",
="078470","T50反1國票4A購02","0","0","0","--","--","--","--"," ","0.00","0.01","25","0.05","10","19.79",
="078471","T50反1國票4B購02","0","0","0","--","--","--","--"," ","0.00","0.07","25","0.17","10","19.79",
="078472","中502X國票4B購05","28,000","9","72,320","2.58","2.62","2.49","2.49","-","0.62","2.41","25","2.43","10","11.76",
="078473","晟銘電國票4A購05","0","0","0","--","--","--","--"," ","0.00","2.72","25","2.82","10","133.00",
="078475","T50正2國泰51購01","0","0","0","--","--","--","--"," ","0.00","5.05","499","--","0","259.40",
="078476","元日2X國泰51購01","0","0","0","--","--","--","--"," ","0.00","0.16","499","0.17","101","5.97",
="078477","台積電國泰51購01","0","0","0","--","--","--","--"," ","0.00","7.00","499","7.20","100","1,160.00",
="078478","漢唐國泰51購01","0","0","0","--","--","--","--"," ","0.00","22.70","10","--","0","1,190.00",
="078479","皇昌國泰51購01","30,000","7","64,020","2.20","2.20","1.86","1.86","-","0.04","1.81","499","1.83","100","83.50",
="07847P","富世達國票4A售02","0","0","0","--","--","--","--"," ","0.00","0.02","25","0.05","10","0.00",
="078480","長榮國泰51購01","44,000","2","65,750","1.51","1.51","1.48","1.48","+","0.04","1.42","499","1.44","100","188.00",
="078481","緯創國泰51購01","0","0","0","--","--","--","--"," ","0.00","3.43","499","--","0","115.00",
="078482","保瑞國泰51購01","0","0","0","--","--","--","--"," ","0.00","4.34","499","4.40","10","733.00",
="078483","元金2X元大4C購01","25,000","4","56,920","2.28","2.29","2.27","2.27","+","0.04","2.28","250","2.29","250","58.65",
="078484","第一銅元大4A購01","34,000","5","34,230","0.96","1.01","0.96","1.01","+","0.05","0.98","499","0.99","10","34.50",
="078485","鴻海元大4A購24","0","0","0","--","--","--","--"," ","0.00","3.27","200","--","0","206.00",
="078487","鴻海元大4A購25","0","0","0","--","--","--","--"," ","0.00","3.46","200","--","0","206.00",
="078488","鴻海元大54購02","0","0","0","--","--","--","--"," ","0.00","3.54","200","3.58","10","206.00",
="078489","台積電元大4A購42","0","0","0","--","--","--","--"," ","0.00","1.98","5","--","0","1,160.00",
="07848P","台積電富邦49售12","0","0","0","--","--","--","--"," ","0.00","0.10","30","0.11","10","0.00",
="078490","台積電元大4A購43","0","0","0","--","--","--","--"," ","0.00","1.98","5","--","0","1,160.00",
="078491","台積電元大54購03","0","0","0","--","--","--","--"," ","0.00","--","0","--","0","1,160.00",
="078492","聯發科元大4A購12","0","0","0","--","--","--","--"," ","0.00","--","0","--","0","1,385.00",
="078493","聯發科元大51購11","1,103,000","8","838,000","0.76","0.76","0.75","0.76","X","0.00","0.05","62","--","0","1,385.00",
="078494","長榮元大4A購12","0","0","0","--","--","--","--"," ","0.00","1.03","499","1.06","10","188.00",
="078495","長榮元大51購12","342,000","6","472,300","1.38","1.39","1.34","1.34","+","0.02","1.29","499","1.32","10","188.00",
="078496","大立光元大4A購08","0","0","0","--","--","--","--"," ","0.00","1.81","400","1.86","10","2,395.00",
="078497","大立光元大4A購09","0","0","0","--","--","--","--"," ","0.00","1.51","499","1.55","10","2,395.00",
="078498","奇鋐元大4A購05","0","0","0","--","--","--","--"," ","0.00","--","0","--","0","1,015.00",
="078499","亞光元大4A購04","0","0","0","--","--","--","--"," ","0.00","1.75","25","--","0","164.00",
="07849P","台積電富邦51售05","0","0","0","--","--","--","--"," ","0.00","0.13","30","0.14","10","0.00",
="078500","世芯元大4A購14","0","0","0","--","--","--","--"," ","0.00","5.25","150","--","0","4,000.00",
="078501","世芯元大4A購15","0","0","0","--","--","--","--"," ","0.00","5.70","150","--","0","4,000.00",
="078502","世芯元大54購01","0","0","0","--","--","--","--"," ","0.00","5.25","150","--","0","4,000.00",
="078503","材料元大4A購08","0","0","0","--","--","--","--"," ","0.00","0.41","499","0.42","10","67.70",
="078504","T50正2凱基4A購08","0","0","0","--","--","--","--"," ","0.00","7.10","100","--","0","259.40",
="078505","元黃金凱基57購01","33,000","2","31,020","0.94","0.94","0.94","0.94","+","0.02","0.94","100","0.95","10","37.00",
="078506","S&P正2凱基4B購01","0","0","0","--","--","--","--"," ","0.00","1.15","100","1.16","10","105.05",
="078507","國企2X凱基4C購02","2,000","2","3,040","1.54","1.54","1.50","1.50","-","0.37","1.43","100","1.44","50","10.70",
="078508","中502X凱基4B購03","0","0","0","--","--","--","--"," ","0.00","3.57","100","3.67","10","11.76",
="078509","中502X凱基4C購03","15,000","1","43,350","2.89","2.89","2.89","2.89","X","0.00","2.89","85","2.99","10","11.76",
="07850P","元金2X凱基4B售01","10,000","2","1,450","0.15","0.15","0.14","0.14","-","0.02","0.14","100","0.15","10","0.00",
="078510","第一銅凱基4A購01","0","0","0","--","--","--","--"," ","0.00","0.50","10","0.51","10","34.50",
="078511","鴻海凱基51購06","0","0","0","--","--","--","--"," ","0.00","5.90","17","6.40","10","206.00",
="078512","廣宇凱基4A購01","0","0","0","--","--","--","--"," ","0.00","5.00","100","5.50","10","60.90",
="078513","台積電凱基54購10","0","0","0","--","--","--","--"," ","0.00","3.58","28","3.68","10","1,160.00",
="078514","緯穎凱基4A購09","0","0","0","--","--","--","--"," ","0.00","5.40","100","5.90","10","2,975.00",
="078515","緯穎凱基4B購05","0","0","0","--","--","--","--"," ","0.00","6.25","100","6.75","10","2,975.00",
="078516","臺股指凱基4A購30","0","0","0","--","--","--","--"," ","0.00","5.10","100","5.60","10","0.00",
="078517","電子類凱基4A購03","0","0","0","--","--","--","--"," ","0.00","4.31","10","4.41","10","0.00",
="078518","T50正2台新4A購01","0","0","0","--","--","--","--"," ","0.00","3.10","20","3.11","10","0.00",
="078519","亞光台新4A購01","0","0","0","--","--","--","--"," ","0.00","2.51","20","2.52","10","0.00",
="07851P","中502X凱基4B售02","10,000","3","21,730","2.15","2.20","2.15","2.20","X","0.00","2.27","100","2.28","50","0.00",
="078520","緯創台新4A購01","0","0","0","--","--","--","--"," ","0.00","2.09","10","2.19","10","0.00",
="078521","FBNQ2X群益52購01","0","0","0","--","--","--","--"," ","0.00","1.76","25","1.77","10","144.85",
="078522","第一銅群益4A購01","0","0","0","--","--","--","--"," ","0.00","0.37","25","0.38","10","34.50",
="078523","大立光永豐51購01","9,000","4","3,320","0.37","0.37","0.36","0.37"," ","0.00","0.35","10","0.36","10","2,395.00",
="078524","台積電群益4C購08","0","0","0","--","--","--","--"," ","0.00","0.11","90","--","0","1,160.00",
="078525","聯發科群益52購01","0","0","0","--","--","--","--"," ","0.00","--","0","--","0","1,385.00",
="078526","富邦金群益54購01","9,000","1","14,850","1.65","1.65","1.65","1.65","-","0.02","0.63","15","--","0","85.20",
="078527","大立光群益52購01","0","0","0","--","--","--","--"," ","0.00","--","0","2.76","10","2,395.00",
="078528","亞光群益52購02","0","0","0","--","--","--","--"," ","0.00","1.51","6","2.40","10","164.00",
="078529","智易群益4A購03","0","0","0","--","--","--","--"," ","0.00","1.00","10","--","0","236.00",
="07852P","川湖凱基49售06","0","0","0","--","--","--","--"," ","0.00","--","0","0.10","10","0.00",
="078530","世芯群益54購03","0","0","0","--","--","--","--"," ","0.00","5.20","1","5.65","10","4,000.00",
="078531","保瑞群益54購01","641,000","6","1,223,390","1.89","1.91","1.89","1.91","-","0.07","1.89","100","1.90","100","733.00",
="078532","T50反1中信54購01","0","0","0","--","--","--","--"," ","0.00","0.20","499","0.21","100","0.00",
="078533","香港2X中信51購01","0","0","0","--","--","--","--"," ","0.00","0.74","499","0.75","100","0.00",
="078534","陽明中信4A購01","0","0","0","--","--","--","--"," ","0.00","0.13","499","0.14","10","0.00",
="078535","陽明中信4B購01","0","0","0","--","--","--","--"," ","0.00","0.21","499","0.22","10","0.00",
="078536","萬海中信4A購01","5,000","1","2,050","0.41","0.41","0.41","0.41","X","0.00","0.37","10","0.38","10","0.00",
="078537","中502X群益52購02","0","0","0","--","--","--","--"," ","0.00","0.37","2","--","0","11.76",
="078538","鴻海群益4A購12","0","0","0","--","--","--","--"," ","0.00","--","0","12.40","10","206.00",
="078539","廣宇群益54購01","24,000","2","118,760","4.89","4.99","4.89","4.99","+","0.29","4.82","10","4.92","10","60.90",
="07853P","智邦凱基49售07","0","0","0","--","--","--","--"," ","0.00","--","0","0.02","10","0.00",
="078540","材料群益4A購01","20,000","2","12,700","0.64","0.64","0.63","0.63","+","0.09","0.59","6","--","0","67.70",
="078541","緯穎群益4C購01","0","0","0","--","--","--","--"," ","0.00","--","0","2.64","10","2,975.00",
="078542","元金2X永豐51購01","8,000","3","5,420","0.67","0.68","0.67","0.68","+","0.04","0.68","10","0.69","10","58.65",
="078543","第一銅永豐51購01","0","0","0","--","--","--","--"," ","0.00","1.11","10","1.12","10","34.50",
="078544","鴻海永豐54購01","0","0","0","--","--","--","--"," ","0.00","2.48","10","2.58","10","206.00",
="078545","鴻海永豐54購02","1,000","1","6,000","6.00","6.00","6.00","6.00","X","0.00","5.90","499","6.00","10","206.00",
="078546","台積電永豐4A購14","0","0","0","--","--","--","--"," ","0.00","2.97","499","3.07","10","1,160.00",
="078547","奇鋐永豐4A購07","0","0","0","--","--","--","--"," ","0.00","16.50","499","17.00","10","1,015.00",
="078548","欣興永豐4A購03","0","0","0","--","--","--","--"," ","0.00","13.00","499","14.00","10","150.00",
="078549","穎崴永豐4B購01","146,000","3","589,160","3.89","4.06","3.63","4.06","+","0.24","1.97","5","--","0","1,250.00",
="07854P","中信金凱基49售01","0","0","0","--","--","--","--"," ","0.00","0.01","10","0.11","10","0.00",
="078550","臺股指永豐52購02","15,000","1","16,500","1.10","1.10","1.10","1.10","X","0.00","1.07","499","1.08","10","0.00",
="078551","美債2X元富4A購02","0","0","0","--","--","--","--"," ","0.00","0.39","25","0.40","25","7.03",
="078552","美債2X元富51購02","0","0","0","--","--","--","--"," ","0.00","0.60","25","0.61","25","7.03",
="078553","美債2X元富54購01","0","0","0","--","--","--","--"," ","0.00","0.73","25","0.74","25","7.03",
="078554","FB越南元富54購01","0","0","0","--","--","--","--"," ","0.00","3.76","25","3.86","25","16.09",
="078555","長榮元富4A購02","0","0","0","--","--","--","--"," ","0.00","0.53","25","0.54","25","188.00",
="078556","長榮元富51購05","27,000","1","20,790","0.77","0.77","0.77","0.77","X","0.00","0.75","25","0.76","25","188.00",
="078557","長榮元富52購01","27,000","1","22,410","0.83","0.83","0.83","0.83","+","0.05","0.76","25","0.77","25","188.00",
="078558","長榮航元富4A購03","0","0","0","--","--","--","--"," ","0.00","0.64","25","0.65","25","39.05",
="078559","奇鋐元富4A購11","0","0","0","--","--","--","--"," ","0.00","14.30","25","15.30","25","1,015.00",
="07855P","訊芯凱基49售05","0","0","0","--","--","--","--"," ","0.00","0.47","10","0.57","10","0.00",
="078560","奇鋐元富4A購12","0","0","0","--","--","--","--"," ","0.00","15.60","25","16.60","25","1,015.00",
="078561","神達元富4A購02","0","0","0","--","--","--","--"," ","0.00","15.50","25","16.50","10","95.90",
="078562","神達元富54購01","0","0","0","--","--","--","--"," ","0.00","15.50","25","16.50","25","95.90",
="078563","道瓊銀國票4B購01","0","0","0","--","--","--","--"," ","0.00","2.25","25","2.31","10","32.63",
="078564","國巨國票4A購04","0","0","0","--","--","--","--"," ","0.00","3.17","25","3.27","10","137.00",
="078565","國巨國票4B購02","155,000","14","400,300","2.57","2.68","2.47","2.52","+","0.08","2.47","25","2.52","10","137.00",
="078566","台光電富邦4A購02","0","0","0","--","--","--","--"," ","0.00","8.10","30","8.35","10","0.00",
="078567","華航富邦4A購01","5,000","1","1,350","0.27","0.27","0.27","0.27","X","0.00","0.27","30","0.28","28","0.00",
="078568","萬海富邦4A購03","77,000","1","50,050","0.65","0.65","0.65","0.65","X","0.00","0.59","30","0.60","28","0.00",
="078569","緯創富邦4A購02","0","0","0","--","--","--","--"," ","0.00","1.33","30","1.39","10","0.00",
="07856P","漢翔群益4A售03","84,000","11","8,400","0.10","0.10","0.10","0.10","X","0.00","0.08","15","--","0","0.00",
="078570","世紀鋼富邦4A購04","0","0","0","--","--","--","--"," ","0.00","1.30","30","1.34","10","0.00",
="078571","T50反1台新4A購02","0","0","0","--","--","--","--"," ","0.00","0.01","10","0.04","10","0.00",
="078572","聯發科台新4A購04","0","0","0","--","--","--","--"," ","0.00","0.49","10","0.50","10","0.00",
="078573","長榮台新4A購01","29,000","1","12,180","0.42","0.42","0.42","0.42","+","0.04","0.34","20","0.35","10","0.00",
="078574","日本2X元大4B購02","0","0","0","--","--","--","--"," ","0.00","5.85","499","--","0","63.45",
="078575","國企2X元大4B購04","2,000","2","4,560","2.30","2.30","2.26","2.26","X","0.00","2.21","499","2.22","50","10.70",
="078576","大成鋼元大4A購06","10,000","1","4,100","0.41","0.41","0.41","0.41","X","0.00","0.40","25","0.41","10","38.60",
="078577","鴻海元大4A購26","0","0","0","--","--","--","--"," ","0.00","2.91","250","--","0","206.00",
="078578","鴻海元大4A購27","0","0","0","--","--","--","--"," ","0.00","2.85","250","--","0","206.00",
="078579","鴻海元大54購03","0","0","0","--","--","--","--"," ","0.00","2.86","250","2.89","10","206.00",
="07857P","S&P正2元大4C售01","0","0","0","--","--","--","--"," ","0.00","0.60","100","0.61","100","0.00",
="078580","台積電元大4A購44","0","0","0","--","--","--","--"," ","0.00","--","0","--","0","1,160.00",
="078581","台積電元大4A購45","0","0","0","--","--","--","--"," ","0.00","--","0","--","0","1,160.00",
="078582","台積電元大54購04","0","0","0","--","--","--","--"," ","0.00","--","0","--","0","1,160.00",
="078583","聯發科元大4A購13","152,000","2","80,560","0.53","0.53","0.53","0.53","-","0.04","0.01","499","--","0","1,385.00",
="078584","聯發科元大54購01","348,000","4","309,700","0.88","0.89","0.88","0.89","X","0.00","--","0","--","0","1,385.00",
="078585","皇昌元大4A購01","125,000","10","222,140","1.62","1.87","1.62","1.73","+","0.32","1.42","450","1.44","10","83.50",
="078586","長榮元大4A購13","0","0","0","--","--","--","--"," ","0.00","0.60","499","0.62","10","188.00",
="078587","世芯元大4A購16","0","0","0","--","--","--","--"," ","0.00","5.55","150","--","0","4,000.00",
="078588","世芯元大4A購17","0","0","0","--","--","--","--"," ","0.00","5.85","100","--","0","4,000.00",
="078589","世芯元大54購02","0","0","0","--","--","--","--"," ","0.00","5.65","150","--","0","4,000.00",
="07858P","大成鋼元大49售14","0","0","0","--","--","--","--"," ","0.00","1.40","499","1.50","10","0.00",
="078590","緯穎元大4A購10","0","0","0","--","--","--","--"," ","0.00","4.43","150","--","0","2,975.00",
="078591","緯穎元大4A購11","0","0","0","--","--","--","--"," ","0.00","3.88","200","--","0","2,975.00",
="078592","緯穎元大4A購12","0","0","0","--","--","--","--"," ","0.00","3.18","250","--","0","2,975.00",
="078593","聯電凱基4A購02","0","0","0","--","--","--","--"," ","0.00","0.51","100","0.52","10","40.60",
="078594","漢唐凱基4A購02","0","0","0","--","--","--","--"," ","0.00","30.70","10","31.70","10","1,190.00",
="078595","聯發科凱基4A購08","0","0","0","--","--","--","--"," ","0.00","0.57","100","0.58","10","1,385.00",
="078596","長榮凱基4A購05","33,000","1","29,700","0.90","0.90","0.90","0.90","+","0.04","0.82","100","0.84","10","188.00",
="078597","大立光凱基4B購02","0","0","0","--","--","--","--"," ","0.00","1.89","100","1.94","10","2,395.00",
="078598","奇鋐凱基4A購05","0","0","0","--","--","--","--"," ","0.00","15.00","100","16.00","10","1,015.00",
="078599","亞光凱基4A購03","242,000","24","349,400","1.41","1.60","1.36","1.36","-","0.07","1.33","100","1.35","10","164.00",
="07859P","川湖元大49售12","0","0","0","--","--","--","--"," ","0.00","--","0","0.10","10","0.00",
="078600","世芯凱基54購01","0","0","0","--","--","--","--"," ","0.00","6.95","100","7.45","10","4,000.00",
="078601","緯穎凱基4A購10","0","0","0","--","--","--","--"," ","0.00","7.55","100","8.05","10","2,975.00",
="078602","創意台新4A購01","0","0","0","--","--","--","--"," ","0.00","3.43","20","3.44","10","0.00",
="078603","FBNQ2X群益4C購02","0","0","0","--","--","--","--"," ","0.00","2.61","25","2.62","10","144.85",
="078604","FB越南群益4C購01","0","0","0","--","--","--","--"," ","0.00","2.78","25","2.79","10","16.09",
="078605","中砂群益4B購01","0","0","0","--","--","--","--"," ","0.00","--","0","6.10","10","347.00",
="078606","聯電群益4B購01","0","0","0","--","--","--","--"," ","0.00","0.13","100","0.14","100","40.60",
="078607","鴻海群益54購03","0","0","0","--","--","--","--"," ","0.00","--","0","4.78","10","206.00",
="078608","仁寶群益4B購02","0","0","0","--","--","--","--"," ","0.00","0.11","23","--","0","28.10",
="078609","華邦電群益4B購01","20,000","2","34,000","1.70","1.70","1.70","1.70","-","0.02","1.68","25","1.69","10","19.60",
="07860P","台積電元大49售30","0","0","0","--","--","--","--"," ","0.00","--","0","0.10","10","0.00",
="078610","海悅群益4B購01","0","0","0","--","--","--","--"," ","0.00","0.07","10","0.17","10","84.50",
="078611","順德群益4A購01","10,000","1","20,400","2.04","2.04","2.04","2.04","-","0.07","0.84","11","--","0","88.20",
="078612","燿華群益4A購01","1,000","1","2,130","2.13","2.13","2.13","2.13","+","0.28","0.70","14","2.16","10","31.45",
="078613","金像電群益4A購02","0","0","0","--","--","--","--"," ","0.00","--","0","14.80","10","486.00",
="078614","漢唐群益4A購01","0","0","0","--","--","--","--"," ","0.00","29.20","18","30.20","10","1,190.00",
="078615","盟立群益4A購01","11,000","4","21,160","1.74","2.01","1.74","1.91","+","0.16","0.44","22","1.90","10","70.00",
="078616","強茂群益4A購01","0","0","0","--","--","--","--"," ","0.00","--","0","3.53","10","65.40",
="078617","中工群益4A購01","19,000","1","14,250","0.75","0.75","0.75","0.75","-","0.02","0.18","55","0.82","14","11.25",
="078618","大立光群益4A購05","10,000","1","7,100","0.71","0.71","0.71","0.71","-","0.04","0.69","10","0.79","10","2,395.00",
="078619","亞光群益4A購03","10,000","1","16,500","1.65","1.65","1.65","1.65","+","0.14","0.44","22","1.48","10","164.00",
="07861P","台積電元大49售31","0","0","0","--","--","--","--"," ","0.00","--","0","0.10","10","0.00",
="078620","智易群益4B購01","2,000","1","2,860","1.43","1.43","1.43","1.43","-","0.30","0.58","34","--","0","236.00",
="078621","世芯群益52購02","0","0","0","--","--","--","--"," ","0.00","--","0","7.45","10","4,000.00",
="078622","材料群益54購04","0","0","0","--","--","--","--"," ","0.00","0.35","10","0.45","10","67.70",
="078623","緯穎群益52購01","0","0","0","--","--","--","--"," ","0.00","2.52","499","--","0","2,975.00",
="078624","鈺齊群益4B購01","139,000","7","116,550","0.81","0.85","0.81","0.85","-","0.11","0.26","38","--","0","106.50",
="078625","T50正2富邦4B購05","0","0","0","--","--","--","--"," ","0.00","6.80","100","7.00","10","0.00",
="078626","T50正2富邦51購01","0","0","0","--","--","--","--"," ","0.00","4.50","100","4.54","10","0.00",
="078627","T50反1富邦4A購03","0","0","0","--","--","--","--"," ","0.00","0.08","100","0.09","98","0.00",
="078628","T50反1富邦51購03","0","0","0","--","--","--","--"," ","0.00","0.01","599","0.04","98","0.00",
="078629","國巨富邦4A購02","10,000","1","12,100","1.21","1.21","1.21","1.21","X","0.00","1.12","30","1.22","10","0.00",
="07862P","台積電元大49售32","0","0","0","--","--","--","--"," ","0.00","--","0","0.10","10","0.00",
="078630","華邦電富邦4A購03","615,000","22","566,250","0.92","0.97","0.89","0.91","-","0.03","0.89","30","0.90","28","0.00",
="078631","欣興富邦4A購03","0","0","0","--","--","--","--"," ","0.00","4.02","30","4.08","10","0.00",
="078632","川湖凱基4A購05","0","0","0","--","--","--","--"," ","0.00","6.95","100","7.45","10","2,925.00",
="078633","鴻海凱基4B購09","0","0","0","--","--","--","--"," ","0.00","2.53","40","2.63","10","206.00",
="078634","台積電凱基4A購47","0","0","0","--","--","--","--"," ","0.00","3.49","29","3.59","10","1,160.00",
="078635","亞光凱基51購01","30,000","1","70,200","2.34","2.34","2.34","2.34","+","0.02","2.23","100","2.27","10","164.00",
="078636","緯創凱基4A購05","85,000","2","96,900","1.14","1.14","1.14","1.14","X","0.00","1.13","100","--","0","115.00",
="078637","緯穎凱基51購03","0","0","0","--","--","--","--"," ","0.00","5.10","100","5.60","10","2,975.00",
="078638","矽創凱基4A購01","99,000","5","78,520","0.74","0.81","0.74","0.78","+","0.07","0.77","10","0.80","10","211.50",
="07863P","華碩元大49售05","0","0","0","--","--","--","--"," ","0.00","0.19","25","0.20","10","0.00",
="078640","臺股指凱基4B購22","0","0","0","--","--","--","--"," ","0.00","2.46","100","2.47","10","0.00",
="078641","牧德國泰51購01","0","0","0","--","--","--","--"," ","0.00","5.25","499","--","0","594.00",
="078643","T50正2中信51購02","28,000","3","67,480","2.41","2.41","2.41","2.41","-","0.14","2.38","100","2.39","10","0.00",
="078644","T50反1中信5A購01","0","0","0","--","--","--","--"," ","0.00","0.38","100","0.39","100","0.00",
="078645","臺指反中信54購01","0","0","0","--","--","--","--"," ","0.00","0.10","100","0.11","100","0.00",
="078647","元油反中信4A購01","0","0","0","--","--","--","--"," ","0.00","0.21","499","0.22","100","0.00",
="078648","可成中信4A購01","9,000","1","7,290","0.81","0.81","0.81","0.81","X","0.00","0.78","499","0.79","10","0.00",
="078649","長榮中信4B購01","166,000","3","58,000","0.34","0.35","0.34","0.35"," ","0.00","0.33","10","0.34","10","0.00",
="07864P","瑞昱元大49售02","0","0","0","--","--","--","--"," ","0.00","0.07","499","0.08","50","0.00",
="078650","嘉澤中信4A購01","143,000","9","174,120","1.15","1.28","1.15","1.28","+","0.10","1.16","10","1.19","10","0.00",
="078651","臺股指中信51購02","10,000","1","2,800","0.28","0.28","0.28","0.28","X","0.00","0.27","499","0.28","100","0.00",
="078652","元黃金永豐51購01","97,000","6","20,420","0.21","0.22","0.21","0.21","+","0.01","0.20","60","0.21","25","37.00",
="078653","香港2X永豐54購01","0","0","0","--","--","--","--"," ","0.00","1.74","499","1.75","10","16.40",
="078654","國企2X永豐54購01","200,000","1","272,000","1.36","1.36","1.36","1.36","X","0.00","1.34","10","1.35","10","10.70",
="078655","鴻海永豐52購01","0","0","0","--","--","--","--"," ","0.00","2.19","499","2.24","10","206.00",
="078656","牧德永豐4C購01","131,000","10","475,560","3.61","3.89","3.44","3.89","+","0.54","3.89","10","3.91","10","594.00",
="078657","世芯永豐54購02","0","0","0","--","--","--","--"," ","0.00","5.70","499","5.75","10","4,000.00",
="078658","緯穎永豐4C購01","0","0","0","--","--","--","--"," ","0.00","3.16","10","--","0","2,975.00",
="078659","緯穎永豐51購01","0","0","0","--","--","--","--"," ","0.00","3.32","499","--","0","2,975.00",
="07865P","萬海元大49售07","0","0","0","--","--","--","--"," ","0.00","0.07","499","0.08","200","0.00",
="078660","龍德船永豐4C購01","83,000","9","218,830","2.51","2.89","2.51","2.69","+","0.10","2.54","10","2.57","10","146.00",
="078661","昇陽半永豐52購01","0","0","0","--","--","--","--"," ","0.00","1.33","10","1.36","10","152.50",
="078662","T50正2元富4A購07","0","0","0","--","--","--","--"," ","0.00","3.07","25","3.11","25","259.40",
="078663","T50反1元富54購02","0","0","0","--","--","--","--"," ","0.00","0.14","25","0.15","25","19.79",
="078664","美指2X元富4B購01","0","0","0","--","--","--","--"," ","0.00","0.33","25","0.34","25","20.48",
="078665","聯發科元富4A購15","0","0","0","--","--","--","--"," ","0.00","0.61","25","0.63","25","1,385.00",
="078666","長榮航元富4A購04","0","0","0","--","--","--","--"," ","0.00","0.39","25","0.40","25","39.05",
="078667","長榮航元富4A購05","0","0","0","--","--","--","--"," ","0.00","0.21","25","0.22","25","39.05",
="078668","亞航元富4A購02","0","0","0","--","--","--","--"," ","0.00","--","0","--","0","62.70",
="078669","世芯元富4A購08","0","0","0","--","--","--","--"," ","0.00","--","0","--","0","4,000.00",
="07866P","聯詠元大49售01","0","0","0","--","--","--","--"," ","0.00","0.85","25","0.86","10","0.00",
="078670","材料元富4A購09","0","0","0","--","--","--","--"," ","0.00","0.21","25","0.22","25","67.70",
="078671","材料元富4B購04","0","0","0","--","--","--","--"," ","0.00","0.36","25","0.37","25","67.70",
="078672","台達電國票4A購01","0","0","0","--","--","--","--"," ","0.00","17.80","25","18.80","10","709.00",
="078673","一詮國票4A購03","0","0","0","--","--","--","--"," ","0.00","1.04","25","1.05","10","80.20",
="078674","新日興國票4A購03","0","0","0","--","--","--","--"," ","0.00","2.92","25","3.02","10","259.00",
="078675","玉晶光國票4A購03","0","0","0","--","--","--","--"," ","0.00","2.82","25","2.88","10","461.50",
="078676","飛捷國票4B購01","43,000","2","12,340","0.28","0.29","0.28","0.29","-","0.01","0.29","25","0.30","10","112.50",
="078677","香港2X元大4B購01","1,000","1","2,100","2.10","2.10","2.10","2.10","X","0.00","2.02","100","2.12","10","16.40",
="078678","國企2X元大4B購05","2,000","1","3,660","1.83","1.83","1.83","1.83","-","0.43","1.71","499","1.72","50","10.70",
="078679","元金2X元大4A購02","661,000","13","421,530","0.64","0.64","0.63","0.64","+","0.05","0.63","251","0.64","250","58.65",
="07867P","訊芯元大49售07","0","0","0","--","--","--","--"," ","0.00","0.28","499","0.29","200","0.00",
="078680","道瓊銀元大4A購02","0","0","0","--","--","--","--"," ","0.00","1.87","100","1.88","100","32.63",
="078681","鴻海元大4A購28","0","0","0","--","--","--","--"," ","0.00","1.66","450","1.72","10","206.00",
="078682","鴻海元大4A購29","0","0","0","--","--","--","--"," ","0.00","2.06","350","2.10","10","206.00",
="078683","鴻海元大54購04","7,000","3","12,390","1.77","1.77","1.77","1.77","-","0.06","1.77","400","1.79","10","206.00",
="078684","台積電元大4A購46","0","0","0","--","--","--","--"," ","0.00","--","0","--","0","1,160.00",
="078685","台積電元大4A購47","0","0","0","--","--","--","--"," ","0.00","--","0","--","0","1,160.00",
="078686","台積電元大54購05","403,000","2","902,690","2.24","2.24","2.23","2.23","-","0.05","1.13","8","--","0","1,160.00",
="078687","聯發科元大4A購14","102,000","2","45,900","0.45","0.45","0.45","0.45","-","0.04","0.01","499","--","0","1,385.00",
="078688","聯發科元大51購12","170,000","3","71,400","0.42","0.42","0.42","0.42","-","0.01","0.08","125","--","0","1,385.00",
="078689","聯發科元大54購02","0","0","0","--","--","--","--"," ","0.00","0.22","45","--","0","1,385.00",
="07868P","穎崴元大49售04","0","0","0","--","--","--","--"," ","0.00","0.03","499","0.13","10","0.00",
="078690","長榮元大4A購14","0","0","0","--","--","--","--"," ","0.00","0.23","499","0.25","10","188.00",
="078691","長榮元大4A購15","0","0","0","--","--","--","--"," ","0.00","0.40","499","0.42","10","188.00",
="078692","長榮元大4A購16","0","0","0","--","--","--","--"," ","0.00","0.29","499","0.30","10","188.00",
="078693","亞光元大4A購05","0","0","0","--","--","--","--"," ","0.00","1.32","25","1.36","10","164.00",
="078694","世芯元大4A購18","0","0","0","--","--","--","--"," ","0.00","5.00","150","--","0","4,000.00",
="078695","世芯元大4A購19","0","0","0","--","--","--","--"," ","0.00","4.69","150","--","0","4,000.00",
="078696","緯穎元大4A購13","0","0","0","--","--","--","--"," ","0.00","3.03","250","3.09","10","2,975.00",
="078697","緯穎元大54購01","100,000","2","258,000","2.58","2.58","2.58","2.58","-","0.10","2.55","25","2.57","10","2,975.00",
="078698","奇鋐富邦51購01","0","0","0","--","--","--","--"," ","0.00","5.40","10","5.90","10","0.00",
="078699","玉晶光富邦51購01","579,000","25","680,850","1.14","1.22","1.11","1.22","+","0.04","1.15","10","1.16","10","0.00",
="07869P","臺股指元大49售52","0","0","0","--","--","--","--"," ","0.00","0.01","100","0.11","10","0.00",
="078700","材料富邦4B購04","0","0","0","--","--","--","--"," ","0.00","0.31","10","0.32","10","0.00",
="078701","T50反1中信52購01","100,000","1","19,000","0.19","0.19","0.19","0.19","X","0.00","0.18","100","0.19","100","0.00",
="078702","臺指反中信4B購02","0","0","0","--","--","--","--"," ","0.00","0.03","499","0.04","10","0.00",
="078704","廣宇中信4B購02","11,000","1","14,850","1.35","1.35","1.35","1.35","X","0.00","1.24","10","1.32","10","0.00",
="078705","皇昌中信4B購01","0","0","0","--","--","--","--"," ","0.00","0.05","499","0.06","10","0.00",
="078706","欣興中信4B購01","0","0","0","--","--","--","--"," ","0.00","1.85","499","--","0","0.00",
="078707","緯創中信4A購02","117,000","6","39,780","0.33","0.35","0.33","0.35","-","0.02","0.34","10","0.37","10","0.00",
="078708","世芯中信4B購01","2,000","2","3,250","1.67","1.67","1.58","1.58","-","0.02","1.50","10","1.52","10","0.00",
="078709","亞翔中信4B購02","0","0","0","--","--","--","--"," ","0.00","1.39","10","1.49","10","0.00",
="07870P","南亞科群益4B售03","0","0","0","--","--","--","--"," ","0.00","0.40","100","0.41","100","0.00",
="078710","鴻海永豐4A購13","0","0","0","--","--","--","--"," ","0.00","2.64","499","--","0","206.00",
="078711","廣宇永豐51購02","0","0","0","--","--","--","--"," ","0.00","5.35","499","5.55","10","60.90",
="078712","華碩永豐4C購01","0","0","0","--","--","--","--"," ","0.00","3.72","10","3.82","10","634.00",
="078713","所羅門永豐51購01","93,000","9","254,430","2.74","2.85","2.71","2.71","-","0.25","2.67","10","2.71","10","162.00",
="078714","萬海永豐4C購01","0","0","0","--","--","--","--"," ","0.00","0.86","10","0.87","10","84.10",
="078715","材料永豐53購01","0","0","0","--","--","--","--"," ","0.00","0.25","10","0.26","10","67.70",
="078716","迅得永豐51購01","160,000","3","252,800","1.58","1.58","1.58","1.58","X","0.00","1.58","10","1.62","10","193.50",
="078717","緯穎永豐4C購02","0","0","0","--","--","--","--"," ","0.00","8.25","499","8.35","10","2,975.00",
="078718","臺股指永豐4A購10","0","0","0","--","--","--","--"," ","0.00","2.73","499","2.74","10","0.00",
="078719","台光電台新4A購01","0","0","0","--","--","--","--"," ","0.00","11.80","20","--","0","0.00",
="07871P","萬海群益51售01","10,000","1","21,700","2.17","2.17","2.17","2.17","X","0.00","2.28","10","2.38","10","0.00",
="078720","智原台新4A購01","0","0","0","--","--","--","--"," ","0.00","0.03","20","0.04","10","0.00",
="078721","緯創台新4A購02","0","0","0","--","--","--","--"," ","0.00","8.05","10","8.40","10","0.00",
="078722","材料台新4A購02","0","0","0","--","--","--","--"," ","0.00","0.12","20","0.13","10","0.00",
="078723","台積電國泰4B購06","0","0","0","--","--","--","--"," ","0.00","7.00","499","7.30","10","1,160.00",
="078724","陽明國泰51購01","39,000","1","28,470","0.73","0.73","0.73","0.73","-","0.03","0.73","460","0.74","100","58.80",
="078725","晟銘電國泰4B購01","0","0","0","--","--","--","--"," ","0.00","2.71","499","2.77","10","133.00",
="078726","材料國泰4B購02","0","0","0","--","--","--","--"," ","0.00","0.37","499","0.38","100","67.70",
="078727","T50正2群益4B購02","0","0","0","--","--","--","--"," ","0.00","2.40","25","2.41","10","259.40",
="078728","T50正2群益4C購01","0","0","0","--","--","--","--"," ","0.00","1.91","25","1.92","10","259.40",
="078729","上銀群益4C購04","572,000","20","438,350","0.73","0.82","0.73","0.76","+","0.01","0.75","10","0.85","10","215.50",
="07872P","富邦金群益4A售01","0","0","0","--","--","--","--"," ","0.00","0.31","32","--","0","0.00",
="078730","川湖群益54購01","0","0","0","--","--","--","--"," ","0.00","--","0","6.05","10","2,925.00",
="078731","鴻海群益4C購02","0","0","0","--","--","--","--"," ","0.00","--","0","3.53","10","206.00",
="078732","鴻海群益52購03","0","0","0","--","--","--","--"," ","0.00","--","0","3.89","10","206.00",
="078733","台積電群益54購06","0","0","0","--","--","--","--"," ","0.00","--","0","2.97","10","1,160.00",
="078734","台積電群益54購07","0","0","0","--","--","--","--"," ","0.00","2.12","499","2.22","10","1,160.00",
="078735","台積電群益54購08","0","0","0","--","--","--","--"," ","0.00","0.46","21","--","0","1,160.00",
="078736","華碩群益4A購03","0","0","0","--","--","--","--"," ","0.00","0.13","76","--","0","634.00",
="078737","金像電群益52購01","0","0","0","--","--","--","--"," ","0.00","5.70","1","--","0","486.00",
="078738","漢唐群益52購01","0","0","0","--","--","--","--"," ","0.00","17.20","50","18.20","10","1,190.00",
="078739","亞光群益4C購01","0","0","0","--","--","--","--"," ","0.00","0.94","12","1.84","10","164.00",
="07873P","台灣50元富49售28","0","0","0","--","--","--","--"," ","0.00","0.11","25","0.12","25","0.00",
="078740","緯創群益54購01","168,000","5","349,370","2.04","2.11","2.04","2.08","-","0.01","1.06","18","--","0","115.00",
="078741","牧德群益4A購01","42,000","3","91,680","2.20","2.20","2.15","2.19","+","0.27","0.80","12","2.51","10","594.00",
="078742","世芯群益52購03","0","0","0","--","--","--","--"," ","0.00","--","0","7.70","10","4,000.00",
="078743","材料群益52購04","0","0","0","--","--","--","--"," ","0.00","0.40","10","0.50","10","67.70",
="078744","台郡群益4A購01","10,000","1","25,400","2.54","2.54","2.54","2.54","+","0.17","1.01","9","2.33","10","68.00",
="078745","緯穎群益54購04","0","0","0","--","--","--","--"," ","0.00","--","0","3.94","10","2,975.00",
="078746","矽創群益4A購01","5,000","2","5,810","1.17","1.17","1.15","1.15","X","0.00","1.08","4","1.17","10","211.50",
="078747","世紀鋼群益4C購01","114,000","2","139,080","1.22","1.22","1.22","1.22","-","0.13","1.23","10","1.33","10","188.00",
="078748","T50正2凱基4C購04","0","0","0","--","--","--","--"," ","0.00","3.27","100","3.37","10","259.40",
="078749","香港2X凱基4B購01","80,000","8","217,200","2.78","2.78","2.66","2.66","-","0.54","2.61","10","2.71","10","16.40",
="07874P","台灣50元富49售29","0","0","0","--","--","--","--"," ","0.00","--","0","0.10","25","0.00",
="078750","元金2X凱基51購04","200,000","1","92,000","0.46","0.46","0.46","0.46"," ","0.00","0.47","10","0.48","50","58.65",
="078751","道瓊銀凱基4C購01","0","0","0","--","--","--","--"," ","0.00","0.84","100","0.85","10","32.63",
="078752","上銀凱基4A購04","64,000","9","78,700","1.18","1.29","1.15","1.15","X","0.00","1.15","100","1.17","10","215.50",
="078753","台積電凱基4A購49","0","0","0","--","--","--","--"," ","0.00","3.76","27","3.86","10","1,160.00",
="078754","聯發科凱基4A購09","0","0","0","--","--","--","--"," ","0.00","0.31","100","0.32","10","1,385.00",
="078755","一詮凱基4A購01","0","0","0","--","--","--","--"," ","0.00","0.82","10","0.84","10","80.20",
="078756","長榮凱基4A購06","0","0","0","--","--","--","--"," ","0.00","0.47","100","0.48","10","188.00",
="078757","大立光凱基4A購06","3,000","1","3,090","1.03","1.03","1.03","1.03","X","0.00","1.02","100","1.04","10","2,395.00",
="078758","亞光凱基4A購04","18,000","3","16,020","0.91","0.91","0.88","0.88","+","0.06","0.76","100","0.78","10","164.00",
="078759","緯創凱基4A購06","227,000","17","152,870","0.66","0.70","0.66","0.67","-","0.04","0.68","100","0.70","35","115.00",
="07875P","南亞科元富49售07","0","0","0","--","--","--","--"," ","0.00","0.23","25","0.24","25","0.00",
="078760","牧德凱基4A購03","121,000","15","473,360","3.67","4.07","3.67","4.07","X","0.00","3.99","100","4.09","10","594.00",
="078761","世芯凱基4A購10","0","0","0","--","--","--","--"," ","0.00","6.35","100","6.85","10","4,000.00",
="078762","緯穎凱基4C購02","0","0","0","--","--","--","--"," ","0.00","5.95","100","6.45","10","2,975.00",
="078763","臺股指凱基4A購32","0","0","0","--","--","--","--"," ","0.00","4.20","100","4.21","10","0.00",
="078764","臺股指凱基4A購33","0","0","0","--","--","--","--"," ","0.00","5.55","100","5.60","10","0.00",
="078765","上証2X國票4B購03","0","0","0","--","--","--","--"," ","0.00","2.60","25","2.63","10","45.30",
="078766","廣宇國票4A購04","0","0","0","--","--","--","--"," ","0.00","4.54","25","4.64","10","60.90",
="078767","華碩國票4A購02","0","0","0","--","--","--","--"," ","0.00","0.84","25","0.86","10","634.00",
="078768","所羅門國票4A購03","0","0","0","--","--","--","--"," ","0.00","1.99","25","2.09","10","162.00",
="078769","立積國票4A購02","14,000","1","9,800","0.70","0.70","0.70","0.70","+","0.08","1.01","25","--","0","158.00",
="07876P","臺股指元富49售27","7,000","2","560","0.08","0.08","0.08","0.08","X","0.00","0.09","25","0.10","25","0.00",
="078770","ITH國票4B購01","0","0","0","--","--","--","--"," ","0.00","0.27","25","0.28","10","45.10",
="078771","電子類國票4C購01","0","0","0","--","--","--","--"," ","0.00","3.46","499","3.47","499","0.00",
="078772","電子類國票4C購02","0","0","0","--","--","--","--"," ","0.00","3.93","499","3.94","399","0.00",
="078773","電子類國票4C購03","3,000","2","11,310","3.83","3.83","3.74","3.74","X","0.00","3.73","499","3.74","497","0.00",
="078774","台灣50元大4A購19","0","0","0","--","--","--","--"," ","0.00","2.79","400","2.89","10","52.50",
="078775","台灣50元大4A購20","0","0","0","--","--","--","--"," ","0.00","2.86","400","--","0","52.50",
="078776","T50正2元大4A購11","0","0","0","--","--","--","--"," ","0.00","2.56","499","--","0","259.40",
="078777","元黃金元大4A購01","10,000","1","2,600","0.26","0.26","0.26","0.26","+","0.01","0.25","100","0.26","100","37.00",
="078778","A50正2元大4B購01","20,000","2","29,000","1.46","1.46","1.44","1.44","X","0.00","1.41","100","1.51","10","31.56",
="078779","川湖元大4A購02","0","0","0","--","--","--","--"," ","0.00","4.65","150","--","0","2,925.00",
="07877P","臺股指元富49售28","6,000","3","2,110","0.36","0.36","0.35","0.35","-","0.01","0.38","25","0.39","25","0.00",
="078780","鴻海元大4A購30","0","0","0","--","--","--","--"," ","0.00","2.65","250","--","0","206.00",
="078781","鴻海元大4A購31","0","0","0","--","--","--","--"," ","0.00","2.44","300","--","0","206.00",
="078782","鴻海元大54購05","0","0","0","--","--","--","--"," ","0.00","2.26","300","2.29","10","206.00",
="078783","台積電元大4A購48","0","0","0","--","--","--","--"," ","0.00","--","0","--","0","1,160.00",
="078784","台積電元大4A購49","0","0","0","--","--","--","--"," ","0.00","--","0","--","0","1,160.00",
="078785","台積電元大54購06","0","0","0","--","--","--","--"," ","0.00","--","0","--","0","1,160.00",
="078786","台光電元大4A購02","0","0","0","--","--","--","--"," ","0.00","--","0","--","0","1,250.00",
="078787","漢唐元大4A購02","0","0","0","--","--","--","--"," ","0.00","14.50","50","--","0","1,190.00",
="078788","漢唐元大4A購03","0","0","0","--","--","--","--"," ","0.00","11.70","50","--","0","1,190.00",
="078789","陽明元大4A購07","0","0","0","--","--","--","--"," ","0.00","0.26","499","0.27","10","58.80",
="07878P","宏致國票4A售02","40,000","2","11,200","0.26","0.30","0.26","0.30","X","0.00","0.30","25","0.31","10","0.00",
="078790","萬海元大4A購04","575,000","12","375,220","0.59","0.68","0.59","0.64","+","0.01","0.59","499","0.60","10","84.10",
="078791","長榮航元大4A購03","210,000","2","121,900","0.59","0.59","0.57","0.57","X","0.00","0.55","499","0.56","10","39.05",
="078792","奇鋐元大4A購06","0","0","0","--","--","--","--"," ","0.00","--","0","8.75","10","1,015.00",
="078793","亞光元大4A購06","0","0","0","--","--","--","--"," ","0.00","1.23","25","1.28","10","164.00",
="078794","材料元大54購01","20,000","1","14,600","0.73","0.73","0.73","0.73","X","0.00","0.70","499","0.71","10","67.70",
="078795","緯穎元大4A購14","0","0","0","--","--","--","--"," ","0.00","4.07","200","--","0","2,975.00",
="078796","緯穎元大54購02","0","0","0","--","--","--","--"," ","0.00","3.53","25","3.58","10","2,975.00",
="078797","臺股指元大4A購43","0","0","0","--","--","--","--"," ","0.00","2.53","499","2.63","10","0.00",
="078798","臺股指元大4A購44","0","0","0","--","--","--","--"," ","0.00","2.30","499","2.40","10","0.00",
="078799","台灣50元富4A購15","0","0","0","--","--","--","--"," ","0.00","8.10","25","8.30","25","52.50",
="07879P","健策國票4A售01","100,000","1","4,000","0.04","0.04","0.04","0.04","X","0.00","0.03","25","0.05","10","0.00",
="078800","台灣50元富4A購16","0","0","0","--","--","--","--"," ","0.00","8.00","25","8.30","25","52.50",
="078801","T50反1元富54購03","0","0","0","--","--","--","--"," ","0.00","0.09","25","0.10","25","19.79",
="078802","T50反1元富54購04","0","0","0","--","--","--","--"," ","0.00","0.12","25","0.13","25","19.79",
="078803","日本2X元富54購02","0","0","0","--","--","--","--"," ","0.00","0.84","25","0.94","25","63.45",
="078804","S&P反1元富54購02","0","0","0","--","--","--","--"," ","0.00","0.13","45","0.14","25","4.56",
="078805","元債2X元富54購01","0","0","0","--","--","--","--"," ","0.00","0.62","25","0.63","25","7.05",
="078806","台光電元富4A購08","0","0","0","--","--","--","--"," ","0.00","14.70","25","15.70","25","1,250.00",
="078807","聯發科元富54購04","0","0","0","--","--","--","--"," ","0.00","0.73","25","0.75","25","1,385.00",
="078808","聯發科元富54購05","29,000","3","18,850","0.65","0.65","0.65","0.65","-","0.03","0.64","25","0.65","25","1,385.00",
="078809","聯發科元富54購06","5,000","1","2,600","0.52","0.52","0.52","0.52","-","0.02","0.51","25","0.52","25","1,385.00",
="07880P","迎廣國票4A售03","0","0","0","--","--","--","--"," ","0.00","1.11","25","1.12","10","0.00",
="078810","全新元富4A購01","0","0","0","--","--","--","--"," ","0.00","4.21","25","4.31","10","153.50",
="078811","大立光元富4A購02","0","0","0","--","--","--","--"," ","0.00","1.54","25","1.57","25","2,395.00",
="078812","奇鋐元富51購02","0","0","0","--","--","--","--"," ","0.00","16.80","25","17.80","25","1,015.00",
="078813","亞光元富4A購03","0","0","0","--","--","--","--"," ","0.00","1.53","25","1.63","10","164.00",
="078814","世芯元富54購03","0","0","0","--","--","--","--"," ","0.00","3.28","25","3.34","25","4,000.00",
="078815","貿聯元富4A購01","0","0","0","--","--","--","--"," ","0.00","7.55","25","7.70","25","981.00",
="078816","材料元富54購01","0","0","0","--","--","--","--"," ","0.00","0.41","25","0.42","25","67.70",
="078817","緯穎元富54購01","0","0","0","--","--","--","--"," ","0.00","2.46","25","2.49","25","2,975.00",
="078818","台灣50永豐4A購05","0","0","0","--","--","--","--"," ","0.00","8.65","499","8.95","10","52.50",
="078819","大立光永豐52購01","0","0","0","--","--","--","--"," ","0.00","0.78","499","0.79","10","2,395.00",
="07881P","瑞昱凱基49售01","0","0","0","--","--","--","--"," ","0.00","0.33","100","0.43","10","0.00",
="078820","亞光永豐4A購01","0","0","0","--","--","--","--"," ","0.00","1.95","499","2.01","10","164.00",
="078821","智原永豐4C購01","0","0","0","--","--","--","--"," ","0.00","0.14","499","0.15","10","158.00",
="078822","創意永豐4A購02","0","0","0","--","--","--","--"," ","0.00","--","0","--","0","1,350.00",
="078823","材料永豐51購01","0","0","0","--","--","--","--"," ","0.00","0.33","10","0.34","10","67.70",
="078824","T50反1中信51購01","0","0","0","--","--","--","--"," ","0.00","0.08","499","0.09","10","0.00",
="078825","鴻海中信4C購04","10,000","1","23,700","2.37","2.37","2.37","2.37","X","0.00","2.34","499","2.44","10","0.00",
="078826","台積電中信4C購06","8,000","1","19,200","2.40","2.40","2.40","2.40","-","0.01","2.28","499","2.32","10","0.00",
="078827","聯發科中信4C購02","132,000","2","40,920","0.31","0.31","0.31","0.31","-","0.02","0.30","30","0.31","30","0.00",
="078828","長榮中信4C購02","88,000","2","39,800","0.45","0.47","0.45","0.47","+","0.03","0.43","10","0.44","10","0.00",
="078829","晟銘電中信4A購01","19,000","2","32,970","1.83","1.83","1.65","1.65","+","0.02","1.61","499","1.66","10","0.00",
="07882P","萬海凱基49售06","0","0","0","--","--","--","--"," ","0.00","0.08","10","0.18","10","0.00",
="078830","富世達中信4A購02","0","0","0","--","--","--","--"," ","0.00","6.45","499","6.70","10","0.00",
="078831","上銀群益4B購02","9,000","4","14,900","1.63","1.70","1.62","1.62","+","0.08","1.54","10","1.64","10","215.50",
="078832","鴻海群益54購04","0","0","0","--","--","--","--"," ","0.00","--","0","3.92","10","206.00",
="078833","一詮群益52購02","0","0","0","--","--","--","--"," ","0.00","0.05","62","--","0","80.20",
="078834","皇昌群益4C購01","0","0","0","--","--","--","--"," ","0.00","0.31","10","0.41","10","83.50",
="078835","大立光群益54購01","58,000","2","97,440","1.68","1.68","1.68","1.68","-","0.01","1.66","10","1.76","10","2,395.00",
="078836","亞光群益51購01","45,000","4","67,250","1.48","1.53","1.48","1.48"," ","0.00","0.66","15","--","0","164.00",
="078837","智原群益51購01","0","0","0","--","--","--","--"," ","0.00","0.26","100","0.27","100","158.00",
="078838","欣興群益4B購03","44,000","6","276,950","6.10","6.50","6.10","6.40","-","0.10","6.30","25","6.50","10","150.00",
="078839","緯創群益54購02","200,000","15","463,970","2.26","2.35","2.26","2.32","-","0.02","1.16","38","--","0","115.00",
="07883P","健策凱基49售01","0","0","0","--","--","--","--"," ","0.00","--","0","0.10","10","0.00",
="078840","世芯群益52購04","0","0","0","--","--","--","--"," ","0.00","--","0","7.75","10","4,000.00",
="078841","神達群益52購01","0","0","0","--","--","--","--"," ","0.00","--","0","--","0","95.90",
="078842","材料群益52購05","0","0","0","--","--","--","--"," ","0.00","0.28","10","0.38","10","67.70",
="078843","迅得群益4A購02","300,000","13","315,400","0.97","1.08","0.97","1.05","+","0.12","1.04","10","1.14","10","193.50",
="078844","緯穎群益52購02","0","0","0","--","--","--","--"," ","0.00","--","0","3.86","10","2,975.00",
="078845","臺股指群益4B購18","0","0","0","--","--","--","--"," ","0.00","4.81","499","--","0","0.00",
="078846","臺股指群益4B購19","4,000","2","17,860","4.48","4.48","4.45","4.45","X","0.00","4.42","3","--","0","0.00",
="078847","臺股指群益4B購20","0","0","0","--","--","--","--"," ","0.00","3.99","499","--","0","0.00",
="078848","臺股指群益4B購21","0","0","0","--","--","--","--"," ","0.00","5.20","499","5.25","499","0.00",
="078849","臺股指群益4B購22","0","0","0","--","--","--","--"," ","0.00","3.95","499","3.96","499","0.00",
="07884P","晶心科凱基49售03","0","0","0","--","--","--","--"," ","0.00","1.39","10","1.49","10","0.00",
="078850","臺股指群益4B購23","0","0","0","--","--","--","--"," ","0.00","3.83","499","3.84","499","0.00",
="078851","臺股指群益4B購24","0","0","0","--","--","--","--"," ","0.00","2.97","499","2.98","499","0.00",
="078852","臺股指群益4B購25","0","0","0","--","--","--","--"," ","0.00","1.16","499","1.17","499","0.00",
="078853","臺股指群益55購03","2,000","1","7,760","3.88","3.88","3.88","3.88","X","0.00","3.88","499","3.89","100","0.00",
="078854","臺股指群益55購04","50,000","1","181,000","3.62","3.62","3.62","3.62","-","0.08","3.56","499","3.57","100","0.00",
="078855","臺股指群益55購05","0","0","0","--","--","--","--"," ","0.00","2.23","499","2.24","499","0.00",
="078856","臺股指群益55購06","20,000","4","29,500","1.50","1.50","1.46","1.48","-","0.04","1.45","499","1.46","499","0.00",
="078857","電子類群益4B購01","0","0","0","--","--","--","--"," ","0.00","5.05","499","5.10","499","0.00",
="078858","上銀富邦4A購02","1,589,000","31","956,200","0.59","0.64","0.58","0.58","+","0.01","0.58","30","0.59","10","0.00",
="07885P","台灣50元大49售29","0","0","0","--","--","--","--"," ","0.00","0.02","100","0.12","10","0.00",
="078861","上銀富邦4C購02","37,000","1","18,130","0.49","0.49","0.49","0.49","+","0.02","0.47","30","0.48","10","0.00",
="078862","光寶科富邦4A購01","0","0","0","--","--","--","--"," ","0.00","2.66","30","2.73","10","0.00",
="078863","聯電富邦4B購04","0","0","0","--","--","--","--"," ","0.00","0.18","30","0.19","10","0.00",
="078864","台達電富邦4A購02","0","0","0","--","--","--","--"," ","0.00","6.95","30","7.20","10","0.00",
="078865","國巨富邦4A購03","10,000","1","14,100","1.41","1.41","1.41","1.41","X","0.00","1.31","30","1.41","10","0.00",
="078866","台積電富邦4A購09","0","0","0","--","--","--","--"," ","0.00","2.37","30","2.45","10","0.00",
="078867","英業達富邦4A購01","0","0","0","--","--","--","--"," ","0.00","0.43","32","0.44","10","0.00",
="078868","技嘉富邦4B購01","0","0","0","--","--","--","--"," ","0.00","1.62","30","1.66","10","0.00",
="078869","日月光富邦4A購03","208,000","4","193,220","0.94","0.94","0.90","0.90","-","0.11","0.89","30","0.91","10","0.00",
="07886P","元黃金元大51售01","621,000","12","100,360","0.16","0.17","0.16","0.16","-","0.02","0.15","150","0.16","100","0.00",
="078870","日月光富邦4C購02","572,000","17","500,340","0.88","0.89","0.86","0.86","-","0.07","0.85","30","0.86","10","0.00",
="078871","材料富邦51購01","0","0","0","--","--","--","--"," ","0.00","0.15","10","0.16","10","0.00",
="078873","可成台新4A購01","49,000","1","22,540","0.46","0.46","0.46","0.46","-","0.07","0.47","20","0.48","10","0.00",
="078874","牧德台新4A購01","0","0","0","--","--","--","--"," ","0.00","3.91","20","--","0","0.00",
="078875","緯穎台新4A購01","0","0","0","--","--","--","--"," ","0.00","--","0","--","0","0.00",
="078876","T50正2元富4A購08","0","0","0","--","--","--","--"," ","0.00","3.79","25","3.82","25","259.40",
="078877","元金2X元富54購02","2,000","1","2,780","1.39","1.39","1.39","1.39","X","0.00","1.39","25","1.40","25","58.65",
="078878","上銀元富4A購03","45,000","3","64,450","1.43","1.46","1.39","1.39","-","0.06","1.39","25","1.41","25","215.50",
="078879","為升元富4A購01","1,023,000","10","1,767,030","1.47","1.79","1.32","1.75","+","0.45","1.65","25","--","0","102.00",
="07887P","鴻海元大49售07","0","0","0","--","--","--","--"," ","0.00","--","0","0.10","10","0.00",
="078880","為升元富51購01","171,000","16","172,460","0.89","1.10","0.89","1.08","+","0.26","1.02","25","1.04","27","102.00",
="078881","鴻準元富4A購01","4,000","1","9,080","2.27","2.27","2.27","2.27","-","0.03","2.10","25","2.16","25","71.70",
="078882","技嘉元富4A購04","0","0","0","--","--","--","--"," ","0.00","2.04","25","2.14","10","281.00",
="078883","威盛元富4A購02","1,002,000","9","245,500","0.26","0.26","0.22","0.22","-","0.05","0.22","25","--","0","62.00",
="078884","緯創元富4A購03","0","0","0","--","--","--","--"," ","0.00","0.80","25","0.82","25","115.00",
="078885","材料元富4A購10","0","0","0","--","--","--","--"," ","0.00","0.18","25","0.19","25","67.70",
="078886","亞翔元富4A購04","0","0","0","--","--","--","--"," ","0.00","6.90","25","7.40","25","349.50",
="078887","星宇國票4A購01","0","0","0","--","--","--","--"," ","0.00","0.28","25","0.29","10","25.15",
="078888","八方國票4B購01","0","0","0","--","--","--","--"," ","0.00","0.62","25","0.63","10","190.00",
="078889","承業醫國票4A購01","110,000","16","143,360","0.99","1.52","0.99","1.48","+","0.50","1.48","20","1.52","10","51.70",
="07888P","台積電元大49售35","0","0","0","--","--","--","--"," ","0.00","--","0","0.01","50","0.00",
="078890","虎航國票4A購01","0","0","0","--","--","--","--"," ","0.00","0.33","25","0.34","10","82.60",
="078891","大成鋼國泰51購01","200,000","4","145,500","0.72","0.75","0.71","0.71","-","0.09","0.70","10","0.71","10","38.60",
="078892","川湖國泰51購01","0","0","0","--","--","--","--"," ","0.00","7.85","499","8.15","10","2,925.00",
="078893","鴻海國泰51購03","0","0","0","--","--","--","--"," ","0.00","6.70","499","--","0","206.00",
="078894","國巨國泰51購01","23,000","1","93,380","4.06","4.06","4.06","4.06","X","0.00","3.87","499","3.95","100","137.00",
="078895","聯發科國泰51購02","22,000","1","34,760","1.58","1.58","1.58","1.58","X","0.00","1.59","499","1.62","499","1,385.00",
="078896","長榮國泰51購02","75,000","1","93,750","1.25","1.25","1.25","1.25","+","0.06","1.15","499","1.17","499","188.00",
="078898","緯創國泰51購02","93,000","5","213,730","2.25","2.35","2.25","2.35","+","0.03","0.92","54","--","0","115.00",
="078899","台灣50凱基4A購17","0","0","0","--","--","--","--"," ","0.00","3.57","100","3.59","25","52.50",
="07889P","聯發科元大49售13","0","0","0","--","--","--","--"," ","0.00","--","0","0.10","260","0.00",
="078900","T50正2凱基53購01","0","0","0","--","--","--","--"," ","0.00","4.32","100","4.34","10","259.40",
="078901","T50反1凱基54購01","0","0","0","--","--","--","--"," ","0.00","0.13","100","0.14","10","19.79",
="078902","A50正2凱基4B購01","100,000","2","597,500","6.00","6.00","5.95","5.95","X","0.00","5.90","10","5.95","50","31.56",
="078903","華邦電凱基4B購04","1,000","1","1,870","1.87","1.87","1.87","1.87"," ","0.00","1.81","100","1.84","10","19.60",
="078904","所羅門凱基4A購03","0","0","0","--","--","--","--"," ","0.00","1.70","100","1.80","10","162.00",
="078905","國泰金凱基4A購01","0","0","0","--","--","--","--"," ","0.00","2.01","100","2.03","10","62.30",
="078907","玉晶光凱基4A購01","0","0","0","--","--","--","--"," ","0.00","3.39","10","3.49","10","461.50",
="078908","世芯凱基4A購11","0","0","0","--","--","--","--"," ","0.00","6.90","100","7.40","10","4,000.00",
="078909","材料凱基4C購03","90,000","6","53,220","0.57","0.61","0.57","0.61","+","0.05","0.56","100","0.66","10","67.70",
="07890P","健策元大49售02","0","0","0","--","--","--","--"," ","0.00","--","0","0.10","10","0.00",
="078910","立積凱基4A購03","361,000","23","264,570","0.64","0.86","0.64","0.86","X","0.00","0.95","100","--","0","158.00",
="078911","訊芯凱基4A購03","137,000","14","158,560","1.20","1.20","1.11","1.13","-","0.27","1.13","10","1.14","10","165.00",
="078912","保瑞凱基4A購05","0","0","0","--","--","--","--"," ","0.00","3.79","100","3.89","10","733.00",
="078913","緯穎凱基54購02","0","0","0","--","--","--","--"," ","0.00","4.27","100","4.37","10","2,975.00",
="078914","世紀鋼凱基4A購01","61,000","7","75,300","1.22","1.25","1.13","1.13","-","0.16","1.15","100","1.17","10","188.00",
="078915","T50反1元大4A購05","0","0","0","--","--","--","--"," ","0.00","--","0","0.10","10","19.79",
="078916","T50反1元大4C購05","0","0","0","--","--","--","--"," ","0.00","0.03","100","0.13","10","19.79",
="078917","SGBR2X元大4A購02","0","0","0","--","--","--","--"," ","0.00","0.64","100","0.65","50","11.25",
="078918","SGBR2X元大4A購03","0","0","0","--","--","--","--"," ","0.00","0.84","100","0.85","50","11.25",
="078919","SGBR2X元大4B購02","60,000","2","78,300","1.33","1.33","1.30","1.30"," ","0.00","1.30","100","1.31","50","11.25",
="07891P","AES元大49售04","0","0","0","--","--","--","--"," ","0.00","0.01","499","0.10","100","0.00",
="078920","鴻海元大4A購32","0","0","0","--","--","--","--"," ","0.00","2.18","350","2.22","10","206.00",
="078921","鴻海元大53購01","0","0","0","--","--","--","--"," ","0.00","2.42","300","2.45","10","206.00",
="078922","鴻海元大54購06","0","0","0","--","--","--","--"," ","0.00","1.93","400","1.94","10","206.00",
="078923","廣宇元大4A購01","0","0","0","--","--","--","--"," ","0.00","6.45","100","--","0","60.90",
="078924","台積電元大4A購50","0","0","0","--","--","--","--"," ","0.00","--","0","--","0","1,160.00",
="078925","台積電元大4A購51","115,000","2","445,050","3.87","3.87","3.87","3.87","-","0.24","0.68","29","--","0","1,160.00",
="078926","台積電元大4A購52","0","0","0","--","--","--","--"," ","0.00","--","0","--","0","1,160.00",
="078927","漢唐元大4A購04","0","0","0","--","--","--","--"," ","0.00","25.70","50","--","0","1,190.00",
="078928","漢唐元大53購02","0","0","0","--","--","--","--"," ","0.00","30.00","10","--","0","1,190.00",
="078929","京元電元大4A購06","0","0","0","--","--","--","--"," ","0.00","7.90","100","9.15","1","142.00",
="07892P","AES元大49售05","0","0","0","--","--","--","--"," ","0.00","0.03","499","0.13","10","0.00",
="078930","聯發科元大4A購15","0","0","0","--","--","--","--"," ","0.00","--","0","--","0","1,385.00",
="078932","聯發科元大4A購16","0","0","0","--","--","--","--"," ","0.00","--","0","--","0","1,385.00",
="078933","長榮元大53購01","378,000","5","156,030","0.42","0.42","0.41","0.41","+","0.01","0.39","499","0.40","10","188.00",
="078934","陽明元大4A購08","4,000","1","2,200","0.55","0.55","0.55","0.55","X","0.00","0.52","499","0.53","10","58.80",
="078935","奇鋐元大4A購07","0","0","0","--","--","--","--"," ","0.00","--","0","--","0","1,015.00",
="078936","奇鋐元大4A購08","0","0","0","--","--","--","--"," ","0.00","--","0","--","0","1,015.00",
="078937","亞光元大4A購07","796,000","8","849,340","1.06","1.14","1.05","1.05","-","0.01","1.01","25","1.03","10","164.00",
="078938","緯創元大4A購04","0","0","0","--","--","--","--"," ","0.00","0.53","499","--","0","115.00",
="078939","貿聯元大4A購03","0","0","0","--","--","--","--"," ","0.00","6.35","100","--","0","981.00",
="07893P","AES元大49售06","0","0","0","--","--","--","--"," ","0.00","0.06","499","0.07","200","0.00",
="078940","神達元大4A購07","0","0","0","--","--","--","--"," ","0.00","7.75","100","--","0","95.90",
="078941","材料元大4A購09","0","0","0","--","--","--","--"," ","0.00","0.31","499","0.32","10","67.70",
="078942","緯穎元大4A購15","0","0","0","--","--","--","--"," ","0.00","3.45","200","3.52","10","2,975.00",
="078943","緯穎元大53購01","102,000","4","327,960","3.20","3.23","3.20","3.23","-","0.05","3.18","25","3.20","10","2,975.00",
="078944","A50正2群益52購01","0","0","0","--","--","--","--"," ","0.00","4.01","10","4.11","10","31.56",
="078945","東陽群益52購01","10,000","1","2,800","0.28","0.28","0.28","0.28","X","0.00","0.27","100","0.28","100","101.00",
="078946","中華群益52購01","39,000","6","27,770","0.69","0.73","0.69","0.73","+","0.01","0.26","38","0.80","5","58.50",
="078947","鴻海群益54購05","0","0","0","--","--","--","--"," ","0.00","--","0","5.65","10","206.00",
="078948","國巨群益52購01","331,000","5","659,670","2.03","2.07","1.94","1.94","X","0.00","1.96","100","1.99","100","137.00",
="078949","廣宇群益4B購03","21,000","3","103,200","4.93","5.00","4.89","5.00","+","0.24","4.87","10","4.97","10","60.90",
="07894P","臺股指元大49售55","0","0","0","--","--","--","--"," ","0.00","0.02","100","0.12","10","0.00",
="078950","台積電群益54購09","0","0","0","--","--","--","--"," ","0.00","0.65","15","--","0","1,160.00",
="078951","華邦電群益4A購06","0","0","0","--","--","--","--"," ","0.00","--","0","3.82","10","19.60",
="078952","智邦群益52購01","0","0","0","--","--","--","--"," ","0.00","--","0","11.30","10","984.00",
="078953","佳能群益4B購03","0","0","0","--","--","--","--"," ","0.00","5.65","10","6.15","10","80.80",
="078954","聯發科群益54購01","0","0","0","--","--","--","--"," ","0.00","--","0","--","0","1,385.00",
="078955","長榮群益5A購01","43,000","5","27,290","0.63","0.65","0.63","0.63","-","0.02","0.62","30","0.71","10","188.00",
="078956","華航群益52購01","0","0","0","--","--","--","--"," ","0.00","0.67","10","0.77","10","21.25",
="078957","長榮航群益4A購01","30,000","1","20,100","0.67","0.67","0.67","0.67","X","0.00","0.68","10","0.78","10","39.05",
="078958","國泰金群益4B購01","1,000","1","1,780","1.78","1.78","1.78","1.78","-","0.08","1.73","100","1.74","100","62.30",
="078959","凱基金群益52購01","144,000","1","141,120","0.98","0.98","0.98","0.98","X","0.00","--","0","--","0","15.55",
="07895P","臺股指元大4A售23","0","0","0","--","--","--","--"," ","0.00","0.40","100","0.50","10","0.00",
="078960","玉晶光群益52購01","48,000","7","112,870","2.32","2.39","2.30","2.31","-","0.04","2.33","10","2.43","10","461.50",
="078961","華擎群益52購01","0","0","0","--","--","--","--"," ","0.00","--","0","5.65","10","281.00",
="078962","健策群益52購04","0","0","0","--","--","--","--"," ","0.00","--","0","--","0","1,905.00",
="078963","世芯群益54購04","0","0","0","--","--","--","--"," ","0.00","--","0","4.02","10","4,000.00",
="078964","日月光群益4A購04","610,000","4","787,100","1.31","1.31","1.29","1.29","-","0.15","1.23","100","1.24","100","147.50",
="078965","鈞興群益4A購01","48,000","12","159,110","3.23","3.41","3.23","3.36","+","0.27","3.18","25","3.28","10","200.00",
="078966","材料群益52購06","0","0","0","--","--","--","--"," ","0.00","0.33","10","0.43","10","67.70",
="078967","立積群益58購01","176,000","14","200,220","1.03","1.24","1.03","1.24","+","0.17","0.79","12","--","0","158.00",
="078968","jpp群益4B購01","0","0","0","--","--","--","--"," ","0.00","--","0","11.60","10","276.00",
="078969","達麗群益4C購01","20,000","1","21,600","1.08","1.08","1.08","1.08","-","0.06","1.06","10","1.10","10","42.20",
="07896P","臺股指元大4B售15","0","0","0","--","--","--","--"," ","0.00","0.64","100","0.74","10","0.00",
="078970","聯茂群益52購01","0","0","0","--","--","--","--"," ","0.00","6.05","10","--","0","125.00",
="078971","力成群益4A購03","29,000","1","20,010","0.69","0.69","0.69","0.69","-","0.03","0.60","4","--","0","118.50",
="078972","訊芯群益4C購02","142,000","6","167,650","1.19","1.19","1.16","1.16","-","0.20","1.12","25","1.14","10","165.00",
="078973","保瑞群益4B購02","16,000","2","42,120","2.61","2.67","2.61","2.67","+","0.02","2.59","25","2.60","10","733.00",
="078974","緯穎群益52購03","0","0","0","--","--","--","--"," ","0.00","4.76","10","4.86","10","2,975.00",
="078975","龍德船群益52購01","152,000","18","525,500","3.31","3.64","3.31","3.35","-","0.18","3.35","25","3.40","10","146.00",
="078976","連加群益4C購01","0","0","0","--","--","--","--"," ","0.00","0.81","10","0.91","10","615.00",
="078977","世紀鋼群益4C購02","0","0","0","--","--","--","--"," ","0.00","0.93","10","1.03","10","188.00",
="078978","臺股指群益51購01","0","0","0","--","--","--","--"," ","0.00","2.31","499","2.32","100","0.00",
="078979","臺股指群益51購02","0","0","0","--","--","--","--"," ","0.00","2.94","499","2.95","499","0.00",
="07897P","力成中信49售02","0","0","0","--","--","--","--"," ","0.00","0.34","499","0.36","10","0.00",
="078980","台灣50中信54購01","50,000","1","95,000","1.90","1.90","1.90","1.90","X","0.00","1.81","499","1.83","100","0.00",
="078981","T50正2中信4A購05","0","0","0","--","--","--","--"," ","0.00","2.00","499","2.01","100","0.00",
="078982","元石油中信4A購01","7,000","1","1,610","0.23","0.23","0.23","0.23","X","0.00","0.23","100","0.24","100","0.00",
="078983","元債2X中信4B購01","0","0","0","--","--","--","--"," ","0.00","0.16","100","0.17","100","0.00",
="078984","美債2X中信4C購01","0","0","0","--","--","--","--"," ","0.00","0.12","100","0.13","100","0.00",
="078985","華邦電中信4A購01","0","0","0","--","--","--","--"," ","0.00","1.05","499","1.07","10","0.00",
="078986","華邦電中信4A購02","10,000","1","27,400","2.74","2.74","2.74","2.74","+","0.23","2.62","10","2.69","10","0.00",
="078987","元金2X永豐4A購01","0","0","0","--","--","--","--"," ","0.00","0.37","10","0.38","10","58.65",
="078988","道瓊銀永豐4C購01","0","0","0","--","--","--","--"," ","0.00","1.71","10","1.72","10","32.63",
="078989","上銀永豐4A購02","0","0","0","--","--","--","--"," ","0.00","1.65","499","1.69","10","215.50",
="07898P","AES群益4B售02","30,000","2","11,700","0.39","0.39","0.39","0.39","X","0.00","0.23","30","--","0","0.00",
="078990","台積電永豐4A購15","0","0","0","--","--","--","--"," ","0.00","3.93","499","4.03","10","1,160.00",
="078991","台積電永豐51購06","0","0","0","--","--","--","--"," ","0.00","4.22","499","4.32","10","1,160.00",
="078992","所羅門永豐4A購01","0","0","0","--","--","--","--"," ","0.00","1.74","10","1.84","10","162.00",
="078993","技嘉永豐4A購03","0","0","0","--","--","--","--"," ","0.00","3.83","499","3.93","10","281.00",
="078994","台光電永豐4A購03","0","0","0","--","--","--","--"," ","0.00","18.40","499","19.00","10","1,250.00",
="078995","玉晶光永豐4A購02","6,000","1","24,000","4.00","4.00","4.00","4.00","-","0.03","4.07","499","4.17","10","461.50",
="078996","世芯永豐52購03","0","0","0","--","--","--","--"," ","0.00","5.30","499","--","0","4,000.00",
="078997","世芯永豐53購02","0","0","0","--","--","--","--"," ","0.00","6.35","499","6.85","10","4,000.00",
="078998","緯穎永豐4A購04","0","0","0","--","--","--","--"," ","0.00","3.27","499","--","0","2,975.00",
="078999","緯穎永豐4A購05","0","0","0","--","--","--","--"," ","0.00","3.97","499","4.07","10","2,975.00",
="07899P","台灣50凱基49售12","0","0","0","--","--","--","--"," ","0.00","0.07","100","0.17","10","0.00",
="079000","元金2X富邦52購01","205,000","2","100,450","0.49","0.49","0.49","0.49","+","0.02","0.49","100","0.50","98","0.00",
="079001","智邦富邦4C購01","0","0","0","--","--","--","--"," ","0.00","3.98","10","4.08","10","0.00",
="079002","漢唐富邦51購01","0","0","0","--","--","--","--"," ","0.00","11.20","10","12.20","10","0.00",
="079003","長榮富邦4C購02","357,000","7","147,160","0.40","0.44","0.40","0.42","+","0.01","0.40","10","0.41","10","0.00",
="079004","新日興富邦4C購01","0","0","0","--","--","--","--"," ","0.00","1.88","10","1.98","10","0.00",
="079005","亞翔富邦4B購03","0","0","0","--","--","--","--"," ","0.00","2.14","30","2.18","10","0.00",
="079006","世紀鋼富邦4B購01","373,000","15","256,290","0.70","0.70","0.68","0.68","-","0.05","0.66","30","0.67","28","0.00",
="079007","臺股指富邦51購06","0","0","0","--","--","--","--"," ","0.00","2.29","499","2.33","10","0.00",
="079008","臺股指富邦51購07","2,000","1","6,760","3.38","3.38","3.38","3.38","-","0.12","3.25","499","3.26","10","0.00",
="079009","臺股指富邦54購02","0","0","0","--","--","--","--"," ","0.00","1.17","499","1.18","100","0.00",
="07900P","台灣50凱基49售13","0","0","0","--","--","--","--"," ","0.00","0.02","100","0.03","10","0.00",
="079010","台灣50元富4A購18","3,000","3","48,000","16.00","16.00","16.00","16.00","-","0.90","15.00","25","15.10","25","52.50",
="079011","T50反1元富4A購02","0","0","0","--","--","--","--"," ","0.00","0.01","25","0.10","10","19.79",
="079012","鴻海元富54購02","0","0","0","--","--","--","--"," ","0.00","5.40","25","5.50","25","206.00",
="079013","長榮元富4A購04","0","0","0","--","--","--","--"," ","0.00","0.13","25","0.14","25","188.00",
="079014","國泰金元富4A購02","0","0","0","--","--","--","--"," ","0.00","1.81","25","1.86","25","62.30",
="079015","材料元富53購04","0","0","0","--","--","--","--"," ","0.00","0.49","25","0.50","25","67.70",
="079016","祥碩元富4B購01","125,000","6","113,320","0.90","0.92","0.89","0.89","-","0.04","0.89","25","0.90","25","1,665.00",
="079017","祥碩元富51購01","0","0","0","--","--","--","--"," ","0.00","0.74","25","0.75","25","1,665.00",
="079018","保瑞元富4A購05","0","0","0","--","--","--","--"," ","0.00","3.64","25","3.74","25","733.00",
="079019","緯穎元富51購04","0","0","0","--","--","--","--"," ","0.00","4.30","25","4.38","25","2,975.00",
="07901P","元黃金凱基5B售01","34,000","5","14,960","0.44","0.44","0.44","0.44","X","0.00","--","0","0.44","10","0.00",
="079020","富世達元富4A購02","0","0","0","--","--","--","--"," ","0.00","19.20","25","19.70","25","1,145.00",
="079021","元黃金國票52購02","0","0","0","--","--","--","--"," ","0.00","0.71","25","0.72","10","37.00",
="079022","華城國票4B購05","0","0","0","--","--","--","--"," ","0.00","12.00","25","13.00","10","618.00",
="079023","和大國票4B購02","51,000","11","107,560","1.75","2.30","1.75","2.25","+","0.75","2.13","4","--","0","72.90",
="079024","鴻海國票4B購06","0","0","0","--","--","--","--"," ","0.00","5.55","25","5.80","10","206.00",
="079025","佳能國票4B購02","0","0","0","--","--","--","--"," ","0.00","6.70","25","7.20","10","80.80",
="079026","亞航國泰51購01","0","0","0","--","--","--","--"," ","0.00","6.25","499","--","0","62.70",
="079027","大立光國泰51購02","20,000","1","33,000","1.65","1.65","1.65","1.65","-","0.01","1.62","499","1.65","100","2,395.00",
="079028","智原國泰51購01","0","0","0","--","--","--","--"," ","0.00","0.28","499","0.29","100","158.00",
="079029","T50反1台新4A購03","0","0","0","--","--","--","--"," ","0.00","0.01","10","0.04","10","0.00",
="07902P","聯發科凱基49售07","0","0","0","--","--","--","--"," ","0.00","--","0","0.10","10","0.00",
="079030","T50反1台新4A購05","0","0","0","--","--","--","--"," ","0.00","0.03","20","0.04","10","0.00",
="079031","材料台新4A購03","0","0","0","--","--","--","--"," ","0.00","0.22","20","0.23","10","0.00",
="079032","立積台新4A購01","164,000","7","54,760","0.31","0.45","0.31","0.45","+","0.14","0.49","20","--","0","0.00",
="079033","華城凱基4A購03","0","0","0","--","--","--","--"," ","0.00","7.20","100","7.70","10","618.00",
="079034","鴻海凱基4A購13","0","0","0","--","--","--","--"," ","0.00","6.90","15","7.40","10","206.00",
="079035","鴻海凱基4A購14","0","0","0","--","--","--","--"," ","0.00","6.50","16","7.00","10","206.00",
="079036","廣宇凱基4A購02","0","0","0","--","--","--","--"," ","0.00","6.70","100","7.20","10","60.90",
="079037","京元電凱基4A購03","0","0","0","--","--","--","--"," ","0.00","6.90","100","7.40","10","142.00",
="079038","聯發科凱基54購01","0","0","0","--","--","--","--"," ","0.00","1.03","100","1.04","10","1,385.00",
="079039","長榮凱基53購01","168,000","15","234,090","1.40","1.44","1.36","1.36","-","0.01","1.34","100","1.35","10","188.00",
="07903P","漢翔凱基4A售03","143,000","3","24,210","0.17","0.17","0.16","0.16","X","0.00","0.14","80","--","0","0.00",
="079040","漢翔凱基4A購04","34,000","11","150,380","4.19","5.20","4.19","5.20","+","1.90","4.45","4","5.20","4","60.00",
="079041","奇鋐凱基4A購06","0","0","0","--","--","--","--"," ","0.00","16.80","100","17.80","10","1,015.00",
="079042","緯創凱基4A購08","105,000","14","35,600","0.33","0.36","0.32","0.36","+","0.01","0.35","100","0.45","20","115.00",
="079043","創意凱基4A購06","0","0","0","--","--","--","--"," ","0.00","2.37","100","2.47","10","1,350.00",
="079044","嘉澤凱基4A購04","106,000","4","195,630","1.71","1.90","1.71","1.90","+","0.04","1.85","100","1.89","10","1,465.00",
="079045","健策凱基4B購01","0","0","0","--","--","--","--"," ","0.00","5.85","100","6.35","10","1,905.00",
="079046","穎崴凱基4A購02","15,000","2","67,000","4.14","4.63","4.14","4.63","X","0.00","4.58","100","4.68","10","1,250.00",
="079047","富世達凱基4A購02","0","0","0","--","--","--","--"," ","0.00","16.00","100","17.00","10","1,145.00",
="079048","臺股指凱基4A購35","0","0","0","--","--","--","--"," ","0.00","6.00","100","6.05","10","0.00",
="079049","臺股指凱基4B購23","0","0","0","--","--","--","--"," ","0.00","5.20","100","5.25","10","0.00",
="07904P","富邦金凱基49售02","0","0","0","--","--","--","--"," ","0.00","0.35","10","0.45","10","0.00",
="079050","臺股指凱基4C購16","206,000","4","585,560","2.86","2.86","2.78","2.78","-","0.17","2.74","100","2.75","10","0.00",
="079051","臺股指凱基55購03","0","0","0","--","--","--","--"," ","0.00","2.53","100","2.54","10","0.00",
="079052","臺股指凱基55購04","0","0","0","--","--","--","--"," ","0.00","4.69","100","4.71","10","0.00",
="079053","台灣50元大4A購23","0","0","0","--","--","--","--"," ","0.00","7.60","100","8.10","10","52.50",
="079054","台灣50元大4A購24","0","0","0","--","--","--","--"," ","0.00","4.62","200","4.72","10","52.50",
="079055","T50正2元大4A購13","0","0","0","--","--","--","--"," ","0.00","3.73","499","3.83","10","259.40",
="079056","T50正2元大4A購14","0","0","0","--","--","--","--"," ","0.00","4.04","499","--","0","259.40",
="079057","上証2X元大4C購02","0","0","0","--","--","--","--"," ","0.00","2.25","499","2.26","100","45.30",
="079058","華城元大4A購06","0","0","0","--","--","--","--"," ","0.00","4.88","150","--","0","618.00",
="079059","華城元大4A購07","0","0","0","--","--","--","--"," ","0.00","4.46","150","--","0","618.00",
="07905P","AES凱基49售03","0","0","0","--","--","--","--"," ","0.00","0.03","100","0.04","10","0.00",
="079060","華城元大54購01","0","0","0","--","--","--","--"," ","0.00","4.35","150","--","0","618.00",
="079061","鴻海元大4B購07","0","0","0","--","--","--","--"," ","0.00","2.42","300","--","0","206.00",
="079062","鴻海元大4C購08","0","0","0","--","--","--","--"," ","0.00","2.61","300","--","0","206.00",
="079063","鴻海元大53購02","620,000","9","1,069,580","1.72","1.73","1.70","1.73","-","0.04","1.72","400","1.74","10","206.00",
="079064","台積電元大4A購55","0","0","0","--","--","--","--"," ","0.00","--","0","--","0","1,160.00",
="079065","台積電元大4A購56","0","0","0","--","--","--","--"," ","0.00","--","0","--","0","1,160.00",
="079066","台積電元大51購28","0","0","0","--","--","--","--"," ","0.00","--","0","--","0","1,160.00",
="079067","台光電元大4A購04","0","0","0","--","--","--","--"," ","0.00","--","0","--","0","1,250.00",
="079068","漢唐元大4A購05","0","0","0","--","--","--","--"," ","0.00","18.40","50","--","0","1,190.00",
="079069","漢唐元大4A購06","0","0","0","--","--","--","--"," ","0.00","15.70","50","--","0","1,190.00",
="07906P","臺股指凱基49售40","0","0","0","--","--","--","--"," ","0.00","0.09","100","0.10","10","0.00",
="079070","漢唐元大53購03","0","0","0","--","--","--","--"," ","0.00","14.00","50","--","0","1,190.00",
="079071","聯發科元大4A購17","0","0","0","--","--","--","--"," ","0.00","--","0","--","0","1,385.00",
="079072","聯發科元大4A購18","0","0","0","--","--","--","--"," ","0.00","--","0","--","0","1,385.00",
="079073","長榮元大53購02","366,000","9","328,720","0.91","0.92","0.88","0.88","-","0.01","0.87","499","0.89","10","188.00",
="079074","陽明元大4A購10","0","0","0","--","--","--","--"," ","0.00","0.13","499","0.14","10","58.80",
="079075","奇鋐元大4A購09","0","0","0","--","--","--","--"," ","0.00","--","0","--","0","1,015.00",
="079076","亞光元大4A購08","129,000","6","125,720","0.98","1.04","0.95","0.95","-","0.17","0.94","25","0.97","10","164.00",
="079077","緯創元大4A購05","161,000","1","64,400","0.40","0.40","0.40","0.40","-","0.02","0.01","499","--","0","115.00",
="079078","緯創元大4A購06","243,000","4","158,220","0.64","0.68","0.64","0.68"," ","0.00","0.21","47","--","0","115.00",
="079079","緯創元大4A購07","0","0","0","--","--","--","--"," ","0.00","0.88","499","0.91","10","115.00",
="07907P","AES統一4C售01","0","0","0","--","--","--","--"," ","0.00","0.21","40","0.22","10","0.00",
="079080","世芯元大4A購20","0","0","0","--","--","--","--"," ","0.00","5.60","100","5.70","10","4,000.00",
="079081","神達元大4A購08","0","0","0","--","--","--","--"," ","0.00","9.35","100","--","0","95.90",
="079082","材料元大4A購10","0","0","0","--","--","--","--"," ","0.00","0.05","499","0.06","10","67.70",
="079083","緯穎元大53購02","0","0","0","--","--","--","--"," ","0.00","3.19","250","--","0","2,975.00",
="079084","陽明富邦4B購02","0","0","0","--","--","--","--"," ","0.00","0.36","10","0.37","10","0.00",
="079085","嘉澤富邦4B購03","0","0","0","--","--","--","--"," ","0.00","1.75","10","1.85","10","0.00",
="079086","矽力富邦4C購01","0","0","0","--","--","--","--"," ","0.00","0.28","10","0.29","10","0.00",
="079088","迅得富邦4C購01","0","0","0","--","--","--","--"," ","0.00","1.25","10","1.35","10","0.00",
="07908P","東陽元富49售03","0","0","0","--","--","--","--"," ","0.00","1.43","25","1.49","25","0.00",
="079090","穎崴富邦4C購02","0","0","0","--","--","--","--"," ","0.00","1.42","10","1.52","10","0.00",
="079091","緯穎富邦4A購06","0","0","0","--","--","--","--"," ","0.00","3.17","30","3.24","10","0.00",
="079092","台積電統一4A購01","5,000","1","17,800","3.56","3.56","3.56","3.56","-","0.29","3.55","10","3.56","5","1,160.00",
="079093","富世達富邦4C購01","0","0","0","--","--","--","--"," ","0.00","6.05","10","6.55","10","0.00",
="079094","國巨台新4A購01","0","0","0","--","--","--","--"," ","0.00","2.10","10","2.11","10","0.00",
="079095","新日興台新4A購01","2,000","1","7,400","3.70","3.70","3.70","3.70","X","0.00","3.70","20","3.71","10","0.00",
="079096","元金2X元富54購03","0","0","0","--","--","--","--"," ","0.00","0.78","25","0.79","25","58.65",
="079097","台積電元富4B購06","0","0","0","--","--","--","--"," ","0.00","3.36","25","3.46","10","1,160.00",
="079098","台積電元富4B購07","0","0","0","--","--","--","--"," ","0.00","2.96","25","3.06","10","1,160.00",
="079099","台積電元富4B購08","0","0","0","--","--","--","--"," ","0.00","1.37","25","1.47","10","1,160.00",
="07909P","鴻海元富49售13","0","0","0","--","--","--","--"," ","0.00","0.01","25","0.10","10","0.00",
="079100","台積電元富4B購09","0","0","0","--","--","--","--"," ","0.00","2.24","25","2.34","10","1,160.00",
="079101","台積電元富54購08","0","0","0","--","--","--","--"," ","0.00","2.33","25","2.43","10","1,160.00",
="079102","台積電元富54購09","0","0","0","--","--","--","--"," ","0.00","18.80","25","19.80","10","1,160.00",
="079103","台光電元富4A購09","0","0","0","--","--","--","--"," ","0.00","14.60","25","15.60","25","1,250.00",
="079104","台光電元富4A購10","0","0","0","--","--","--","--"," ","0.00","15.50","25","16.50","25","1,250.00",
="079105","漢唐元富4A購02","0","0","0","--","--","--","--"," ","0.00","14.90","25","15.90","25","1,190.00",
="079106","長榮元富5A購01","76,000","4","104,080","1.37","1.39","1.36","1.36","+","0.01","1.34","25","1.35","25","188.00",
="079107","智原元富51購01","0","0","0","--","--","--","--"," ","0.00","0.27","25","0.28","25","158.00",
="079109","緯創元富4A購05","10,000","1","8,500","0.85","0.85","0.85","0.85","-","0.02","0.82","25","0.84","25","115.00",
="07910P","陽明元富49售08","0","0","0","--","--","--","--"," ","0.00","1.93","25","1.96","25","0.00",
="079111","世芯元富54購04","0","0","0","--","--","--","--"," ","0.00","3.86","25","3.92","25","4,000.00",
="079112","臺股指元富51購07","0","0","0","--","--","--","--"," ","0.00","5.00","25","5.50","25","0.00",
="079113","臺股指元富54購02","0","0","0","--","--","--","--"," ","0.00","4.53","25","4.54","25","0.00",
="079114","元黃金國票51購01","0","0","0","--","--","--","--"," ","0.00","1.07","25","1.08","10","37.00",
="079115","元金反國票51購01","4,000","1","1,760","0.44","0.44","0.44","0.44","-","0.02","0.43","45","0.44","10","7.48",
="079116","道瓊銀國票54購01","0","0","0","--","--","--","--"," ","0.00","1.81","25","1.82","10","32.63",
="079117","國喬國票4B購02","0","0","0","--","--","--","--"," ","0.00","0.06","25","0.07","10","9.92",
="079118","華邦電國票4B購04","116,000","8","164,620","1.40","1.54","1.38","1.39","-","0.10","1.39","25","1.42","10","19.60",
="079119","鴻準國票4A購01","0","0","0","--","--","--","--"," ","0.00","2.17","25","2.27","10","71.70",
="07911P","宏致元富49售02","0","0","0","--","--","--","--"," ","0.00","0.11","25","0.12","25","0.00",
="079120","華碩國票4B購01","0","0","0","--","--","--","--"," ","0.00","2.52","25","2.59","10","634.00",
="079121","友達國票4A購01","62,000","3","32,460","0.51","0.55","0.51","0.55","+","0.06","0.55","25","0.56","10","13.05",
="079122","盟立國票4A購01","21,000","2","44,450","2.15","2.15","2.01","2.01","+","0.11","2.01","25","2.10","10","70.00",
="079123","華航國票4A購01","0","0","0","--","--","--","--"," ","0.00","0.59","25","0.60","10","21.25",
="079124","長榮航國票4A購02","0","0","0","--","--","--","--"," ","0.00","0.86","25","0.87","10","39.05",
="079125","神達國票4A購03","0","0","0","--","--","--","--"," ","0.00","10.30","25","--","0","95.90",
="079126","穎崴國票4B購01","10,000","1","61,000","6.10","6.10","6.10","6.10","X","0.00","6.55","25","6.85","10","1,250.00",
="079127","元金2X國泰51購01","6,000","2","7,440","1.24","1.24","1.24","1.24","+","0.07","1.24","499","1.25","100","58.65",
="079128","台積電國泰51購03","0","0","0","--","--","--","--"," ","0.00","3.73","499","3.83","10","1,160.00",
="079129","台積電國泰51購04","0","0","0","--","--","--","--"," ","0.00","3.30","499","3.40","10","1,160.00",
="07912P","力成元富49售01","0","0","0","--","--","--","--"," ","0.00","1.07","25","1.10","25","0.00",
="079130","穎崴國泰4B購02","0","0","0","--","--","--","--"," ","0.00","3.96","10","--","0","1,250.00",
="079131","世紀鋼國泰51購01","3,000","1","4,650","1.55","1.55","1.55","1.55","X","0.00","1.57","499","1.59","499","188.00",
="079132","SGBR2X群益54購02","9,000","1","6,030","0.67","0.67","0.67","0.67","+","0.01","0.66","25","0.67","10","11.25",
="079133","國喬群益4A購01","0","0","0","--","--","--","--"," ","0.00","0.13","25","0.14","10","9.92",
="079134","華城群益54購03","0","0","0","--","--","--","--"," ","0.00","--","0","3.09","10","618.00",
="079135","大成鋼群益51購02","0","0","0","--","--","--","--"," ","0.00","0.07","44","--","0","38.60",
="079136","鴻海群益4B購07","0","0","0","--","--","--","--"," ","0.00","--","0","5.50","10","206.00",
="079137","廣宇群益4C購01","10,000","1","57,500","5.75","5.75","5.75","5.75","X","0.00","5.60","10","6.10","10","60.90",
="079138","台積電群益4C購09","0","0","0","--","--","--","--"," ","0.00","--","0","2.96","10","1,160.00",
="079139","聯發科群益54購02","0","0","0","--","--","--","--"," ","0.00","--","0","--","0","1,385.00",
="07913P","上証2X國票4A售04","0","0","0","--","--","--","--"," ","0.00","0.12","25","0.13","10","0.00",
="079140","長榮群益52購02","36,000","3","45,670","1.32","1.33","1.26","1.26","+","0.04","1.23","10","1.33","10","188.00",
="079141","漢翔群益4C購01","0","0","0","--","--","--","--"," ","0.00","1.44","6","--","0","60.00",
="079142","奇鋐群益54購05","0","0","0","--","--","--","--"," ","0.00","--","0","--","0","1,015.00",
="079143","緯創群益54購03","114,000","6","297,020","2.55","2.62","2.55","2.59","-","0.01","2.58","7","2.68","5","115.00",
="079144","創意群益4B購02","10,000","1","36,100","3.61","3.61","3.61","3.61","X","0.00","1.65","1","--","0","1,350.00",
="079145","嘉澤群益4C購01","0","0","0","--","--","--","--"," ","0.00","--","0","1.95","10","1,465.00",
="079146","世芯群益54購05","0","0","0","--","--","--","--"," ","0.00","--","0","2.12","10","4,000.00",
="079147","材料群益52購07","0","0","0","--","--","--","--"," ","0.00","0.33","10","0.43","10","67.70",
="079148","穎崴群益52購02","2,000","2","8,960","4.38","4.58","4.38","4.58","X","0.00","--","0","4.71","10","1,250.00",
="079149","富世達群益4C購02","0","0","0","--","--","--","--"," ","0.00","--","0","--","0","1,145.00",
="07914P","滬深2X國票4C售01","393,000","9","88,890","0.23","0.24","0.21","0.23","+","0.05","0.23","25","0.24","10","0.00",
="079150","台灣50凱基4A購19","0","0","0","--","--","--","--"," ","0.00","8.85","100","8.90","50","52.50",
="079151","T50正2凱基4A購09","0","0","0","--","--","--","--"," ","0.00","5.80","100","6.30","10","259.40",
="079152","東陽凱基51購01","0","0","0","--","--","--","--"," ","0.00","0.17","100","0.18","50","101.00",
="079153","台達電凱基4A購01","5,000","1","75,000","15.00","15.00","15.00","15.00","X","0.00","15.00","100","16.00","10","709.00",
="079154","鴻海凱基4A購16","0","0","0","--","--","--","--"," ","0.00","6.25","16","6.75","10","206.00",
="079155","台積電凱基4A購52","0","0","0","--","--","--","--"," ","0.00","5.95","17","6.45","10","1,160.00",
="079156","台積電凱基57購04","0","0","0","--","--","--","--"," ","0.00","5.85","18","6.35","10","1,160.00",
="079157","台光電凱基4A購05","0","0","0","--","--","--","--"," ","0.00","14.40","100","15.40","10","1,250.00",
="079158","漢唐凱基4B購01","0","0","0","--","--","--","--"," ","0.00","19.10","10","20.10","10","1,190.00",
="079159","聯發科凱基4A購11","0","0","0","--","--","--","--"," ","0.00","0.16","100","0.17","10","1,385.00",
="07915P","智原國票4A售05","0","0","0","--","--","--","--"," ","0.00","2.05","25","2.08","10","0.00",
="079160","陽明凱基4A購04","0","0","0","--","--","--","--"," ","0.00","0.34","100","0.35","30","58.80",
="079161","華航凱基4A購01","0","0","0","--","--","--","--"," ","0.00","0.55","10","0.56","10","21.25",
="079162","長榮航凱基4A購04","0","0","0","--","--","--","--"," ","0.00","0.66","100","0.67","10","39.05",
="079163","亞光凱基51購02","53,000","2","109,860","2.07","2.12","2.07","2.12","+","0.07","1.96","100","--","0","164.00",
="079164","景碩凱基4A購02","0","0","0","--","--","--","--"," ","0.00","7.15","100","7.65","10","113.50",
="079165","牧德凱基4A購05","10,000","1","41,800","4.18","4.18","4.18","4.18","+","0.30","4.47","100","4.57","10","594.00",
="079166","世芯凱基4A購12","0","0","0","--","--","--","--"," ","0.00","8.50","100","9.00","10","4,000.00",
="079167","貿聯凱基4A購04","0","0","0","--","--","--","--"," ","0.00","8.90","10","9.40","10","981.00",
="079168","神達凱基4A購04","0","0","0","--","--","--","--"," ","0.00","13.10","20","14.10","10","95.90",
="079169","日月光凱基4A購03","0","0","0","--","--","--","--"," ","0.00","0.90","100","0.92","10","147.50",
="07916P","群創國票49售02","5,000","1","3,700","0.74","0.74","0.74","0.74","X","0.00","0.73","25","0.74","10","0.00",
="079170","力成凱基4A購02","0","0","0","--","--","--","--"," ","0.00","0.16","100","0.17","10","118.50",
="079171","臺股指凱基51購08","0","0","0","--","--","--","--"," ","0.00","3.00","100","3.03","10","0.00",
="079172","臺股指凱基51購09","12,000","7","35,200","2.97","2.97","2.90","2.90","-","0.15","2.83","100","2.84","10","0.00",
="079173","T50反1中信52購02","0","0","0","--","--","--","--"," ","0.00","0.03","100","0.04","10","0.00",
="079174","滬深反中信51購01","360,000","4","119,400","0.34","0.34","0.33","0.33","+","0.03","0.33","100","0.34","100","0.00",
="079175","元金2X中信51購01","0","0","0","--","--","--","--"," ","0.00","0.40","499","0.41","100","0.00",
="079176","台積電中信54購01","0","0","0","--","--","--","--"," ","0.00","0.98","10","1.00","10","0.00",
="079177","聯發科中信4C購03","0","0","0","--","--","--","--"," ","0.00","0.18","499","0.19","30","0.00",
="079178","宇隆永豐52購01","0","0","0","--","--","--","--"," ","0.00","3.47","499","3.57","10","262.00",
="079179","台積電永豐54購02","0","0","0","--","--","--","--"," ","0.00","3.00","10","3.10","10","1,160.00",
="07917P","AES國票49售01","0","0","0","--","--","--","--"," ","0.00","0.05","25","0.06","10","0.00",
="079180","奇鋐永豐51購03","0","0","0","--","--","--","--"," ","0.00","11.70","499","12.20","10","1,015.00",
="079181","緯創永豐51購01","133,000","5","97,370","0.71","0.74","0.71","0.74","-","0.02","0.75","20","0.76","10","115.00",
="079182","新日興永豐4A購03","20,000","2","95,900","4.73","4.86","4.73","4.86","+","0.84","2.55","3","--","0","259.00",
="079183","訊芯永豐4B購04","0","0","0","--","--","--","--"," ","0.00","1.73","499","1.78","10","165.00",
="079184","台灣50元大4A購25","102,000","6","607,650","6.20","6.20","5.80","5.85","-","0.75","5.75","25","6.25","10","52.50",
="079185","台灣50元大4A購26","0","0","0","--","--","--","--"," ","0.00","5.00","100","5.50","10","52.50",
="079186","元債2X元大4A購04","0","0","0","--","--","--","--"," ","0.00","0.49","100","0.50","50","7.05",
="079187","大成鋼元大54購01","39,000","3","31,380","0.80","0.82","0.80","0.80","-","0.06","0.78","25","0.79","10","38.60",
="079189","鴻海元大4A購36","0","0","0","--","--","--","--"," ","0.00","2.59","300","--","0","206.00",
="07918P","川湖元大49售13","0","0","0","--","--","--","--"," ","0.00","0.01","499","0.10","40","0.00",
="079190","鴻海元大53購03","0","0","0","--","--","--","--"," ","0.00","2.20","350","2.22","10","206.00",
="079191","台積電元大4B購10","0","0","0","--","--","--","--"," ","0.00","--","0","--","0","1,160.00",
="079192","台積電元大4B購11","0","0","0","--","--","--","--"," ","0.00","--","0","--","0","1,160.00",
="079193","台積電元大51購29","0","0","0","--","--","--","--"," ","0.00","--","0","--","0","1,160.00",
="079194","台光電元大4A購05","0","0","0","--","--","--","--"," ","0.00","--","0","--","0","1,250.00",
="079195","漢唐元大53購04","0","0","0","--","--","--","--"," ","0.00","13.30","50","--","0","1,190.00",
="079196","聯發科元大4A購19","0","0","0","--","--","--","--"," ","0.00","--","0","--","0","1,385.00",
="079197","聯發科元大4A購20","0","0","0","--","--","--","--"," ","0.00","--","0","--","0","1,385.00",
="079198","亞光元大4A購09","72,000","3","51,720","0.69","0.73","0.69","0.72"," ","0.00","0.66","25","0.69","10","164.00",
="079199","景碩元大4A購05","0","0","0","--","--","--","--"," ","0.00","3.83","200","--","0","113.50",
="07919P","鴻海元大49售08","0","0","0","--","--","--","--"," ","0.00","--","0","0.10","10","0.00",
="079200","群創元大4A購04","14,000","1","7,280","0.52","0.52","0.52","0.52","X","0.00","0.57","499","0.58","10","14.15",
="079201","世芯元大4A購21","3,000","1","16,500","5.50","5.50","5.50","5.50","+","0.25","5.15","150","5.25","10","4,000.00",
="079202","矽力元大4A購03","0","0","0","--","--","--","--"," ","0.00","0.13","499","0.14","10","317.00",
="079203","緯穎元大4C購07","0","0","0","--","--","--","--"," ","0.00","3.00","250","--","0","2,975.00",
="079204","緯穎元大53購03","121,000","3","296,660","2.45","2.46","2.45","2.46","-","0.12","2.42","300","2.44","10","2,975.00",
="079205","臺股指元大4A購48","0","0","0","--","--","--","--"," ","0.00","3.29","499","3.39","10","0.00",
="079206","臺股指元大4A購49","0","0","0","--","--","--","--"," ","0.00","3.14","499","3.24","10","0.00",
="079207","臺股指元大4A購50","0","0","0","--","--","--","--"," ","0.00","2.50","499","2.60","10","0.00",
="079208","中興電富邦4C購01","0","0","0","--","--","--","--"," ","0.00","2.03","30","2.09","10","0.00",
="079209","聯電富邦4B購05","5,000","1","2,200","0.44","0.44","0.44","0.44","-","0.02","0.43","30","0.44","10","0.00",
="07920P","台積電元大49售39","0","0","0","--","--","--","--"," ","0.00","--","0","0.10","10","0.00",
="079210","欣興富邦4A購04","0","0","0","--","--","--","--"," ","0.00","3.71","30","3.77","10","0.00",
="079211","群創富邦4A購02","168,000","13","81,610","0.49","0.55","0.46","0.55","+","0.14","0.59","30","0.60","10","0.00",
="079212","健策富邦4A購02","0","0","0","--","--","--","--"," ","0.00","3.69","30","3.74","10","0.00",
="079213","滬深2X台新4A購02","0","0","0","--","--","--","--"," ","0.00","1.57","20","1.58","10","0.00",
="079214","台積電台新4C購01","0","0","0","--","--","--","--"," ","0.00","17.60","10","17.90","10","0.00",
="079215","長榮航台新4A購01","20,000","1","18,400","0.92","0.92","0.92","0.92","X","0.00","0.96","20","0.97","10","0.00",
="079216","嘉澤台新4A購02","0","0","0","--","--","--","--"," ","0.00","1.81","10","1.85","10","0.00",
="079217","穎崴台新4A購01","10,000","1","45,000","4.50","4.50","4.50","4.50","X","0.00","4.76","20","--","0","0.00",
="079218","台灣50群益54購01","0","0","0","--","--","--","--"," ","0.00","5.05","25","5.10","10","52.50",
="079219","T50反1群益4A購02","0","0","0","--","--","--","--"," ","0.00","0.01","100","0.03","100","19.79",
="07921P","台積電元大49售40","0","0","0","--","--","--","--"," ","0.00","--","0","0.10","10","0.00",
="079220","臺指反群益4C購03","0","0","0","--","--","--","--"," ","0.00","0.06","25","0.07","10","3.20",
="079221","元債2X群益54購01","0","0","0","--","--","--","--"," ","0.00","0.58","25","0.59","10","7.05",
="079222","台達電群益4A購02","0","0","0","--","--","--","--"," ","0.00","--","0","--","0","709.00",
="079223","鴻海群益4C購05","0","0","0","--","--","--","--"," ","0.00","--","0","6.25","10","206.00",
="079224","矽統群益52購01","23,000","2","44,220","1.89","1.94","1.89","1.94","-","0.02","1.91","10","2.01","10","55.10",
="079225","台光電群益54購01","0","0","0","--","--","--","--"," ","0.00","--","0","16.60","10","1,250.00",
="079226","漢唐群益4C購01","0","0","0","--","--","--","--"," ","0.00","--","0","14.80","10","1,190.00",
="079227","陽明群益4A購03","0","0","0","--","--","--","--"," ","0.00","0.58","10","0.68","10","58.80",
="079228","萬海群益4B購02","0","0","0","--","--","--","--"," ","0.00","1.02","499","1.12","10","84.10",
="079229","長榮航群益4B購01","98,000","6","147,660","1.51","1.52","1.47","1.47","-","0.01","1.47","10","1.57","10","39.05",
="07922P","京元電元大49售01","0","0","0","--","--","--","--"," ","0.00","--","0","0.10","10","0.00",
="079230","奇鋐群益54購06","0","0","0","--","--","--","--"," ","0.00","--","0","--","0","1,015.00",
="079231","智原群益4A購02","14,000","2","3,080","0.22","0.22","0.22","0.22","+","0.01","0.22","100","0.23","100","158.00",
="079232","嘉澤群益4A購04","0","0","0","--","--","--","--"," ","0.00","--","0","1.95","10","1,465.00",
="079233","嘉澤群益4B購04","198,000","11","375,670","1.79","1.93","1.79","1.93","+","0.05","0.72","43","--","0","1,465.00",
="079234","牧德群益4A購02","0","0","0","--","--","--","--"," ","0.00","--","0","--","0","594.00",
="079235","智易群益4B購02","0","0","0","--","--","--","--"," ","0.00","--","0","--","0","236.00",
="079236","貿聯群益4B購01","0","0","0","--","--","--","--"," ","0.00","--","0","--","0","981.00",
="079237","神達群益4B購01","0","0","0","--","--","--","--"," ","0.00","--","0","--","0","95.90",
="079238","日月光群益4A購05","1,000","1","1,730","1.73","1.73","1.73","1.73","X","0.00","1.64","25","1.65","10","147.50",
="079239","材料群益52購08","0","0","0","--","--","--","--"," ","0.00","0.37","10","0.47","10","67.70",
="07923P","聯發科元大49售14","0","0","0","--","--","--","--"," ","0.00","--","0","0.10","10","0.00",
="079240","GIS群益4B購01","0","0","0","--","--","--","--"," ","0.00","2.90","499","3.00","10","59.90",
="079241","緯穎群益54購05","20,000","2","78,800","3.93","3.95","3.93","3.95","X","0.00","--","0","3.93","10","2,975.00",
="079242","八方第一4A購01","0","0","0","--","--","--","--"," ","0.00","0.83","10","0.84","10","0.00",
="079243","台灣50凱基4A購20","0","0","0","--","--","--","--"," ","0.00","10.70","100","10.80","50","52.50",
="079244","滬深2X凱基4C購02","0","0","0","--","--","--","--"," ","0.00","2.98","10","2.99","50","18.32",
="079245","元日2X凱基57購01","0","0","0","--","--","--","--"," ","0.00","0.15","100","0.16","50","5.97",
="079246","SGBR2X凱基4A購02","0","0","0","--","--","--","--"," ","0.00","0.82","100","0.83","10","11.25",
="079247","華城凱基54購01","0","0","0","--","--","--","--"," ","0.00","5.00","100","5.50","10","618.00",
="079248","和大凱基4A購03","75,000","9","97,990","1.11","1.62","1.11","1.62","+","0.57","1.57","100","--","0","72.90",
="079249","鴻海凱基4B購10","0","0","0","--","--","--","--"," ","0.00","3.85","26","3.95","10","206.00",
="07924P","臺股指中信49售13","0","0","0","--","--","--","--"," ","0.00","0.16","499","0.17","100","0.00",
="079250","鴻海凱基4B購11","0","0","0","--","--","--","--"," ","0.00","4.01","25","4.11","10","206.00",
="079251","台積電凱基4A購53","0","0","0","--","--","--","--"," ","0.00","5.60","18","6.10","10","1,160.00",
="079252","華碩凱基4B購01","22,000","1","58,520","2.66","2.66","2.66","2.66","X","0.00","2.62","10","2.72","10","634.00",
="079253","金像電凱基4A購03","0","0","0","--","--","--","--"," ","0.00","14.80","10","15.80","10","486.00",
="079254","友達凱基4A購01","303,000","7","233,910","0.75","0.79","0.75","0.77","+","0.10","0.75","100","0.77","10","13.05",
="079255","長榮凱基51購06","209,000","10","328,990","1.61","1.65","1.53","1.53","-","0.03","0.66","15","--","0","188.00",
="079256","緯創凱基4B購02","50,000","3","46,420","0.93","0.93","0.92","0.92","-","0.01","0.92","100","0.94","10","115.00",
="079257","嘉澤凱基4C購02","0","0","0","--","--","--","--"," ","0.00","2.75","100","2.85","10","1,465.00",
="079258","矽力凱基4A購03","0","0","0","--","--","--","--"," ","0.00","0.12","10","0.22","10","317.00",
="079259","保瑞凱基4A購06","0","0","0","--","--","--","--"," ","0.00","4.55","10","4.65","10","733.00",
="07925P","臺股指中信49售14","0","0","0","--","--","--","--"," ","0.00","--","0","0.10","10","0.00",
="079260","穎崴凱基4B購04","10,000","1","49,000","4.90","4.90","4.90","4.90","X","0.00","4.86","100","4.96","10","1,250.00",
="079261","緯穎凱基53購01","0","0","0","--","--","--","--"," ","0.00","4.88","100","4.98","10","2,975.00",
="079262","富世達凱基4A購03","0","0","0","--","--","--","--"," ","0.00","18.50","100","19.50","10","1,145.00",
="079263","昇陽半凱基4B購01","0","0","0","--","--","--","--"," ","0.00","2.77","100","2.87","10","152.50",
="079264","臺股指凱基4A購36","0","0","0","--","--","--","--"," ","0.00","4.67","100","4.68","10","0.00",
="079265","臺股指凱基54購06","0","0","0","--","--","--","--"," ","0.00","6.45","100","6.50","10","0.00",
="079266","滬深2X元富4A購07","0","0","0","--","--","--","--"," ","0.00","2.37","25","2.47","10","18.32",
="079267","香港2X元富4A購01","411,000","4","869,320","2.11","2.13","2.09","2.09","-","0.44","1.95","25","2.05","10","16.40",
="079268","國企2X元富4A購04","0","0","0","--","--","--","--"," ","0.00","0.40","25","0.41","25","10.70",
="079269","元日2X元富54購02","0","0","0","--","--","--","--"," ","0.00","0.22","25","0.23","25","5.97",
="07926P","東陽凱基49售02","30,000","1","36,300","1.21","1.21","1.21","1.21","-","0.20","1.21","10","1.25","10","0.00",
="079270","美費半元富4A購02","0","0","0","--","--","--","--"," ","0.00","5.15","25","5.20","25","45.51",
="079271","奇鋐元富4A購13","0","0","0","--","--","--","--"," ","0.00","18.30","25","19.30","25","1,015.00",
="079272","晶睿元富54購01","0","0","0","--","--","--","--"," ","0.00","0.55","25","0.56","25","99.50",
="079273","鈞興元富4A購02","0","0","0","--","--","--","--"," ","0.00","2.22","25","2.29","25","200.00",
="079274","立積元富4A購01","220,000","4","190,430","0.76","0.95","0.76","0.95","X","0.00","1.12","25","--","0","158.00",
="079275","華孚元富4A購01","287,000","16","577,290","1.99","2.08","1.91","1.92","-","0.14","1.88","25","1.90","25","62.60",
="079276","臺股指元富4A購20","0","0","0","--","--","--","--"," ","0.00","8.10","25","8.60","25","0.00",
="079277","T50反1中信54購02","0","0","0","--","--","--","--"," ","0.00","0.10","499","0.11","100","0.00",
="079278","滬深2X中信51購01","0","0","0","--","--","--","--"," ","0.00","0.54","499","0.55","100","0.00",
="079279","香港2X中信4A購01","0","0","0","--","--","--","--"," ","0.00","0.76","499","0.77","100","0.00",
="07927P","台積電凱基49售31","0","0","0","--","--","--","--"," ","0.00","0.03","100","0.13","10","0.00",
="079280","道瓊反中信52購01","0","0","0","--","--","--","--"," ","0.00","0.41","499","0.42","100","0.00",
="079281","元金2X中信51購02","0","0","0","--","--","--","--"," ","0.00","0.28","200","0.29","200","0.00",
="079282","美律中信4A購01","0","0","0","--","--","--","--"," ","0.00","0.04","10","0.05","10","0.00",
="079283","長榮中信51購01","251,000","4","106,370","0.43","0.43","0.42","0.42","+","0.01","0.40","10","0.41","10","0.00",
="079284","長榮航中信4A購01","0","0","0","--","--","--","--"," ","0.00","0.06","10","0.07","10","0.00",
="079285","緯創中信4A購04","22,000","2","26,860","1.21","1.23","1.21","1.23"," ","0.00","1.26","10","1.31","10","0.00",
="079286","世芯中信4B購02","0","0","0","--","--","--","--"," ","0.00","2.94","499","--","0","0.00",
="079287","臺股指中信51購05","0","0","0","--","--","--","--"," ","0.00","1.36","499","1.37","10","0.00",
="079288","台灣50永豐52購01","0","0","0","--","--","--","--"," ","0.00","19.50","499","20.10","10","52.50",
="079289","滬深2X永豐51購01","0","0","0","--","--","--","--"," ","0.00","4.16","499","4.26","10","18.32",
="07928P","昇陽半凱基49售03","0","0","0","--","--","--","--"," ","0.00","0.10","100","0.11","10","0.00",
="079290","滬深2X永豐52購01","0","0","0","--","--","--","--"," ","0.00","2.51","499","2.61","10","18.32",
="079291","滬深2X永豐53購01","0","0","0","--","--","--","--"," ","0.00","2.45","499","2.55","10","18.32",
="079292","元日2X永豐54購01","0","0","0","--","--","--","--"," ","0.00","0.19","499","0.20","10","5.97",
="079293","台積電永豐5A購01","0","0","0","--","--","--","--"," ","0.00","1.92","5","1.99","10","1,160.00",
="079294","智易永豐51購01","1,000","1","800","0.80","0.80","0.80","0.80","-","0.20","0.79","10","0.80","9","236.00",
="079295","滬深2X國票54購01","102,000","4","118,500","1.16","1.22","1.16","1.16","-","0.31","1.15","28","1.16","10","18.32",
="079296","臺指反國票4B購01","0","0","0","--","--","--","--"," ","0.00","0.01","524","0.07","10","3.20",
="079297","道瓊反國票4A購01","0","0","0","--","--","--","--"," ","0.00","0.03","25","0.04","10","5.93",
="079299","道瓊反國票4C購01","0","0","0","--","--","--","--"," ","0.00","0.05","25","0.06","10","5.93",
="07929P","臺股指凱基4A售19","340,000","7","138,300","0.39","0.43","0.38","0.42","+","0.04","0.42","100","0.43","10","0.00",
="079300","FB臺反國票4A購02","0","0","0","--","--","--","--"," ","0.00","0.01","25","0.10","10","10.87",
="079302","京元電國票4A購01","0","0","0","--","--","--","--"," ","0.00","8.40","25","8.90","10","142.00",
="079303","聯詠國票4A購01","20,000","1","4,200","0.21","0.21","0.21","0.21","-","0.01","0.21","5","--","0","435.00",
="079304","元日2X國泰51購02","0","0","0","--","--","--","--"," ","0.00","0.15","499","0.16","100","5.97",
="079305","廣宇國泰51購01","3,000","1","21,900","7.30","7.30","7.30","7.30","X","0.00","7.30","499","--","0","60.90",
="079306","亞光國泰51購01","0","0","0","--","--","--","--"," ","0.00","3.87","499","3.92","100","164.00",
="079307","欣興國泰51購01","0","0","0","--","--","--","--"," ","0.00","9.75","499","--","0","150.00",
="079308","群創國泰51購01","0","0","0","--","--","--","--"," ","0.00","1.11","499","1.14","499","14.15",
="079309","嘉澤國泰51購01","0","0","0","--","--","--","--"," ","0.00","4.29","499","--","0","1,465.00",
="07930P","萬海元富49售05","0","0","0","--","--","--","--"," ","0.00","0.34","25","0.35","25","0.00",
="079310","貿聯國泰51購01","0","0","0","--","--","--","--"," ","0.00","9.40","499","--","0","981.00",
="079311","T50反1元大4A購06","0","0","0","--","--","--","--"," ","0.00","--","0","0.10","10","19.79",
="079312","滬深2X元大4A購09","0","0","0","--","--","--","--"," ","0.00","3.56","100","3.66","10","18.32",
="079313","A50正2元大4C購01","15,000","6","27,820","1.88","1.88","1.85","1.85","X","0.00","1.85","499","1.86","100","31.56",
="079314","臺指反元大4A購03","0","0","0","--","--","--","--"," ","0.00","0.01","100","0.11","10","3.20",
="079315","元金反元大4C購01","0","0","0","--","--","--","--"," ","0.00","0.24","288","0.25","250","7.48",
="079316","聯電元大4A購01","32,000","3","17,600","0.54","0.56","0.54","0.56","-","0.02","0.53","499","0.54","10","40.60",
="079317","台達電元大4A購01","0","0","0","--","--","--","--"," ","0.00","11.30","10","--","0","709.00",
="079318","台積電元大4B購12","0","0","0","--","--","--","--"," ","0.00","--","0","--","0","1,160.00",
="079319","台積電元大4C購13","0","0","0","--","--","--","--"," ","0.00","--","0","--","0","1,160.00",
="07931P","智原元富49售01","0","0","0","--","--","--","--"," ","0.00","3.21","25","3.28","25","0.00",
="079320","台積電元大51購30","30,000","1","54,900","1.83","1.83","1.83","1.83","-","0.11","0.79","12","--","0","1,160.00",
="079321","台光電元大53購01","0","0","0","--","--","--","--"," ","0.00","--","0","--","0","1,250.00",
="079322","威盛元大4A購02","74,000","5","26,340","0.36","0.36","0.35","0.35","-","0.04","0.34","30","--","0","62.00",
="079323","漢唐元大4A購07","0","0","0","--","--","--","--"," ","0.00","20.80","50","--","0","1,190.00",
="079324","京元電元大4A購07","0","0","0","--","--","--","--"," ","0.00","6.70","100","--","0","142.00",
="079325","聯發科元大4A購22","0","0","0","--","--","--","--"," ","0.00","--","0","--","0","1,385.00",
="079326","長榮元大4A購17","240,000","3","140,200","0.58","0.59","0.58","0.58","+","0.04","0.51","499","0.53","10","188.00",
="079327","奇鋐元大51購04","0","0","0","--","--","--","--"," ","0.00","--","0","9.45","10","1,015.00",
="079328","亞光元大4A購10","0","0","0","--","--","--","--"," ","0.00","1.20","25","1.24","10","164.00",
="079329","智原元大51購06","832,000","15","470,880","0.56","0.57","0.55","0.56","+","0.01","0.56","499","0.57","10","158.00",
="07932P","材料元富49售08","0","0","0","--","--","--","--"," ","0.00","0.27","25","0.28","25","0.00",
="079330","新日興元大4A購01","0","0","0","--","--","--","--"," ","0.00","--","0","--","0","259.00",
="079331","群創元大4A購05","466,000","2","158,840","0.32","0.38","0.32","0.38","+","0.11","0.42","499","0.43","10","14.15",
="079332","嘉澤元大4A購04","3,000","2","5,190","1.73","1.73","1.73","1.73","X","0.00","1.70","450","--","0","1,465.00",
="079333","健策元大4A購01","0","0","0","--","--","--","--"," ","0.00","7.35","100","--","0","1,905.00",
="079334","世芯元大4A購22","0","0","0","--","--","--","--"," ","0.00","5.35","150","--","0","4,000.00",
="079335","材料元大4A購11","0","0","0","--","--","--","--"," ","0.00","0.40","499","0.41","10","67.70",
="079336","穎崴元大4A購05","0","0","0","--","--","--","--"," ","0.00","3.00","4","--","0","1,250.00",
="079337","緯穎元大4A購16","0","0","0","--","--","--","--"," ","0.00","3.48","200","--","0","2,975.00",
="079338","元債2X台新4A購01","0","0","0","--","--","--","--"," ","0.00","0.10","20","0.11","10","0.00",
="079339","南亞科台新4A購01","2,000","1","1,580","0.79","0.79","0.79","0.79","-","0.08","0.78","20","0.79","10","0.00",
="07933P","啟碁元富49售03","0","0","0","--","--","--","--"," ","0.00","1.42","25","1.46","25","0.00",
="079340","光聖台新4A購01","0","0","0","--","--","--","--"," ","0.00","13.80","20","--","0","0.00",
="079341","滬深2X中信52購01","0","0","0","--","--","--","--"," ","0.00","0.52","499","0.53","100","0.00",
="079342","臺指反中信52購01","0","0","0","--","--","--","--"," ","0.00","0.18","499","0.19","100","0.00",
="079343","道瓊反中信4A購01","0","0","0","--","--","--","--"," ","0.00","0.03","499","0.04","10","0.00",
="079344","元金2X中信54購01","0","0","0","--","--","--","--"," ","0.00","0.34","100","0.35","100","0.00",
="079345","南亞科中信4C購01","4,000","1","13,880","3.47","3.47","3.47","3.47","-","0.04","3.16","499","3.22","10","0.00",
="079346","立積中信4B購01","248,000","18","152,830","0.60","0.73","0.56","0.73","+","0.15","0.80","499","--","0","0.00",
="079347","亞翔中信4B購03","0","0","0","--","--","--","--"," ","0.00","1.23","499","1.33","10","0.00",
="079348","臺股指中信4A購12","0","0","0","--","--","--","--"," ","0.00","2.66","499","2.67","10","0.00",
="079349","元金2X永豐54購01","0","0","0","--","--","--","--"," ","0.00","0.49","10","0.50","10","58.65",
="07934P","漢翔國票4B售01","0","0","0","--","--","--","--"," ","0.00","0.03","111","0.05","10","0.00",
="079350","鴻海永豐4A購14","0","0","0","--","--","--","--"," ","0.00","7.95","499","8.45","10","206.00",
="079351","南亞科永豐4A購02","5,000","1","4,150","0.83","0.83","0.83","0.83","X","0.00","0.80","10","0.81","10","46.65",
="079352","嘉澤永豐4A購02","30,000","3","52,300","1.69","1.82","1.69","1.82","-","0.01","1.82","10","1.92","10","1,465.00",
="079353","世芯永豐4A購10","0","0","0","--","--","--","--"," ","0.00","7.25","499","--","0","4,000.00",
="079354","迅得永豐52購01","110,000","2","197,460","1.80","1.80","1.79","1.79","-","0.06","1.87","10","1.91","10","193.50",
="079355","光聖永豐4B購01","0","0","0","--","--","--","--"," ","0.00","9.00","499","9.50","10","867.00",
="079356","光聖永豐52購01","0","0","0","--","--","--","--"," ","0.00","13.90","499","14.90","10","867.00",
="079357","光聖永豐53購01","0","0","0","--","--","--","--"," ","0.00","8.60","499","9.10","10","867.00",
="079358","緯穎永豐4A購06","0","0","0","--","--","--","--"," ","0.00","9.45","10","--","0","2,975.00",
="079359","台灣50群益4A購10","0","0","0","--","--","--","--"," ","0.00","5.70","25","5.75","10","52.50",
="07935P","創意國票4B售04","0","0","0","--","--","--","--"," ","0.00","0.27","25","0.29","10","0.00",
="079360","滬深2X群益52購02","0","0","0","--","--","--","--"," ","0.00","0.11","9","--","0","18.32",
="079361","滬深2X群益52購03","0","0","0","--","--","--","--"," ","0.00","0.14","7","--","0","18.32",
="079362","SGBR2X群益54購03","0","0","0","--","--","--","--"," ","0.00","1.23","25","1.24","10","11.25",
="079363","華城群益54購04","0","0","0","--","--","--","--"," ","0.00","2.57","3","3.29","10","618.00",
="079364","宇隆群益51購01","20,000","2","67,200","3.38","3.38","3.34","3.34","+","0.14","2.46","4","3.80","30","262.00",
="079365","鴻海群益4C購06","0","0","0","--","--","--","--"," ","0.00","--","0","3.28","10","206.00",
="079366","台積電群益4A購41","0","0","0","--","--","--","--"," ","0.00","--","0","3.68","10","1,160.00",
="079367","台積電群益4A購42","0","0","0","--","--","--","--"," ","0.00","--","0","4.76","10","1,160.00",
="079368","友達群益54購01","558,000","20","819,790","1.44","1.51","1.44","1.50","+","0.11","0.57","35","--","0","13.05",
="079369","聯發科群益4A購09","200,000","1","232,000","1.16","1.16","1.16","1.16","-","0.05","0.29","34","--","0","1,385.00",
="07936P","昇陽半國票4A售03","0","0","0","--","--","--","--"," ","0.00","0.11","25","0.12","10","0.00",
="079370","慧洋群益4A購03","2,000","2","2,060","1.06","1.06","1.00","1.00"," ","0.00","0.29","34","--","0","61.80",
="079371","緯創群益54購04","34,000","3","102,070","2.94","3.01","2.94","3.01","-","0.01","2.97","2","--","0","115.00",
="079372","光聖群益4C購01","0","0","0","--","--","--","--"," ","0.00","9.35","10","9.85","10","867.00",
="079373","保瑞群益4C購03","24,000","3","51,080","2.09","2.15","2.09","2.15","+","0.01","2.08","25","2.09","10","733.00",
="079374","穎崴群益52購03","0","0","0","--","--","--","--"," ","0.00","--","0","--","0","1,250.00",
="079375","緯穎群益52購04","0","0","0","--","--","--","--"," ","0.00","8.20","61","8.70","10","2,975.00",
="079376","富世達群益54購01","0","0","0","--","--","--","--"," ","0.00","--","0","--","0","1,145.00",
="079377","電子類群益4A購02","0","0","0","--","--","--","--"," ","0.00","3.49","499","3.50","499","0.00",
="079378","臺指反富邦54購01","0","0","0","--","--","--","--"," ","0.00","0.20","30","0.21","10","0.00",
="079379","國企2X富邦51購01","5,000","1","4,050","0.81","0.81","0.81","0.81","X","0.00","0.78","100","0.79","98","0.00",
="07937P","昇陽半國票4A售04","0","0","0","--","--","--","--"," ","0.00","0.08","25","0.09","10","0.00",
="079380","SGBR2X富邦52購01","0","0","0","--","--","--","--"," ","0.00","0.68","100","0.69","28","0.00",
="079381","台積電富邦4A購11","0","0","0","--","--","--","--"," ","0.00","2.77","30","2.85","10","0.00",
="079382","台積電富邦4A購12","0","0","0","--","--","--","--"," ","0.00","3.00","30","3.09","10","0.00",
="079383","友達富邦4A購01","2,447,000","40","1,206,840","0.48","0.53","0.47","0.53","+","0.04","0.54","30","0.55","10","0.00",
="079384","友達富邦4A購02","839,000","16","477,810","0.55","0.59","0.54","0.59","+","0.05","0.60","30","0.61","10","0.00",
="079385","長榮富邦4B購04","0","0","0","--","--","--","--"," ","0.00","0.67","10","0.77","10","0.00",
="079386","群創富邦4C購02","685,000","27","471,720","0.61","0.74","0.58","0.72","+","0.18","0.73","30","0.74","10","0.00",
="079387","智易富邦4C購01","146,000","9","72,580","0.54","0.55","0.45","0.45","-","0.12","0.45","7","0.46","10","0.00",
="079388","昇陽半第一4A購01","17,000","2","14,620","0.86","0.86","0.86","0.86"," ","0.00","0.88","10","0.90","10","0.00",
="079389","台灣50凱基4A購21","0","0","0","--","--","--","--"," ","0.00","7.65","100","--","0","52.50",
="07938P","智原群益49售05","0","0","0","--","--","--","--"," ","0.00","--","0","2.50","10","0.00",
="079390","台灣50凱基4A購22","30,000","3","108,300","3.77","3.77","3.41","3.41","-","0.75","3.31","100","3.41","10","52.50",
="079391","臺指反凱基4C購01","0","0","0","--","--","--","--"," ","0.00","0.02","100","0.03","10","3.20",
="079393","元金2X凱基51購05","0","0","0","--","--","--","--"," ","0.00","0.40","10","0.41","50","58.65",
="079395","台積電統一4A購02","0","0","0","--","--","--","--"," ","0.00","7.85","10","7.90","10","1,160.00",
="079396","聯電凱基4A購04","0","0","0","--","--","--","--"," ","0.00","0.57","100","0.58","10","40.60",
="079397","鴻海凱基4B購12","0","0","0","--","--","--","--"," ","0.00","4.74","22","4.84","10","206.00",
="079398","台積電凱基4A購55","0","0","0","--","--","--","--"," ","0.00","8.95","12","9.45","10","1,160.00",
="079399","台積電凱基4A購56","0","0","0","--","--","--","--"," ","0.00","9.10","11","9.60","10","1,160.00",
="07939P","群創群益49售06","0","0","0","--","--","--","--"," ","0.00","--","0","1.05","10","0.00",
="079400","台積電凱基4A購57","0","0","0","--","--","--","--"," ","0.00","8.50","100","8.75","10","1,160.00",
="079401","聯發科統一4A購01","1,000","1","830","0.83","0.83","0.83","0.83","+","0.04","0.75","10","0.76","10","1,385.00",
="079403","矽統凱基4A購01","63,000","5","114,780","1.82","1.90","1.76","1.90","-","0.03","1.86","10","1.87","10","55.10",
="079404","台光電凱基4A購06","0","0","0","--","--","--","--"," ","0.00","15.50","100","16.50","10","1,250.00",
="079407","威盛凱基4A購06","104,000","4","72,320","0.73","0.73","0.69","0.69","-","0.09","0.66","10","0.67","10","62.00",
="079408","漢唐凱基4A購03","0","0","0","--","--","--","--"," ","0.00","25.20","10","26.20","10","1,190.00",
="079409","聯發科凱基4A購13","20,000","2","17,000","0.85","0.85","0.85","0.85","X","0.00","0.82","100","0.83","10","1,385.00",
="07940P","T50正2元大49售07","0","0","0","--","--","--","--"," ","0.00","0.16","100","0.26","10","0.00",
="079410","奇鋐凱基4A購07","0","0","0","--","--","--","--"," ","0.00","25.40","100","26.40","10","1,015.00",
="079411","聯詠凱基4A購02","215,000","12","119,820","0.54","0.56","0.54","0.56","-","0.01","0.53","10","0.63","10","435.00",
="079412","新日興凱基4A購03","20,000","2","94,600","4.73","4.73","4.73","4.73","X","0.00","4.77","100","4.87","10","259.00",
="079413","智易凱基4B購01","66,000","4","30,320","0.53","0.53","0.43","0.43","-","0.13","0.39","10","0.49","10","236.00",
="079414","世芯凱基54購02","0","0","0","--","--","--","--"," ","0.00","7.60","100","8.10","10","4,000.00",
="079415","神達凱基4A購05","0","0","0","--","--","--","--"," ","0.00","12.90","100","--","0","95.90",
="079416","日月光凱基4A購04","0","0","0","--","--","--","--"," ","0.00","1.46","100","1.49","10","147.50",
="079417","光聖凱基4A購01","0","0","0","--","--","--","--"," ","0.00","14.70","100","15.70","10","867.00",
="079418","GIS凱基4B購01","121,000","7","402,050","3.23","3.63","3.23","3.63","+","0.11","3.45","10","3.55","10","59.90",
="079419","華邦電元富4A購07","0","0","0","--","--","--","--"," ","0.00","2.36","25","2.42","25","19.60",
="07941P","台積電元大49售41","0","0","0","--","--","--","--"," ","0.00","--","0","0.10","10","0.00",
="079420","光聖元富4A購01","0","0","0","--","--","--","--"," ","0.00","15.00","25","16.00","10","867.00",
="079421","光聖元富4A購02","0","0","0","--","--","--","--"," ","0.00","16.50","25","17.50","10","867.00",
="079422","臺股指元富4A購23","0","0","0","--","--","--","--"," ","0.00","6.70","25","7.20","25","0.00",
="079423","元黃金國泰51購01","0","0","0","--","--","--","--"," ","0.00","0.72","499","0.73","100","37.00",
="079424","元債2X國泰51購01","0","0","0","--","--","--","--"," ","0.00","0.49","499","0.50","100","7.05",
="079425","川湖國泰4B購01","0","0","0","--","--","--","--"," ","0.00","9.45","499","--","0","2,925.00",
="079426","漢翔國泰51購01","1,000","1","3,550","3.55","3.55","3.55","3.55","+","0.89","3.66","499","--","0","60.00",
="079427","聯詠國泰51購01","71,000","5","89,430","1.26","1.27","1.24","1.24","-","0.01","1.25","10","1.26","10","435.00",
="079428","保瑞國泰51購02","0","0","0","--","--","--","--"," ","0.00","4.53","499","4.59","10","733.00",
="079429","富世達國泰51購01","0","0","0","--","--","--","--"," ","0.00","18.20","499","--","0","1,145.00",
="07942P","台積電元大49售42","0","0","0","--","--","--","--"," ","0.00","--","0","0.10","10","0.00",
="079430","台灣50元大4A購27","0","0","0","--","--","--","--"," ","0.00","10.30","100","11.30","10","52.50",
="079431","台灣50元大4A購28","0","0","0","--","--","--","--"," ","0.00","8.00","100","8.50","10","52.50",
="079432","台灣50元大4A購29","0","0","0","--","--","--","--"," ","0.00","5.35","100","5.85","10","52.50",
="079433","上銀元大4A購10","0","0","0","--","--","--","--"," ","0.00","1.36","499","1.40","10","215.50",
="079434","川湖元大4A購03","0","0","0","--","--","--","--"," ","0.00","4.42","150","--","0","2,925.00",
="079435","台達電元大4A購02","0","0","0","--","--","--","--"," ","0.00","10.00","50","--","0","709.00",
="079436","台積電元大4A購63","0","0","0","--","--","--","--"," ","0.00","--","0","--","0","1,160.00",
="079437","台積電元大4B購13","0","0","0","--","--","--","--"," ","0.00","--","0","--","0","1,160.00",
="079438","台積電元大4B購14","0","0","0","--","--","--","--"," ","0.00","--","0","--","0","1,160.00",
="079439","聯發科元大4A購24","0","0","0","--","--","--","--"," ","0.00","--","0","--","0","1,385.00",
="07943P","台積電元大49售43","0","0","0","--","--","--","--"," ","0.00","--","0","0.10","10","0.00",
="079440","長榮元大4B購07","0","0","0","--","--","--","--"," ","0.00","0.67","499","0.69","10","188.00",
="079441","奇鋐元大51購05","0","0","0","--","--","--","--"," ","0.00","--","0","9.80","10","1,015.00",
="079442","亞光元大4A購11","78,000","2","63,800","0.80","0.85","0.80","0.85","+","0.04","0.74","25","0.78","10","164.00",
="079443","智原元大51購07","409,000","2","122,700","0.30","0.30","0.30","0.30","X","0.00","0.29","499","0.30","10","158.00",
="079444","欣興元大4A購04","0","0","0","--","--","--","--"," ","0.00","5.35","150","--","0","150.00",
="079445","緯創元大4B購04","0","0","0","--","--","--","--"," ","0.00","0.91","499","0.94","10","115.00",
="079446","新日興元大4A購02","6,000","1","16,440","2.74","2.74","2.74","2.74","X","0.00","--","0","--","0","259.00",
="079447","群創元大4B購03","410,000","18","320,160","0.70","0.87","0.70","0.84","+","0.20","0.83","499","0.84","10","14.15",
="079448","嘉澤元大4A購05","0","0","0","--","--","--","--"," ","0.00","1.12","499","1.17","10","1,465.00",
="079449","世芯元大4A購23","0","0","0","--","--","--","--"," ","0.00","4.51","150","--","0","4,000.00",
="07944P","華邦電元大49售27","0","0","0","--","--","--","--"," ","0.00","0.39","499","0.40","200","0.00",
="079450","光聖元大4A購01","0","0","0","--","--","--","--"," ","0.00","8.70","100","--","0","867.00",
="079451","光聖元大4A購02","0","0","0","--","--","--","--"," ","0.00","7.50","100","--","0","867.00",
="079452","保瑞元大4A購04","0","0","0","--","--","--","--"," ","0.00","2.89","250","2.98","10","733.00",
="079453","穎崴元大4A購06","0","0","0","--","--","--","--"," ","0.00","--","0","--","0","1,250.00",
="079454","緯穎元大4A購18","0","0","0","--","--","--","--"," ","0.00","4.39","150","--","0","2,975.00",
="079455","富世達元大4A購01","0","0","0","--","--","--","--"," ","0.00","--","0","--","0","1,145.00",
="079456","T50反1國票4C購01","0","0","0","--","--","--","--"," ","0.00","0.22","25","0.26","10","19.79",
="079457","元黃金國票54購02","10,000","1","4,300","0.43","0.43","0.43","0.43","X","0.00","0.42","25","0.43","10","37.00",
="079458","A50正2國票4B購01","35,000","1","83,650","2.39","2.39","2.39","2.39","-","0.50","2.37","25","2.40","10","31.56",
="079459","元日2X國票57購01","0","0","0","--","--","--","--"," ","0.00","0.21","25","0.22","10","5.97",
="07945P","富邦金元大49售04","0","0","0","--","--","--","--"," ","0.00","0.08","499","0.09","200","0.00",
="079460","元金2X國票54購02","0","0","0","--","--","--","--"," ","0.00","0.82","25","0.83","10","58.65",
="079461","道瓊銀國票54購02","102,000","3","251,950","2.47","2.48","2.47","2.47","+","0.08","2.46","26","2.47","10","32.63",
="079462","鴻海國票4C購02","0","0","0","--","--","--","--"," ","0.00","5.25","25","5.40","10","206.00",
="079463","台積電國票4A購18","0","0","0","--","--","--","--"," ","0.00","6.40","25","6.90","10","1,160.00",
="079464","牧德國票4B購02","0","0","0","--","--","--","--"," ","0.00","7.15","25","7.65","10","594.00",
="079465","材料國票4B購03","0","0","0","--","--","--","--"," ","0.00","0.44","25","0.45","10","67.70",
="079466","光聖國票4A購01","0","0","0","--","--","--","--"," ","0.00","12.40","25","13.40","10","867.00",
="079468","光聖國票4B購01","0","0","0","--","--","--","--"," ","0.00","12.50","25","13.50","10","867.00",
="079469","臺股指國票4B購04","0","0","0","--","--","--","--"," ","0.00","5.85","499","5.90","399","0.00",
="07946P","群創元大49售08","0","0","0","--","--","--","--"," ","0.00","0.32","499","0.33","200","0.00",
="079470","臺股指國票4B購05","0","0","0","--","--","--","--"," ","0.00","7.35","499","7.40","499","0.00",
="079471","臺股指國票4B購06","0","0","0","--","--","--","--"," ","0.00","5.95","499","6.00","499","0.00",
="079472","臺股指國票4B購07","0","0","0","--","--","--","--"," ","0.00","6.15","499","6.20","499","0.00",
="079473","滬深2X富邦51購02","0","0","0","--","--","--","--"," ","0.00","0.83","100","0.84","98","0.00",
="079474","台塑富邦4C購01","0","0","0","--","--","--","--"," ","0.00","0.77","30","0.82","28","0.00",
="079475","華城富邦4B購05","0","0","0","--","--","--","--"," ","0.00","3.33","10","3.43","10","0.00",
="079476","大成鋼富邦4B購02","44,000","3","29,900","0.67","0.68","0.67","0.68","-","0.03","0.63","10","0.64","10","0.00",
="079477","川湖台新4A購03","0","0","0","--","--","--","--"," ","0.00","5.35","20","--","0","0.00",
="079478","華邦電台新4A購01","14,000","1","24,780","1.77","1.77","1.77","1.77","+","0.17","1.66","20","1.67","10","0.00",
="079479","元黃金元富4A購01","0","0","0","--","--","--","--"," ","0.00","0.21","25","0.22","25","37.00",
="07947P","群創元大49售09","0","0","0","--","--","--","--"," ","0.00","0.38","499","0.39","200","0.00",
="079480","國企2X元富4A購05","0","0","0","--","--","--","--"," ","0.00","1.11","25","1.12","25","10.70",
="079481","FBNQ2X元富4A購04","0","0","0","--","--","--","--"," ","0.00","3.57","25","3.67","25","144.85",
="079482","英業達元富4A購04","45,000","2","57,840","1.27","1.30","1.27","1.30","-","0.04","1.28","25","1.29","25","41.35",
="079483","技嘉元富4A購05","0","0","0","--","--","--","--"," ","0.00","4.08","25","4.18","10","281.00",
="079484","祥碩元富4A購05","1,000","1","1,340","1.34","1.34","1.34","1.34","-","0.07","1.29","25","1.30","25","1,665.00",
="079485","光聖元富54購01","0","0","0","--","--","--","--"," ","0.00","10.50","25","11.50","25","867.00",
="079486","世紀鋼元富4A購02","10,000","1","21,100","2.11","2.11","2.11","2.11","-","0.16","1.95","25","2.05","10","188.00",
="079487","元黃金國票4B購03","0","0","0","--","--","--","--"," ","0.00","1.21","25","1.22","10","37.00",
="079488","S&P反1國票51購01","0","0","0","--","--","--","--"," ","0.00","0.09","25","0.10","10","4.56",
="079489","元金2X國票53購02","0","0","0","--","--","--","--"," ","0.00","0.85","25","0.86","10","58.65",
="07948P","嘉澤元大49售10","0","0","0","--","--","--","--"," ","0.00","0.17","499","0.18","200","0.00",
="079490","上銀國票4B購02","67,000","7","88,500","1.29","1.38","1.26","1.28","+","0.03","1.28","25","1.29","10","215.50",
="079491","大立光國票4B購07","0","0","0","--","--","--","--"," ","0.00","1.44","25","1.49","10","2,395.00",
="079492","聯詠國票4B購01","0","0","0","--","--","--","--"," ","0.00","0.34","25","0.35","10","435.00",
="079493","欣興國票4B購05","0","0","0","--","--","--","--"," ","0.00","10.70","25","11.70","10","150.00",
="079494","創意國票4B購06","0","0","0","--","--","--","--"," ","0.00","2.52","25","2.59","10","1,350.00",
="079495","嘉澤國票4B購03","0","0","0","--","--","--","--"," ","0.00","1.40","25","1.43","10","1,465.00",
="079496","精銳國票4B購03","15,000","2","61,750","3.97","4.19","3.97","4.19","X","0.00","4.19","25","4.28","10","776.00",
="079497","愛普國票4A購01","0","0","0","--","--","--","--"," ","0.00","3.28","25","3.37","10","305.50",
="079498","世芯國泰51購01","0","0","0","--","--","--","--"," ","0.00","8.55","499","--","0","4,000.00",
="079499","精銳國泰51購01","30,000","5","101,140","3.38","3.54","3.23","3.54","+","0.62","3.39","499","3.45","100","776.00",
="07949P","昇陽半元大49售01","0","0","0","--","--","--","--"," ","0.00","0.16","499","0.17","200","0.00",
="079500","元黃金中信53購01","0","0","0","--","--","--","--"," ","0.00","0.28","499","0.29","100","0.00",
="079501","元金反中信51購01","0","0","0","--","--","--","--"," ","0.00","0.33","499","0.35","100","0.00",
="079502","元金2X中信4C購01","27,000","4","9,720","0.36","0.36","0.36","0.36","X","0.00","0.35","100","0.36","95","0.00",
="079503","中興電中信4B購01","0","0","0","--","--","--","--"," ","0.00","0.75","499","0.77","10","0.00",
="079504","川湖中信4B購01","0","0","0","--","--","--","--"," ","0.00","2.78","499","--","0","0.00",
="079505","台積電中信54購02","2,000","2","1,910","0.98","0.98","0.93","0.93","-","0.12","0.91","10","0.93","9","0.00",
="079506","欣興中信4A購01","0","0","0","--","--","--","--"," ","0.00","1.30","10","--","0","0.00",
="079507","創意中信4A購03","10,000","1","9,700","0.97","0.97","0.97","0.97","-","0.10","0.96","499","0.98","10","0.00",
="079508","辛耘中信4A購01","70,000","7","125,700","1.79","1.82","1.76","1.76","-","0.03","1.91","10","--","0","0.00",
="079509","AES中信4A購02","16,000","2","33,660","2.01","2.16","2.01","2.16","+","0.06","2.19","10","2.24","10","0.00",
="07950P","台積電凱基49售34","0","0","0","--","--","--","--"," ","0.00","0.05","100","0.15","10","0.00",
="079510","南電中信4A購01","0","0","0","--","--","--","--"," ","0.00","4.50","499","--","0","0.00",
="079511","臺股指中信53購01","1,000","1","610","0.61","0.61","0.61","0.61","X","0.00","0.59","499","0.60","100","0.00",
="079512","台灣50群益54購02","8,000","1","22,400","2.80","2.80","2.80","2.80","-","0.08","2.68","100","2.69","100","52.50",
="079513","滬深2X群益53購01","0","0","0","--","--","--","--"," ","0.00","0.14","7","--","0","18.32",
="079514","聯電群益54購01","114,000","5","83,330","0.74","0.74","0.73","0.73","-","0.03","0.72","104","0.73","100","40.60",
="079515","鴻海群益57購01","0","0","0","--","--","--","--"," ","0.00","--","0","5.95","10","206.00",
="079516","台光電群益54購02","0","0","0","--","--","--","--"," ","0.00","--","0","15.90","10","1,250.00",
="079517","威盛群益53購01","150,000","3","49,400","0.33","0.33","0.32","0.32","-","0.02","0.31","10","0.41","10","62.00",
="079518","漢唐群益4A購02","0","0","0","--","--","--","--"," ","0.00","18.60","27","19.60","10","1,190.00",
="079519","晟銘電群益4A購03","0","0","0","--","--","--","--"," ","0.00","2.03","2","4.08","10","133.00",
="07951P","富邦金凱基49售03","0","0","0","--","--","--","--"," ","0.00","0.07","10","0.17","10","0.00",
="079520","奇鋐群益54購07","0","0","0","--","--","--","--"," ","0.00","--","0","12.70","10","1,015.00",
="079521","新日興群益54購01","8,000","1","41,600","5.20","5.20","5.20","5.20","X","0.00","5.90","100","--","0","259.00",
="079522","新日興群益54購02","10,000","1","53,500","5.35","5.35","5.35","5.35","+","0.05","3.79","2","--","0","259.00",
="079523","世芯群益54購06","10,000","1","94,000","9.40","9.40","9.40","9.40","X","0.00","7.20","10","9.95","10","4,000.00",
="079524","日月光群益4A購06","0","0","0","--","--","--","--"," ","0.00","0.88","100","0.89","100","147.50",
="079525","材料群益53購02","0","0","0","--","--","--","--"," ","0.00","0.28","10","0.38","10","67.70",
="079526","邁達特群益4A購02","1,000","1","1,790","1.79","1.79","1.79","1.79","X","0.00","1.69","10","1.79","10","55.50",
="079527","光聖群益4C購02","0","0","0","--","--","--","--"," ","0.00","7.75","10","8.25","10","867.00",
="079528","緯穎群益53購02","0","0","0","--","--","--","--"," ","0.00","--","0","8.40","10","2,975.00",
="079529","元黃金永豐54購01","0","0","0","--","--","--","--"," ","0.00","1.14","499","1.15","10","37.00",
="07952P","創意凱基4C售04","41,000","1","16,400","0.40","0.40","0.40","0.40","-","0.02","0.41","100","0.42","10","0.00",
="079530","滬深2X永豐51購02","0","0","0","--","--","--","--"," ","0.00","2.11","10","2.21","10","18.32",
="079531","元金2X永豐4B購01","0","0","0","--","--","--","--"," ","0.00","0.18","10","0.20","10","58.65",
="079532","華新永豐4A購02","0","0","0","--","--","--","--"," ","0.00","1.64","10","1.69","10","23.35",
="079533","鴻海永豐4A購16","0","0","0","--","--","--","--"," ","0.00","4.64","10","4.74","10","206.00",
="079534","南亞科永豐51購01","0","0","0","--","--","--","--"," ","0.00","1.37","10","1.39","10","46.65",
="079535","一詮永豐4A購01","27,000","1","25,920","0.96","0.96","0.96","0.96","X","0.00","0.96","499","1.06","10","80.20",
="079536","欣興永豐4A購04","172,000","2","722,440","3.97","4.21","3.97","4.21","+","0.29","3.93","10","4.03","10","150.00",
="079537","創意永豐4B購04","0","0","0","--","--","--","--"," ","0.00","2.39","4","--","0","1,350.00",
="079538","辛耘永豐4A購02","0","0","0","--","--","--","--"," ","0.00","5.80","499","6.30","10","393.50",
="079539","世芯永豐4A購12","0","0","0","--","--","--","--"," ","0.00","7.70","499","8.20","10","4,000.00",
="07953P","群創凱基49售04","27,000","1","30,240","1.12","1.12","1.12","1.12","X","0.00","0.94","100","0.97","10","0.00",
="079540","日月光永豐4B購01","0","0","0","--","--","--","--"," ","0.00","0.90","499","0.93","10","147.50",
="079541","永崴控永豐4C購01","0","0","0","--","--","--","--"," ","0.00","0.80","499","0.81","10","36.60",
="079542","晶心科永豐51購01","29,000","3","25,530","0.90","0.90","0.87","0.87","-","0.01","0.85","10","0.86","10","283.00",
="079543","T50反1元大4A購07","0","0","0","--","--","--","--"," ","0.00","--","0","0.10","10","19.79",
="079544","元黃金元大4B購02","115,000","4","19,550","0.17","0.17","0.17","0.17","X","0.00","0.17","100","0.18","100","37.00",
="079545","華城元大4A購08","13,000","3","71,850","5.55","5.55","5.45","5.45","+","0.10","5.20","150","5.25","10","618.00",
="079546","上銀元大4A購11","0","0","0","--","--","--","--"," ","0.00","1.13","499","1.17","10","215.50",
="079547","聯電元大4A購02","0","0","0","--","--","--","--"," ","0.00","0.04","499","0.14","10","40.60",
="079548","台達電元大4A購03","0","0","0","--","--","--","--"," ","0.00","13.40","50","--","0","709.00",
="079549","廣宇元大4A購02","0","0","0","--","--","--","--"," ","0.00","3.81","200","--","0","60.90",
="07954P","嘉澤凱基49售06","50,000","1","9,500","0.19","0.19","0.19","0.19","-","0.03","0.21","10","0.22","10","0.00",
="079550","台積電元大4C購14","0","0","0","--","--","--","--"," ","0.00","--","0","--","0","1,160.00",
="079551","威盛元大4A購03","0","0","0","--","--","--","--"," ","0.00","0.05","499","0.06","10","62.00",
="079552","聯發科元大4A購25","0","0","0","--","--","--","--"," ","0.00","--","0","--","0","1,385.00",
="079554","亞光元大4A購12","357,000","2","445,350","1.24","1.25","1.24","1.25"," ","0.00","1.20","25","1.22","10","164.00",
="079555","新日興元大4A購03","132,000","11","209,420","1.49","2.03","1.49","2.03","+","0.58","0.21","47","2.69","45","259.00",
="079556","新日興元大4A購04","0","0","0","--","--","--","--"," ","0.00","--","0","--","0","259.00",
="079558","群創元大51購04","399,000","10","181,650","0.38","0.49","0.37","0.47","+","0.13","0.46","499","0.47","10","14.15",
="07955P","台積電群益49售39","0","0","0","--","--","--","--"," ","0.00","--","0","0.12","10","0.00",
="079560","智易元大4A購02","18,000","2","13,860","0.78","0.78","0.75","0.75","X","0.00","0.70","25","0.71","10","236.00",
="079562","健策元大4A購02","0","0","0","--","--","--","--"," ","0.00","6.60","25","--","0","1,905.00",
="079563","世芯元大4A購25","0","0","0","--","--","--","--"," ","0.00","6.15","100","--","0","4,000.00",
="079564","精銳元大4A購03","0","0","0","--","--","--","--"," ","0.00","2.07","400","2.12","10","776.00",
="079567","保瑞元大4A購05","0","0","0","--","--","--","--"," ","0.00","3.06","250","3.15","10","733.00",
="079568","穎崴元大4A購07","10,000","1","29,800","2.98","2.98","2.98","2.98","X","0.00","--","0","--","0","1,250.00",
="079569","緯穎元大4A購20","0","0","0","--","--","--","--"," ","0.00","4.07","200","4.16","10","2,975.00",
="07956P","聯發科群益49售13","0","0","0","--","--","--","--"," ","0.00","1.09","499","1.19","10","0.00",
="079570","富世達元大4A購02","0","0","0","--","--","--","--"," ","0.00","--","0","--","0","1,145.00",
="079571","台灣50凱基4A購25","0","0","0","--","--","--","--"," ","0.00","11.80","100","12.80","10","52.50",
="079572","T50反1凱基4B購03","0","0","0","--","--","--","--"," ","0.00","0.06","100","0.07","10","19.79",
="079573","T50反1凱基4C購02","0","0","0","--","--","--","--"," ","0.00","0.04","100","0.05","10","19.79",
="079574","T50反1凱基4C購03","0","0","0","--","--","--","--"," ","0.00","0.02","100","0.03","10","19.79",
="079575","元黃金凱基54購02","0","0","0","--","--","--","--"," ","0.00","0.52","100","0.53","10","37.00",
="079576","元黃金凱基54購03","0","0","0","--","--","--","--"," ","0.00","0.96","100","0.97","10","37.00",
="079577","元黃金凱基54購04","0","0","0","--","--","--","--"," ","0.00","0.54","100","0.55","10","37.00",
="079578","滬深2X凱基53購01","3,000","1","4,920","1.64","1.64","1.64","1.64","-","0.36","1.61","10","1.62","50","18.32",
="079579","道瓊銀凱基54購01","371,000","2","437,800","1.18","1.20","1.18","1.20","X","0.00","1.19","100","1.20","10","32.63",
="07957P","聯發科群益4B售06","0","0","0","--","--","--","--"," ","0.00","0.01","524","0.30","25","0.00",
="079580","道瓊2X凱基54購01","0","0","0","--","--","--","--"," ","0.00","1.58","10","1.59","50","27.67",
="079581","華新凱基4A購06","77,000","6","109,530","1.33","1.50","1.33","1.39","-","0.01","1.37","10","1.39","10","23.35",
="079582","川湖凱基54購01","0","0","0","--","--","--","--"," ","0.00","6.90","100","7.40","10","2,925.00",
="079583","鴻海凱基54購04","0","0","0","--","--","--","--"," ","0.00","5.20","20","5.70","10","206.00",
="079584","台積電凱基4B購13","0","0","0","--","--","--","--"," ","0.00","7.30","14","7.80","10","1,160.00",
="079585","台積電凱基4B購14","0","0","0","--","--","--","--"," ","0.00","7.85","13","8.35","10","1,160.00",
="079586","台積電凱基4C購22","0","0","0","--","--","--","--"," ","0.00","6.80","15","7.30","10","1,160.00",
="079587","友達凱基4A購02","137,000","4","51,390","0.37","0.39","0.37","0.39","+","0.06","0.38","100","0.39","10","13.05",
="079588","長榮凱基4A購08","0","0","0","--","--","--","--"," ","0.00","0.11","100","0.12","30","188.00",
="079589","慧洋凱基4A購03","0","0","0","--","--","--","--"," ","0.00","1.04","100","1.14","10","61.80",
="07958P","創意群益49售16","0","0","0","--","--","--","--"," ","0.00","0.02","30","0.23","10","0.00",
="079590","欣興凱基4B購03","0","0","0","--","--","--","--"," ","0.00","7.65","100","8.15","10","150.00",
="079591","創意凱基4A購07","10,000","1","23,300","2.33","2.33","2.33","2.33","X","0.00","2.23","100","2.28","10","1,350.00",
="079592","群創凱基4A購05","100,000","3","61,600","0.55","0.69","0.55","0.69","+","0.22","0.71","100","0.73","10","14.15",
="079593","光聖凱基4A購02","0","0","0","--","--","--","--"," ","0.00","11.70","100","12.70","10","867.00",
="079594","穎崴凱基4A購04","10,000","1","28,800","2.88","2.88","2.88","2.88","+","0.39","3.19","100","3.29","10","1,250.00",
="079595","緯穎凱基4C購03","0","0","0","--","--","--","--"," ","0.00","4.88","100","4.96","10","2,975.00",
="079596","世紀鋼凱基4A購02","0","0","0","--","--","--","--"," ","0.00","2.06","100","2.11","10","188.00",
="079597","士電富邦4A購02","0","0","0","--","--","--","--"," ","0.00","1.63","30","1.68","10","0.00",
="079598","華新富邦4A購01","288,000","10","300,650","1.03","1.10","1.02","1.04","+","0.03","1.04","30","1.06","10","0.00",
="079599","華新富邦4C購01","896,000","37","1,035,590","1.10","1.20","1.09","1.19","+","0.08","1.15","30","1.16","10","0.00",
="07959P","AES群益4B售03","0","0","0","--","--","--","--"," ","0.00","0.10","20","--","0","0.00",
="079600","緯穎富邦4A購07","0","0","0","--","--","--","--"," ","0.00","2.89","30","2.95","10","0.00",
="079601","臺股指富邦4B購07","0","0","0","--","--","--","--"," ","0.00","3.91","499","3.95","10","0.00",
="079602","臺股指富邦54購04","0","0","0","--","--","--","--"," ","0.00","2.80","499","2.81","100","0.00",
="079603","上銀台新4A購01","101,000","3","134,330","1.33","1.33","1.33","1.33","X","0.00","1.29","20","1.30","10","0.00",
="079604","智原台新4A購02","71,000","4","23,400","0.32","0.34","0.32","0.32"," ","0.00","0.32","20","0.33","10","0.00",
="079605","台灣50群益54購03","0","0","0","--","--","--","--"," ","0.00","2.11","100","2.12","100","52.50",
="079606","華新群益4B購01","157,000","8","212,510","1.27","1.37","1.27","1.34","+","0.01","1.33","10","1.43","10","23.35",
="079607","川湖群益54購02","0","0","0","--","--","--","--"," ","0.00","--","0","7.95","10","2,925.00",
="079608","台積電群益54購10","6,000","1","13,860","2.31","2.31","2.31","2.31","-","0.02","0.90","11","--","0","1,160.00",
="079609","台積電群益54購11","0","0","0","--","--","--","--"," ","0.00","0.56","17","--","0","1,160.00",
="07960P","FBNQ2X元大4A售04","0","0","0","--","--","--","--"," ","0.00","0.22","100","0.23","50","0.00",
="079610","台積電群益54購12","0","0","0","--","--","--","--"," ","0.00","--","0","--","0","1,160.00",
="079611","台積電群益54購13","0","0","0","--","--","--","--"," ","0.00","--","0","--","0","1,160.00",
="079612","聯發科群益54購03","0","0","0","--","--","--","--"," ","0.00","--","0","--","0","1,385.00",
="079613","長榮群益54購01","32,000","1","17,600","0.55","0.55","0.55","0.55","+","0.03","0.50","10","0.60","10","188.00",
="079614","長榮群益54購02","0","0","0","--","--","--","--"," ","0.00","0.50","10","0.60","10","188.00",
="079615","陽明群益54購01","33,000","1","25,080","0.76","0.76","0.76","0.76","X","0.00","0.71","10","0.81","10","58.80",
="079616","亞光群益4C購02","16,000","1","26,080","1.63","1.63","1.63","1.63","X","0.00","0.59","16","--","0","164.00",
="079617","欣興群益4C購01","43,000","7","328,400","7.40","7.85","7.40","7.85","-","0.15","7.70","25","7.95","10","150.00",
="079618","群創群益4B購06","240,000","9","197,270","0.78","0.85","0.78","0.85","+","0.27","0.84","100","0.87","100","14.15",
="079619","凌華群益53購01","13,000","2","6,070","0.46","0.49","0.46","0.49","+","0.03","0.19","52","--","0","65.40",
="07961P","FBNQ2X元大53售02","4,000","2","6,600","1.65","1.65","1.65","1.65","X","0.00","1.64","100","1.65","50","0.00",
="079620","矽力群益54購01","0","0","0","--","--","--","--"," ","0.00","0.23","10","0.33","10","317.00",
="079621","穎崴群益53購01","0","0","0","--","--","--","--"," ","0.00","--","0","2.61","10","1,250.00",
="079622","世紀鋼群益54購01","0","0","0","--","--","--","--"," ","0.00","0.64","10","0.74","10","188.00",
="079623","台灣50中信4C購02","0","0","0","--","--","--","--"," ","0.00","2.92","499","2.95","100","0.00",
="079624","T50反1中信51購02","0","0","0","--","--","--","--"," ","0.00","0.06","499","0.07","100","0.00",
="079625","滬深2X中信4B購01","52,000","3","36,450","0.70","0.74","0.70","0.74","X","0.00","0.67","499","0.68","100","0.00",
="079626","S&P反1中信53購01","0","0","0","--","--","--","--"," ","0.00","0.16","499","0.17","100","0.00",
="079627","元金反中信4A購01","0","0","0","--","--","--","--"," ","0.00","0.52","499","0.54","100","0.00",
="079628","東陽中信4A購02","0","0","0","--","--","--","--"," ","0.00","0.02","499","0.03","10","0.00",
="079629","南亞科中信4A購03","184,000","18","363,860","2.18","2.18","1.91","1.91","-","0.38","1.90","10","1.92","10","0.00",
="07962P","華邦電元大49售28","0","0","0","--","--","--","--"," ","0.00","0.16","499","0.17","200","0.00",
="079630","大立光中信4A購01","66,000","3","41,480","0.63","0.63","0.62","0.62","-","0.02","0.60","499","0.61","10","0.00",
="079631","京鼎中信4A購01","347,000","11","162,200","0.47","0.48","0.46","0.48","-","0.01","0.47","10","0.48","10","0.00",
="079632","祥碩中信4A購01","0","0","0","--","--","--","--"," ","0.00","0.29","10","0.30","10","0.00",
="079633","元黃金永豐57購01","130,000","6","115,700","0.89","0.89","0.89","0.89","+","0.02","0.89","10","0.90","31","37.00",
="079634","滬深2X永豐51購03","0","0","0","--","--","--","--"," ","0.00","1.93","10","2.03","10","18.32",
="079635","滬深2X永豐54購01","0","0","0","--","--","--","--"," ","0.00","2.33","499","2.43","10","18.32",
="079636","上銀永豐4C購02","15,000","3","137,250","9.15","9.15","9.15","9.15","X","0.00","8.95","499","9.05","10","215.50",
="079637","南亞科永豐4A購04","30,000","2","28,000","0.94","0.94","0.93","0.93","-","0.06","0.81","499","0.82","10","46.65",
="079638","可成永豐4C購01","10,000","2","44,200","4.42","4.42","4.42","4.42","X","0.00","4.19","499","4.26","10","190.00",
="079639","大立光永豐4A購03","0","0","0","--","--","--","--"," ","0.00","1.05","10","1.15","10","2,395.00",
="07963P","智邦元大49售15","0","0","0","--","--","--","--"," ","0.00","0.01","499","0.11","10","0.00",
="079640","亞光永豐4C購01","13,000","3","242,800","18.70","18.70","18.40","18.40","+","0.50","17.00","1","17.30","10","164.00",
="079641","緯穎永豐4A購08","0","0","0","--","--","--","--"," ","0.00","3.51","499","--","0","2,975.00",
="079642","緯創第一4A購01","118,000","4","42,880","0.35","0.38","0.35","0.38","+","0.02","0.36","10","0.37","10","0.00",
="079643","台灣50凱基53購02","0","0","0","--","--","--","--"," ","0.00","4.51","100","4.52","50","52.50",
="079644","香港2X凱基4A購01","0","0","0","--","--","--","--"," ","0.00","1.38","100","1.48","10","16.40",
="079645","台塑凱基53購01","0","0","0","--","--","--","--"," ","0.00","2.41","100","2.44","10","39.10",
="079646","華新凱基4A購07","305,000","19","603,510","1.91","2.09","1.91","2.09","+","0.18","1.95","10","1.99","10","23.35",
="079647","台達電凱基4A購02","0","0","0","--","--","--","--"," ","0.00","17.20","100","18.20","10","709.00",
="079648","鴻海凱基54購05","0","0","0","--","--","--","--"," ","0.00","5.95","17","6.45","10","206.00",
="079649","台積電凱基4A購59","0","0","0","--","--","--","--"," ","0.00","9.10","11","9.60","10","1,160.00",
="07964P","南亞科元大49售23","0","0","0","--","--","--","--"," ","0.00","0.31","499","0.32","200","0.00",
="079650","台積電凱基4B購15","0","0","0","--","--","--","--"," ","0.00","7.85","100","7.95","10","1,160.00",
="079651","台積電凱基4C購23","0","0","0","--","--","--","--"," ","0.00","7.10","15","7.60","10","1,160.00",
="079652","漢唐凱基53購02","0","0","0","--","--","--","--"," ","0.00","17.20","10","18.20","10","1,190.00",
="079653","南亞科凱基4C購04","3,000","1","8,670","2.89","2.89","2.89","2.89","-","0.09","2.72","100","2.73","10","46.65",
="079654","長榮航凱基4B購03","0","0","0","--","--","--","--"," ","0.00","1.85","100","1.86","10","39.05",
="079655","亞光凱基4A購05","77,000","5","55,760","0.71","0.80","0.70","0.70","-","0.07","0.68","100","0.78","10","164.00",
="079656","健鼎凱基4A購01","0","0","0","--","--","--","--"," ","0.00","9.30","100","9.80","10","318.00",
="079657","健策凱基4A購03","0","0","0","--","--","--","--"," ","0.00","8.25","100","8.75","10","1,905.00",
="079658","保瑞凱基4C購01","0","0","0","--","--","--","--"," ","0.00","3.26","10","3.30","10","733.00",
="079659","緯穎凱基4C購04","0","0","0","--","--","--","--"," ","0.00","5.80","100","6.30","10","2,975.00",
="07965P","聯發科元大49售15","0","0","0","--","--","--","--"," ","0.00","0.01","499","--","0","0.00",
="079660","富世達凱基4C購01","0","0","0","--","--","--","--"," ","0.00","14.80","20","15.80","10","1,145.00",
="079661","台灣50元富54購03","0","0","0","--","--","--","--"," ","0.00","7.40","25","7.55","25","52.50",
="079662","T50正2元富4A購09","0","0","0","--","--","--","--"," ","0.00","6.10","25","6.25","25","259.40",
="079663","T50正2元富4A購10","0","0","0","--","--","--","--"," ","0.00","6.60","25","6.75","25","259.40",
="079664","滬深2X元富4A購09","0","0","0","--","--","--","--"," ","0.00","2.14","25","2.24","10","18.32",
="079665","滬深2X元富54購02","0","0","0","--","--","--","--"," ","0.00","2.52","25","2.62","10","18.32",
="079666","道瓊銀元富4A購04","140,000","2","98,400","0.71","0.71","0.70","0.70","+","0.02","0.70","25","0.71","25","32.63",
="079667","鴻海元富54購03","0","0","0","--","--","--","--"," ","0.00","5.95","25","6.05","25","206.00",
="079668","華新國票4A購03","0","0","0","--","--","--","--"," ","0.00","1.90","25","1.94","10","23.35",
="079669","皇昌國票4A購03","0","0","0","--","--","--","--"," ","0.00","1.63","25","1.67","10","83.50",
="07966P","聯發科元大49售16","137,000","1","145,220","1.06","1.06","1.06","1.06","+","0.05","0.01","499","--","0","0.00",
="079670","裕民國票4B購02","4,000","3","6,670","1.66","1.70","1.65","1.65","-","0.01","1.66","25","1.69","10","57.30",
="079671","萬海國票4B購02","22,000","1","47,300","2.15","2.15","2.15","2.15","X","0.00","2.01","25","2.02","10","84.10",
="079672","亞光國票4A購02","5,000","1","8,600","1.72","1.72","1.72","1.72","X","0.00","1.70","25","1.80","10","164.00",
="079673","景碩國票4B購03","0","0","0","--","--","--","--"," ","0.00","7.30","25","7.80","10","113.50",
="079674","保瑞國票4A購01","0","0","0","--","--","--","--"," ","0.00","3.23","25","3.33","10","733.00",
="079675","AES國票4A購04","0","0","0","--","--","--","--"," ","0.00","7.30","25","7.80","10","1,350.00",
="079676","富世達國票4B購02","0","0","0","--","--","--","--"," ","0.00","20.50","25","21.50","10","1,145.00",
="079677","南電國票4B購01","0","0","0","--","--","--","--"," ","0.00","11.80","27","--","0","226.00",
="079678","世紀鋼國票4A購01","9,000","1","10,980","1.22","1.22","1.22","1.22","X","0.00","1.17","25","1.18","10","188.00",
="079679","台灣50國泰51購01","0","0","0","--","--","--","--"," ","0.00","8.00","499","--","0","52.50",
="07967P","欣興元大49售22","0","0","0","--","--","--","--"," ","0.00","--","0","0.10","10","0.00",
="079680","華邦電國泰4B購02","24,000","2","71,270","2.97","2.97","2.96","2.96","+","0.02","2.90","499","2.94","100","19.60",
="079681","南亞科國泰51購01","0","0","0","--","--","--","--"," ","0.00","2.84","499","2.88","100","46.65",
="079682","T50正2元大4A購16","0","0","0","--","--","--","--"," ","0.00","7.20","499","--","0","259.40",
="079683","滬深2X元大4A購10","20,000","1","55,400","2.77","2.77","2.77","2.77","X","0.00","2.69","100","2.79","10","18.32",
="079684","滬深2X元大51購03","0","0","0","--","--","--","--"," ","0.00","2.08","499","2.09","250","18.32",
="079685","東陽元大4A購01","0","0","0","--","--","--","--"," ","0.00","0.08","499","0.09","10","101.00",
="079687","和大元大4A購02","39,000","5","60,590","1.40","1.61","1.40","1.61","+","0.22","1.95","20","2.15","15","72.90",
="079688","川湖元大4A購04","0","0","0","--","--","--","--"," ","0.00","3.25","250","3.32","10","2,925.00",
="079689","台積電元大4A購66","0","0","0","--","--","--","--"," ","0.00","--","0","--","0","1,160.00",
="07968P","臺股指元大51售05","600,000","4","286,790","0.46","0.48","0.46","0.48","+","0.03","0.48","100","0.49","20","0.00",
="079690","台光電元大4A購07","0","0","0","--","--","--","--"," ","0.00","--","0","--","0","1,250.00",
="079691","聯發科元大4A購26","0","0","0","--","--","--","--"," ","0.00","--","0","0.54","5","1,385.00",
="079693","可成元大4A購02","0","0","0","--","--","--","--"," ","0.00","0.14","499","0.15","10","190.00",
="079695","富邦金元大4A購01","0","0","0","--","--","--","--"," ","0.00","1.57","450","1.64","10","85.20",
="079696","亞光元大4A購13","343,000","12","245,250","0.69","0.75","0.68","0.68","-","0.04","0.65","25","0.69","10","164.00",
="079698","聯詠元大4A購01","12,000","3","2,410","0.21","0.21","0.20","0.20"," ","0.00","0.20","15","--","0","435.00",
="079699","新日興元大4A購05","6,000","2","10,340","1.62","1.93","1.62","1.93","X","0.00","--","0","--","0","259.00",
="07969P","台積電中信49售09","0","0","0","--","--","--","--"," ","0.00","0.10","10","0.12","10","0.00",
="079700","世芯元大4A購26","0","0","0","--","--","--","--"," ","0.00","5.60","150","--","0","4,000.00",
="079701","材料元大4A購12","0","0","0","--","--","--","--"," ","0.00","0.05","499","0.06","10","67.70",
="079703","穎崴元大4A購08","0","0","0","--","--","--","--"," ","0.00","--","0","--","0","1,250.00",
="079704","緯穎元大4A購22","0","0","0","--","--","--","--"," ","0.00","4.02","200","4.09","10","2,975.00",
="079705","富世達元大4A購03","0","0","0","--","--","--","--"," ","0.00","--","0","--","0","1,145.00",
="079706","昇陽半元大4A購02","0","0","0","--","--","--","--"," ","0.00","1.12","499","1.15","10","152.50",
="079707","亞光第一4A購01","49,000","2","37,050","0.75","0.78","0.75","0.78","X","0.00","0.73","10","0.74","10","0.00",
="079708","訊芯台新4A購01","0","0","0","--","--","--","--"," ","0.00","1.28","20","1.29","10","0.00",
="079709","富世達台新4A購01","0","0","0","--","--","--","--"," ","0.00","14.80","20","--","0","0.00",
="07970P","聯發科中信49售07","156,000","2","87,360","0.57","0.57","0.55","0.55","-","0.01","0.57","499","0.59","10","0.00",
="079710","台灣50群益4A購11","10,000","1","46,600","4.66","4.66","4.66","4.66","-","0.84","4.50","100","4.51","100","52.50",
="079711","台灣50群益4C購06","20,000","2","19,800","1.01","1.01","0.97","0.97","-","0.23","0.96","100","0.97","90","52.50",
="079712","國企2X群益54購02","0","0","0","--","--","--","--"," ","0.00","0.78","25","0.79","10","10.70",
="079713","華新群益4C購01","126,000","7","216,760","1.61","1.75","1.61","1.72","+","0.07","1.71","10","1.81","10","23.35",
="079714","鴻海群益4C購07","5,000","1","32,500","6.50","6.50","6.50","6.50","-","0.25","6.50","25","6.55","10","206.00",
="079715","南亞科群益4C購04","13,000","5","11,950","0.91","0.95","0.88","0.88","-","0.12","0.85","100","0.86","100","46.65",
="079717","亞光群益4C購03","0","0","0","--","--","--","--"," ","0.00","1.61","499","1.71","10","164.00",
="079718","健鼎群益4A購01","0","0","0","--","--","--","--"," ","0.00","--","0","7.25","10","318.00",
="079719","辛耘群益4C購01","47,000","8","194,290","4.12","4.32","3.96","4.32","+","0.38","4.34","10","4.44","10","393.50",
="07971P","長榮中信49售06","0","0","0","--","--","--","--"," ","0.00","0.76","10","0.77","10","0.00",
="079720","富世達群益4A購03","0","0","0","--","--","--","--"," ","0.00","--","0","--","0","1,145.00",
="079721","臺股指群益4A購32","0","0","0","--","--","--","--"," ","0.00","5.75","499","5.80","499","0.00",
="079722","臺股指群益4A購33","0","0","0","--","--","--","--"," ","0.00","5.70","499","5.75","499","0.00",
="079723","台灣50元富54購04","100,000","2","404,500","4.08","4.08","4.01","4.01","X","0.00","3.98","25","3.99","25","52.50",
="079724","上証2X元富51購01","0","0","0","--","--","--","--"," ","0.00","1.08","25","1.09","25","45.30",
="079725","滬深2X元富54購03","0","0","0","--","--","--","--"," ","0.00","1.45","25","1.55","10","18.32",
="079726","國巨元富54購01","0","0","0","--","--","--","--"," ","0.00","2.83","25","2.87","25","137.00",
="079727","京元電元富54購01","0","0","0","--","--","--","--"," ","0.00","7.75","25","7.95","25","142.00",
="079728","可成元富54購01","93,000","3","82,100","0.88","0.89","0.88","0.88","-","0.01","0.85","25","0.86","25","190.00",
="079729","大立光元富54購02","50,000","1","101,500","2.03","2.03","2.03","2.03","-","0.09","2.05","25","2.07","25","2,395.00",
="07972P","大成鋼國票4A售05","0","0","0","--","--","--","--"," ","0.00","1.79","25","1.82","10","0.00",
="079730","奇鋐元富54購01","0","0","0","--","--","--","--"," ","0.00","8.15","25","8.65","25","1,015.00",
="079731","臺股指元富51購08","0","0","0","--","--","--","--"," ","0.00","1.93","25","2.03","25","0.00",
="079732","臺股指元富51購09","0","0","0","--","--","--","--"," ","0.00","1.96","25","1.97","25","0.00",
="079733","川湖國泰51購02","0","0","0","--","--","--","--"," ","0.00","5.15","499","--","0","2,925.00",
="079734","亞光國泰51購02","1,000","1","2,930","2.93","2.93","2.93","2.93","X","0.00","2.90","499","2.93","100","164.00",
="079735","元金反國票51購02","0","0","0","--","--","--","--"," ","0.00","0.22","25","0.23","10","7.48",
="079736","SP黃豆國票4C購01","5,000","1","3,600","0.72","0.72","0.72","0.72","-","0.04","0.72","25","0.73","10","20.50",
="079737","元金2X國票4C購01","0","0","0","--","--","--","--"," ","0.00","0.61","25","0.62","10","58.65",
="079738","鴻海國票53購02","2,000","1","9,560","4.78","4.78","4.78","4.78","X","0.00","4.86","25","4.96","10","206.00",
="079739","華邦電國票4C購02","17,000","1","30,090","1.77","1.77","1.77","1.77","X","0.00","1.71","25","1.75","10","19.60",
="07973P","華邦電國票4A售06","0","0","0","--","--","--","--"," ","0.00","0.54","25","0.55","10","0.00",
="079740","智邦國票4C購01","0","0","0","--","--","--","--"," ","0.00","10.80","25","11.80","10","984.00",
="079741","長榮國票4C購02","31,000","3","29,690","0.98","0.98","0.94","0.94","-","0.03","0.94","25","0.96","10","188.00",
="079742","立積國票4C購01","69,000","8","68,380","0.90","1.22","0.88","1.21","+","0.33","1.21","25","--","0","158.00",
="079743","亞光統一58購03","186,000","3","219,870","1.17","1.20","1.17","1.20","+","0.02","1.13","10","1.14","10","164.00",
="079744","亞光統一58購04","38,000","2","43,290","1.14","1.14","1.13","1.13"," ","0.00","1.10","10","1.11","10","164.00",
="079745","采鈺統一53購01","1,328,000","59","1,688,950","1.22","1.34","1.20","1.34","+","0.20","1.27","10","1.28","10","264.00",
="079746","鴻海中信51購01","18,000","4","29,050","1.61","1.63","1.60","1.63","-","0.04","1.60","10","1.62","10","0.00",
="079747","台積電中信53購01","32,000","4","40,520","1.33","1.33","1.24","1.24","-","0.12","1.19","10","1.27","10","0.00",
="079748","技嘉中信4A購01","20,000","2","19,400","0.97","0.97","0.97","0.97","-","0.03","0.91","499","0.93","10","0.00",
="079749","健策中信4A購01","0","0","0","--","--","--","--"," ","0.00","3.86","499","--","0","0.00",
="07974P","智邦國票4A售06","0","0","0","--","--","--","--"," ","0.00","--","0","--","0","0.00",
="079750","滬深2X永豐56購01","0","0","0","--","--","--","--"," ","0.00","2.30","499","2.40","10","18.32",
="079751","上銀永豐4C購03","350,000","17","275,510","0.70","0.83","0.70","0.73","+","0.04","0.72","10","0.73","10","215.50",
="079752","友訊永豐4C購01","78,000","4","70,740","0.90","0.97","0.90","0.97","+","0.04","0.93","10","0.94","10","18.05",
="079753","旺宏永豐51購01","29,000","6","37,290","1.29","1.29","1.26","1.26","-","0.09","1.26","10","1.28","10","20.10",
="079754","鴻準永豐4A購02","0","0","0","--","--","--","--"," ","0.00","2.92","10","3.00","10","71.70",
="079755","裕民永豐4A購02","34,000","2","60,400","1.77","1.79","1.77","1.79","+","0.17","1.65","499","1.67","10","57.30",
="079756","大立光永豐4A購04","35,000","1","10,850","0.31","0.31","0.31","0.31","-","0.07","0.33","499","0.34","10","2,395.00",
="079757","華擎永豐4C購01","0","0","0","--","--","--","--"," ","0.00","4.03","499","--","0","281.00",
="079758","矽力永豐4C購01","0","0","0","--","--","--","--"," ","0.00","0.40","499","0.41","10","317.00",
="079759","緯穎永豐4C購03","0","0","0","--","--","--","--"," ","0.00","3.43","499","--","0","2,975.00",
="07975P","智原國票4A售06","0","0","0","--","--","--","--"," ","0.00","3.18","25","3.28","10","0.00",
="079760","富世達永豐4C購01","0","0","0","--","--","--","--"," ","0.00","20.60","499","--","0","1,145.00",
="079761","台灣50富邦51購04","0","0","0","--","--","--","--"," ","0.00","4.44","100","4.49","10","0.00",
="079762","台灣50富邦54購02","0","0","0","--","--","--","--"," ","0.00","3.97","100","3.98","98","0.00",
="079763","牧德富邦4C購01","0","0","0","--","--","--","--"," ","0.00","1.15","10","1.25","10","0.00",
="079764","台灣50凱基54購02","0","0","0","--","--","--","--"," ","0.00","7.85","100","7.90","25","52.50",
="079765","滬深2X凱基51購05","114,000","4","463,700","4.05","4.20","3.99","4.09","-","0.56","3.95","10","3.96","50","18.32",
="079766","滬深2X凱基54購01","0","0","0","--","--","--","--"," ","0.00","2.59","10","2.60","50","18.32",
="079767","東陽凱基4A購01","0","0","0","--","--","--","--"," ","0.00","0.01","100","0.11","10","101.00",
="079768","華城凱基4A購04","0","0","0","--","--","--","--"," ","0.00","7.20","100","7.70","10","618.00",
="079769","川湖凱基4C購01","44,000","11","187,770","4.26","4.38","4.23","4.23","-","0.06","4.20","100","4.28","10","2,925.00",
="07976P","迅得國票4A售03","20,000","2","25,000","1.23","1.27","1.23","1.27","-","0.03","1.23","25","1.25","10","0.00",
="079770","國巨凱基4C購01","0","0","0","--","--","--","--"," ","0.00","3.43","100","3.53","10","137.00",
="079771","旺宏凱基4C購01","0","0","0","--","--","--","--"," ","0.00","0.31","10","0.32","10","20.10",
="079772","台光電凱基4A購07","0","0","0","--","--","--","--"," ","0.00","16.20","100","17.20","10","1,250.00",
="079773","可成凱基4A購01","0","0","0","--","--","--","--"," ","0.00","0.09","100","0.10","10","190.00",
="079774","裕民凱基4C購03","46,000","2","92,050","2.00","2.05","2.00","2.05","X","0.00","1.92","10","1.93","10","57.30",
="079775","陽明凱基4C購03","88,000","2","63,120","0.69","0.72","0.69","0.72","X","0.00","0.63","100","0.64","10","58.80",
="079776","雄獅凱基4A購01","27,000","3","42,480","1.53","1.65","1.53","1.65","+","0.25","1.60","100","1.65","10","159.00",
="079777","大立光凱基4A購07","0","0","0","--","--","--","--"," ","0.00","0.24","100","0.25","10","2,395.00",
="079778","奇鋐凱基4C購03","0","0","0","--","--","--","--"," ","0.00","9.45","100","9.95","10","1,015.00",
="079779","健策凱基51購02","0","0","0","--","--","--","--"," ","0.00","4.38","100","--","0","1,905.00",
="07977P","台積電富邦49售13","0","0","0","--","--","--","--"," ","0.00","0.03","30","0.04","10","0.00",
="079780","世芯凱基4A購13","0","0","0","--","--","--","--"," ","0.00","8.60","100","9.10","10","4,000.00",
="079781","日月光凱基4C購01","0","0","0","--","--","--","--"," ","0.00","1.17","100","1.19","10","147.50",
="079782","祥碩凱基4A購01","0","0","0","--","--","--","--"," ","0.00","0.35","100","0.45","10","1,665.00",
="079783","洋基凱基4A購01","0","0","0","--","--","--","--"," ","0.00","5.25","10","5.75","10","476.00",
="079784","富世達凱基4C購02","0","0","0","--","--","--","--"," ","0.00","14.90","100","15.90","10","1,145.00",
="079785","世紀鋼凱基4C購01","0","0","0","--","--","--","--"," ","0.00","1.43","100","1.45","10","188.00",
="079786","台灣50元大4A購30","107,000","9","364,880","3.44","3.45","3.16","3.16","-","0.55","3.11","75","3.21","10","52.50",
="079787","FBNQ2X元大4A購07","0","0","0","--","--","--","--"," ","0.00","4.10","499","--","0","144.85",
="079788","FBNQ2X元大4C購05","0","0","0","--","--","--","--"," ","0.00","3.98","499","4.08","10","144.85",
="079789","東陽元大4A購02","41,000","1","4,920","0.12","0.12","0.12","0.12","X","0.00","0.13","499","0.14","10","101.00",
="07978P","台積電富邦4C售09","8,000","3","1,040","0.13","0.13","0.13","0.13","+","0.01","0.12","30","0.13","10","0.00",
="079790","上銀元大4A購12","76,000","5","59,300","0.74","0.82","0.74","0.82","+","0.10","0.72","499","0.73","10","215.50",
="079791","台積電元大4A購68","0","0","0","--","--","--","--"," ","0.00","--","0","--","0","1,160.00",
="079792","漢唐元大4A購09","0","0","0","--","--","--","--"," ","0.00","20.20","50","--","0","1,190.00",
="079793","聯發科元大4C購07","749,000","7","479,160","0.64","0.64","0.63","0.63","-","0.02","0.50","30","--","0","1,385.00",
="079794","長榮航元大4A購04","8,000","1","9,440","1.18","1.18","1.18","1.18","X","0.00","1.14","499","1.16","10","39.05",
="079795","晟銘電元大4A購02","0","0","0","--","--","--","--"," ","0.00","2.25","300","2.31","10","133.00",
="079796","奇鋐元大53購01","0","0","0","--","--","--","--"," ","0.00","--","0","--","0","1,015.00",
="079797","亞光元大4A購14","498,000","5","516,220","1.02","1.16","1.02","1.16","+","0.11","0.98","25","1.00","10","164.00",
="079798","緯創元大4A購12","0","0","0","--","--","--","--"," ","0.00","--","0","--","0","115.00",
="079799","牧德元大4A購01","25,000","4","55,590","2.09","2.35","2.09","2.35","+","0.50","2.35","350","2.40","10","594.00",
="07979P","台灣50元大49售32","0","0","0","--","--","--","--"," ","0.00","0.04","100","0.14","10","0.00",
="079800","健策元大4A購03","0","0","0","--","--","--","--"," ","0.00","2.77","25","--","0","1,905.00",
="079801","世芯元大4C購03","0","0","0","--","--","--","--"," ","0.00","5.65","100","5.75","10","4,000.00",
="079802","祥碩元大4A購02","33,000","3","17,490","0.54","0.54","0.52","0.52","-","0.06","0.52","25","0.53","10","1,665.00",
="079803","迅得元大4A購02","0","0","0","--","--","--","--"," ","0.00","1.46","499","1.50","10","193.50",
="079804","保瑞元大4A購06","35,000","5","67,360","1.92","2.01","1.90","2.01","-","0.12","1.92","400","1.95","10","733.00",
="079805","緯穎元大4A購24","19,000","3","55,730","3.11","3.11","2.92","2.94","X","0.00","2.86","25","2.89","10","2,975.00",
="079806","富世達元大4A購04","0","0","0","--","--","--","--"," ","0.00","--","0","--","0","1,145.00",
="079807","昇陽半元大4A購03","58,000","3","57,420","0.99","0.99","0.99","0.99"," ","0.00","0.96","499","0.98","10","152.50",
="079808","臺股指元大4A購53","0","0","0","--","--","--","--"," ","0.00","4.13","499","4.23","10","0.00",
="079809","臺股指元大4C購16","0","0","0","--","--","--","--"," ","0.00","4.38","499","4.48","10","0.00",
="07980P","國企2X元大4A售03","0","0","0","--","--","--","--"," ","0.00","1.00","499","1.01","50","0.00",
="079810","香港2X台新4B購01","0","0","0","--","--","--","--"," ","0.00","1.24","20","1.25","10","0.00",
="079811","台灣50永豐52購02","0","0","0","--","--","--","--"," ","0.00","26.10","499","26.60","10","52.50",
="079812","元債2X永豐55購01","0","0","0","--","--","--","--"," ","0.00","0.42","499","0.43","10","7.05",
="079813","中砂永豐4B購02","0","0","0","--","--","--","--"," ","0.00","6.75","499","7.00","10","347.00",
="079814","台積電永豐51購07","0","0","0","--","--","--","--"," ","0.00","4.02","499","4.12","10","1,160.00",
="079815","台積電永豐52購03","0","0","0","--","--","--","--"," ","0.00","4.12","499","4.22","10","1,160.00",
="079816","京元電永豐4C購02","0","0","0","--","--","--","--"," ","0.00","6.70","499","6.95","10","142.00",
="079817","全新永豐51購01","0","0","0","--","--","--","--"," ","0.00","28.30","10","28.90","10","153.50",
="079818","中信金永豐4B購01","0","0","0","--","--","--","--"," ","0.00","2.23","499","2.29","10","41.80",
="079819","景碩永豐4C購01","0","0","0","--","--","--","--"," ","0.00","8.75","10","9.20","10","113.50",
="07981P","大成鋼元大49售16","0","0","0","--","--","--","--"," ","0.00","2.08","400","2.18","10","0.00",
="079820","牧德永豐4C購02","28,000","6","120,560","4.14","4.36","4.08","4.36","+","0.22","4.51","499","4.54","10","594.00",
="079821","健策永豐4C購01","0","0","0","--","--","--","--"," ","0.00","55.50","499","60.50","10","1,905.00",
="079822","世芯永豐4B購07","0","0","0","--","--","--","--"," ","0.00","5.45","499","--","0","4,000.00",
="079823","世芯永豐4C購06","0","0","0","--","--","--","--"," ","0.00","6.85","499","--","0","4,000.00",
="079824","愛普永豐4C購01","24,000","4","78,490","3.23","3.32","3.23","3.32","-","0.06","3.48","499","3.52","10","305.50",
="079825","緯穎永豐51購02","0","0","0","--","--","--","--"," ","0.00","3.40","499","--","0","2,975.00",
="079826","台灣50中信51購03","0","0","0","--","--","--","--"," ","0.00","2.33","499","2.35","100","0.00",
="079827","T50反1中信5B購01","504,000","3","297,300","0.57","0.59","0.57","0.59","+","0.02","0.58","499","0.59","100","0.00",
="079828","滬深2X中信4B購02","0","0","0","--","--","--","--"," ","0.00","0.84","499","0.85","100","0.00",
="079829","三芳中信4B購01","20,000","1","4,400","0.22","0.22","0.22","0.22","X","0.00","0.22","10","0.23","10","0.00",
="07982P","鴻海元大49售10","0","0","0","--","--","--","--"," ","0.00","--","0","0.10","25","0.00",
="079830","鴻海中信4C購05","12,000","2","22,380","1.87","1.87","1.84","1.84","X","0.00","1.84","499","1.87","10","0.00",
="079831","全新中信4B購01","5,000","1","12,250","2.45","2.45","2.45","2.45","-","0.22","2.39","499","--","0","0.00",
="079832","精銳中信4B購01","117,000","5","180,030","1.48","1.62","1.43","1.62","+","0.25","1.60","10","1.67","10","0.00",
="079833","臺股指中信53購02","0","0","0","--","--","--","--"," ","0.00","0.94","499","0.95","100","0.00",
="079834","旺宏群益55購01","57,000","3","51,320","0.90","0.92","0.90","0.90","-","0.05","0.89","25","0.90","10","20.10",
="079835","大立光群益58購01","0","0","0","--","--","--","--"," ","0.00","0.71","10","0.81","10","2,395.00",
="079836","祥碩群益4B購02","31,000","1","17,670","0.57","0.57","0.57","0.57","-","0.01","0.15","66","0.56","10","1,665.00",
="079837","洋基群益4B購01","27,000","5","119,880","4.76","4.76","4.32","4.32","-","0.50","2.77","3","--","0","476.00",
="079838","世紀鋼群益4B購02","34,000","1","21,760","0.64","0.64","0.64","0.64","-","0.06","0.58","10","0.68","10","188.00",
="079839","華城統一51購04","0","0","0","--","--","--","--"," ","0.00","2.47","10","2.50","10","618.00",
="07983P","台積電元大49售48","0","0","0","--","--","--","--"," ","0.00","--","0","0.02","333","0.00",
="079840","美費半富邦51購01","0","0","0","--","--","--","--"," ","0.00","1.99","10","2.09","10","0.00",
="079841","鴻海富邦4B購07","0","0","0","--","--","--","--"," ","0.00","4.38","30","4.48","10","0.00",
="079842","鴻海富邦51購02","0","0","0","--","--","--","--"," ","0.00","4.85","30","4.95","10","0.00",
="079843","鴻海富邦53購01","4,000","1","17,600","4.40","4.40","4.40","4.40","X","0.00","4.40","30","4.50","10","0.00",
="079844","台積電富邦51購06","0","0","0","--","--","--","--"," ","0.00","2.35","30","2.43","10","0.00",
="079845","台積電富邦51購07","0","0","0","--","--","--","--"," ","0.00","2.60","30","2.69","10","0.00",
="079846","裕民富邦51購01","192,000","12","132,980","0.67","0.72","0.67","0.67","+","0.01","0.66","10","0.67","90","0.00",
="079847","國泰金富邦4B購01","1,000","1","1,440","1.44","1.44","1.44","1.44","X","0.00","1.38","2","1.41","10","0.00",
="079848","中信金富邦4B購01","45,000","1","49,950","1.11","1.11","1.11","1.11","X","0.00","1.06","30","1.08","10","0.00",
="079849","景碩富邦51購01","0","0","0","--","--","--","--"," ","0.00","1.81","10","1.91","10","0.00",
="07984P","台積電元大49售49","1,000","1","120","0.12","0.12","0.12","0.12"," ","0.00","0.02","499","0.12","31","0.00",
="079850","精成科富邦51購01","0","0","0","--","--","--","--"," ","0.00","4.05","10","--","0","0.00",
="079851","AES富邦51購01","0","0","0","--","--","--","--"," ","0.00","2.10","10","2.20","10","0.00",
="079852","台灣50凱基55購02","0","0","0","--","--","--","--"," ","0.00","4.36","100","4.37","50","52.50",
="079853","FBNQ2X凱基4B購02","0","0","0","--","--","--","--"," ","0.00","4.95","100","5.20","10","144.85",
="079854","中砂凱基4B購01","0","0","0","--","--","--","--"," ","0.00","5.95","100","6.45","10","347.00",
="079855","上銀凱基4C購03","296,000","25","580,400","1.92","2.07","1.86","1.92","+","0.04","1.89","100","1.91","10","215.50",
="079856","聯電凱基4C購01","0","0","0","--","--","--","--"," ","0.00","0.16","100","0.17","40","40.60",
="079857","智邦凱基4B購05","0","0","0","--","--","--","--"," ","0.00","7.90","100","8.40","10","984.00",
="079858","聯發科凱基52購04","2,000","2","2,510","1.25","1.26","1.25","1.26","-","0.04","1.22","100","1.23","10","1,385.00",
="079859","長榮凱基4C購02","72,000","4","91,110","1.28","1.29","1.24","1.24","+","0.04","1.16","100","1.17","10","188.00",
="07985P","聯發科元大49售17","0","0","0","--","--","--","--"," ","0.00","0.04","499","0.14","10","0.00",
="079860","大立光凱基4B購04","15,000","2","24,570","1.68","1.68","1.61","1.61","-","0.01","1.62","100","1.64","10","2,395.00",
="079861","精銳凱基4B購03","114,000","13","339,520","2.93","3.15","2.83","3.15","+","0.27","3.09","10","3.13","10","776.00",
="079862","材料凱基4C購04","0","0","0","--","--","--","--"," ","0.00","0.23","100","0.33","10","67.70",
="079863","臺股指凱基4B購24","0","0","0","--","--","--","--"," ","0.00","6.15","100","6.20","10","0.00",
="079864","台灣50元大4B購06","0","0","0","--","--","--","--"," ","0.00","7.75","100","8.25","10","52.50",
="079865","台灣50元大4B購07","0","0","0","--","--","--","--"," ","0.00","4.42","200","4.52","10","52.50",
="079866","T50正2元大4C購05","0","0","0","--","--","--","--"," ","0.00","3.76","499","--","0","259.40",
="079867","上証2X元大4B購04","0","0","0","--","--","--","--"," ","0.00","2.53","100","2.63","10","45.30",
="079868","道瓊銅元大51購01","1,000","1","560","0.56","0.56","0.56","0.56","-","0.01","0.26","1","0.56","1","24.91",
="079869","東陽元大4B購01","0","0","0","--","--","--","--"," ","0.00","0.02","499","0.12","10","101.00",
="07986P","聯發科元大49售18","0","0","0","--","--","--","--"," ","0.00","--","0","--","0","0.00",
="079870","聯電元大4B購01","0","0","0","--","--","--","--"," ","0.00","0.16","499","0.17","10","40.60",
="079871","台達電元大4B購01","0","0","0","--","--","--","--"," ","0.00","12.50","10","--","0","709.00",
="079872","台積電元大4C購15","0","0","0","--","--","--","--"," ","0.00","--","0","--","0","1,160.00",
="079873","漢唐元大52購01","0","0","0","--","--","--","--"," ","0.00","20.30","50","--","0","1,190.00",
="079874","聯發科元大51購13","73,000","2","48,110","0.66","0.66","0.65","0.65","-","0.04","0.05","200","0.77","20","1,385.00",
="079875","富邦金元大4B購01","2,000","1","2,540","1.27","1.27","1.27","1.27","X","0.00","1.18","499","1.21","10","85.20",
="079876","亞光元大4B購01","963,000","10","539,740","0.54","0.60","0.51","0.53","-","0.02","0.50","75","0.51","30","164.00",
="079877","牧德元大4B購01","127,000","5","196,660","1.52","1.69","1.44","1.69","+","0.28","1.66","499","1.68","10","594.00",
="079878","智易元大4B購01","55,000","2","27,000","0.49","0.50","0.49","0.50","-","0.08","0.39","25","0.40","10","236.00",
="079879","健策元大4B購01","0","0","0","--","--","--","--"," ","0.00","2.77","250","--","0","1,905.00",
="07987P","嘉澤元大49售11","0","0","0","--","--","--","--"," ","0.00","0.05","499","0.06","200","0.00",
="079880","世芯元大51購11","0","0","0","--","--","--","--"," ","0.00","4.89","150","4.96","10","4,000.00",
="079881","保瑞元大4B購01","0","0","0","--","--","--","--"," ","0.00","1.30","499","1.33","10","733.00",
="079882","緯穎元大52購01","0","0","0","--","--","--","--"," ","0.00","3.22","25","--","0","2,975.00",
="079883","T50反1元富4B購02","0","0","0","--","--","--","--"," ","0.00","0.01","100","0.10","25","19.79",
="079884","滬深2X元富55購01","0","0","0","--","--","--","--"," ","0.00","2.23","25","2.33","10","18.32",
="079885","元金2X元富52購01","150,000","1","75,000","0.50","0.50","0.50","0.50","+","0.01","0.50","25","0.51","25","58.65",
="079886","台積電元富4B購10","0","0","0","--","--","--","--"," ","0.00","12.80","25","13.80","10","1,160.00",
="079887","鈞興元富55購01","38,000","8","99,570","2.55","2.79","2.55","2.59","+","0.04","2.59","25","2.62","25","200.00",
="079888","矽力元富55購01","52,000","1","30,160","0.58","0.58","0.58","0.58"," ","0.00","0.55","25","0.56","25","317.00",
="079889","迅得元富55購01","141,000","6","287,690","2.04","2.08","2.01","2.05","+","0.10","2.05","25","2.07","25","193.50",
="07988P","臺股指元大49售59","0","0","0","--","--","--","--"," ","0.00","--","0","0.10","10","0.00",
="079890","保瑞元富55購01","7,000","1","31,850","4.55","4.55","4.55","4.55","X","0.00","4.43","25","4.50","25","733.00",
="079891","元金反國票57購01","0","0","0","--","--","--","--"," ","0.00","0.23","25","0.24","10","7.48",
="079893","中信金國票4C購01","0","0","0","--","--","--","--"," ","0.00","2.47","25","2.56","10","41.80",
="079894","玉晶光國票4C購01","0","0","0","--","--","--","--"," ","0.00","2.89","25","2.92","5","461.50",
="079895","大銀國票4C購02","93,000","10","68,140","0.72","0.77","0.68","0.68","-","0.05","0.67","25","0.68","10","126.00",
="079896","矽力國票4C購01","200,000","1","82,000","0.41","0.41","0.41","0.41","X","0.00","0.37","25","0.38","10","317.00",
="079897","迅得國票4C購03","0","0","0","--","--","--","--"," ","0.00","2.13","25","2.18","10","193.50",
="079898","T50反1國泰4C購01","50,000","3","2,500","0.05","0.05","0.05","0.05","X","0.00","0.03","499","0.05","30","19.79",
="079899","華新國泰52購01","322,000","13","851,440","2.63","2.72","2.61","2.63","-","0.07","2.63","350","2.66","100","23.35",
="07989P","臺股指元大49售60","0","0","0","--","--","--","--"," ","0.00","0.54","100","0.64","10","0.00",
="079900","台光電國泰52購01","0","0","0","--","--","--","--"," ","0.00","14.90","10","--","0","1,250.00",
="079901","富世達國泰52購01","0","0","0","--","--","--","--"," ","0.00","11.80","499","--","0","1,145.00",
="079902","上証2X富邦52購01","105,000","3","96,100","0.91","0.92","0.91","0.92","-","0.20","0.91","100","0.92","98","0.00",
="079903","國企2X富邦53購01","912,000","13","620,110","0.70","0.71","0.66","0.66","-","0.14","0.65","100","0.66","98","0.00",
="079904","中砂群益4C購02","60,000","7","141,350","2.23","2.52","2.23","2.40","+","0.17","1.90","2","--","0","347.00",
="079905","上銀群益4B購03","51,000","3","34,250","0.71","0.71","0.64","0.64","X","0.00","0.63","10","0.73","10","215.50",
="079906","華通群益51購02","534,000","20","1,518,910","2.70","3.18","2.70","2.85","+","0.14","2.84","10","2.94","10","79.30",
="079907","國巨群益4B購02","45,000","7","87,450","1.95","2.01","1.86","1.89","+","0.02","1.89","25","1.93","10","137.00",
="079908","智邦群益51購01","0","0","0","--","--","--","--"," ","0.00","--","0","6.10","10","984.00",
="079909","聯發科群益4B購08","0","0","0","--","--","--","--"," ","0.00","--","0","--","0","1,385.00",
="07990P","臺股指元大49售61","0","0","0","--","--","--","--"," ","0.00","0.09","499","0.19","10","0.00",
="079910","長榮群益4B購02","156,000","3","74,880","0.48","0.48","0.48","0.48","-","0.03","0.48","10","0.58","10","188.00",
="079911","雄獅群益4B購01","29,000","2","33,410","1.15","1.17","1.15","1.17","+","0.12","1.21","4","--","0","159.00",
="079912","大立光群益52購02","197,000","8","209,310","1.07","1.07","1.05","1.05","-","0.05","1.05","10","1.15","10","2,395.00",
="079913","景碩群益51購03","138,000","11","536,780","3.67","4.00","3.62","4.00","-","0.02","2.35","8","--","0","113.50",
="079916","精銳群益51購01","145,000","19","224,060","1.52","1.64","1.42","1.59","+","0.14","1.56","100","1.57","100","776.00",
="079918","東科群益4B購01","123,000","7","84,720","0.66","0.73","0.66","0.71","+","0.04","0.23","43","--","0","112.00",
="079919","光聖統一55購01","62,000","4","230,490","3.72","3.75","3.69","3.72","-","0.06","3.68","10","3.73","10","867.00",
="07991P","臺股指元大49售62","0","0","0","--","--","--","--"," ","0.00","0.05","499","0.15","10","0.00",
="079920","光聖統一5B購01","27,000","6","69,630","2.63","2.63","2.55","2.57","-","0.08","2.55","60","2.57","10","867.00",
="079921","臺指反中信55購01","20,000","1","3,800","0.19","0.19","0.19","0.19","+","0.01","0.18","120","0.19","100","0.00",
="079922","元油反中信52購01","0","0","0","--","--","--","--"," ","0.00","0.53","499","0.54","100","0.00",
="079923","華通中信4B購01","5,000","4","27,570","5.70","5.90","4.52","4.52","+","0.32","4.48","10","4.58","10","0.00",
="079924","鴻海中信51購03","2,000","2","12,350","6.15","6.20","6.15","6.20","-","0.25","6.20","499","6.30","10","0.00",
="079928","台積電中信51購03","0","0","0","--","--","--","--"," ","0.00","2.15","10","2.22","10","0.00",
="07992P","台積電凱基4A售37","0","0","0","--","--","--","--"," ","0.00","0.41","100","0.42","10","0.00",
="079930","聯發科中信51購02","0","0","0","--","--","--","--"," ","0.00","0.52","499","0.54","10","0.00",
="079931","臺股指中信53購05","0","0","0","--","--","--","--"," ","0.00","2.50","499","2.51","100","0.00",
="079932","長榮台新4B購01","78,000","2","69,420","0.89","0.89","0.89","0.89","X","0.00","0.84","20","0.85","10","0.00",
="079933","牧德台新4B購01","0","0","0","--","--","--","--"," ","0.00","1.64","20","--","0","0.00",
="079934","保瑞台新4B購01","20,000","3","39,440","1.96","2.06","1.94","2.06","-","0.10","1.98","20","1.99","10","0.00",
="079935","中砂永豐51購01","12,000","2","54,360","4.55","4.55","4.43","4.43","X","0.00","4.24","499","4.34","10","347.00",
="079936","上銀永豐51購02","25,000","3","16,600","0.63","0.69","0.63","0.69","X","0.00","0.66","10","0.67","10","215.50",
="079937","鴻海永豐4B購05","0","0","0","--","--","--","--"," ","0.00","2.80","499","--","0","206.00",
="079938","鴻海永豐4B購06","0","0","0","--","--","--","--"," ","0.00","3.17","499","--","0","206.00",
="079939","智邦永豐4C購01","0","0","0","--","--","--","--"," ","0.00","5.25","499","--","0","984.00",
="07993P","聯發科凱基49售09","88,000","2","118,570","1.33","1.36","1.33","1.36","X","0.00","1.36","10","1.37","10","0.00",
="079940","所羅門永豐51購02","5,000","1","6,150","1.23","1.23","1.23","1.23","-","0.15","1.11","10","1.13","10","162.00",
="079941","微星永豐51購01","0","0","0","--","--","--","--"," ","0.00","1.16","10","1.18","10","136.50",
="079942","正崴永豐4B購01","10,000","1","5,200","0.52","0.52","0.52","0.52"," ","0.00","0.51","10","0.52","10","48.40",
="079943","亞光永豐4C購02","81,000","4","131,150","1.56","1.75","1.56","1.75","X","0.00","1.50","499","1.52","10","164.00",
="079944","新日興永豐51購01","13,000","4","171,800","11.20","13.50","11.20","13.30","+","2.40","5.15","31","--","0","259.00",
="079945","創意永豐55購01","0","0","0","--","--","--","--"," ","0.00","--","0","--","0","1,350.00",
="079946","世芯永豐51購04","0","0","0","--","--","--","--"," ","0.00","4.98","499","--","0","4,000.00",
="079947","啟碁永豐4B購01","75,000","2","47,950","0.63","0.64","0.63","0.64","-","0.02","0.58","10","0.59","10","127.00",
="079948","保瑞永豐51購01","0","0","0","--","--","--","--"," ","0.00","2.43","499","2.53","10","733.00",
="079949","ITH永豐51購01","10,000","1","8,400","0.84","0.84","0.84","0.84","X","0.00","0.78","499","0.79","10","45.10",
="07994P","陽明凱基49售05","0","0","0","--","--","--","--"," ","0.00","0.25","10","0.26","10","0.00",
="079950","東陽凱基4B購01","0","0","0","--","--","--","--"," ","0.00","0.11","100","0.12","50","101.00",
="079951","中砂凱基4B購02","68,000","10","286,850","4.05","4.30","4.05","4.30","+","0.47","4.23","100","4.32","10","347.00",
="079952","亞光凱基4B購02","352,000","21","530,260","1.44","1.63","1.37","1.37","-","0.04","1.32","100","1.34","10","164.00",
="079953","智原凱基52購02","170,000","4","102,670","0.58","0.61","0.58","0.60","+","0.03","0.59","499","0.60","40","158.00",
="079954","智易凱基4B購02","15,000","2","9,150","0.69","0.69","0.57","0.57","-","0.26","0.54","10","0.64","10","236.00",
="079955","健策凱基55購01","0","0","0","--","--","--","--"," ","0.00","3.89","100","3.99","10","1,905.00",
="079956","立積凱基4B購01","385,000","22","357,840","0.85","1.20","0.85","1.20","X","0.00","1.27","100","1.40","1","158.00",
="079957","穎崴凱基4C購01","66,000","10","156,660","2.54","2.85","2.24","2.85"," ","0.00","2.70","100","2.80","10","1,250.00",
="079958","愛普凱基4B購01","12,000","4","45,120","3.78","3.85","3.73","3.85","X","0.00","3.78","100","3.85","10","305.50",
="079959","世紀鋼凱基51購01","22,000","2","26,450","1.20","1.21","1.20","1.21","-","0.07","1.12","100","1.14","10","188.00",
="07995P","聚陽中信49售01","0","0","0","--","--","--","--"," ","0.00","0.16","499","0.17","10","0.00",
="079960","聯發科第一4B購01","0","0","0","--","--","--","--"," ","0.00","0.28","10","0.30","10","0.00",
="079961","台灣50元大4B購08","454,000","18","2,165,660","4.84","4.89","4.55","4.60","-","0.50","4.49","50","4.59","10","52.50",
="079962","台灣50元大4B購09","0","0","0","--","--","--","--"," ","0.00","8.75","100","9.25","10","52.50",
="079963","香港2X元大4B購02","11,000","1","16,170","1.47","1.47","1.47","1.47","-","0.25","1.37","100","1.38","50","16.40",
="079964","元日2X元大4B購02","0","0","0","--","--","--","--"," ","0.00","0.14","499","0.15","100","5.97",
="079965","元日2X元大51購04","0","0","0","--","--","--","--"," ","0.00","0.07","100","0.08","100","5.97",
="079966","大成鋼元大55購01","228,000","4","218,600","0.95","0.96","0.94","0.94","X","0.00","0.90","25","0.91","10","38.60",
="079967","聯電元大4B購02","0","0","0","--","--","--","--"," ","0.00","0.09","499","0.10","10","40.60",
="079968","台達電元大4B購02","0","0","0","--","--","--","--"," ","0.00","13.70","10","--","0","709.00",
="079969","廣宇元大4B購01","0","0","0","--","--","--","--"," ","0.00","3.96","200","--","0","60.90",
="07996P","仁寶中信49售01","0","0","0","--","--","--","--"," ","0.00","0.89","10","0.91","10","0.00",
="079970","台積電元大4B購16","10,000","2","21,400","2.17","2.17","2.11","2.11","X","0.00","--","0","--","0","1,160.00",
="079971","聯發科元大4B購09","30,000","1","11,100","0.37","0.37","0.37","0.37","X","0.00","--","0","--","0","1,385.00",
="079972","可成元大4B購02","0","0","0","--","--","--","--"," ","0.00","0.19","552","0.20","10","190.00",
="079973","晟銘電元大4B購04","2,000","2","5,260","2.73","2.73","2.53","2.53","+","0.11","2.27","300","2.32","10","133.00",
="079974","奇鋐元大54購01","0","0","0","--","--","--","--"," ","0.00","6.90","100","--","0","1,015.00",
="079975","智原元大4B購06","0","0","0","--","--","--","--"," ","0.00","0.20","499","0.21","10","158.00",
="079976","緯創元大52購01","961,000","5","711,050","0.72","0.75","0.72","0.74","-","0.01","0.78","1","0.79","8","115.00",
="079977","新日興元大4B購04","54,000","11","117,070","1.88","2.48","1.88","2.25","X","0.00","2.19","1","--","0","259.00",
="079978","嘉澤元大4B購02","349,000","4","202,580","0.56","0.59","0.56","0.58"," ","0.00","0.59","499","0.62","10","1,465.00",
="079979","健策元大4B購02","0","0","0","--","--","--","--"," ","0.00","2.38","300","--","0","1,905.00",
="07997P","漢翔中信49售03","0","0","0","--","--","--","--"," ","0.00","--","0","0.04","10","0.00",
="079980","世芯元大4C購04","0","0","0","--","--","--","--"," ","0.00","4.79","150","4.86","10","4,000.00",
="079981","貿聯元大4B購02","0","0","0","--","--","--","--"," ","0.00","6.00","150","--","0","981.00",
="079982","保瑞元大4B購02","0","0","0","--","--","--","--"," ","0.00","2.00","350","2.03","10","733.00",
="079983","富世達元大4B購01","0","0","0","--","--","--","--"," ","0.00","--","0","--","0","1,145.00",
="079984","臺股指元大4B購16","0","0","0","--","--","--","--"," ","0.00","2.27","100","2.37","10","0.00",
="079985","臺股指元大4B購17","0","0","0","--","--","--","--"," ","0.00","3.69","499","3.79","10","0.00",
="079986","臺股指元大4B購18","0","0","0","--","--","--","--"," ","0.00","3.22","499","3.32","10","0.00",
="079987","臺股指元大4B購19","0","0","0","--","--","--","--"," ","0.00","2.87","499","2.97","10","0.00",
="079988","臺股指元大4C購17","0","0","0","--","--","--","--"," ","0.00","2.11","499","2.21","10","0.00",
="079989","T50反1元富4C購07","0","0","0","--","--","--","--"," ","0.00","0.03","25","0.10","10","19.79",
="07998P","晟銘電永豐49售04","0","0","0","--","--","--","--"," ","0.00","0.53","499","0.54","10","0.00",
="079990","滬深2X元富55購02","20,000","3","35,370","1.74","1.77","1.74","1.77","X","0.00","1.74","25","1.84","10","18.32",
="079991","香港2X元富4B購01","17,000","2","26,400","1.54","1.56","1.54","1.56","X","0.00","1.42","25","1.52","10","16.40",
="079992","士電元富55購01","18,000","2","69,500","3.90","3.90","3.76","3.76","+","0.20","3.73","25","3.77","25","187.50",
="079993","長榮元富55購02","27,000","1","22,410","0.83","0.83","0.83","0.83","X","0.00","0.80","25","0.81","25","188.00",
="079994","智原元富4B購02","0","0","0","--","--","--","--"," ","0.00","0.33","25","0.34","25","158.00",
="079995","景碩元富55購01","0","0","0","--","--","--","--"," ","0.00","3.98","25","4.08","25","113.50",
="079996","緯穎元富52購02","0","0","0","--","--","--","--"," ","0.00","3.14","25","3.20","25","2,975.00",
="079997","南電元富55購01","0","0","0","--","--","--","--"," ","0.00","11.50","25","--","0","226.00",
="079998","香港2X國票51購01","89,000","12","113,750","1.32","1.32","1.24","1.24","-","0.32","1.21","25","1.22","10","16.40",
="079999","A50正2國票55購01","38,000","20","85,870","2.18","2.37","2.15","2.18","-","0.50","2.16","25","2.17","10","31.56",
="07999P","元金2X國票53售01","0","0","0","--","--","--","--"," ","0.00","0.74","25","0.75","10","0.00",
="080000","直得國票4C購01","27,000","4","29,610","1.05","1.14","1.05","1.08","+","0.20","0.93","37","0.94","10","89.20",
="080001","上銀國票4C購01","10,000","1","11,500","1.15","1.15","1.15","1.15","X","0.00","1.14","25","1.15","10","215.50",
="080002","所羅門國票4C購02","0","0","0","--","--","--","--"," ","0.00","1.99","25","2.04","10","162.00",
="080003","慧洋國票4B購03","481,000","28","728,010","1.48","1.57","1.46","1.49","+","0.05","1.43","25","1.44","10","61.80",
="080004","偉訓國票4B購01","0","0","0","--","--","--","--"," ","0.00","5.70","25","6.20","10","110.00",
="080005","定穎控國票4C購01","0","0","0","--","--","--","--"," ","0.00","15.30","25","16.30","10","106.00",
="080006","精銳國票4C購01","53,000","10","128,230","2.43","2.53","2.21","2.49","+","0.28","2.47","25","2.50","10","776.00",
="080007","東科國票4B購01","152,000","7","96,190","0.57","0.65","0.57","0.65","+","0.04","0.64","25","0.65","10","112.00",
="080008","邁達特國票4B購01","50,000","3","58,800","1.17","1.19","1.16","1.19"," ","0.00","1.10","25","1.11","10","55.50",
="080009","邁達特國票4C購01","0","0","0","--","--","--","--"," ","0.00","1.02","25","1.03","10","55.50",
="08000P","聚陽國票4A售02","0","0","0","--","--","--","--"," ","0.00","1.33","25","1.35","10","0.00",
="080010","邁達特國票51購01","0","0","0","--","--","--","--"," ","0.00","1.07","25","1.08","10","55.50",
="080011","迎廣國票4B購01","0","0","0","--","--","--","--"," ","0.00","1.48","25","1.49","10","94.00",
="080012","穎崴國票4C購01","0","0","0","--","--","--","--"," ","0.00","6.35","25","6.45","10","1,250.00",
="080013","采鈺國票4B購01","0","0","0","--","--","--","--"," ","0.00","2.25","25","2.31","10","264.00",
="080014","ITH國票4C購01","0","0","0","--","--","--","--"," ","0.00","0.20","25","0.21","10","45.10",
="080015","中砂國泰52購01","0","0","0","--","--","--","--"," ","0.00","4.24","499","--","0","347.00",
="080016","智邦國泰52購01","0","0","0","--","--","--","--"," ","0.00","5.75","499","--","0","984.00",
="080017","世芯國泰52購01","0","0","0","--","--","--","--"," ","0.00","7.90","499","--","0","4,000.00",
="080018","邁達特國泰52購01","200,000","1","338,000","1.69","1.69","1.69","1.69","-","0.06","1.67","300","1.68","100","55.50",
="080019","創意第一4B購01","831,000","11","532,820","0.62","0.68","0.62","0.63","+","0.04","0.63","10","0.64","10","0.00",
="08001P","川湖國票4A售08","0","0","0","--","--","--","--"," ","0.00","0.08","25","0.09","10","0.00",
="080020","緯穎第一4B購01","0","0","0","--","--","--","--"," ","0.00","2.11","10","2.16","10","0.00",
="080021","台達電國泰52購01","0","0","0","--","--","--","--"," ","0.00","14.50","10","--","0","709.00",
="080022","聯發科國泰52購01","21,000","1","28,980","1.38","1.38","1.38","1.38","X","0.00","1.41","499","1.44","499","1,385.00",
="080023","裕民國泰52購01","0","0","0","--","--","--","--"," ","0.00","2.15","499","2.19","100","57.30",
="080024","創意國泰52購01","0","0","0","--","--","--","--"," ","0.00","3.70","10","--","0","1,350.00",
="080025","祥碩國泰52購01","0","0","0","--","--","--","--"," ","0.00","1.40","499","1.41","100","1,665.00",
="080026","AES國泰52購01","0","0","0","--","--","--","--"," ","0.00","5.10","499","--","0","1,350.00",
="080027","川湖富邦4B購02","0","0","0","--","--","--","--"," ","0.00","2.43","30","2.48","10","0.00",
="080028","東陽國票4B購01","0","0","0","--","--","--","--"," ","0.00","0.12","25","0.13","10","101.00",
="080029","東陽國票4C購01","0","0","0","--","--","--","--"," ","0.00","0.10","25","0.11","10","101.00",
="08002P","旺宏國票49售03","0","0","0","--","--","--","--"," ","0.00","1.78","25","1.88","10","0.00",
="080030","義隆國票4B購01","0","0","0","--","--","--","--"," ","0.00","0.37","25","0.38","10","120.00",
="080031","義隆國票4C購01","0","0","0","--","--","--","--"," ","0.00","0.28","25","0.30","10","120.00",
="080032","國泰金國票4C購01","0","0","0","--","--","--","--"," ","0.00","1.11","25","1.14","10","62.30",
="080033","立積國票4C購02","213,000","5","175,170","0.72","0.86","0.72","0.86","+","0.24","1.02","25","--","0","158.00",
="080034","迅得國票4B購02","20,000","3","45,100","2.23","2.29","2.23","2.29","X","0.00","2.18","25","2.25","10","193.50",
="080035","滬深2X群益53購02","0","0","0","--","--","--","--"," ","0.00","0.17","6","--","0","18.32",
="080036","材料群益4B購02","0","0","0","--","--","--","--"," ","0.00","0.43","10","0.53","10","67.70",
="080037","愛普群益4C購01","49,000","8","154,030","3.05","3.32","3.05","3.32","+","0.06","3.25","25","3.35","10","305.50",
="080038","世紀鋼群益4C購03","0","0","0","--","--","--","--"," ","0.00","0.45","10","0.55","10","188.00",
="080039","道瓊銀凱基55購01","2,000","1","5,860","2.93","2.93","2.93","2.93","+","0.06","2.92","100","2.93","10","32.63",
="08003P","金像電國票4A售03","0","0","0","--","--","--","--"," ","0.00","--","0","--","0","0.00",
="080040","亞德客凱基4B購01","0","0","0","--","--","--","--"," ","0.00","0.10","100","0.11","50","800.00",
="080041","華新凱基4C購01","311,000","21","702,630","2.18","2.36","2.18","2.20","+","0.02","2.22","10","2.24","10","23.35",
="080042","上銀凱基4B購05","120,000","1","19,200","0.16","0.16","0.16","0.16","X","0.00","0.13","100","0.14","30","215.50",
="080043","華通凱基4C購02","0","0","0","--","--","--","--"," ","0.00","4.01","100","4.11","10","79.30",
="080044","台積電凱基4C購24","0","0","0","--","--","--","--"," ","0.00","5.35","19","5.85","10","1,160.00",
="080045","大立光凱基4C購03","50,000","1","40,000","0.80","0.80","0.80","0.80","-","0.04","0.78","100","0.79","10","2,395.00",
="080046","奇鋐凱基55購01","0","0","0","--","--","--","--"," ","0.00","11.30","100","12.30","10","1,015.00",
="080047","智原凱基51購04","0","0","0","--","--","--","--"," ","0.00","0.36","499","0.37","40","158.00",
="080048","精銳凱基4B購04","469,000","38","772,440","1.60","1.72","1.47","1.63","+","0.16","1.65","10","1.66","10","776.00",
="080049","迅得凱基4C購01","307,000","17","703,780","2.21","2.43","2.21","2.32","+","0.12","2.33","100","2.35","10","193.50",
="08004P","長榮國票4A售06","0","0","0","--","--","--","--"," ","0.00","0.55","25","0.56","10","0.00",
="080050","保瑞凱基52購01","4,000","1","14,440","3.61","3.61","3.61","3.61","X","0.00","3.54","10","3.58","10","733.00",
="080051","ITH凱基4C購01","56,000","2","40,850","0.70","0.73","0.70","0.73","+","0.14","0.68","100","0.69","30","45.10",
="080052","A50正2元富55購01","0","0","0","--","--","--","--"," ","0.00","3.61","25","3.71","10","31.56",
="080053","SGBR2X元富4B購01","0","0","0","--","--","--","--"," ","0.00","1.34","25","1.35","25","11.25",
="080054","華城元富4B購02","0","0","0","--","--","--","--"," ","0.00","4.63","25","4.73","25","618.00",
="080055","華城元富52購02","0","0","0","--","--","--","--"," ","0.00","5.35","25","5.45","25","618.00",
="080056","直得元富52購01","0","0","0","--","--","--","--"," ","0.00","0.47","25","0.48","25","89.20",
="080057","華新元富4B購01","100,000","6","142,400","1.34","1.44","1.34","1.42","+","0.04","1.37","25","1.40","25","23.35",
="080058","鴻海元富55購01","0","0","0","--","--","--","--"," ","0.00","4.59","25","4.69","25","206.00",
="080059","台積電元富4B購11","0","0","0","--","--","--","--"," ","0.00","2.74","25","2.84","10","1,160.00",
="08005P","晟銘電國票49售04","210,000","5","67,600","0.29","0.35","0.29","0.35","-","0.01","0.35","25","0.36","10","0.00",
="080060","所羅門元富4B購01","0","0","0","--","--","--","--"," ","0.00","1.40","25","1.43","25","162.00",
="080061","昆盈元富4B購01","16,000","4","34,960","2.19","2.22","2.11","2.11","-","0.02","2.08","25","2.11","25","49.85",
="080062","盟立元富55購01","518,000","23","1,244,810","2.30","2.48","2.30","2.42","+","0.12","2.32","25","2.33","10","70.00",
="080063","長榮元富4B購06","141,000","4","139,660","0.91","1.02","0.91","0.92"," ","0.00","0.88","25","0.89","25","188.00",
="080064","富邦金元富4B購01","0","0","0","--","--","--","--"," ","0.00","0.85","25","0.95","10","85.20",
="080065","凱基金元富4B購01","0","0","0","--","--","--","--"," ","0.00","1.32","25","1.42","10","15.55",
="080066","中信金元富4B購01","31,000","1","44,640","1.44","1.44","1.44","1.44","X","0.00","1.37","25","1.38","25","41.80",
="080067","欣興元富52購02","0","0","0","--","--","--","--"," ","0.00","3.84","25","3.94","25","150.00",
="080068","華擎元富55購01","0","0","0","--","--","--","--"," ","0.00","7.75","25","7.90","25","281.00",
="080069","牧德元富4B購01","0","0","0","--","--","--","--"," ","0.00","3.80","25","3.90","10","594.00",
="08006P","貿聯國票4A售07","0","0","0","--","--","--","--"," ","0.00","0.02","25","0.05","10","0.00",
="080070","世芯元富4C購05","0","0","0","--","--","--","--"," ","0.00","7.30","25","7.45","25","4,000.00",
="080071","貿聯元富4B購02","0","0","0","--","--","--","--"," ","0.00","5.55","25","5.65","25","981.00",
="080072","鈞興元富55購02","14,000","4","57,570","4.13","4.13","3.96","3.96","+","0.09","3.90","25","3.94","25","200.00",
="080073","立積元富55購01","320,000","17","520,390","1.49","2.01","1.45","2.01","+","0.55","1.95","25","--","0","158.00",
="080074","光聖元富52購01","0","0","0","--","--","--","--"," ","0.00","6.65","25","7.15","25","867.00",
="080075","光聖元富52購02","0","0","0","--","--","--","--"," ","0.00","5.65","25","6.15","10","867.00",
="080076","ITH元富4B購01","0","0","0","--","--","--","--"," ","0.00","0.44","25","0.45","25","45.10",
="080077","ITH元富4B購02","0","0","0","--","--","--","--"," ","0.00","0.38","25","0.39","25","45.10",
="080078","中砂統一55購01","121,000","4","152,250","1.25","1.33","1.25","1.33","+","0.09","1.29","10","1.30","10","347.00",
="080079","大亞統一51購03","33,000","4","47,660","1.42","1.45","1.42","1.45","+","0.05","1.44","10","1.48","10","43.00",
="08007P","AES國票4A售02","0","0","0","--","--","--","--"," ","0.00","0.06","25","0.07","10","0.00",
="080080","第一銅統一55購01","0","0","0","--","--","--","--"," ","0.00","0.51","10","0.52","10","34.50",
="080081","上銀統一51購02","0","0","0","--","--","--","--"," ","0.00","0.31","10","0.32","10","215.50",
="080082","一詮統一56購01","30,000","2","17,800","0.60","0.60","0.58","0.58","-","0.01","0.57","10","0.58","10","80.20",
="080083","晟銘電統一55購01","71,000","2","94,430","1.33","1.33","1.33","1.33","+","0.05","1.24","10","1.26","10","133.00",
="080084","精銳統一56購03","1,457,000","39","1,307,850","0.89","0.93","0.86","0.92","+","0.04","0.90","10","0.91","10","776.00",
="080085","世紀鋼統一51購04","135,000","7","81,350","0.60","0.61","0.59","0.60","-","0.06","0.58","10","0.60","10","188.00",
="080086","臺股指中信53購07","0","0","0","--","--","--","--"," ","0.00","1.25","499","1.26","100","0.00",
="080087","台光電台新4B購01","0","0","0","--","--","--","--"," ","0.00","14.40","20","--","0","0.00",
="080088","世紀鋼台新4B購01","142,000","14","137,370","0.99","0.99","0.95","0.95","-","0.06","0.89","20","0.90","10","0.00",
="080089","滬深2X永豐53購02","0","0","0","--","--","--","--"," ","0.00","4.50","499","4.60","10","18.32",
="08008P","南電國票4A售03","78,000","2","970","0.01","0.20","0.01","0.20","+","0.16","0.02","1","0.18","20","0.00",
="080090","香港2X永豐4B購01","0","0","0","--","--","--","--"," ","0.00","0.83","499","0.84","10","16.40",
="080091","台泥永豐4C購01","2,000","2","290","0.15","0.15","0.14","0.14","-","0.02","0.13","11","0.14","108","22.80",
="080092","亞德客永豐52購01","18,000","10","55,770","3.25","3.25","3.05","3.07","-","0.28","3.05","1","3.08","10","800.00",
="080093","華邦電永豐51購01","0","0","0","--","--","--","--"," ","0.00","2.06","49","2.10","10","19.60",
="080094","友達永豐4B購01","10,000","1","4,500","0.45","0.45","0.45","0.45","X","0.00","0.42","499","0.45","10","13.05",
="080095","聯發科永豐55購01","70,000","3","159,500","2.25","2.33","2.25","2.33","X","0.00","2.30","499","2.40","10","1,385.00",
="080096","長榮永豐55購01","23,000","1","52,210","2.27","2.27","2.27","2.27","X","0.00","2.21","499","2.31","10","188.00",
="080097","立積永豐55購01","0","0","0","--","--","--","--"," ","0.00","1.11","499","--","0","158.00",
="080098","達興永豐4B購01","0","0","0","--","--","--","--"," ","0.00","8.90","499","--","0","387.00",
="080099","力成永豐51購01","9,000","1","129,600","14.40","14.40","14.40","14.40","-","0.30","14.10","499","15.10","10","118.50",
="08009P","臺股指元富49售32","0","0","0","--","--","--","--"," ","0.00","0.04","25","0.10","10","0.00",
="080100","緯穎永豐4B購01","0","0","0","--","--","--","--"," ","0.00","6.85","499","7.35","10","2,975.00",
="080101","AES永豐4B購01","0","0","0","--","--","--","--"," ","0.00","3.75","499","3.84","10","1,350.00",
="080102","雲豹永豐4B購01","0","0","0","--","--","--","--"," ","0.00","0.14","10","0.15","10","130.50",
="080103","世紀鋼永豐53購01","175,000","4","327,310","1.87","1.88","1.87","1.88","-","0.04","1.78","10","1.79","10","188.00",
="080104","東陽元大4B購02","0","0","0","--","--","--","--"," ","0.00","0.01","499","0.11","10","101.00",
="080105","和大元大4B購02","143,000","5","107,890","0.65","0.99","0.65","0.99","+","0.33","1.00","11","--","0","72.90",
="080106","直得元大4B購01","80,000","9","42,610","0.49","0.60","0.49","0.52","+","0.02","0.50","514","0.51","10","89.20",
="080107","上銀元大4B購06","0","0","0","--","--","--","--"," ","0.00","0.16","499","0.17","10","215.50",
="080108","台達電元大4B購03","0","0","0","--","--","--","--"," ","0.00","12.20","50","--","0","709.00",
="080109","廣宇元大4B購02","0","0","0","--","--","--","--"," ","0.00","2.48","300","2.53","10","60.90",
="08010P","鴻海群益4A售05","0","0","0","--","--","--","--"," ","0.00","0.15","10","0.25","10","0.00",
="080110","台積電元大4C購16","0","0","0","--","--","--","--"," ","0.00","0.29","4","--","0","1,160.00",
="080111","所羅門元大4B購03","11,000","2","8,300","0.76","0.76","0.70","0.70","-","0.07","0.62","499","0.64","10","162.00",
="080112","聯發科元大4C購08","0","0","0","--","--","--","--"," ","0.00","--","0","0.56","22","1,385.00",
="080113","亞光元大4B購03","202,000","3","152,660","0.74","0.76","0.74","0.76","-","0.04","0.71","25","0.74","10","164.00",
="080114","智原元大4B購07","587,000","11","214,230","0.36","0.38","0.35","0.36"," ","0.00","0.36","499","0.37","10","158.00",
="080115","緯創元大52購02","282,000","3","161,680","0.57","0.58","0.57","0.58"," ","0.00","0.01","499","--","0","115.00",
="080116","新日興元大4B購05","15,000","1","31,800","2.12","2.12","2.12","2.12","X","0.00","1.80","4","--","0","259.00",
="080117","光聖元大4B購01","0","0","0","--","--","--","--"," ","0.00","11.80","50","--","0","867.00",
="080118","保瑞元大4C購04","0","0","0","--","--","--","--"," ","0.00","1.89","400","1.92","10","733.00",
="080119","穎崴元大4B購03","255,000","12","579,730","2.39","2.60","2.16","2.60","+","0.02","1.33","15","--","0","1,250.00",
="08011P","臺股指群益49售37","0","0","0","--","--","--","--"," ","0.00","0.04","499","--","0","0.00",
="080120","緯穎元大4C購08","20,000","2","58,400","2.95","2.95","2.91","2.91","-","0.11","2.81","25","2.84","10","2,975.00",
="080121","T50反1中信5B購02","10,000","1","9,400","0.94","0.94","0.94","0.94","+","0.01","0.94","499","0.95","100","0.00",
="080122","元債2X中信52購01","0","0","0","--","--","--","--"," ","0.00","0.45","499","0.46","100","0.00",
="080123","美債2X中信52購01","0","0","0","--","--","--","--"," ","0.00","0.48","499","0.49","100","0.00",
="080124","SGBR2X中信4B購01","0","0","0","--","--","--","--"," ","0.00","0.80","499","0.81","100","0.00",
="080125","士電中信4B購01","50,000","4","36,200","0.73","0.73","0.71","0.71","+","0.08","0.68","10","0.69","10","0.00",
="080126","華城中信4B購01","10,000","1","17,100","1.71","1.71","1.71","1.71","+","0.01","1.62","499","1.64","10","0.00",
="080127","聯發科中信4B購01","18,000","1","15,840","0.88","0.88","0.88","0.88","X","0.00","0.83","10","0.85","10","0.00",
="080128","光聖中信4B購01","21,000","3","92,810","4.50","4.50","4.31","4.39","-","0.25","4.27","10","4.32","10","0.00",
="080129","富世達中信4C購01","0","0","0","--","--","--","--"," ","0.00","4.00","499","--","0","0.00",
="08012P","台灣50凱基49售14","0","0","0","--","--","--","--"," ","0.00","0.14","100","0.24","10","0.00",
="080130","雲豹中信4B購01","0","0","0","--","--","--","--"," ","0.00","0.05","10","0.06","10","0.00",
="080131","台灣50永豐52購03","0","0","0","--","--","--","--"," ","0.00","8.35","499","8.60","10","52.50",
="080132","華友聯永豐4B購01","0","0","0","--","--","--","--"," ","0.00","0.13","499","0.14","10","71.30",
="080133","中興電永豐4C購01","0","0","0","--","--","--","--"," ","0.00","1.59","10","1.65","10","167.00",
="080134","華城永豐4B購02","10,000","1","80,000","8.00","8.00","8.00","8.00","-","0.05","7.55","14","7.75","10","618.00",
="080135","大成鋼永豐4C購02","14,000","2","22,240","1.60","1.60","1.56","1.56","-","0.13","1.51","10","1.61","10","38.60",
="080136","聯電永豐4C購02","0","0","0","--","--","--","--"," ","0.00","0.81","499","0.82","10","40.60",
="080137","鴻海永豐4B購07","0","0","0","--","--","--","--"," ","0.00","2.51","499","--","0","206.00",
="080138","鴻海永豐4C購05","0","0","0","--","--","--","--"," ","0.00","2.54","499","--","0","206.00",
="080139","技嘉永豐52購01","17,000","2","47,950","2.81","2.87","2.81","2.87","-","0.03","2.76","499","2.86","10","281.00",
="08013P","旺宏凱基49售06","0","0","0","--","--","--","--"," ","0.00","0.32","10","0.33","10","0.00",
="080140","台光電永豐51購01","0","0","0","--","--","--","--"," ","0.00","15.70","499","16.20","10","1,250.00",
="080141","皇昌永豐51購01","650,000","44","639,640","0.98","1.02","0.79","0.79","+","0.10","0.74","499","0.75","10","83.50",
="080142","裕民永豐51購01","20,000","2","35,120","1.75","1.76","1.75","1.76","-","0.06","1.73","10","1.75","10","57.30",
="080143","陽明永豐4B購02","62,000","2","34,180","0.54","0.59","0.54","0.59","X","0.00","0.53","10","0.54","10","58.80",
="080144","國泰金永豐4C購01","32,000","4","70,000","2.20","2.20","2.18","2.18","-","0.06","2.15","10","2.17","10","62.30",
="080145","緯創永豐55購01","172,000","9","2,105,000","11.90","12.60","11.90","12.60","-","0.10","12.30","10","12.50","10","115.00",
="080146","創意永豐51購02","281,000","15","436,610","1.51","1.59","1.51","1.57","+","0.07","1.10","2","--","0","1,350.00",
="080147","嘉澤永豐51購01","62,000","4","849,500","13.00","13.90","13.00","13.90","+","0.70","13.50","499","13.70","10","1,465.00",
="080148","碩天永豐4C購01","0","0","0","--","--","--","--"," ","0.00","0.56","499","0.57","10","225.50",
="080149","世芯永豐4B購08","0","0","0","--","--","--","--"," ","0.00","5.75","499","--","0","4,000.00",
="08014P","皇昌凱基4A售05","15,000","2","10,500","0.69","0.72","0.69","0.72","X","0.00","0.71","10","0.72","30","0.00",
="080150","世芯永豐4C購07","0","0","0","--","--","--","--"," ","0.00","5.60","499","--","0","4,000.00",
="080151","貿聯永豐51購02","1,000","1","42,600","42.60","42.60","42.60","42.60","+","0.30","--","0","--","0","981.00",
="080152","迅得永豐4C購01","0","0","0","--","--","--","--"," ","0.00","1.07","10","1.08","10","193.50",
="080153","穎崴永豐4C購01","21,000","2","131,000","6.20","6.40","6.20","6.40","+","0.05","3.98","2","--","0","1,250.00",
="080154","緯穎永豐4B購02","0","0","0","--","--","--","--"," ","0.00","2.98","499","--","0","2,975.00",
="080155","緯穎永豐4B購03","3,000","3","6,130","2.05","2.05","2.04","2.04","-","0.11","1.97","10","2.04","10","2,975.00",
="080156","士電統一55購02","628,000","18","616,090","0.99","0.99","0.94","0.95","+","0.04","0.94","10","0.95","10","187.50",
="080157","中興電統一55購01","962,000","20","990,240","1.03","1.04","1.01","1.03","+","0.07","1.03","10","1.04","10","167.00",
="080158","中興電統一55購02","24,000","5","16,320","0.68","0.68","0.68","0.68","+","0.01","0.68","10","0.69","10","167.00",
="080159","亞力統一55購01","277,000","4","181,220","0.66","0.66","0.64","0.65","+","0.02","0.64","10","0.65","10","110.50",
="08015P","日月光凱基4A售02","0","0","0","--","--","--","--"," ","0.00","0.61","499","0.63","40","0.00",
="080160","亞力統一55購02","236,000","14","169,130","0.72","0.72","0.71","0.71","+","0.03","0.71","10","0.72","10","110.50",
="080161","華城統一55購03","0","0","0","--","--","--","--"," ","0.00","1.42","10","1.44","10","618.00",
="080162","晟銘電統一55購02","158,000","4","227,460","1.41","1.49","1.41","1.49","+","0.17","1.30","10","1.31","10","133.00",
="080163","智原統一55購01","156,000","4","62,400","0.40","0.40","0.40","0.40","+","0.01","0.39","10","0.40","10","158.00",
="080164","台灣50凱基4B購06","0","0","0","--","--","--","--"," ","0.00","7.00","100","7.05","25","52.50",
="080165","滬深2X凱基59購01","2,000","2","10,250","5.15","5.15","5.10","5.10","X","0.00","5.05","10","5.10","50","18.32",
="080166","香港2X凱基4B購02","313,000","9","520,120","1.77","1.77","1.64","1.64","-","0.50","1.58","10","1.68","10","16.40",
="080167","SP黃豆凱基4B購01","0","0","0","--","--","--","--"," ","0.00","0.67","10","0.68","50","20.50",
="080168","SGBR2X凱基4B購01","5,000","1","12,500","2.50","2.50","2.50","2.50","+","0.06","2.45","100","2.46","10","11.25",
="080169","上銀凱基4B購06","6,000","3","4,880","0.79","0.86","0.79","0.86","+","0.05","0.77","100","0.78","10","215.50",
="08016P","AES凱基49售05","0","0","0","--","--","--","--"," ","0.00","0.02","100","0.03","10","0.00",
="080170","台達電凱基4B購02","0","0","0","--","--","--","--"," ","0.00","17.60","100","18.60","10","709.00",
="080171","台積電凱基4B購16","0","0","0","--","--","--","--"," ","0.00","5.15","20","5.65","10","1,160.00",
="080172","智邦凱基4C購02","0","0","0","--","--","--","--"," ","0.00","4.17","100","4.22","10","984.00",
="080173","義隆凱基4C購01","0","0","0","--","--","--","--"," ","0.00","0.31","100","0.32","10","120.00",
="080174","一詮凱基4C購01","6,000","1","5,040","0.84","0.84","0.84","0.84","+","0.01","0.80","10","0.81","10","80.20",
="080175","亞光凱基4B購03","0","0","0","--","--","--","--"," ","0.00","1.87","100","--","0","164.00",
="080176","緯創凱基52購01","10,000","1","7,100","0.71","0.71","0.71","0.71","-","0.05","0.74","100","--","0","115.00",
="080177","新日興凱基4B購02","340,000","23","1,003,100","2.67","3.77","2.66","3.77","+","1.04","3.31","100","3.41","10","259.00",
="080178","世芯凱基52購03","0","0","0","--","--","--","--"," ","0.00","8.20","100","8.70","10","4,000.00",
="080179","精銳凱基51購02","577,000","46","1,214,780","2.10","2.20","1.96","2.14","+","0.21","2.13","10","2.14","10","776.00",
="08017P","臺股指凱基49售42","0","0","0","--","--","--","--"," ","0.00","0.02","100","0.03","10","0.00",
="080180","迅得凱基4B購03","701,000","22","1,125,250","1.56","1.65","1.48","1.57","+","0.09","1.58","100","1.60","10","193.50",
="080181","穎崴凱基52購01","10,000","1","44,700","4.47","4.47","4.47","4.47","+","0.08","4.90","100","5.00","10","1,250.00",
="080182","緯穎凱基4B購07","0","0","0","--","--","--","--"," ","0.00","3.78","100","3.88","10","2,975.00",
="080183","AES凱基4C購02","149,000","13","480,000","2.86","3.36","2.86","3.32","+","0.36","3.29","100","3.34","10","1,350.00",
="080184","雲豹凱基4C購01","50,000","1","7,500","0.15","0.15","0.15","0.15","-","0.02","0.16","10","0.17","30","130.50",
="080185","滬深2X群益4B購07","0","0","0","--","--","--","--"," ","0.00","0.11","3","--","0","18.32",
="080186","中興電群益4C購01","12,000","1","6,600","0.55","0.55","0.55","0.55","+","0.05","0.57","100","0.58","100","167.00",
="080187","亞德客群益4C購01","0","0","0","--","--","--","--"," ","0.00","0.36","100","0.37","100","800.00",
="080188","直得群益4C購01","58,000","10","55,180","0.92","1.03","0.90","0.90","+","0.03","0.87","10","0.97","10","89.20",
="080189","華新群益4B購02","424,000","6","449,970","1.04","1.15","1.04","1.05","-","0.03","1.08","10","1.18","10","23.35",
="08018P","臺股指凱基49售43","0","0","0","--","--","--","--"," ","0.00","--","0","0.02","10","0.00",
="080190","上銀群益53購01","8,000","3","7,810","0.98","0.98","0.97","0.97","X","0.00","0.93","10","1.03","10","215.50",
="080191","宇隆群益4C購01","20,000","2","88,000","4.47","4.47","4.33","4.33","+","0.16","2.80","3","--","0","262.00",
="080192","金寶群益4B購01","196,000","7","88,200","0.44","0.47","0.42","0.46","-","0.01","0.13","76","--","0","19.05",
="080193","智邦群益51購02","3,000","1","14,640","4.88","4.88","4.88","4.88","+","0.13","4.65","10","4.75","10","984.00",
="080194","金像電群益4B購02","0","0","0","--","--","--","--"," ","0.00","--","0","13.60","10","486.00",
="080195","台光電群益51購02","0","0","0","--","--","--","--"," ","0.00","--","0","10.20","10","1,250.00",
="080199","中信金群益4B購01","0","0","0","--","--","--","--"," ","0.00","0.77","10","0.87","10","41.80",
="08019P","臺股指富邦53售01","180,000","8","28,810","0.16","0.17","0.16","0.17","+","0.01","0.16","499","0.17","149","0.00",
="080200","大立光群益4B購01","14,000","2","9,340","0.67","0.67","0.66","0.66","-","0.05","0.65","10","0.75","10","2,395.00",
="080203","奇鋐群益4B購02","0","0","0","--","--","--","--"," ","0.00","--","0","--","0","1,015.00",
="080204","智原群益4C購02","0","0","0","--","--","--","--"," ","0.00","0.41","100","0.45","100","158.00",
="080205","精銳群益51購02","71,000","13","146,960","2.02","2.19","1.92","2.16","+","0.31","2.08","100","2.09","100","776.00",
="080206","材料群益4B購03","0","0","0","--","--","--","--"," ","0.00","0.48","10","0.58","10","67.70",
="080209","祥碩群益4C購01","0","0","0","--","--","--","--"," ","0.00","--","0","--","0","1,665.00",
="08020P","FANG+元大49售02","30,000","2","3,200","0.10","0.11","0.10","0.11","X","0.00","0.10","100","0.11","100","0.00",
="080210","迅得群益53購01","379,000","18","624,930","1.64","1.69","1.59","1.66","+","0.08","1.66","10","1.76","10","193.50",
="080211","保瑞群益51購02","30,000","4","85,000","2.83","2.89","2.82","2.89","-","0.01","2.80","100","2.81","100","733.00",
="080212","緯穎群益4B購02","0","0","0","--","--","--","--"," ","0.00","--","0","7.25","10","2,975.00",
="080213","臺股指群益4B購33","0","0","0","--","--","--","--"," ","0.00","1.74","499","--","0","0.00",
="080214","臺股指群益4C購07","0","0","0","--","--","--","--"," ","0.00","1.32","499","1.33","499","0.00",
="080215","SGBR2X元富4B購02","0","0","0","--","--","--","--"," ","0.00","2.51","25","2.54","25","11.25",
="080216","中興電元富55購01","1,000","1","1,600","1.60","1.60","1.60","1.60","+","0.07","1.60","25","1.62","25","167.00",
="080217","華城元富4B購03","0","0","0","--","--","--","--"," ","0.00","3.54","25","3.63","25","618.00",
="080218","上銀元富55購01","327,000","10","642,340","1.93","2.00","1.84","1.86","+","0.04","1.86","25","1.87","25","215.50",
="080219","金寶元富55購01","245,000","9","229,810","0.91","0.96","0.91","0.93"," ","0.00","0.93","2","1.02","10","19.05",
="08021P","電子類元大49售02","0","0","0","--","--","--","--"," ","0.00","0.03","100","0.13","10","0.00",
="080220","台光電元富55購01","0","0","0","--","--","--","--"," ","0.00","6.10","25","6.60","25","1,250.00",
="080221","友達元富55購01","339,000","8","323,330","0.93","0.96","0.93","0.96","+","0.03","0.96","25","1.06","25","13.05",
="080222","友達元富55購02","78,000","3","71,220","0.90","0.92","0.90","0.92","+","0.02","0.94","25","0.95","25","13.05",
="080223","美律元富4B購01","12,000","1","8,640","0.72","0.72","0.72","0.72","-","0.13","0.70","25","0.72","25","107.50",
="080224","嘉澤元富55購01","52,000","2","75,660","1.44","1.47","1.44","1.47","-","0.04","1.50","25","1.52","25","1,465.00",
="080225","嘉澤元富55購02","397,000","12","543,010","1.32","1.40","1.31","1.40","+","0.04","1.38","25","1.40","25","1,465.00",
="080226","貿聯元富4B購03","0","0","0","--","--","--","--"," ","0.00","--","0","--","0","981.00",
="080227","貿聯元富4C購01","0","0","0","--","--","--","--"," ","0.00","--","0","--","0","981.00",
="080228","緯穎元富55購01","0","0","0","--","--","--","--"," ","0.00","3.19","25","3.24","25","2,975.00",
="080229","國企2X台新4B購01","0","0","0","--","--","--","--"," ","0.00","0.75","20","0.76","10","0.00",
="08022P","臺股指富邦4B售05","0","0","0","--","--","--","--"," ","0.00","0.16","499","0.17","100","0.00",
="080230","台灣50元大4B購11","0","0","0","--","--","--","--"," ","0.00","4.50","200","4.59","10","52.50",
="080234","上証2X元大51購01","134,000","8","174,410","1.28","1.38","1.28","1.33","-","0.24","1.27","250","1.28","100","45.30",
="080236","道瓊銀元大51購02","0","0","0","--","--","--","--"," ","0.00","1.78","100","1.83","10","32.63",
="080237","東陽元大4B購03","0","0","0","--","--","--","--"," ","0.00","0.05","499","0.06","10","101.00",
="08023P","臺股指富邦51售02","60,000","1","24,600","0.41","0.41","0.41","0.41","X","0.00","0.42","499","0.43","100","0.00",
="080240","中砂元大4B購01","0","0","0","--","--","--","--"," ","0.00","2.45","300","2.52","10","347.00",
="080241","上銀元大4B購07","293,000","6","191,680","0.65","0.70","0.65","0.70","+","0.07","0.63","499","0.64","10","215.50",
="080242","台達電元大4B購04","0","0","0","--","--","--","--"," ","0.00","13.50","10","--","0","709.00",
="080243","鴻海元大54購07","635,000","12","970,990","1.53","1.54","1.49","1.54","-","0.04","1.52","450","1.54","10","206.00",
="080244","台積電元大4B購18","0","0","0","--","--","--","--"," ","0.00","--","0","--","0","1,160.00",
="080245","聯發科元大4B購11","2,074,000","11","1,537,950","0.74","0.76","0.73","0.74","-","0.01","0.19","52","--","0","1,385.00",
="080246","晟銘電元大4B購05","42,000","2","73,680","1.79","1.79","1.74","1.74","X","0.00","1.57","450","1.62","10","133.00",
="080247","亞光元大4B購04","142,000","1","149,100","1.05","1.05","1.05","1.05","-","0.06","0.97","25","1.00","10","164.00",
="080248","智原元大4B購08","0","0","0","--","--","--","--"," ","0.00","0.18","499","0.19","10","158.00",
="080249","緯創元大4B購06","0","0","0","--","--","--","--"," ","0.00","--","0","0.80","14","115.00",
="08024P","聯發科兆豐4B售01","0","0","0","--","--","--","--"," ","0.00","0.43","10","0.44","10","0.00",
="080250","貿聯元大52購01","76,000","8","304,100","3.82","4.26","3.82","4.20","+","0.28","4.02","200","4.08","10","981.00",
="080251","材料元大4B購07","0","0","0","--","--","--","--"," ","0.00","0.05","499","0.06","10","67.70",
="080252","穎崴元大4B購04","0","0","0","--","--","--","--"," ","0.00","1.36","7","--","0","1,250.00",
="080253","緯穎元大4C購09","209,000","5","516,000","2.49","2.50","2.45","2.45","-","0.08","2.41","25","2.44","10","2,975.00",
="080254","臺股指元大4B購21","0","0","0","--","--","--","--"," ","0.00","4.08","499","4.15","10","0.00",
="080255","臺股指元大4B購22","0","0","0","--","--","--","--"," ","0.00","3.12","499","3.19","10","0.00",
="080256","元石油國票4B購01","0","0","0","--","--","--","--"," ","0.00","1.93","25","1.94","10","16.26",
="080257","SGBR2X國票4B購01","0","0","0","--","--","--","--"," ","0.00","2.22","25","2.23","10","11.25",
="080258","SGBR2X國票4C購02","38,000","2","74,480","1.96","1.96","1.96","1.96","+","0.05","1.90","25","1.91","10","11.25",
="080259","中興電國票51購01","5,000","1","7,200","1.44","1.44","1.44","1.44","+","0.15","1.43","25","1.44","10","167.00",
="08025P","台灣50元富4A售02","0","0","0","--","--","--","--"," ","0.00","0.04","25","0.10","10","0.00",
="080260","宇隆國票4C購01","0","0","0","--","--","--","--"," ","0.00","4.61","25","4.66","10","262.00",
="080261","中信金國票4C購02","0","0","0","--","--","--","--"," ","0.00","1.28","25","1.31","10","41.80",
="080262","亞光國票4C購01","0","0","0","--","--","--","--"," ","0.00","2.17","25","2.27","10","164.00",
="080263","華晶科國票4C購01","24,000","4","98,720","4.58","4.58","4.01","4.03","-","0.63","4.12","25","4.22","10","50.30",
="080264","緯創國票51購01","13,000","2","12,140","0.93","0.94","0.93","0.94","-","0.03","0.95","25","0.96","10","115.00",
="080265","世紀鋼國票4C購01","40,000","2","32,800","0.82","0.82","0.82","0.82","-","0.13","0.84","25","0.85","10","188.00",
="080266","華城富邦51購01","0","0","0","--","--","--","--"," ","0.00","2.90","10","3.00","10","0.00",
="080267","中砂富邦51購01","0","0","0","--","--","--","--"," ","0.00","2.43","10","2.53","10","0.00",
="080268","亞德客富邦4C購01","674,000","22","342,760","0.51","0.52","0.50","0.50","-","0.03","0.49","18","0.50","10","0.00",
="080269","第一銅富邦4B購01","0","0","0","--","--","--","--"," ","0.00","0.23","30","0.24","10","0.00",
="08026P","T50正2元富4A售03","0","0","0","--","--","--","--"," ","0.00","--","0","0.10","45","0.00",
="080270","智邦富邦51購01","0","0","0","--","--","--","--"," ","0.00","3.53","10","3.63","10","0.00",
="080271","京元電富邦4C購01","0","0","0","--","--","--","--"," ","0.00","3.31","10","3.41","10","0.00",
="080272","聯發科富邦4C購04","0","0","0","--","--","--","--"," ","0.00","0.29","30","0.30","10","0.00",
="080273","慧洋富邦4B購01","690,000","13","298,800","0.45","0.46","0.41","0.42","-","0.01","0.41","30","0.42","28","0.00",
="080274","晟銘電富邦51購01","0","0","0","--","--","--","--"," ","0.00","1.83","10","1.93","10","0.00",
="080275","亞光富邦4B購02","111,000","6","115,700","1.01","1.06","0.94","0.94","-","0.09","0.94","30","0.95","28","0.00",
="080276","碩天富邦4B購01","0","0","0","--","--","--","--"," ","0.00","0.06","30","0.07","10","0.00",
="080277","啟碁富邦51購01","267,000","10","150,060","0.54","0.57","0.53","0.54","-","0.02","0.53","20","0.54","10","0.00",
="080278","保瑞富邦52購01","445,000","14","563,300","1.25","1.28","1.23","1.28","-","0.01","1.24","10","1.26","10","0.00",
="080279","穎崴富邦51購01","0","0","0","--","--","--","--"," ","0.00","1.94","10","2.04","10","0.00",
="08027P","上銀元富4A售02","0","0","0","--","--","--","--"," ","0.00","2.76","25","2.86","10","0.00",
="080280","長華富邦4B購01","0","0","0","--","--","--","--"," ","0.00","0.23","30","0.24","10","0.00",
="080281","上証2X中信4C購02","0","0","0","--","--","--","--"," ","0.00","0.71","499","0.72","100","0.00",
="080282","香港2X中信51購02","0","0","0","--","--","--","--"," ","0.00","0.61","499","0.62","100","0.00",
="080283","SGBR2X中信51購01","0","0","0","--","--","--","--"," ","0.00","1.05","499","1.06","100","0.00",
="080284","國泰金中信4B購01","78,000","1","67,080","0.86","0.86","0.86","0.86","X","0.00","0.79","499","0.81","10","0.00",
="080285","滬深2X永豐52購02","0","0","0","--","--","--","--"," ","0.00","5.45","499","5.50","10","18.32",
="080286","華新永豐51購01","25,000","3","40,500","1.62","1.62","1.62","1.62","-","0.08","1.64","10","1.67","10","23.35",
="080287","華航永豐51購01","45,000","3","43,360","0.97","0.97","0.96","0.96","X","0.00","0.91","10","0.92","10","21.25",
="080289","長榮航永豐51購02","7,000","1","8,050","1.15","1.15","1.15","1.15","X","0.00","1.13","499","1.14","10","39.05",
="08028P","鴻海元富4A售04","0","0","0","--","--","--","--"," ","0.00","--","0","0.10","25","0.00",
="080290","智原永豐51購01","50,000","2","49,000","0.98","0.98","0.98","0.98","-","0.01","0.99","10","1.01","10","158.00",
="080291","虎航永豐4B購02","0","0","0","--","--","--","--"," ","0.00","0.10","499","0.11","10","82.60",
="080292","達運光永豐4B購01","1,000","1","4,310","4.31","4.31","4.31","4.31","X","0.00","4.22","499","--","0","126.00",
="080293","金像電富邦4C購01","0","0","0","--","--","--","--"," ","0.00","6.85","30","7.05","10","0.00",
="080295","長榮航富邦4B購01","0","0","0","--","--","--","--"," ","0.00","0.19","30","0.20","10","0.00",
="080296","貿聯富邦4C購01","45,000","6","155,550","3.29","3.67","3.29","3.67","+","0.37","3.48","30","3.54","10","0.00",
="080297","A50正2元富55購02","135,000","7","439,900","3.14","3.38","3.14","3.32","-","0.49","3.13","25","3.23","10","31.56",
="080298","美債2X元富55購01","0","0","0","--","--","--","--"," ","0.00","0.71","25","0.72","25","7.03",
="080299","SGBR2X元富4B購03","0","0","0","--","--","--","--"," ","0.00","3.11","25","3.21","25","11.25",
="08029P","鴻海元富4A售05","0","0","0","--","--","--","--"," ","0.00","--","0","0.10","25","0.00",
="080300","道瓊銀元富4B購01","0","0","0","--","--","--","--"," ","0.00","0.99","25","1.00","25","32.63",
="080301","中砂元富4B購01","1,000","1","3,940","3.94","3.94","3.94","3.94","+","0.11","4.15","25","4.25","10","347.00",
="080302","鴻準元富55購01","11,000","2","36,350","3.25","3.31","3.25","3.31","+","0.02","3.19","25","3.22","25","71.70",
="080303","萬海元富55購01","277,000","21","609,600","2.15","2.29","2.13","2.13","+","0.04","2.12","25","2.13","15","84.10",
="080304","富邦金元富4B購02","0","0","0","--","--","--","--"," ","0.00","1.19","25","1.29","10","85.20",
="080305","牧德元富4B購02","79,000","5","133,600","1.70","1.77","1.61","1.77","+","0.24","1.84","25","1.86","25","594.00",
="080306","達運光元富4B購01","0","0","0","--","--","--","--"," ","0.00","3.50","25","3.60","25","126.00",
="080307","昆盈國票4B購01","1,000","1","3,410","3.41","3.41","3.41","3.41","+","0.01","3.15","25","3.25","10","49.85",
="080308","昆盈國票4C購01","40,000","5","153,140","3.90","3.90","3.74","3.76","+","0.03","3.60","25","3.66","10","49.85",
="080309","大同國票4B購01","0","0","0","--","--","--","--"," ","0.00","0.58","25","0.59","10","40.75",
="08030P","友訊元富4A售01","0","0","0","--","--","--","--"," ","0.00","1.39","25","1.41","10","0.00",
="080310","聯鈞國票4C購01","140,000","5","179,400","1.28","1.30","1.27","1.27","-","0.21","1.20","25","1.21","10","202.00",
="080311","嘉澤國票51購01","36,000","4","37,240","0.98","1.08","0.98","1.08","+","0.05","1.08","25","1.09","10","1,465.00",
="080312","牧德國票4C購01","0","0","0","--","--","--","--"," ","0.00","2.79","25","2.89","10","594.00",
="080313","穎崴國票4C購02","0","0","0","--","--","--","--"," ","0.00","5.60","25","6.10","10","1,250.00",
="080314","達運光國票4B購01","0","0","0","--","--","--","--"," ","0.00","3.00","25","3.10","10","126.00",
="080315","SGBR2X國泰4C購01","0","0","0","--","--","--","--"," ","0.00","3.08","499","3.10","100","11.25",
="080316","上銀國泰52購01","0","0","0","--","--","--","--"," ","0.00","1.78","499","1.80","100","215.50",
="080317","大銀國泰52購01","108,000","4","289,620","2.71","2.71","2.56","2.56","-","0.10","2.53","350","2.56","350","126.00",
="080318","滬深2X群益4B購08","0","0","0","--","--","--","--"," ","0.00","0.12","83","--","0","18.32",
="080319","SGBR2X群益53購01","10,000","1","32,400","3.24","3.24","3.24","3.24","X","0.00","3.19","25","3.20","10","11.25",
="08031P","鴻海國泰4C售02","0","0","0","--","--","--","--"," ","0.00","0.40","499","0.41","100","0.00",
="080320","遠東新群益4B購01","0","0","0","--","--","--","--"," ","0.00","0.06","100","0.07","100","27.15",
="080321","士電群益4B購01","31,000","3","26,430","0.88","0.88","0.83","0.84","+","0.11","0.79","100","0.80","100","187.50",
="080322","鴻海群益53購07","0","0","0","--","--","--","--"," ","0.00","--","0","2.17","10","206.00",
="080323","台積電群益51購04","0","0","0","--","--","--","--"," ","0.00","--","0","--","0","1,160.00",
="080324","智邦群益53購01","0","0","0","--","--","--","--"," ","0.00","--","0","2.29","10","984.00",
="080325","緯創群益53購01","37,000","5","89,860","2.38","2.46","2.38","2.46","+","0.04","2.26","10","3.00","10","115.00",
="080326","聯鈞群益4B購01","101,000","10","99,990","1.54","1.54","0.60","0.60","-","0.17","0.26","38","0.72","4","202.00",
="080327","牧德群益4C購01","145,000","12","458,320","3.24","3.26","3.02","3.19","+","0.22","3.43","100","3.50","100","594.00",
="080328","世芯群益4B購05","0","0","0","--","--","--","--"," ","0.00","--","0","13.00","10","4,000.00",
="080329","迅得群益4B購01","0","0","0","--","--","--","--"," ","0.00","1.08","17","2.69","10","193.50",
="08032P","台積電國泰4B售01","0","0","0","--","--","--","--"," ","0.00","0.45","499","0.50","200","0.00",
="080330","穎崴群益4B購02","0","0","0","--","--","--","--"," ","0.00","--","0","--","0","1,250.00",
="080331","緯穎群益4B購03","0","0","0","--","--","--","--"," ","0.00","--","0","7.15","10","2,975.00",
="080332","虎航群益51購01","0","0","0","--","--","--","--"," ","0.00","0.30","100","0.31","100","82.60",
="080333","達運光群益4B購01","10,000","1","42,200","4.22","4.22","4.22","4.22","+","0.60","3.73","10","3.83","10","126.00",
="080334","士電統一55購03","0","0","0","--","--","--","--"," ","0.00","0.61","10","0.62","10","187.50",
="080335","士電統一58購02","42,000","1","32,340","0.77","0.77","0.77","0.77","+","0.06","0.73","10","0.74","10","187.50",
="080336","亞光統一55購01","78,000","3","66,990","0.89","0.89","0.85","0.85","-","0.03","0.82","10","0.83","10","164.00",
="080337","亞光統一55購02","0","0","0","--","--","--","--"," ","0.00","0.76","10","0.77","10","164.00",
="080338","聯鈞統一55購01","111,000","2","86,280","0.78","0.78","0.72","0.72","-","0.07","0.72","12","0.73","10","202.00",
="080339","聯鈞統一55購02","421,000","9","208,040","0.51","0.51","0.48","0.49","-","0.03","0.47","10","0.48","10","202.00",
="08033P","台積電國泰4B售02","0","0","0","--","--","--","--"," ","0.00","0.28","499","0.33","200","0.00",
="080340","聯鈞統一5B購01","158,000","8","132,150","0.85","0.85","0.80","0.82","-","0.06","0.79","12","0.80","10","202.00",
="080341","聯鈞統一5B購02","0","0","0","--","--","--","--"," ","0.00","0.80","10","0.81","10","202.00",
="080342","光聖統一55購02","0","0","0","--","--","--","--"," ","0.00","2.43","10","2.44","10","867.00",
="080343","光聖統一55購03","0","0","0","--","--","--","--"," ","0.00","2.30","10","2.31","10","867.00",
="080344","雲豹統一55購01","0","0","0","--","--","--","--"," ","0.00","0.25","10","0.26","10","130.50",
="080345","上証2X凱基51購01","2,000","2","2,720","1.35","1.37","1.35","1.37","X","0.00","1.35","100","1.36","50","45.30",
="080346","中砂凱基4C購03","0","0","0","--","--","--","--"," ","0.00","4.50","100","4.60","10","347.00",
="080347","亞德客凱基4B購02","247,000","5","116,830","0.49","0.49","0.47","0.47","-","0.06","0.45","100","0.46","30","800.00",
="080348","宇隆凱基4B購01","0","0","0","--","--","--","--"," ","0.00","5.65","50","6.15","10","262.00",
="080349","台積電凱基51購13","0","0","0","--","--","--","--"," ","0.00","4.87","21","4.97","10","1,160.00",
="08034P","台積電國泰4B售03","20,000","2","2,100","0.10","0.11","0.10","0.11","X","0.00","0.10","499","0.11","100","0.00",
="080350","台光電凱基51購01","0","0","0","--","--","--","--"," ","0.00","11.70","100","12.70","10","1,250.00",
="080351","冠德凱基4B購01","0","0","0","--","--","--","--"," ","0.00","0.01","10","0.11","10","36.30",
="080352","智原凱基4B購01","88,000","4","51,040","0.58","0.58","0.58","0.58","+","0.02","0.56","499","0.57","40","158.00",
="080353","聯鈞凱基4B購01","2,315,000","18","1,939,740","0.88","0.91","0.75","0.75","-","0.19","0.76","100","0.77","10","202.00",
="080354","聯鈞凱基4B購02","431,000","17","251,280","0.64","0.64","0.54","0.54","-","0.21","0.54","109","0.55","10","202.00",
="080355","達興凱基4B購01","0","0","0","--","--","--","--"," ","0.00","--","0","--","0","387.00",
="080356","達運光凱基4B購01","0","0","0","--","--","--","--"," ","0.00","2.58","100","2.68","10","126.00",
="080357","東陽元大4B購04","0","0","0","--","--","--","--"," ","0.00","0.11","499","0.12","10","101.00",
="080358","華城元大4B購02","10,000","1","33,800","3.38","3.38","3.38","3.38","+","0.05","3.18","200","3.23","10","618.00",
="080359","川湖元大4B購05","0","0","0","--","--","--","--"," ","0.00","3.72","200","--","0","2,925.00",
="08035P","聯發科國泰4C售03","40,000","1","55,200","1.38","1.38","1.38","1.38","+","0.01","1.41","499","1.43","499","0.00",
="080360","鴻海元大54購08","0","0","0","--","--","--","--"," ","0.00","2.29","300","2.31","10","206.00",
="080361","台積電元大51購31","0","0","0","--","--","--","--"," ","0.00","0.22","45","--","0","1,160.00",
="080362","聯發科元大51購14","0","0","0","--","--","--","--"," ","0.00","0.51","39","1.12","6","1,385.00",
="080363","聯詠元大4B購01","0","0","0","--","--","--","--"," ","0.00","0.10","499","0.11","13","435.00",
="080365","智原元大4B購09","533,000","8","284,760","0.54","0.54","0.52","0.54","+","0.02","0.52","499","0.53","10","158.00",
="080366","聯鈞元大4B購01","488,000","21","266,960","0.60","0.60","0.52","0.52","-","0.11","0.51","502","0.52","10","202.00",
="080367","牧德元大52購01","235,000","21","462,690","1.91","2.07","1.91","2.07","+","0.16","2.08","400","2.10","10","594.00",
="080368","世芯元大51購12","0","0","0","--","--","--","--"," ","0.00","4.24","150","--","0","4,000.00",
="080369","大銀元大4B購01","267,000","5","176,270","0.67","0.67","0.65","0.65","-","0.13","0.62","499","0.63","10","126.00",
="08036P","中502X國票4B售04","0","0","0","--","--","--","--"," ","0.00","0.86","25","0.87","10","0.00",
="080370","材料元大4C購06","0","0","0","--","--","--","--"," ","0.00","0.70","499","0.71","10","67.70",
="080371","迅得元大4B購03","66,000","6","89,550","1.34","1.39","1.34","1.35","+","0.04","1.33","499","1.36","10","193.50",
="080372","緯穎元大4C購10","2,000","1","5,440","2.72","2.72","2.72","2.72","X","0.00","2.58","300","2.60","10","2,975.00",
="080373","華航台新4B購02","0","0","0","--","--","--","--"," ","0.00","0.59","10","0.60","10","0.00",
="080374","長榮航台新4B購02","0","0","0","--","--","--","--"," ","0.00","2.48","10","2.49","10","0.00",
="080375","聯鈞台新4B購01","701,000","5","534,820","0.81","0.81","0.76","0.77","-","0.12","0.72","1","0.81","10","0.00",
="080376","台灣50元富55購01","0","0","0","--","--","--","--"," ","0.00","5.70","25","5.80","25","52.50",
="080377","滬深2X元富55購03","0","0","0","--","--","--","--"," ","0.00","3.39","25","3.49","10","18.32",
="080378","元債2X元富55購01","0","0","0","--","--","--","--"," ","0.00","0.69","25","0.70","25","7.05",
="080379","聯發科元富54購07","0","0","0","--","--","--","--"," ","0.00","1.74","25","1.77","25","1,385.00",
="08037P","宇隆國票4B售01","0","0","0","--","--","--","--"," ","0.00","0.07","25","0.08","10","0.00",
="080380","長榮元富4B購07","10,000","1","11,100","1.11","1.11","1.11","1.11","+","0.02","1.03","25","1.05","25","188.00",
="080381","長榮航元富4B購02","0","0","0","--","--","--","--"," ","0.00","0.78","25","0.79","25","39.05",
="080382","長榮航元富4B購03","0","0","0","--","--","--","--"," ","0.00","0.54","25","0.55","25","39.05",
="080383","緯穎元富4B購05","0","0","0","--","--","--","--"," ","0.00","2.67","25","2.69","25","2,975.00",
="080384","世紀鋼元富55購01","27,000","3","47,000","1.75","1.75","1.70","1.70","-","0.10","1.68","25","1.69","25","188.00",
="080385","臺股指元富55購02","0","0","0","--","--","--","--"," ","0.00","3.15","25","3.16","25","0.00",
="080386","川湖國泰4C購01","0","0","0","--","--","--","--"," ","0.00","6.30","499","--","0","2,925.00",
="080387","台積電國泰52購01","63,000","2","260,190","4.13","4.13","4.13","4.13","-","0.28","4.05","499","4.14","10","1,160.00",
="080388","長榮航國泰52購01","20,000","1","21,600","1.08","1.08","1.08","1.08","X","0.00","1.03","499","1.04","100","39.05",
="080389","華航台新4B購03","0","0","0","--","--","--","--"," ","0.00","0.28","20","0.29","10","0.00",
="08038P","鴻海國票58售01","24,000","4","21,820","0.93","0.93","0.89","0.89","+","0.02","0.88","25","0.89","10","0.00",
="080390","長榮航台新4B購03","0","0","0","--","--","--","--"," ","0.00","0.34","20","0.35","10","0.00",
="080391","虎航台新4B購01","0","0","0","--","--","--","--"," ","0.00","0.15","20","0.16","10","0.00",
="080392","長榮第一4B購01","78,000","1","29,640","0.38","0.38","0.38","0.38","+","0.05","0.32","10","0.33","10","0.00",
="080393","SGBR2X凱基4B購02","0","0","0","--","--","--","--"," ","0.00","1.31","100","1.32","10","11.25",
="080394","中高息凱基4B購01","10,000","1","18,200","1.82","1.82","1.82","1.82","-","0.28","1.77","100","1.78","50","13.96",
="080395","士電凱基4B購01","13,000","6","11,900","0.88","1.00","0.88","0.95","+","0.20","0.89","100","0.90","10","187.50",
="080397","中興電凱基4B購02","0","0","0","--","--","--","--"," ","0.00","2.01","100","2.06","10","167.00",
="080398","台積電凱基54購11","0","0","0","--","--","--","--"," ","0.00","4.41","23","4.51","10","1,160.00",
="080399","智邦凱基54購01","5,000","2","20,960","4.16","4.32","4.16","4.32","+","0.05","4.19","100","4.21","10","984.00",
="08039P","台積電國票4B售04","0","0","0","--","--","--","--"," ","0.00","0.22","25","0.25","10","0.00",
="080401","長榮航凱基4B購04","0","0","0","--","--","--","--"," ","0.00","0.38","100","0.39","30","39.05",
="080402","晟銘電凱基4B購02","0","0","0","--","--","--","--"," ","0.00","4.85","100","4.95","10","133.00",
="080403","貿聯凱基4B購03","0","0","0","--","--","--","--"," ","0.00","8.35","10","8.85","10","981.00",
="080404","緯穎凱基51購04","0","0","0","--","--","--","--"," ","0.00","3.62","100","3.72","10","2,975.00",
="080405","士電富邦4B購01","175,000","14","114,390","0.66","0.68","0.59","0.64","+","0.09","0.60","30","0.61","10","0.00",
="080406","上銀富邦4B購02","31,000","1","14,880","0.48","0.48","0.48","0.48","+","0.02","0.47","30","0.48","10","0.00",
="080407","台積電富邦55購01","0","0","0","--","--","--","--"," ","0.00","3.06","30","3.14","10","0.00",
="080408","台積電富邦55購02","0","0","0","--","--","--","--"," ","0.00","2.03","30","2.09","10","0.00",
="080409","智原富邦4B購03","0","0","0","--","--","--","--"," ","0.00","0.19","30","0.20","10","0.00",
="08040P","台積電國票51售05","0","0","0","--","--","--","--"," ","0.00","0.49","25","0.53","10","0.00",
="080410","中砂統一55購02","283,000","18","322,690","1.11","1.19","1.11","1.15","+","0.07","1.13","10","1.14","10","347.00",
="080412","中砂統一59購01","88,000","3","88,540","0.96","1.03","0.96","1.03","+","0.04","1.01","10","1.02","10","347.00",
="080413","台光電統一55購01","0","0","0","--","--","--","--"," ","0.00","2.77","10","2.78","10","1,250.00",
="080414","聯鈞統一55購03","0","0","0","--","--","--","--"," ","0.00","0.48","10","0.49","10","202.00",
="080415","聯鈞統一59購01","2,000","1","1,380","0.69","0.69","0.69","0.69","-","0.05","0.66","10","0.67","10","202.00",
="080416","聯鈞統一61購01","100,000","6","61,100","0.62","0.62","0.60","0.60","X","0.00","0.59","10","--","0","202.00",
="080419","采鈺統一55購02","1,117,000","38","1,083,430","0.91","1.00","0.90","0.99","+","0.13","0.97","10","0.98","10","264.00",
="08041P","台積電國票51售06","0","0","0","--","--","--","--"," ","0.00","0.46","25","0.50","10","0.00",
="080420","高股息中信4B購01","0","0","0","--","--","--","--"," ","0.00","0.77","499","0.78","100","0.00",
="080421","T50正2中信4B購02","0","0","0","--","--","--","--"," ","0.00","2.02","499","2.03","10","0.00",
="080422","T50反1中信4B購01","0","0","0","--","--","--","--"," ","0.00","0.03","499","0.04","10","0.00",
="080423","元石油中信4B購01","0","0","0","--","--","--","--"," ","0.00","0.23","100","0.24","100","0.00",
="080425","和大中信4B購01","2,048,000","31","1,011,570","0.42","0.82","0.42","0.79","+","0.36","0.70","1","0.82","106","0.00",
="080426","華航中信4B購01","0","0","0","--","--","--","--"," ","0.00","0.13","499","0.14","10","0.00",
="080427","華航中信4B購02","0","0","0","--","--","--","--"," ","0.00","0.16","10","0.17","10","0.00",
="080428","長榮航中信4B購01","0","0","0","--","--","--","--"," ","0.00","0.18","499","0.19","10","0.00",
="080429","長榮航中信4B購02","0","0","0","--","--","--","--"," ","0.00","0.11","499","0.12","10","0.00",
="08042P","台積電國票54售02","50,000","1","19,000","0.38","0.38","0.38","0.38","X","0.00","0.38","25","0.41","10","0.00",
="080430","緯創中信4B購01","33,000","3","10,410","0.30","0.33","0.30","0.33","+","0.01","0.31","10","0.33","10","0.00",
="080431","虎航中信4B購01","0","0","0","--","--","--","--"," ","0.00","0.02","10","0.03","10","0.00",
="080432","台灣50永豐53購01","0","0","0","--","--","--","--"," ","0.00","19.90","499","20.10","10","52.50",
="080433","日本2X永豐55購01","7,000","2","6,300","0.90","0.90","0.90","0.90","+","0.01","0.91","504","0.92","10","63.45",
="080434","A50正2永豐52購01","0","0","0","--","--","--","--"," ","0.00","2.78","10","2.88","10","31.56",
="080435","國企2X永豐4B購02","0","0","0","--","--","--","--"," ","0.00","1.55","499","1.56","10","10.70",
="080436","SGBR2X永豐4B購01","0","0","0","--","--","--","--"," ","0.00","1.08","10","1.09","10","11.25",
="080437","亞力永豐4C購01","419,000","9","225,080","0.51","0.55","0.51","0.55","+","0.04","0.53","30","0.54","10","110.50",
="080438","中砂永豐52購01","76,000","9","239,850","3.04","3.28","2.99","3.28","+","0.33","3.17","10","3.27","10","347.00",
="080439","中鋼永豐51購01","1,000","1","450","0.45","0.45","0.45","0.45","X","0.00","0.43","499","0.44","10","20.15",
="08043P","欣興國票4B售03","0","0","0","--","--","--","--"," ","0.00","0.01","10","0.06","499","0.00",
="080440","大同永豐4B購01","0","0","0","--","--","--","--"," ","0.00","0.37","499","0.38","10","40.75",
="080441","華航永豐51購02","61,000","3","42,170","0.71","0.71","0.68","0.68","-","0.02","0.68","10","0.69","10","21.25",
="080442","材料永豐52購01","0","0","0","--","--","--","--"," ","0.00","0.53","499","0.54","10","67.70",
="080443","緯穎永豐4B購04","0","0","0","--","--","--","--"," ","0.00","2.57","10","--","0","2,975.00",
="080444","緯穎永豐4C購04","0","0","0","--","--","--","--"," ","0.00","3.63","499","--","0","2,975.00",
="080445","虎航永豐51購01","0","0","0","--","--","--","--"," ","0.00","0.19","10","0.20","10","82.60",
="080446","上証2X群益4B購01","0","0","0","--","--","--","--"," ","0.00","1.35","10","1.45","10","45.30",
="080447","華城群益4B購02","115,000","11","428,440","3.78","3.81","3.60","3.75","-","0.04","3.49","100","3.52","100","618.00",
="080448","中砂群益4C購03","77,000","9","132,140","1.55","1.76","1.52","1.67","+","0.15","0.59","33","--","0","347.00",
="080449","亞德客群益4C購02","93,000","13","58,140","0.64","0.64","0.61","0.61","-","0.06","0.60","100","0.63","100","800.00",
="08044P","精銳國票4B售01","0","0","0","--","--","--","--"," ","0.00","0.07","25","0.08","10","0.00",
="080450","台積電群益51購05","5,000","1","7,250","1.45","1.45","1.45","1.45","-","0.10","1.44","2","--","0","1,160.00",
="080451","台光電群益53購01","0","0","0","--","--","--","--"," ","0.00","--","0","7.00","10","1,250.00",
="080452","聯發科群益51購02","0","0","0","--","--","--","--"," ","0.00","0.34","10","--","0","1,385.00",
="080453","冠德群益4B購01","63,000","4","10,060","0.15","0.17","0.15","0.17","X","0.00","0.02","30","0.17","10","36.30",
="080454","皇昌群益4B購01","0","0","0","--","--","--","--"," ","0.00","0.69","10","0.79","10","83.50",
="080455","亞光群益4B購01","40,000","5","78,880","1.91","2.08","1.91","2.03","+","0.05","0.64","15","--","0","164.00",
="080456","智原群益51購02","418,000","5","270,240","0.65","0.65","0.63","0.64","+","0.02","0.64","100","0.65","100","158.00",
="080457","聯鈞群益51購01","2,000","2","1,110","0.56","0.56","0.55","0.55","-","0.10","0.54","1","--","0","202.00",
="080458","牧德群益4B購02","20,000","1","47,400","2.37","2.37","2.37","2.37","+","0.35","1.19","8","2.65","10","594.00",
="080459","世芯群益4B購06","0","0","0","--","--","--","--"," ","0.00","--","0","13.50","10","4,000.00",
="08045P","緯穎國票4B售02","0","0","0","--","--","--","--"," ","0.00","--","0","--","0","0.00",
="080460","達興群益4B購02","0","0","0","--","--","--","--"," ","0.00","7.30","2","--","0","387.00",
="080461","保瑞群益52購01","28,000","4","85,980","3.06","3.12","3.06","3.12","-","0.10","3.05","25","3.06","10","733.00",
="080462","緯穎群益4B購04","0","0","0","--","--","--","--"," ","0.00","--","0","6.75","10","2,975.00",
="080463","AES群益4B購04","20,000","2","47,000","2.35","2.35","2.35","2.35","X","0.00","0.80","5","2.55","10","1,350.00",
="080464","達運光群益4B購02","16,000","3","67,750","4.17","4.35","4.17","4.35","+","0.34","3.69","10","3.79","10","126.00",
="080465","統一元大4B購01","1,147,000","11","709,570","0.60","0.65","0.60","0.65","+","0.03","0.64","499","0.65","10","77.70",
="080466","國喬元大4B購01","10,000","1","1,600","0.16","0.16","0.16","0.16","X","0.00","0.15","499","0.16","10","9.92",
="080467","台積電元大51購32","0","0","0","--","--","--","--"," ","0.00","0.24","4","--","0","1,160.00",
="080468","台光電元大4B購03","0","0","0","--","--","--","--"," ","0.00","--","0","--","0","1,250.00",
="080469","聯發科元大51購15","350,000","1","294,000","0.84","0.84","0.84","0.84","-","0.04","0.21","47","--","0","1,385.00",
="08046P","臺股指國票4A售05","0","0","0","--","--","--","--"," ","0.00","0.13","499","0.14","499","0.00",
="080470","長榮航元大52購01","0","0","0","--","--","--","--"," ","0.00","0.75","499","0.76","10","39.05",
="080471","長榮航元大54購01","0","0","0","--","--","--","--"," ","0.00","0.34","499","0.35","10","39.05",
="080472","富邦金元大4B購02","81,000","2","72,580","0.86","0.90","0.86","0.90","-","0.05","0.85","499","0.86","10","85.20",
="080473","國泰金元大4B購01","0","0","0","--","--","--","--"," ","0.00","1.31","499","1.34","10","62.30",
="080474","奇鋐元大54購02","0","0","0","--","--","--","--"," ","0.00","--","0","--","0","1,015.00",
="080475","智原元大4B購10","474,000","3","161,160","0.34","0.34","0.34","0.34","X","0.00","0.33","499","0.34","10","158.00",
="080476","緯創元大4C購03","162,000","1","59,940","0.37","0.37","0.37","0.37","X","0.00","0.37","499","--","0","115.00",
="080477","嘉澤元大4B購03","19,000","2","13,960","0.73","0.74","0.73","0.74","-","0.01","0.76","499","0.79","10","1,465.00",
="080478","世芯元大51購13","0","0","0","--","--","--","--"," ","0.00","3.31","200","3.36","10","4,000.00",
="080479","貿聯元大4B購04","0","0","0","--","--","--","--"," ","0.00","4.75","150","--","0","981.00",
="08047P","臺股指國票4B售01","0","0","0","--","--","--","--"," ","0.00","0.56","499","0.57","499","0.00",
="080480","日月光元大4B購02","2,000","2","1,580","0.79","0.79","0.79","0.79","-","0.06","0.75","499","0.76","10","147.50",
="080481","緯穎元大54購03","219,000","8","401,480","1.85","1.87","1.82","1.83"," ","0.00","1.83","20","--","0","2,975.00",
="080482","元油反國票4C購01","1,000","1","170","0.17","0.17","0.17","0.17","X","0.00","0.17","25","0.18","10","6.68",
="080483","中砂國票4C購03","0","0","0","--","--","--","--"," ","0.00","3.01","25","3.07","10","347.00",
="080484","亞德客國票4B購02","0","0","0","--","--","--","--"," ","0.00","0.10","25","0.11","10","800.00",
="080485","華新國票4C購01","283,000","6","474,880","1.67","1.78","1.67","1.70","-","0.02","1.69","25","1.70","10","23.35",
="080486","華新國票51購01","0","0","0","--","--","--","--"," ","0.00","1.30","25","1.31","10","23.35",
="080487","中鋼國票4C購01","110,000","4","35,400","0.32","0.34","0.32","0.34","-","0.03","0.33","25","0.34","10","20.15",
="080488","智邦國票4C購02","0","0","0","--","--","--","--"," ","0.00","8.55","25","8.70","10","984.00",
="080489","聯發科國票4B購02","0","0","0","--","--","--","--"," ","0.00","1.04","25","1.08","10","1,385.00",
="08048P","臺股指國票4C售01","0","0","0","--","--","--","--"," ","0.00","0.40","499","0.41","499","0.00",
="080490","長榮國票51購01","67,000","12","82,760","1.28","1.28","1.18","1.18","-","0.02","1.18","25","1.19","10","188.00",
="080491","華航國票4B購01","0","0","0","--","--","--","--"," ","0.00","0.30","25","0.31","10","21.25",
="080492","華航國票4C購01","10,000","1","5,000","0.50","0.50","0.50","0.50","-","0.03","0.49","25","0.50","10","21.25",
="080493","華航國票51購01","0","0","0","--","--","--","--"," ","0.00","0.45","25","0.46","10","21.25",
="080494","長榮航國票4B購01","0","0","0","--","--","--","--"," ","0.00","0.23","25","0.24","10","39.05",
="080495","長榮航國票4C購01","0","0","0","--","--","--","--"," ","0.00","0.58","25","0.59","10","39.05",
="080496","辛耘國票4B購01","0","0","0","--","--","--","--"," ","0.00","4.02","25","4.12","10","393.50",
="080497","健策國票52購01","0","0","0","--","--","--","--"," ","0.00","5.35","25","5.45","10","1,905.00",
="080498","虎航國票4C購01","0","0","0","--","--","--","--"," ","0.00","0.17","25","0.18","10","82.60",
="080499","AES國票4C購01","12,000","3","47,490","3.92","4.05","3.82","4.05","+","0.73","3.82","25","3.91","10","1,350.00",
="08049P","FANG+凱基4A售01","0","0","0","--","--","--","--"," ","0.00","0.51","499","0.52","499","0.00",
="080500","世紀鋼國票51購01","15,000","1","22,350","1.49","1.49","1.49","1.49","-","0.10","1.47","25","1.48","10","188.00",
="080501","雄獅中信4B購01","162,000","7","64,340","0.36","0.42","0.36","0.42","+","0.05","0.42","499","0.44","10","0.00",
="080502","滬深2X富邦52購01","100,000","3","114,600","1.15","1.17","1.13","1.13","-","0.28","1.14","100","1.15","98","0.00",
="080503","台光電富邦4C購01","0","0","0","--","--","--","--"," ","0.00","4.97","30","5.15","10","0.00",
="080504","華航富邦4C購01","0","0","0","--","--","--","--"," ","0.00","0.19","30","0.20","28","0.00",
="080505","創意富邦4B購02","83,000","4","103,510","1.25","1.27","1.22","1.22","+","0.01","1.19","30","1.21","10","0.00",
="080506","貿聯富邦4C購02","20,000","2","52,600","2.49","2.77","2.49","2.77","+","0.22","2.64","30","2.68","10","0.00",
="080507","愛普富邦4B購01","470,000","15","547,930","1.13","1.22","1.12","1.22","+","0.09","1.20","30","1.22","10","0.00",
="080508","長榮航統一55購02","0","0","0","--","--","--","--"," ","0.00","0.42","10","0.43","10","39.05",
="080509","聯鈞統一65購01","0","0","0","--","--","--","--"," ","0.00","0.78","10","0.79","10","202.00",
="08050P","喬山凱基4A售01","0","0","0","--","--","--","--"," ","0.00","1.45","10","1.52","10","0.00",
="080510","世芯統一5B購01","50,000","2","107,860","2.14","2.16","2.14","2.16","+","0.02","2.10","10","2.11","10","4,000.00",
="080511","迅得統一58購01","189,000","16","156,950","0.80","0.84","0.80","0.82","+","0.03","0.82","10","0.83","10","193.50",
="080512","虎航統一55購01","200,000","1","48,000","0.24","0.24","0.24","0.24","X","0.00","0.24","10","0.25","10","82.60",
="080513","達運光統一55購01","0","0","0","--","--","--","--"," ","0.00","1.50","10","1.55","10","126.00",
="080514","T50反1永豐53購01","0","0","0","--","--","--","--"," ","0.00","0.08","499","0.09","10","19.79",
="080515","滬深2X永豐54購02","0","0","0","--","--","--","--"," ","0.00","3.77","499","3.87","10","18.32",
="080516","聚陽永豐4C購01","0","0","0","--","--","--","--"," ","0.00","1.27","10","1.28","10","265.00",
="080517","和大永豐4C購01","3,000","1","5,400","1.80","1.80","1.80","1.80","+","0.68","1.69","10","2.20","10","72.90",
="080518","聯發科永豐56購01","2,000","1","13,500","6.75","6.75","6.75","6.75","-","0.10","6.60","10","6.70","10","1,385.00",
="080519","聯茂永豐4B購01","0","0","0","--","--","--","--"," ","0.00","5.05","10","--","0","125.00",
="08051P","台積電凱基64售01","115,000","11","220,750","1.89","1.93","1.89","1.93","+","0.04","1.91","10","--","0","0.00",
="080520","迅得永豐52購02","20,000","4","29,910","1.50","1.51","1.47","1.50","X","0.00","1.49","10","1.50","10","193.50",
="080521","台塑化永豐4C購01","0","0","0","--","--","--","--"," ","0.00","2.03","10","2.05","10","40.75",
="080522","緯穎永豐51購03","18,000","1","61,020","3.39","3.39","3.39","3.39","+","0.11","3.25","499","3.27","10","2,975.00",
="080523","AES永豐4B購02","5,000","1","9,850","1.97","1.97","1.97","1.97","X","0.00","1.92","499","1.99","10","1,350.00",
="080524","世紀鋼永豐53購02","23,000","9","229,900","10.30","10.30","9.60","9.70","-","0.90","9.60","10","9.70","10","188.00",
="080525","貿聯第一4B購01","57,000","4","250,030","4.19","4.51","4.19","4.36","+","0.27","--","0","--","0","0.00",
="080526","統一凱基4B購01","328,000","4","243,160","0.71","0.75","0.71","0.73","+","0.04","0.75","100","0.76","10","77.70",
="080527","東陽凱基4B購02","140,000","2","35,000","0.25","0.25","0.25","0.25","X","0.00","0.24","100","0.25","50","101.00",
="080528","台積電凱基4C購25","0","0","0","--","--","--","--"," ","0.00","4.11","100","4.21","10","1,160.00",
="080529","聯發科凱基4C購09","0","0","0","--","--","--","--"," ","0.00","0.48","100","0.49","10","1,385.00",
="08052P","智邦凱基4B售03","0","0","0","--","--","--","--"," ","0.00","0.02","100","0.03","50","0.00",
="080530","敦陽科凱基4B購01","2,000","1","3,840","1.92","1.92","1.92","1.92","-","0.31","1.84","10","1.87","10","174.00",
="080531","華航凱基52購01","0","0","0","--","--","--","--"," ","0.00","1.17","10","1.19","10","21.25",
="080532","長榮航凱基54購01","235,000","3","167,500","0.72","0.72","0.70","0.70"," ","0.00","0.69","100","0.70","30","39.05",
="080533","奇鋐凱基54購01","0","0","0","--","--","--","--"," ","0.00","9.20","100","9.70","10","1,015.00",
="080534","材料凱基52購03","76,000","7","98,830","1.30","1.33","1.28","1.28","+","0.03","1.25","100","1.35","10","67.70",
="080535","ITH凱基4C購02","0","0","0","--","--","--","--"," ","0.00","0.43","100","0.44","50","45.10",
="080536","台灣50元富4B購02","0","0","0","--","--","--","--"," ","0.00","7.50","25","7.80","25","52.50",
="080537","台灣50元富4B購03","0","0","0","--","--","--","--"," ","0.00","8.65","25","8.85","25","52.50",
="080538","滬深2X元富4B購02","0","0","0","--","--","--","--"," ","0.00","3.70","25","3.80","10","18.32",
="080539","滬深2X元富4B購03","0","0","0","--","--","--","--"," ","0.00","2.95","25","3.05","10","18.32",
="08053P","裕民凱基4A售02","0","0","0","--","--","--","--"," ","0.00","0.41","10","0.42","10","0.00",
="080540","A50正2元富4B購01","0","0","0","--","--","--","--"," ","0.00","3.46","25","3.56","10","31.56",
="080541","世芯元富4C購06","0","0","0","--","--","--","--"," ","0.00","--","0","--","0","4,000.00",
="080542","緯穎元富4B購07","0","0","0","--","--","--","--"," ","0.00","2.71","25","2.73","25","2,975.00",
="080543","ITH元富4B購03","0","0","0","--","--","--","--"," ","0.00","0.35","25","0.36","25","45.10",
="080544","台塑台新4B購01","0","0","0","--","--","--","--"," ","0.00","1.27","20","1.28","10","0.00",
="080545","中砂台新4B購01","0","0","0","--","--","--","--"," ","0.00","1.85","20","1.86","10","0.00",
="080546","華新台新4B購01","0","0","0","--","--","--","--"," ","0.00","1.10","100","1.20","10","0.00",
="080547","台積電台新4B購02","0","0","0","--","--","--","--"," ","0.00","2.77","10","2.85","10","0.00",
="080548","台灣50群益53購01","0","0","0","--","--","--","--"," ","0.00","4.56","100","4.57","100","52.50",
="080549","T50正2群益53購01","0","0","0","--","--","--","--"," ","0.00","5.25","25","5.30","10","259.40",
="08054P","偉訓凱基54售01","0","0","0","--","--","--","--"," ","0.00","0.21","100","0.22","50","0.00",
="080550","元日2X群益55購01","0","0","0","--","--","--","--"," ","0.00","0.48","25","0.49","10","5.97",
="080551","SGBR2X群益4B購01","20,000","1","34,800","1.74","1.74","1.74","1.74","+","0.05","1.70","25","1.71","10","11.25",
="080552","中興電群益4B購05","303,000","9","408,310","1.35","1.36","1.34","1.36","+","0.19","1.35","100","1.38","100","167.00",
="080553","亞力群益4B購01","260,000","5","144,040","0.55","0.57","0.55","0.57","+","0.02","0.20","50","--","0","110.50",
="080554","和大群益4B購02","75,000","7","85,070","1.02","1.55","1.02","1.55","+","0.57","1.55","10","2.16","5","72.90",
="080555","川湖群益4B購02","0","0","0","--","--","--","--"," ","0.00","--","0","5.85","10","2,925.00",
="080556","智邦群益52購02","0","0","0","--","--","--","--"," ","0.00","2.00","499","2.10","10","984.00",
="080557","裕民群益4B購06","393,000","17","1,127,710","2.81","2.96","2.79","2.89","+","0.09","2.78","100","2.80","100","57.30",
="080558","長榮航群益51購01","0","0","0","--","--","--","--"," ","0.00","0.87","10","0.97","10","39.05",
="080559","富邦金群益4C購01","0","0","0","--","--","--","--"," ","0.00","--","0","--","0","85.20",
="08055P","嘉澤凱基4A售03","0","0","0","--","--","--","--"," ","0.00","0.53","10","0.55","10","0.00",
="080560","國泰金群益51購01","15,000","5","37,190","2.51","2.51","2.46","2.46","-","0.07","2.44","28","2.45","10","62.30",
="080561","晟銘電群益4B購02","0","0","0","--","--","--","--"," ","0.00","--","0","2.35","10","133.00",
="080562","奇鋐群益4B購03","0","0","0","--","--","--","--"," ","0.00","--","0","8.90","10","1,015.00",
="080563","世芯群益4B購07","0","0","0","--","--","--","--"," ","0.00","--","0","12.50","10","4,000.00",
="080564","貿聯群益55購01","0","0","0","--","--","--","--"," ","0.00","1.51","1","2.61","10","981.00",
="080565","材料群益4B購04","0","0","0","--","--","--","--"," ","0.00","0.32","10","0.42","10","67.70",
="080566","東聯國票4C購01","0","0","0","--","--","--","--"," ","0.00","0.19","25","0.20","10","12.40",
="080567","萬海國票4C購01","2,000","2","4,400","2.22","2.22","2.18","2.18","X","0.00","2.07","26","2.08","10","84.10",
="080568","大立光國票51購01","0","0","0","--","--","--","--"," ","0.00","1.31","25","1.36","10","2,395.00",
="080569","穎崴國票4C購04","46,000","6","294,450","6.40","6.60","6.05","6.60","+","0.05","6.95","25","7.05","10","1,250.00",
="08056P","健策凱基4A售01","0","0","0","--","--","--","--"," ","0.00","--","0","0.10","10","0.00",
="080570","中興電國泰4C購01","0","0","0","--","--","--","--"," ","0.00","3.31","499","--","0","167.00",
="080571","亞力國泰4C購01","0","0","0","--","--","--","--"," ","0.00","0.06","166","--","0","110.50",
="080572","貿聯國泰4C購01","0","0","0","--","--","--","--"," ","0.00","7.60","499","--","0","981.00",
="080573","緯穎國泰4C購04","0","0","0","--","--","--","--"," ","0.00","4.87","499","4.97","10","2,975.00",
="080574","台灣50元大4B購12","2,000","1","7,400","3.70","3.70","3.70","3.70","X","0.00","3.61","300","3.68","10","52.50",
="080575","FB台50元大4B購01","0","0","0","--","--","--","--"," ","0.00","2.53","100","2.54","10","122.90",
="080576","SGBR2X元大4B購03","20,000","1","30,000","1.50","1.50","1.50","1.50","-","0.04","1.51","1","1.54","10","11.25",
="080577","SGBR2X元大4C購02","0","0","0","--","--","--","--"," ","0.00","1.49","250","1.50","100","11.25",
="080578","SGBR2X元大51購01","0","0","0","--","--","--","--"," ","0.00","1.81","250","1.82","100","11.25",
="080579","國喬元大4B購02","0","0","0","--","--","--","--"," ","0.00","0.06","499","0.07","10","9.92",
="08057P","立積凱基52售01","0","0","0","--","--","--","--"," ","0.00","1.13","17","1.43","10","0.00",
="080580","大成鋼元大51購06","12,000","1","7,200","0.60","0.60","0.60","0.60","X","0.00","0.55","25","0.57","10","38.60",
="080581","台積電元大51購33","0","0","0","--","--","--","--"," ","0.00","--","0","--","0","1,160.00",
="080582","台光電元大4B購05","0","0","0","--","--","--","--"," ","0.00","--","0","--","0","1,250.00",
="080583","聯發科元大51購16","0","0","0","--","--","--","--"," ","0.00","0.29","34","--","0","1,385.00",
="080584","長榮航元大52購02","0","0","0","--","--","--","--"," ","0.00","1.13","499","1.14","10","39.05",
="080585","長榮航元大54購02","0","0","0","--","--","--","--"," ","0.00","0.88","499","0.89","10","39.05",
="080586","八方元大4B購01","0","0","0","--","--","--","--"," ","0.00","0.86","499","0.89","10","190.00",
="080587","富邦金元大4B購03","41,000","1","66,010","1.61","1.61","1.61","1.61","X","0.00","1.53","450","1.56","10","85.20",
="080588","奇鋐元大54購03","0","0","0","--","--","--","--"," ","0.00","5.35","150","5.50","10","1,015.00",
="080589","亞光元大4B購05","0","0","0","--","--","--","--"," ","0.00","1.45","25","1.49","10","164.00",
="08058P","電子類凱基4A售02","0","0","0","--","--","--","--"," ","0.00","0.12","10","0.13","10","0.00",
="080590","緯創元大4C購04","56,000","3","40,380","0.68","0.75","0.68","0.75","+","0.02","0.19","52","--","0","115.00",
="080591","嘉澤元大4B購04","0","0","0","--","--","--","--"," ","0.00","0.98","499","1.01","10","1,465.00",
="080592","世芯元大52購06","0","0","0","--","--","--","--"," ","0.00","4.59","150","--","0","4,000.00",
="080593","貿聯元大4B購05","66,000","8","313,810","4.36","5.00","4.36","5.00","+","0.61","4.68","150","4.77","10","981.00",
="080594","材料元大51購11","0","0","0","--","--","--","--"," ","0.00","0.20","499","0.21","10","67.70",
="080595","緯穎元大52購02","173,000","9","389,590","2.26","2.30","2.23","2.24","+","0.01","2.20","25","2.22","10","2,975.00",
="080596","臺股指元大4B購23","10,000","1","22,700","2.27","2.27","2.27","2.27","X","0.00","2.30","499","2.31","10","0.00",
="080597","臺股指元大4B購24","0","0","0","--","--","--","--"," ","0.00","3.03","499","3.04","10","0.00",
="080598","臺股指元大4B購25","0","0","0","--","--","--","--"," ","0.00","2.79","499","2.87","10","0.00",
="080599","中砂富邦52購01","881,000","21","878,180","0.96","1.06","0.95","1.03","+","0.09","1.02","10","1.06","5","0.00",
="08059P","S&P正2元大4B售02","0","0","0","--","--","--","--"," ","0.00","0.55","100","0.56","100","0.00",
="080600","智邦富邦51購02","0","0","0","--","--","--","--"," ","0.00","3.00","10","3.10","10","0.00",
="080601","南亞科富邦51購01","0","0","0","--","--","--","--"," ","0.00","1.73","10","1.83","10","0.00",
="080602","大立光富邦4C購01","0","0","0","--","--","--","--"," ","0.00","1.67","10","1.77","10","0.00",
="080603","嘉澤富邦51購01","199,000","8","253,740","1.23","1.31","1.23","1.31","+","0.01","1.28","10","1.29","10","0.00",
="080604","立積富邦51購01","1,455,000","56","1,098,530","0.70","1.00","0.65","1.00","+","0.30","0.96","10","1.05","1","0.00",
="080605","穎崴富邦52購01","343,000","44","528,250","1.55","1.64","1.40","1.64","-","0.01","1.64","10","1.66","10","0.00",
="080606","緯穎富邦52購01","87,000","2","200,760","2.31","2.31","2.30","2.30","X","0.00","2.28","30","2.35","28","0.00",
="080607","臺股指富邦53購03","0","0","0","--","--","--","--"," ","0.00","2.15","499","2.16","100","0.00",
="080608","聯電台新4B購01","0","0","0","--","--","--","--"," ","0.00","0.49","20","0.50","10","0.00",
="080609","台灣50群益53購02","5,000","5","16,870","3.41","3.44","3.30","3.30","-","0.27","3.27","100","3.28","100","52.50",
="08060P","元金2X元大51售01","661,000","10","145,580","0.22","0.23","0.22","0.22","-","0.03","0.22","250","0.23","253","0.00",
="080610","敬鵬群益4B購01","569,000","33","912,220","1.21","1.91","1.21","1.91","+","0.61","0.44","22","--","0","40.70",
="080611","台光電群益55購01","10,000","1","58,500","5.85","5.85","5.85","5.85","X","0.00","3.78","20","6.00","10","1,250.00",
="080612","聯發科群益4C購04","10,000","1","10,800","1.08","1.08","1.08","1.08","-","0.04","0.31","32","--","0","1,385.00",
="080613","長榮航群益51購02","0","0","0","--","--","--","--"," ","0.00","0.90","10","1.00","10","39.05",
="080614","富邦金群益4B購02","0","0","0","--","--","--","--"," ","0.00","--","0","4.64","10","85.20",
="080615","奇鋐群益4B購04","0","0","0","--","--","--","--"," ","0.00","--","0","9.95","10","1,015.00",
="080616","緯創群益4B購01","20,000","2","7,500","0.37","0.38","0.37","0.38","-","0.03","0.09","111","--","0","115.00",
="080617","滬深2X中信4C購01","0","0","0","--","--","--","--"," ","0.00","1.30","499","1.31","100","0.00",
="080618","華新中信4B購01","337,000","12","209,590","0.58","0.65","0.58","0.65","+","0.04","0.59","10","0.60","10","0.00",
="080619","敬鵬中信4B購01","255,000","26","282,310","0.88","1.51","0.88","1.44","+","0.52","1.44","10","1.52","6","0.00",
="08061P","中砂元大4A售01","24,000","1","720","0.03","0.03","0.03","0.03","X","0.00","0.03","499","0.13","10","0.00",
="080620","兆豐金中信4B購01","98,000","3","59,660","0.62","0.62","0.54","0.54","-","0.05","0.53","10","0.57","10","0.00",
="080621","奇鋐中信4C購01","0","0","0","--","--","--","--"," ","0.00","--","0","--","0","0.00",
="080622","群創中信4B購01","482,000","21","232,070","0.42","0.61","0.41","0.58","+","0.23","0.57","10","0.59","10","0.00",
="080623","牧德中信4B購01","36,000","5","40,940","1.11","1.16","1.11","1.13","+","0.05","1.26","499","--","0","0.00",
="080624","世芯中信4C購02","0","0","0","--","--","--","--"," ","0.00","2.72","499","--","0","0.00",
="080625","AES中信4C購01","102,000","12","135,500","1.24","1.38","1.24","1.35","+","0.11","1.34","499","1.36","10","0.00",
="080626","AES中信51購01","30,000","3","31,500","1.02","1.10","1.02","1.10","+","0.05","1.10","499","1.12","10","0.00",
="080627","T50正2永豐4B購04","0","0","0","--","--","--","--"," ","0.00","5.25","499","5.40","10","259.40",
="080628","台積電永豐4B購15","0","0","0","--","--","--","--"," ","0.00","3.90","499","4.00","10","1,160.00",
="080629","大同永豐4B購02","0","0","0","--","--","--","--"," ","0.00","0.71","499","0.72","10","40.75",
="08062P","大成鋼元大4A售05","0","0","0","--","--","--","--"," ","0.00","0.23","499","0.24","10","0.00",
="080630","八方永豐4B購01","29,000","1","9,280","0.32","0.32","0.32","0.32","+","0.01","0.30","499","0.32","10","190.00",
="080631","晟銘電永豐4C購02","0","0","0","--","--","--","--"," ","0.00","2.08","499","2.11","10","133.00",
="080632","日電貿永豐4C購01","27,000","7","34,030","1.23","1.27","1.23","1.24","+","0.02","1.23","499","1.24","10","70.50",
="080633","京鼎永豐4C購01","100,000","4","106,660","1.04","1.09","1.04","1.08","-","0.03","1.08","10","1.09","10","290.00",
="080634","迅得永豐4B購02","0","0","0","--","--","--","--"," ","0.00","1.29","10","1.30","10","193.50",
="080635","光聖永豐4C購01","0","0","0","--","--","--","--"," ","0.00","9.30","499","9.80","10","867.00",
="080636","鈺邦永豐4C購01","14,000","1","169,400","12.10","12.10","12.10","12.10","X","0.00","12.00","499","12.20","10","178.00",
="080637","緯穎永豐4C購05","0","0","0","--","--","--","--"," ","0.00","--","0","--","0","2,975.00",
="080638","志強永豐4C購01","82,000","5","60,780","0.70","0.79","0.70","0.79","+","0.04","0.74","15","0.76","10","105.50",
="080639","中砂統一55購03","64,000","1","60,160","0.94","0.94","0.94","0.94","+","0.08","0.91","10","0.92","10","347.00",
="08063P","仁寶元大4A售02","0","0","0","--","--","--","--"," ","0.00","1.37","25","1.47","10","0.00",
="080640","中砂統一55購04","45,000","5","44,730","0.98","1.01","0.98","1.01","+","0.08","0.96","10","0.97","10","347.00",
="080641","晟銘電統一55購03","0","0","0","--","--","--","--"," ","0.00","1.13","10","1.14","10","133.00",
="080642","智原統一55購02","68,000","1","26,520","0.39","0.39","0.39","0.39","X","0.00","0.39","10","0.40","10","158.00",
="080643","欣興統一55購01","0","0","0","--","--","--","--"," ","0.00","1.87","10","1.88","10","150.00",
="080644","創意統一55購01","771,000","20","801,550","1.04","1.06","1.01","1.04","+","0.02","1.04","1","1.05","10","1,350.00",
="080648","虎航統一55購02","0","0","0","--","--","--","--"," ","0.00","0.33","10","0.34","10","82.60",
="080649","T50反1元富55購02","0","0","0","--","--","--","--"," ","0.00","0.96","25","0.97","25","19.79",
="08064P","台積電元大4A售14","0","0","0","--","--","--","--"," ","0.00","--","0","0.01","165","0.00",
="080650","台塑元富4B購01","0","0","0","--","--","--","--"," ","0.00","0.57","25","0.58","25","39.10",
="080652","中砂元富4B購02","41,000","7","200,260","4.81","5.05","4.81","4.94","+","0.73","4.72","25","4.82","10","347.00",
="080653","台積電元富4B購13","0","0","0","--","--","--","--"," ","0.00","2.09","25","2.19","10","1,160.00",
="080655","台積電元富4B購14","0","0","0","--","--","--","--"," ","0.00","14.90","25","15.90","10","1,160.00",
="080656","台積電元富4B購15","0","0","0","--","--","--","--"," ","0.00","2.39","25","2.49","10","1,160.00",
="080658","台積電元富4B購16","0","0","0","--","--","--","--"," ","0.00","1.95","25","2.05","10","1,160.00",
="080659","台積電元富4B購17","0","0","0","--","--","--","--"," ","0.00","25.60","25","26.60","10","1,160.00",
="08065P","台積電元大4A售15","0","0","0","--","--","--","--"," ","0.00","--","0","0.10","10","0.00",
="080660","台積電元富4B購18","0","0","0","--","--","--","--"," ","0.00","2.06","25","2.16","10","1,160.00",
="080662","台積電元富4B購19","0","0","0","--","--","--","--"," ","0.00","2.29","25","2.39","10","1,160.00",
="080663","台積電元富4B購20","0","0","0","--","--","--","--"," ","0.00","2.08","25","2.18","10","1,160.00",
="080664","一詮元富4B購02","0","0","0","--","--","--","--"," ","0.00","0.86","25","0.87","25","80.20",
="080665","緯創元富55購01","4,000","4","4,140","1.04","1.04","1.03","1.03","-","0.03","1.03","25","1.04","25","115.00",
="080667","京鼎元富4B購01","368,000","4","318,200","0.86","0.87","0.86","0.87","-","0.05","0.87","25","0.88","25","290.00",
="080668","群創元富4B購01","0","0","0","--","--","--","--"," ","0.00","0.72","25","0.74","25","14.15",
="08066P","奇鋐元大4A售01","0","0","0","--","--","--","--"," ","0.00","--","0","0.03","97","0.00",
="080671","牧德元富4B購03","0","0","0","--","--","--","--"," ","0.00","4.85","25","4.95","10","594.00",
="080672","世芯元富5B購02","0","0","0","--","--","--","--"," ","0.00","3.83","25","3.89","25","4,000.00",
="080673","臺股指元富4B購09","0","0","0","--","--","--","--"," ","0.00","2.93","25","2.94","25","0.00",
="080675","瑞昱國票4B購02","24,000","5","34,350","1.37","1.46","1.37","1.43"," ","0.00","1.42","25","1.43","10","545.00",
="080676","皇昌國票51購01","13,000","3","23,210","1.83","1.84","1.68","1.68","+","0.21","1.52","25","1.53","10","83.50",
="080677","雄獅國票4B購01","25,000","2","28,270","1.07","1.15","1.07","1.15","+","0.13","1.15","25","1.17","10","159.00",
="080678","八方國票51購01","10,000","1","4,600","0.46","0.46","0.46","0.46","-","0.03","0.50","25","0.51","10","190.00",
="08067P","景碩元大4A售01","0","0","0","--","--","--","--"," ","0.00","0.01","499","0.11","10","0.00",
="080681","聯鈞國票4C購03","10,000","1","15,300","1.53","1.53","1.53","1.53","-","0.11","1.36","25","1.37","10","202.00",
="080682","佳必琪國票4B購01","0","0","0","--","--","--","--"," ","0.00","2.44","25","2.50","10","178.50",
="080683","虎航國票51購01","0","0","0","--","--","--","--"," ","0.00","0.21","25","0.22","10","82.60",
="080684","振樺電國票4B購02","0","0","0","--","--","--","--"," ","0.00","0.97","25","0.98","10","270.00",
="080685","群創國泰4C購01","258,000","16","489,230","1.65","2.01","1.65","1.95","+","0.49","1.95","499","1.98","201","14.15",
="080686","台灣50凱基4B購09","0","0","0","--","--","--","--"," ","0.00","9.00","100","9.50","10","52.50",
="080687","滬深2X凱基4B購08","3,000","1","11,220","3.74","3.74","3.74","3.74","-","0.53","3.52","10","3.53","50","18.32",
="080688","台光電凱基53購01","0","0","0","--","--","--","--"," ","0.00","5.70","100","6.20","10","1,250.00",
="080689","八方凱基4C購02","0","0","0","--","--","--","--"," ","0.00","0.54","10","0.56","10","190.00",
="08068P","川湖群益4A售05","0","0","0","--","--","--","--"," ","0.00","--","0","0.10","10","0.00",
="080690","聯鈞凱基4B購04","196,000","9","277,170","1.49","1.49","1.35","1.35","-","0.24","1.33","76","1.34","10","202.00",
="080691","世芯凱基53購02","0","0","0","--","--","--","--"," ","0.00","6.40","100","6.90","10","4,000.00",
="080692","材料凱基4C購05","0","0","0","--","--","--","--"," ","0.00","0.35","100","0.45","10","67.70",
="080693","光聖凱基53購01","0","0","0","--","--","--","--"," ","0.00","9.15","100","9.65","10","867.00",
="080694","虎航凱基51購01","0","0","0","--","--","--","--"," ","0.00","0.11","10","0.12","50","82.60",
="080695","世紀鋼凱基4B購05","0","0","0","--","--","--","--"," ","0.00","0.51","100","0.52","10","188.00",
="080696","臺股指凱基4B購25","16,000","5","43,980","2.79","2.79","2.61","2.64","X","0.00","2.59","10","2.60","10","0.00",
="080697","臺股指凱基4B購26","0","0","0","--","--","--","--"," ","0.00","6.65","100","6.70","10","0.00",
="080698","T50反1元大4B購04","0","0","0","--","--","--","--"," ","0.00","0.07","100","0.08","10","19.79",
="080699","中砂元大4B購02","414,000","14","626,020","1.40","1.60","1.40","1.60","+","0.20","1.52","25","1.56","10","347.00",
="08069P","旺宏群益4A售01","0","0","0","--","--","--","--"," ","0.00","0.81","3","2.13","10","0.00",
="080700","台積電元大4C購18","0","0","0","--","--","--","--"," ","0.00","0.26","5","--","0","1,160.00",
="080701","金像電元大4B購02","0","0","0","--","--","--","--"," ","0.00","8.25","100","--","0","486.00",
="080702","聯發科元大4C購09","1,663,000","9","1,523,240","0.92","0.92","0.90","0.92","-","0.01","0.91","10","--","0","1,385.00",
="080703","長榮航元大51購03","0","0","0","--","--","--","--"," ","0.00","0.22","499","0.23","10","39.05",
="080704","晟銘電元大4B購06","34,000","4","76,240","2.26","2.26","2.23","2.23","+","0.19","1.94","350","1.98","10","133.00",
="080705","智原元大4B購11","0","0","0","--","--","--","--"," ","0.00","0.20","499","0.21","10","158.00",
="080706","緯創元大4C購05","890,000","6","540,730","0.60","0.64","0.60","0.64","+","0.03","0.62","499","0.64","10","115.00",
="080707","嘉澤元大4B購05","0","0","0","--","--","--","--"," ","0.00","1.03","499","1.06","10","1,465.00",
="080708","世芯元大51購14","0","0","0","--","--","--","--"," ","0.00","3.53","200","3.58","10","4,000.00",
="080709","貿聯元大51購01","0","0","0","--","--","--","--"," ","0.00","3.82","200","--","0","981.00",
="08070P","聯發科群益4B售07","0","0","0","--","--","--","--"," ","0.00","0.05","12","--","0","0.00",
="080710","材料元大51購12","0","0","0","--","--","--","--"," ","0.00","0.29","499","0.30","10","67.70",
="080711","邁達特元大4B購01","1,000","1","840","0.84","0.84","0.84","0.84","X","0.00","0.82","499","0.83","10","55.50",
="080712","光聖元大4B購02","0","0","0","--","--","--","--"," ","0.00","10.50","50","--","0","867.00",
="080713","緯穎元大54購04","39,000","2","89,800","2.35","2.35","2.30","2.30","-","0.13","2.25","25","2.28","10","2,975.00",
="080714","虎航元大4B購01","0","0","0","--","--","--","--"," ","0.00","0.09","499","0.10","10","82.60",
="080715","緯創富邦4B購03","535,000","9","426,660","0.76","0.80","0.76","0.80","+","0.01","0.77","30","0.79","28","0.00",
="080716","臺股指富邦55購01","5,000","2","14,160","2.84","2.84","2.82","2.82","-","0.13","2.74","499","2.75","100","0.00",
="080717","日電貿中信4B購01","0","0","0","--","--","--","--"," ","0.00","0.29","499","0.30","10","0.00",
="080718","光聖中信4C購01","0","0","0","--","--","--","--"," ","0.00","4.20","1","4.60","1","0.00",
="080719","緯穎中信4B購03","0","0","0","--","--","--","--"," ","0.00","1.80","30","--","0","0.00",
="08071P","景碩群益4A售02","0","0","0","--","--","--","--"," ","0.00","--","0","0.13","10","0.00",
="080720","滬深2X永豐55購01","0","0","0","--","--","--","--"," ","0.00","4.60","499","4.70","10","18.32",
="080721","台光電永豐4B購02","0","0","0","--","--","--","--"," ","0.00","10.80","10","11.40","10","1,250.00",
="080722","漢唐永豐4C購01","0","0","0","--","--","--","--"," ","0.00","47.50","499","48.50","10","1,190.00",
="080723","聯發科永豐58購01","27,000","2","307,200","11.30","11.60","11.30","11.60","-","0.10","11.20","10","11.30","10","1,385.00",
="080724","長榮永豐4B購02","24,000","1","32,640","1.36","1.36","1.36","1.36","-","0.03","1.34","499","1.36","10","188.00",
="080725","聯陽永豐4B購01","7,000","1","3,500","0.50","0.50","0.50","0.50"," ","0.00","0.47","10","0.49","10","133.50",
="080726","世芯永豐4B購09","0","0","0","--","--","--","--"," ","0.00","--","0","--","0","4,000.00",
="080727","精成科永豐4B購02","0","0","0","--","--","--","--"," ","0.00","11.20","499","--","0","131.00",
="080728","緯穎永豐4B購05","0","0","0","--","--","--","--"," ","0.00","14.50","499","15.00","10","2,975.00",
="080729","金像電群益4B購03","0","0","0","--","--","--","--"," ","0.00","10.10","50","11.10","10","486.00",
="08072P","貿聯群益4A售02","0","0","0","--","--","--","--"," ","0.00","--","0","0.04","40","0.00",
="080730","長榮航群益52購01","0","0","0","--","--","--","--"," ","0.00","0.89","10","0.99","10","39.05",
="080731","雄獅群益51購01","95,000","4","84,710","0.86","0.92","0.86","0.92","+","0.10","0.07","142","--","0","159.00",
="080732","緯創群益53購02","40,000","3","33,200","0.80","0.84","0.80","0.84"," ","0.00","0.38","26","--","0","115.00",
="080733","材料群益4B購05","0","0","0","--","--","--","--"," ","0.00","0.45","10","0.55","10","67.70",
="080734","緯穎群益4B購05","0","0","0","--","--","--","--"," ","0.00","--","0","4.93","10","2,975.00",
="080735","虎航群益51購02","0","0","0","--","--","--","--"," ","0.00","0.10","100","0.11","100","82.60",
="080736","雲豹群益4B購01","0","0","0","--","--","--","--"," ","0.00","0.36","25","0.41","10","130.50",
="080737","ITH群益4B購01","80,000","2","34,800","0.46","0.46","0.42","0.42","+","0.05","0.42","10","0.52","10","45.10",
="080738","世紀鋼群益4B購03","0","0","0","--","--","--","--"," ","0.00","0.33","10","0.43","10","188.00",
="080739","國巨統一55購01","168,000","9","143,770","0.86","0.87","0.83","0.83"," ","0.00","0.82","10","0.83","10","137.00",
="08073P","台灣50富邦4B售04","0","0","0","--","--","--","--"," ","0.00","0.06","100","0.07","98","0.00",
="080740","金像電統一55購01","1,000","1","3,070","3.07","3.07","3.07","3.07","X","0.00","3.06","10","3.07","10","486.00",
="080741","金像電統一55購02","0","0","0","--","--","--","--"," ","0.00","3.76","10","3.80","10","486.00",
="080742","金像電統一58購01","40,000","2","113,600","2.81","2.85","2.81","2.85","+","0.07","2.85","10","2.88","10","486.00",
="080743","台光電統一59購01","81,000","4","174,860","2.16","2.16","2.11","2.11","-","0.06","2.06","10","2.09","10","1,250.00",
="080744","志聖統一55購01","457,000","34","800,380","1.73","1.91","1.56","1.56","-","0.04","1.55","10","1.56","9","201.50",
="080745","一詮統一55購01","3,000","3","1,590","0.54","0.54","0.52","0.52","-","0.01","0.51","11","0.52","10","80.20",
="080746","緯創統一55購01","664,000","16","538,470","0.79","0.82","0.79","0.81","-","0.01","0.81","10","0.82","10","115.00",
="080747","玉晶光統一55購01","991,000","20","1,384,340","1.39","1.45","1.37","1.45","+","0.05","1.41","10","1.42","10","461.50",
="080748","立積統一55購01","351,000","10","254,830","0.71","0.80","0.69","0.80","+","0.10","0.86","10","--","0","158.00",
="080749","AES統一55購02","111,000","4","144,300","1.30","1.30","1.30","1.30","-","0.02","1.37","10","1.39","10","1,350.00",
="08074P","台灣50富邦54售01","0","0","0","--","--","--","--"," ","0.00","0.09","20","0.10","98","0.00",
="080750","金像電台新4B購01","0","0","0","--","--","--","--"," ","0.00","12.40","20","--","0","0.00",
="080751","緯穎台新4B購01","0","0","0","--","--","--","--"," ","0.00","--","0","--","0","0.00",
="080752","ITH台新4B購01","0","0","0","--","--","--","--"," ","0.00","0.44","20","0.45","10","0.00",
="080753","T50反1元富4B購03","0","0","0","--","--","--","--"," ","0.00","0.05","75","0.15","25","19.79",
="080754","台化元富55購01","0","0","0","--","--","--","--"," ","0.00","2.97","25","3.00","25","29.90",
="080755","美時元富55購01","155,000","5","135,280","0.88","0.89","0.85","0.85","-","0.07","0.85","25","0.86","25","193.50",
="080756","台積電元富65購01","0","0","0","--","--","--","--"," ","0.00","8.20","25","8.70","10","1,160.00",
="080757","金像電元富4B購01","0","0","0","--","--","--","--"," ","0.00","7.85","25","8.35","25","486.00",
="080758","華航元富4B購02","56,000","6","74,480","1.35","1.35","1.26","1.26"," ","0.00","1.24","25","1.26","25","21.25",
="080759","國泰金元富55購01","8,000","1","29,840","3.73","3.73","3.73","3.73","-","0.02","3.60","25","3.63","25","62.30",
="08075P","臺股指永豐53售01","25,000","2","15,650","0.62","0.65","0.62","0.65","+","0.02","0.65","499","0.66","10","0.00",
="080760","新日興元富4B購01","29,000","1","51,620","1.78","1.78","1.78","1.78","+","0.06","0.99","10","--","0","259.00",
="080761","健策元富4B購01","0","0","0","--","--","--","--"," ","0.00","3.23","25","--","0","1,905.00",
="080762","晶心科元富55購01","60,000","4","94,960","1.58","1.59","1.56","1.56","-","0.14","1.60","25","1.61","10","283.00",
="080763","緯穎元富54購02","1,000","1","2,340","2.34","2.34","2.34","2.34","-","0.06","2.33","25","2.34","25","2,975.00",
="080764","世紀鋼元富4B購04","0","0","0","--","--","--","--"," ","0.00","0.85","25","0.87","25","188.00",
="080765","聯發科國泰4C購04","33,000","2","51,150","1.55","1.55","1.55","1.55","-","0.04","1.50","499","1.52","499","1,385.00",
="080766","智易國泰4C購01","0","0","0","--","--","--","--"," ","0.00","1.93","499","1.95","180","236.00",
="080767","世芯國泰4C購01","0","0","0","--","--","--","--"," ","0.00","7.90","499","--","0","4,000.00",
="080768","光聖國泰4C購01","0","0","0","--","--","--","--"," ","0.00","14.20","499","--","0","867.00",
="080769","AES國泰4C購01","10,000","1","44,500","4.45","4.45","4.45","4.45","X","0.00","4.29","499","4.36","100","1,350.00",
="08076P","國企2X凱基4A售05","60,000","3","77,400","1.27","1.31","1.27","1.29","X","0.00","1.37","100","1.38","50","0.00",
="080770","S&P反1國票4C購01","2,000","2","260","0.13","0.13","0.13","0.13","X","0.00","0.12","26","0.13","10","4.56",
="080771","臺指反國票55購01","0","0","0","--","--","--","--"," ","0.00","0.14","25","0.15","10","3.20",
="080772","道瓊2X國票53購01","0","0","0","--","--","--","--"," ","0.00","1.44","25","1.45","10","27.67",
="080773","士電國票4B購02","252,000","22","326,360","1.39","1.39","1.23","1.26","+","0.13","1.24","25","1.26","10","187.50",
="080774","敬鵬國票4C購01","179,000","15","301,350","1.25","1.82","1.25","1.82","+","0.53","1.98","25","--","0","40.70",
="080775","亞航國票4B購01","0","0","0","--","--","--","--"," ","0.00","3.68","25","--","0","62.70",
="080776","亞航國票4C購01","183,000","22","716,570","4.22","4.22","3.74","3.79","-","0.11","3.67","25","3.77","10","62.70",
="080777","亞航國票51購01","91,000","16","316,670","3.73","3.73","3.30","3.36","-","0.01","3.14","25","3.71","499","62.70",
="080778","碩天國票4C購01","0","0","0","--","--","--","--"," ","0.00","0.65","25","0.67","10","225.50",
="080779","精成科國票4B購01","0","0","0","--","--","--","--"," ","0.00","11.40","27","--","0","131.00",
="08077P","大成鋼凱基4B售04","4,000","2","5,990","1.46","1.51","1.46","1.51","+","0.40","1.53","10","1.63","10","0.00",
="080781","精成科國票4C購01","0","0","0","--","--","--","--"," ","0.00","10.10","27","--","0","131.00",
="080782","矽力國票4C購02","0","0","0","--","--","--","--"," ","0.00","0.30","25","0.31","10","317.00",
="080783","緯穎國票4C購03","26,000","8","85,670","3.39","3.39","3.26","3.28","-","0.13","3.29","25","3.33","10","2,975.00",
="080784","富世達國票4C購02","0","0","0","--","--","--","--"," ","0.00","19.40","25","20.40","10","1,145.00",
="080785","元金反元大4B購01","0","0","0","--","--","--","--"," ","0.00","0.64","100","0.71","10","7.48",
="080786","美債2X元大51購02","0","0","0","--","--","--","--"," ","0.00","0.54","499","0.55","100","7.03",
="080787","美債2X元大53購02","0","0","0","--","--","--","--"," ","0.00","0.51","499","0.52","100","7.03",
="080788","華城元大4B購03","10,000","1","32,700","3.27","3.27","3.27","3.27","+","0.06","3.05","250","3.10","10","618.00",
="080789","上銀元大4B購08","354,000","2","166,380","0.47","0.47","0.47","0.47","X","0.00","0.44","499","0.45","10","215.50",
="08078P","仁寶凱基4A售01","0","0","0","--","--","--","--"," ","0.00","1.28","10","1.38","10","0.00",
="080790","廣宇元大4B購03","0","0","0","--","--","--","--"," ","0.00","4.13","200","4.21","10","60.90",
="080791","台積電元大51購34","0","0","0","--","--","--","--"," ","0.00","0.16","6","--","0","1,160.00",
="080792","台光電元大4B購07","0","0","0","--","--","--","--"," ","0.00","3.28","1","--","0","1,250.00",
="080793","京元電元大4B購02","0","0","0","--","--","--","--"," ","0.00","5.45","150","5.60","10","142.00",
="080794","聯發科元大51購17","1,786,000","10","1,570,390","0.88","0.90","0.87","0.88","-","0.02","0.88","5","--","0","1,385.00",
="080795","雄獅元大4B購01","0","0","0","--","--","--","--"," ","0.00","0.84","499","0.87","10","159.00",
="080796","富邦金元大4B購04","0","0","0","--","--","--","--"," ","0.00","1.94","350","2.01","10","85.20",
="080797","國泰金元大4B購04","0","0","0","--","--","--","--"," ","0.00","1.87","400","1.94","10","62.30",
="080798","緯創元大54購01","9,000","2","7,490","0.83","0.85","0.83","0.85","-","0.03","0.85","499","0.87","10","115.00",
="080799","世芯元大51購15","0","0","0","--","--","--","--"," ","0.00","3.72","200","3.77","10","4,000.00",
="08079P","台積電凱基4C售20","0","0","0","--","--","--","--"," ","0.00","0.01","318","0.11","20","0.00",
="080800","貿聯元大4B購06","309,000","21","1,039,550","2.97","3.54","2.97","3.25","+","0.28","3.28","250","3.32","10","981.00",
="080801","光聖元大4B購03","0","0","0","--","--","--","--"," ","0.00","7.55","100","--","0","867.00",
="080802","保瑞元大54購01","131,000","8","246,210","1.87","1.91","1.86","1.91","-","0.06","1.87","400","1.89","10","733.00",
="080803","緯穎元大54購05","16,000","2","29,560","1.86","1.86","1.84","1.84","-","0.01","1.82","25","--","0","2,975.00",
="080804","AES元大4B購01","272,000","4","599,980","2.09","2.22","2.09","2.22","+","0.27","2.22","400","2.27","10","1,350.00",
="080805","SP黃豆凱基4C購01","55,000","5","15,500","0.28","0.29","0.28","0.28","-","0.02","0.28","10","0.29","50","20.50",
="080806","台積電凱基4C購26","0","0","0","--","--","--","--"," ","0.00","7.30","14","7.80","10","1,160.00",
="080807","台積電凱基51購14","0","0","0","--","--","--","--"," ","0.00","3.77","100","3.86","10","1,160.00",
="080808","金像電凱基4B購02","0","0","0","--","--","--","--"," ","0.00","17.20","10","18.20","10","486.00",
="080809","大同凱基4B購02","50,000","1","43,500","0.87","0.87","0.87","0.87","X","0.00","0.83","10","0.84","10","40.75",
="08080P","慧洋凱基4A售02","0","0","0","--","--","--","--"," ","0.00","0.38","10","0.48","10","0.00",
="080810","富邦金凱基4B購01","42,000","2","93,310","2.21","2.28","2.21","2.28","X","0.00","2.18","100","2.28","10","85.20",
="080811","智原凱基4B購02","100,000","2","5,000","0.05","0.05","0.05","0.05","X","0.00","0.05","100","0.15","10","158.00",
="080812","嘉澤凱基4B購03","118,000","6","134,310","1.11","1.19","1.11","1.19","X","0.00","1.17","100","1.19","10","1,465.00",
="080813","光聖凱基4B購02","72,000","5","1,002,700","14.50","14.50","13.80","13.90","-","0.70","13.70","20","14.70","10","867.00",
="080814","泰金寶凱基4C購01","0","0","0","--","--","--","--"," ","0.00","0.21","10","0.22","50","6.01",
="080815","高股息中信53購01","0","0","0","--","--","--","--"," ","0.00","0.22","499","0.23","100","0.00",
="080816","A50正2中信52購01","622,000","11","391,820","0.63","0.64","0.62","0.62","-","0.18","0.61","100","0.62","90","0.00",
="080817","元金反中信4C購01","0","0","0","--","--","--","--"," ","0.00","0.23","499","0.25","100","0.00",
="080818","盟立中信4B購01","158,000","14","73,860","0.47","0.50","0.45","0.45","+","0.05","0.43","10","0.44","20","0.00",
="080819","滬深2X永豐51購04","10,000","1","31,800","3.18","3.18","3.18","3.18","X","0.00","3.14","10","3.24","10","18.32",
="08081P","奇鋐凱基4A售03","0","0","0","--","--","--","--"," ","0.00","--","0","0.02","50","0.00",
="080820","台光電永豐51購02","0","0","0","--","--","--","--"," ","0.00","56.00","499","58.50","10","1,250.00",
="080821","南亞科永豐4B購02","0","0","0","--","--","--","--"," ","0.00","1.05","499","1.06","10","46.65",
="080822","一詮永豐51購02","70,000","2","135,200","1.91","1.94","1.91","1.94","+","0.02","1.86","10","1.96","10","80.20",
="080823","萬海永豐51購01","24,000","9","74,620","3.03","3.22","3.03","3.13","+","0.22","2.94","10","2.95","10","84.10",
="080824","亞光永豐4C購03","0","0","0","--","--","--","--"," ","0.00","1.78","499","1.83","10","164.00",
="080825","欣興永豐4B購01","0","0","0","--","--","--","--"," ","0.00","2.01","499","--","0","150.00",
="080826","新日興永豐4C購01","34,000","13","88,800","2.18","2.81","2.18","2.81","+","0.70","1.21","8","--","0","259.00",
="080827","群創永豐4B購01","4,000","1","2,440","0.61","0.61","0.61","0.61","X","0.00","0.77","499","0.80","10","14.15",
="080828","華擎永豐4B購01","89,000","5","191,000","2.14","2.16","2.14","2.14","-","0.11","2.13","499","2.17","10","281.00",
="080829","牧德永豐51購01","27,000","3","49,520","1.78","1.90","1.77","1.90","+","0.29","1.85","499","1.95","10","594.00",
="08082P","貿聯凱基4B售01","0","0","0","--","--","--","--"," ","0.00","0.04","100","0.14","10","0.00",
="080830","健策永豐4C購02","2,000","1","6,180","3.09","3.09","3.09","3.09","-","0.20","3.13","499","3.22","10","1,905.00",
="080831","世芯永豐4C購08","0","0","0","--","--","--","--"," ","0.00","4.86","499","--","0","4,000.00",
="080832","貿聯永豐4C購01","0","0","0","--","--","--","--"," ","0.00","--","0","--","0","981.00",
="080833","立積永豐4B購04","108,000","5","86,160","0.72","0.89","0.69","0.89","+","0.20","1.02","499","--","0","158.00",
="080834","亞翔永豐51購01","62,000","4","310,900","5.15","5.15","4.93","4.97","X","0.00","4.91","21","5.05","10","349.50",
="080835","富世達永豐4B購01","0","0","0","--","--","--","--"," ","0.00","9.45","499","--","0","1,145.00",
="080836","來億永豐4B購01","0","0","0","--","--","--","--"," ","0.00","0.12","499","0.13","10","243.50",
="080837","南電永豐51購01","0","0","0","--","--","--","--"," ","0.00","6.50","499","--","0","226.00",
="080838","羅昇永豐4B購01","13,000","3","9,890","0.75","0.79","0.75","0.77","-","0.01","0.75","10","0.76","10","114.50",
="080839","華通台新4B購01","0","0","0","--","--","--","--"," ","0.00","3.05","20","3.06","10","0.00",
="08083P","臺股指凱基4C售13","18,000","2","13,780","0.77","0.77","0.76","0.76","-","0.01","0.79","100","0.80","10","0.00",
="080840","牧德台新4B購02","3,000","1","6,570","2.19","2.19","2.19","2.19","+","0.26","2.35","20","2.36","10","0.00",
="080841","緯穎第一55購01","175,000","9","264,310","1.54","1.54","1.51","1.51","X","0.00","1.50","10","1.52","10","0.00",
="080842","華城統一53購01","169,000","9","257,360","1.51","1.53","1.49","1.49"," ","0.00","1.44","10","1.45","10","618.00",
="080843","技嘉統一55購01","309,000","6","253,380","0.82","0.82","0.82","0.82","-","0.01","0.79","10","0.80","10","281.00",
="080844","亞光統一65購01","10,000","2","8,350","0.84","0.84","0.83","0.83"," ","0.00","0.81","15","0.82","10","164.00",
="080845","世芯統一5B購02","59,000","3","107,950","1.83","1.83","1.81","1.81","-","0.01","1.79","10","1.80","10","4,000.00",
="080846","光聖統一55購04","5,000","1","9,700","1.94","1.94","1.94","1.94","-","0.02","1.82","10","1.83","10","867.00",
="080847","光聖統一58購01","136,000","14","320,620","2.42","2.43","2.31","2.37","-","0.05","2.29","10","2.33","10","867.00",
="080848","光聖統一61購01","1,054,000","45","2,013,640","1.95","1.95","1.86","1.90","-","0.04","1.88","31","1.90","10","867.00",
="080849","光聖統一65購01","7,000","3","12,150","1.73","1.74","1.73","1.74","-","0.01","1.70","10","1.71","10","867.00",
="08084P","鴻海群益4A售09","0","0","0","--","--","--","--"," ","0.00","--","0","0.10","10","0.00",
="080850","羅昇統一5B購01","74,000","2","84,360","1.14","1.14","1.14","1.14","+","0.01","1.12","10","1.13","10","114.50",
="080851","高股息凱基51購01","0","0","0","--","--","--","--"," ","0.00","1.16","10","1.17","50","35.04",
="080852","T50反1凱基4B購04","0","0","0","--","--","--","--"," ","0.00","0.05","100","0.06","10","19.79",
="080853","T50反1凱基4C購04","0","0","0","--","--","--","--"," ","0.00","0.08","100","0.09","10","19.79",
="080854","臺指反凱基55購01","0","0","0","--","--","--","--"," ","0.00","0.17","100","0.18","10","3.20",
="080855","元金反凱基51購01","0","0","0","--","--","--","--"," ","0.00","0.35","100","0.36","10","7.48",
="080856","元債2X凱基51購02","0","0","0","--","--","--","--"," ","0.00","0.46","100","0.47","50","7.05",
="080857","美債2X凱基51購01","8,000","1","3,440","0.43","0.43","0.43","0.43","X","0.00","0.42","100","0.43","10","7.03",
="080858","SGBR2X凱基51購02","2,000","1","4,500","2.25","2.25","2.25","2.25","+","0.03","2.23","100","2.24","10","11.25",
="080859","所羅門凱基51購01","26,000","2","51,620","2.18","2.18","1.96","1.96","-","0.20","1.94","100","1.96","10","162.00",
="08085P","一詮群益4C售01","0","0","0","--","--","--","--"," ","0.00","0.79","10","0.89","10","0.00",
="080860","皇昌凱基4B購02","313,000","35","638,180","2.10","2.38","1.83","1.88","-","0.12","1.82","10","1.84","10","83.50",
="080861","貿聯凱基51購01","0","0","0","--","--","--","--"," ","0.00","5.55","10","6.05","10","981.00",
="080862","材料凱基4B購02","0","0","0","--","--","--","--"," ","0.00","0.13","100","0.14","50","67.70",
="080863","光聖凱基4B購03","0","0","0","--","--","--","--"," ","0.00","9.20","100","9.70","10","867.00",
="080864","虎航凱基4B購02","0","0","0","--","--","--","--"," ","0.00","0.08","10","0.09","50","82.60",
="080865","富世達凱基4B購02","0","0","0","--","--","--","--"," ","0.00","17.20","100","18.20","10","1,145.00",
="080866","世紀鋼凱基55購01","0","0","0","--","--","--","--"," ","0.00","1.50","100","1.51","10","188.00",
="080867","T50反1群益51購01","0","0","0","--","--","--","--"," ","0.00","0.05","100","0.06","100","19.79",
="080868","廣宇群益4C購02","14,000","3","81,100","5.95","5.95","5.75","5.75","+","0.20","5.55","10","6.05","10","60.90",
="080869","所羅門群益4B購04","25,000","5","37,840","1.48","1.59","1.48","1.52","+","0.01","0.69","14","--","0","162.00",
="08086P","嘉澤群益4B售03","74,000","4","10,760","0.15","0.15","0.14","0.14","-","0.02","0.14","25","0.17","10","0.00",
="080870","大同群益4B購01","0","0","0","--","--","--","--"," ","0.00","0.04","30","--","0","40.75",
="080871","京元電群益4C購01","44,000","6","146,840","3.17","3.44","3.17","3.39","+","0.20","1.54","6","--","0","142.00",
="080872","智原群益4C購03","0","0","0","--","--","--","--"," ","0.00","0.36","100","0.37","100","158.00",
="080873","緯創群益4B購02","39,000","2","22,900","0.55","0.60","0.55","0.60","-","0.01","0.15","66","--","0","115.00",
="080874","神達群益4B購02","42,000","11","323,300","7.45","7.90","7.45","7.60","+","1.25","7.70","10","8.20","10","95.90",
="080875","光聖群益4B購02","0","0","0","--","--","--","--"," ","0.00","6.30","10","6.80","10","867.00",
="080876","光聖群益51購01","0","0","0","--","--","--","--"," ","0.00","5.85","10","6.35","10","867.00",
="080877","台塑化群益4B購03","5,000","1","3,500","0.70","0.70","0.70","0.70","-","0.20","0.63","10","0.73","10","40.75",
="080878","羅昇群益4B購01","48,000","6","36,720","0.72","0.80","0.72","0.77","-","0.01","0.75","25","0.77","10","114.50",
="080879","臺股指群益54購08","0","0","0","--","--","--","--"," ","0.00","1.36","499","1.37","499","0.00",
="08087P","台灣50元富4A售06","0","0","0","--","--","--","--"," ","0.00","0.54","25","0.55","25","0.00",
="080880","臺股指群益54購09","0","0","0","--","--","--","--"," ","0.00","2.63","499","2.64","499","0.00",
="080881","滬深2X元大53購03","0","0","0","--","--","--","--"," ","0.00","2.70","499","2.71","100","18.32",
="080882","滬深2X元大54購02","0","0","0","--","--","--","--"," ","0.00","2.49","250","2.50","100","18.32",
="080883","國喬元大4B購03","0","0","0","--","--","--","--"," ","0.00","0.03","499","0.13","10","9.92",
="080884","和大元大4B購03","855,000","17","569,550","0.59","1.00","0.58","1.00","+","0.37","1.01","10","1.20","10","72.90",
="080885","大成鋼元大4B購07","0","0","0","--","--","--","--"," ","0.00","1.02","25","1.03","10","38.60",
="080886","上銀元大4B購09","0","0","0","--","--","--","--"," ","0.00","0.45","499","0.46","10","215.50",
="080887","廣宇元大4B購04","0","0","0","--","--","--","--"," ","0.00","5.30","150","5.40","10","60.90",
="080888","台積電元大51購35","10,000","1","10,000","1.00","1.00","1.00","1.00","X","0.00","0.09","12","--","0","1,160.00",
="080889","所羅門元大4B購05","37,000","13","24,270","0.72","0.79","0.62","0.62","-","0.15","0.62","499","0.63","10","162.00",
="08088P","T50正2元富4B售02","0","0","0","--","--","--","--"," ","0.00","0.07","25","0.10","10","0.00",
="080890","台光電元大4B購08","0","0","0","--","--","--","--"," ","0.00","3.23","3","--","0","1,250.00",
="080891","聯發科元大51購18","0","0","0","--","--","--","--"," ","0.00","0.05","62","--","0","1,385.00",
="080892","皇昌元大4B購02","148,000","6","181,290","1.27","1.27","1.07","1.07"," ","0.00","1.01","499","1.03","10","83.50",
="080893","雄獅元大4B購02","234,000","1","177,840","0.76","0.76","0.76","0.76","X","0.00","0.73","499","0.75","10","159.00",
="080894","緯創元大51購02","1,056,000","7","584,860","0.55","0.57","0.55","0.57","-","0.02","0.56","499","0.58","10","115.00",
="080895","嘉澤元大4B購06","150,000","1","133,500","0.89","0.89","0.89","0.89","+","0.02","0.88","499","0.91","10","1,465.00",
="080896","貿聯元大54購01","157,000","19","448,070","2.70","3.01","2.70","2.86","+","0.12","2.85","250","2.88","10","981.00",
="080897","大銀元大4B購02","13,000","4","7,780","0.62","0.64","0.59","0.64","+","0.03","0.56","499","0.58","10","126.00",
="080898","材料元大51購13","0","0","0","--","--","--","--"," ","0.00","0.32","499","0.33","10","67.70",
="080899","祥碩元大4B購05","40,000","2","5,600","0.14","0.14","0.14","0.14","-","0.01","0.13","499","0.14","10","1,665.00",
="08089P","國企2X元富4A售02","0","0","0","--","--","--","--"," ","0.00","0.30","25","0.31","25","0.00",
="080900","光聖元大4B購04","17,000","7","90,500","5.40","5.50","5.25","5.30","-","0.55","5.30","2","6.80","11","867.00",
="080901","穎崴元大4B購05","403,000","4","295,860","0.80","0.80","0.73","0.73","-","0.11","0.87","6","--","0","1,250.00",
="080902","緯穎元大51購05","5,000","1","8,250","1.65","1.65","1.65","1.65"," ","0.00","1.62","25","1.64","10","2,975.00",
="080903","富世達元大4B購02","0","0","0","--","--","--","--"," ","0.00","--","0","--","0","1,145.00",
="080904","台灣50元富4B購04","0","0","0","--","--","--","--"," ","0.00","28.30","25","29.10","25","52.50",
="080906","香港2X元富4B購02","282,000","18","310,130","1.13","1.13","1.04","1.07","-","0.32","1.00","25","1.10","10","16.40",
="080907","美費半元富55購01","0","0","0","--","--","--","--"," ","0.00","4.18","25","4.19","25","45.51",
="080908","東陽元富55購01","467,000","18","317,750","0.65","0.72","0.65","0.69","X","0.00","0.68","25","0.69","25","101.00",
="080909","華新元富4B購02","437,000","5","517,100","1.12","1.25","1.12","1.25","+","0.06","1.15","25","1.16","25","23.35",
="08090P","台積電元富4A售24","0","0","0","--","--","--","--"," ","0.00","0.02","25","0.10","10","0.00",
="080910","智邦元富4C購01","0","0","0","--","--","--","--"," ","0.00","4.75","25","4.85","10","984.00",
="080911","所羅門元富52購01","20,000","1","40,600","2.03","2.03","2.03","2.03","-","0.25","1.91","25","1.93","25","162.00",
="080912","台光電元富4C購01","0","0","0","--","--","--","--"," ","0.00","7.45","25","7.95","25","1,250.00",
="080913","台光電元富53購01","0","0","0","--","--","--","--"," ","0.00","5.40","25","--","0","1,250.00",
="080914","威盛元富55購01","129,000","10","95,100","0.74","0.74","0.69","0.69","-","0.03","0.69","25","0.70","25","62.00",
="080917","世芯元富4B購09","0","0","0","--","--","--","--"," ","0.00","--","0","--","0","4,000.00",
="080918","世芯元富4B購10","0","0","0","--","--","--","--"," ","0.00","--","0","--","0","4,000.00",
="08091P","台積電元富4A售25","0","0","0","--","--","--","--"," ","0.00","0.12","25","0.13","25","0.00",
="080921","世芯元富4B購11","13,000","1","43,810","3.37","3.37","3.37","3.37","-","0.01","3.24","25","3.29","25","4,000.00",
="080922","世芯元富4C購07","11,000","1","45,760","4.16","4.16","4.16","4.16","-","0.02","4.02","25","4.09","25","4,000.00",
="080923","光聖元富4B購01","0","0","0","--","--","--","--"," ","0.00","7.90","25","8.40","25","867.00",
="080924","光聖元富4B購02","0","0","0","--","--","--","--"," ","0.00","7.55","25","8.05","10","867.00",
="080925","光聖元富55購01","22,000","9","85,820","4.00","4.00","3.83","3.92","-","0.21","3.92","6","3.96","10","867.00",
="080926","緯穎元富4B購09","0","0","0","--","--","--","--"," ","0.00","2.13","25","2.14","25","2,975.00",
="080927","羅昇元富4B購01","11,000","1","14,080","1.28","1.28","1.28","1.28","+","0.01","1.21","25","1.23","25","114.50",
="080929","華邦電國票4C購03","69,000","6","64,320","0.92","0.98","0.89","0.89","-","0.11","0.89","25","0.91","10","19.60",
="08092P","金像電元富4A售01","0","0","0","--","--","--","--"," ","0.00","--","0","0.02","140","0.00",
="080930","智邦國票4C購03","21,000","2","136,500","6.50","6.50","6.50","6.50","-","0.20","6.40","25","6.65","10","984.00",
="080931","光聖國票4C購01","0","0","0","--","--","--","--"," ","0.00","8.00","25","8.50","10","867.00",
="080932","光聖國票51購01","0","0","0","--","--","--","--"," ","0.00","7.45","25","7.95","10","867.00",
="080933","光聖國票52購01","132,000","19","1,034,100","8.15","8.15","7.60","7.85","-","0.25","7.70","25","7.85","10","867.00",
="080934","鈺邦國票4B購01","0","0","0","--","--","--","--"," ","0.00","3.70","25","3.80","10","178.00",
="080935","穎崴國票4C購06","293,000","11","548,990","1.83","2.11","1.66","2.11","+","0.12","2.11","25","2.14","10","1,250.00",
="080937","志強國票51購01","2,000","1","1,120","0.56","0.56","0.56","0.56","X","0.00","0.54","25","0.55","10","105.50",
="080938","所羅門國泰4C購01","0","0","0","--","--","--","--"," ","0.00","2.64","499","2.67","100","162.00",
="080939","牧德國泰4C購01","886,000","29","2,357,620","2.73","2.93","2.52","2.93","+","0.50","2.91","420","2.93","100","594.00",
="08093P","元金2X國票54售01","111,000","3","46,730","0.42","0.43","0.42","0.43","X","0.00","0.41","26","0.43","9","0.00",
="080940","材料國泰4C購01","0","0","0","--","--","--","--"," ","0.00","0.66","499","0.67","100","67.70",
="080941","光聖國泰4C購02","0","0","0","--","--","--","--"," ","0.00","9.90","100","--","0","867.00",
="080942","台灣50富邦4C購04","0","0","0","--","--","--","--"," ","0.00","3.13","100","3.18","10","0.00",
="080944","台灣50富邦55購01","145,000","6","249,250","1.81","1.81","1.71","1.72","-","0.17","1.71","100","1.72","98","0.00",
="080945","鴻海富邦51購03","0","0","0","--","--","--","--"," ","0.00","2.85","7","2.89","10","0.00",
="080946","所羅門富邦4B購01","657,000","20","641,600","0.96","1.02","0.90","0.93","-","0.07","0.82","30","0.84","28","0.00",
="080947","虎航富邦4B購01","0","0","0","--","--","--","--"," ","0.00","0.05","30","0.06","10","0.00",
="080948","香港2X中信4C購01","160,000","3","94,800","0.60","0.60","0.57","0.57","X","0.00","0.55","100","0.56","100","0.00",
="080949","A50正2中信51購01","5,000","1","4,250","0.85","0.85","0.85","0.85","-","0.15","0.79","100","0.80","100","0.00",
="08094P","和大國票4B售01","0","0","0","--","--","--","--"," ","0.00","0.13","70","0.35","10","0.00",
="080950","元金反群益55購01","0","0","0","--","--","--","--"," ","0.00","0.43","25","0.44","10","7.48",
="080951","美債2X群益55購01","0","0","0","--","--","--","--"," ","0.00","0.67","10","0.77","10","7.03",
="080952","SGBR2X群益4B購02","0","0","0","--","--","--","--"," ","0.00","1.76","25","1.77","10","11.25",
="080953","名軒群益4B購01","0","0","0","--","--","--","--"," ","0.00","0.01","499","--","0","51.90",
="080954","士電群益4B購02","30,000","2","28,500","0.99","0.99","0.93","0.93","+","0.12","0.88","100","0.89","100","187.50",
="080955","台達電群益4C購01","0","0","0","--","--","--","--"," ","0.00","--","0","--","0","709.00",
="080956","所羅門群益4C購02","0","0","0","--","--","--","--"," ","0.00","1.06","499","1.16","10","162.00",
="080957","皇昌群益4C購02","39,000","1","44,460","1.14","1.14","1.14","1.14","+","0.28","0.91","10","1.01","10","83.50",
="080958","創意群益52購01","0","0","0","--","--","--","--"," ","0.00","0.61","16","1.18","10","1,350.00",
="080959","貿聯群益4B購04","41,000","6","182,860","4.30","4.62","4.24","4.56","+","0.28","1.82","5","--","0","981.00",
="08095P","廣宇國票4C售03","0","0","0","--","--","--","--"," ","0.00","0.19","25","--","0","0.00",
="080960","技嘉元富52購01","3,000","1","780","0.26","0.26","0.26","0.26","-","0.03","0.25","25","0.26","25","281.00",
="080961","訊芯群益4C購03","81,000","3","69,660","0.86","0.86","0.86","0.86","-","0.14","0.80","25","0.81","10","165.00",
="080962","愛普群益4C購02","90,000","12","211,060","2.31","2.56","2.25","2.56","+","0.22","2.45","100","2.49","100","305.50",
="080963","晶心科群益4C購01","127,000","10","99,610","0.83","0.83","0.77","0.78","-","0.07","0.80","10","0.90","10","283.00",
="080964","富世達群益4B購02","0","0","0","--","--","--","--"," ","0.00","--","0","--","0","1,145.00",
="080965","世紀鋼群益4B購04","9,000","2","7,380","0.86","0.86","0.80","0.80","-","0.10","0.81","10","0.91","10","188.00",
="080966","臺股指群益57購01","0","0","0","--","--","--","--"," ","0.00","1.64","499","1.65","499","0.00",
="080967","和大統一55購02","163,000","4","112,090","0.65","0.70","0.65","0.70","X","0.00","0.81","10","--","0","72.90",
="080968","信錦統一55購01","0","0","0","--","--","--","--"," ","0.00","0.46","10","0.47","10","72.00",
="080969","上銀統一55購01","0","0","0","--","--","--","--"," ","0.00","0.40","10","0.41","10","215.50",
="08096P","龍德船國票4B售01","412,000","13","62,630","0.14","0.17","0.14","0.16"," ","0.00","0.15","25","0.16","10","0.00",
="080970","佳能統一55購01","0","0","0","--","--","--","--"," ","0.00","1.38","10","1.39","10","80.80",
="080971","技嘉統一53購02","429,000","8","592,020","1.38","1.38","1.38","1.38","-","0.03","1.34","10","1.35","10","281.00",
="080972","奇鋐統一55購02","4,000","4","11,440","2.91","2.91","2.80","2.80","-","0.17","2.78","10","2.83","10","1,015.00",
="080973","華擎統一55購01","316,000","10","319,880","1.02","1.02","0.99","0.99","-","0.05","0.98","110","0.99","10","281.00",
="080974","材料統一55購01","0","0","0","--","--","--","--"," ","0.00","0.35","10","0.36","10","67.70",
="080975","立積統一56購04","1,137,000","28","897,030","0.74","0.91","0.72","0.91","+","0.18","0.92","10","--","0","158.00",
="080976","瀚宇博統一55購01","192,000","25","331,860","1.73","1.87","1.64","1.68","-","0.02","1.67","10","1.68","10","81.70",
="080977","愛普統一55購01","448,000","14","367,530","0.79","0.84","0.79","0.82","+","0.04","0.80","10","0.81","10","305.50",
="080978","緯穎統一51購06","141,000","6","160,850","1.18","1.18","1.13","1.14","-","0.02","1.11","10","1.12","10","2,975.00",
="080979","采鈺統一55購03","479,000","10","417,160","0.85","0.88","0.85","0.86","+","0.10","0.85","10","0.86","10","264.00",
="08097P","鴻海元大4A售12","0","0","0","--","--","--","--"," ","0.00","--","0","0.10","60","0.00",
="080980","富世達統一55購01","0","0","0","--","--","--","--"," ","0.00","2.48","10","2.49","10","1,145.00",
="080981","健策台新4B購01","0","0","0","--","--","--","--"," ","0.00","5.80","20","6.50","5","0.00",
="080982","迅得台新4B購01","15,000","2","32,280","2.05","2.22","2.05","2.22","+","0.22","2.17","20","2.18","10","0.00",
="080983","台灣50元大4B購13","0","0","0","--","--","--","--"," ","0.00","5.05","100","5.35","10","52.50",
="080984","台灣50元大4B購14","0","0","0","--","--","--","--"," ","0.00","3.41","300","3.51","10","52.50",
="080985","台灣50元大4B購17","0","0","0","--","--","--","--"," ","0.00","4.00","200","4.04","10","52.50",
="080986","台灣50元大4B購18","0","0","0","--","--","--","--"," ","0.00","4.71","200","4.79","10","52.50",
="080987","台灣50元大4B購19","0","0","0","--","--","--","--"," ","0.00","2.60","400","2.66","10","52.50",
="080988","道瓊2X元大4B購01","0","0","0","--","--","--","--"," ","0.00","2.38","499","2.43","10","27.67",
="080989","台積電元大51購36","0","0","0","--","--","--","--"," ","0.00","0.14","71","--","0","1,160.00",
="08098P","鴻海元大4A售13","0","0","0","--","--","--","--"," ","0.00","--","0","0.10","10","0.00",
="080990","所羅門元大4B購06","14,000","1","16,240","1.16","1.16","1.16","1.16","-","0.30","1.12","499","1.14","10","162.00",
="080991","昆盈元大4B購01","359,000","16","465,100","1.35","1.40","1.24","1.24","-","0.04","1.25","499","1.26","10","49.85",
="080992","聯發科元大4C購10","0","0","0","--","--","--","--"," ","0.00","0.06","51","--","0","1,385.00",
="080993","皇昌元大4B購03","78,000","6","54,940","0.71","0.71","0.63","0.63","+","0.05","0.54","499","0.55","10","83.50",
="080994","長榮元大54購01","505,000","5","269,770","0.53","0.55","0.53","0.53","+","0.01","0.50","499","0.51","10","188.00",
="080995","陽明元大4B購04","0","0","0","--","--","--","--"," ","0.00","0.11","499","0.12","10","58.80",
="080996","萬海元大4C購01","2,000","1","820","0.41","0.41","0.41","0.41","+","0.03","0.38","499","0.39","10","84.10",
="080997","新日興元大4B購06","77,000","5","128,390","1.47","1.89","1.47","1.78","X","0.00","0.50","1","1.96","5","259.00",
="080998","嘉澤元大4B購07","0","0","0","--","--","--","--"," ","0.00","0.94","499","0.97","10","1,465.00",
="080999","牧德元大4B購02","690,000","15","579,510","0.81","0.88","0.78","0.88","+","0.11","0.91","499","0.92","10","594.00",
="08099P","鴻海元大4C售06","0","0","0","--","--","--","--"," ","0.00","--","0","0.01","117","0.00",
="081000","健策元大4B購03","0","0","0","--","--","--","--"," ","0.00","2.30","25","2.36","10","1,905.00",
="081001","世芯元大51購16","0","0","0","--","--","--","--"," ","0.00","2.16","350","2.19","10","4,000.00",
="081002","世芯元大54購03","7,000","1","16,590","2.37","2.37","2.37","2.37","+","0.03","2.26","300","2.27","10","4,000.00",
="081003","貿聯元大54購02","0","0","0","--","--","--","--"," ","0.00","2.23","350","--","0","981.00",
="081004","迅得元大4B購04","107,000","6","103,510","0.92","1.02","0.91","0.97","+","0.05","0.97","499","0.99","10","193.50",
="081005","穎崴元大4B購06","603,000","15","651,170","1.13","1.13","1.02","1.07","-","0.10","0.55","36","--","0","1,250.00",
="081006","緯穎元大4B購08","0","0","0","--","--","--","--"," ","0.00","1.36","25","1.39","10","2,975.00",
="081007","虎航元大4B購02","10,000","1","2,200","0.22","0.22","0.22","0.22","-","0.01","0.21","509","0.22","10","82.60",
="081008","臺股指元大4B購27","0","0","0","--","--","--","--"," ","0.00","2.88","499","2.95","10","0.00",
="081009","臺股指元大4B購28","0","0","0","--","--","--","--"," ","0.00","2.34","499","2.41","10","0.00",
="08100P","欣興元大4A售02","0","0","0","--","--","--","--"," ","0.00","--","0","0.07","20","0.00",
="081010","滬深2X凱基54購02","0","0","0","--","--","--","--"," ","0.00","3.01","10","3.02","50","18.32",
="081011","元日2X凱基53購02","0","0","0","--","--","--","--"," ","0.00","0.48","100","0.49","50","5.97",
="081012","台積電凱基4C購27","0","0","0","--","--","--","--"," ","0.00","3.21","32","3.31","10","1,160.00",
="081013","台積電凱基51購15","0","0","0","--","--","--","--"," ","0.00","3.42","100","3.46","10","1,160.00",
="081014","華邦電凱基4B購05","3,000","1","2,670","0.89","0.89","0.89","0.89","+","0.06","0.81","10","0.83","10","19.60",
="081015","京元電凱基4B購02","151,000","3","770,900","5.10","5.90","5.10","5.90","+","0.50","5.35","100","5.85","10","142.00",
="081016","聯發科凱基4B購03","0","0","0","--","--","--","--"," ","0.00","0.58","100","0.59","10","1,385.00",
="081017","長榮凱基4B購09","568,000","45","55,440","0.10","0.10","0.08","0.08","-","0.02","0.07","200","0.10","10","188.00",
="081018","嘉澤凱基51購02","10,000","1","11,600","1.16","1.16","1.16","1.16","+","0.05","1.14","100","1.16","10","1,465.00",
="081019","世芯凱基4C購05","14,000","3","57,650","4.14","4.16","4.03","4.16","+","0.08","4.05","2","--","0","4,000.00",
="08101P","景碩元大4A售02","0","0","0","--","--","--","--"," ","0.00","--","0","0.10","10","0.00",
="081020","材料凱基4B購03","15,000","2","7,200","0.48","0.48","0.48","0.48","+","0.05","0.44","100","0.54","10","67.70",
="081021","緯穎凱基54購03","6,000","1","15,240","2.54","2.54","2.54","2.54","+","0.09","2.53","100","2.54","10","2,975.00",
="081022","鴻海永豐53購01","0","0","0","--","--","--","--"," ","0.00","2.06","10","2.16","10","206.00",
="081023","台積電永豐5C購01","0","0","0","--","--","--","--"," ","0.00","2.16","499","2.26","10","1,160.00",
="081024","台積電永豐65購01","20,000","2","36,800","1.84","1.84","1.84","1.84","-","0.07","1.79","10","1.89","10","1,160.00",
="081025","華邦電永豐52購01","52,000","2","70,560","1.33","1.37","1.33","1.37","+","0.03","1.26","10","1.27","10","19.60",
="081026","長榮永豐51購03","69,000","3","36,040","0.54","0.54","0.51","0.51","-","0.01","0.50","10","0.51","10","188.00",
="081027","陽明永豐4B購03","0","0","0","--","--","--","--"," ","0.00","0.27","499","0.28","10","58.80",
="081028","世紀鋼永豐52購01","1,000","1","11,900","11.90","11.90","11.90","11.90","-","0.70","11.20","10","11.40","10","188.00",
="08102P","台灣50凱基4A售12","0","0","0","--","--","--","--"," ","0.00","0.03","100","0.04","10","0.00",
="081030","華碩元富4B購01","24,000","2","39,600","1.65","1.65","1.65","1.65","X","0.00","1.62","25","1.64","10","634.00",
="081033","漢唐元富4B購01","0","0","0","--","--","--","--"," ","0.00","7.60","25","8.10","25","1,190.00",
="081034","長榮元富4B購08","0","0","0","--","--","--","--"," ","0.00","0.13","25","0.14","25","188.00",
="081035","牧德元富52購01","59,000","3","80,400","1.34","1.41","1.34","1.41","+","0.19","1.42","25","1.43","25","594.00",
="081036","健策元富4B購02","0","0","0","--","--","--","--"," ","0.00","3.49","25","--","0","1,905.00",
="081037","健策元富52購01","0","0","0","--","--","--","--"," ","0.00","4.57","25","--","0","1,905.00",
="081038","世芯元富4B購12","19,000","4","54,680","2.90","2.90","2.83","2.87","-","0.01","2.70","25","2.72","25","4,000.00",
="081039","世芯元富4C購08","12,000","1","44,760","3.73","3.73","3.73","3.73"," ","0.00","3.60","25","3.64","25","4,000.00",
="08103P","T50正2凱基4C售02","0","0","0","--","--","--","--"," ","0.00","0.42","10","0.43","10","0.00",
="081040","神達元富4B購01","0","0","0","--","--","--","--"," ","0.00","7.05","25","7.55","25","95.90",
="081041","精成科元富4B購01","0","0","0","--","--","--","--"," ","0.00","5.35","25","--","0","131.00",
="081042","T50反1國票4B購03","20,000","1","5,200","0.26","0.26","0.26","0.26","X","0.00","0.20","25","0.26","10","19.79",
="081043","T50反1國票4C購02","0","0","0","--","--","--","--"," ","0.00","0.32","25","0.33","10","19.79",
="081044","T50反1國票53購02","0","0","0","--","--","--","--"," ","0.00","0.60","25","0.61","10","19.79",
="081045","S&P正2國票52購01","3,000","1","2,970","0.99","0.99","0.99","0.99","-","0.02","0.99","25","1.00","10","105.05",
="081046","長榮群益52購01","0","0","0","--","--","--","--"," ","0.00","2.10","10","2.20","10","188.00",
="081047","國喬國票52購01","0","0","0","--","--","--","--"," ","0.00","0.18","25","0.19","10","9.92",
="081048","華城國票4C購02","6,000","4","33,750","5.70","5.70","5.50","5.50","-","0.25","5.35","25","5.40","10","618.00",
="081049","鴻海國票51購03","0","0","0","--","--","--","--"," ","0.00","3.20","25","3.30","10","206.00",
="08104P","台積電凱基4A售42","0","0","0","--","--","--","--"," ","0.00","--","0","0.09","100","0.00",
="081050","台光電國票4C購03","0","0","0","--","--","--","--"," ","0.00","16.50","25","17.10","10","1,250.00",
="081051","南亞科國票4C購02","353,000","11","487,980","1.46","1.46","1.35","1.35","-","0.16","1.35","25","1.36","10","46.65",
="081052","晟銘電國票4C購02","25,000","5","103,830","4.50","4.50","3.88","3.88","+","0.15","3.56","25","3.66","10","133.00",
="081053","華擎國票4C購01","0","0","0","--","--","--","--"," ","0.00","3.34","25","3.41","10","281.00",
="081054","嘉澤國票51購02","10,000","1","14,500","1.45","1.45","1.45","1.45","-","0.05","1.58","25","1.59","10","1,465.00",
="081055","臻鼎國票4B購01","0","0","0","--","--","--","--"," ","0.00","5.95","25","--","0","194.00",
="081056","華邦電國泰4C購01","27,000","2","48,150","1.78","1.81","1.78","1.81","X","0.00","1.73","499","1.75","100","19.60",
="081057","嘉澤國泰4C購01","0","0","0","--","--","--","--"," ","0.00","2.62","499","2.66","100","1,465.00",
="081058","健策國泰4C購01","0","0","0","--","--","--","--"," ","0.00","6.75","499","7.05","10","1,905.00",
="081059","T50反1富邦4B購01","0","0","0","--","--","--","--"," ","0.00","0.06","100","0.07","98","0.00",
="08105P","旺宏凱基4B售02","29,000","1","21,750","0.75","0.75","0.75","0.75","X","0.00","0.77","10","0.78","10","0.00",
="081060","T50反1富邦4C購03","0","0","0","--","--","--","--"," ","0.00","0.10","100","0.11","98","0.00",
="081061","T50反1富邦52購01","0","0","0","--","--","--","--"," ","0.00","0.18","100","0.19","98","0.00",
="081062","T50反1富邦53購01","0","0","0","--","--","--","--"," ","0.00","0.14","100","0.15","98","0.00",
="081063","滬深2X富邦52購02","0","0","0","--","--","--","--"," ","0.00","1.29","100","1.30","98","0.00",
="081064","牧德富邦52購01","1,487,000","56","1,491,030","1.00","1.05","0.95","1.03","+","0.10","1.10","10","1.11","10","0.00",
="081065","旺宏富邦4B購02","0","0","0","--","--","--","--"," ","0.00","0.19","30","0.20","10","0.00",
="081066","智邦富邦52購01","210,000","14","396,620","1.88","1.95","1.78","1.95","+","0.07","1.87","10","1.88","10","0.00",
="081067","台光電富邦51購01","0","0","0","--","--","--","--"," ","0.00","3.81","30","3.88","10","0.00",
="081068","南亞科富邦4C購04","0","0","0","--","--","--","--"," ","0.00","0.59","10","0.60","10","0.00",
="081069","長榮富邦52購01","0","0","0","--","--","--","--"," ","0.00","0.15","10","0.16","10","0.00",
="08106P","欣興凱基4A售01","0","0","0","--","--","--","--"," ","0.00","--","0","0.02","30","0.00",
="081070","智原富邦4B購04","0","0","0","--","--","--","--"," ","0.00","0.19","30","0.20","10","0.00",
="081071","材料富邦51購02","0","0","0","--","--","--","--"," ","0.00","0.22","10","0.23","10","0.00",
="081072","AES富邦52購01","696,000","35","874,430","1.17","1.31","1.17","1.26","+","0.17","1.26","15","1.27","10","0.00",
="081073","陽明中信4B購02","0","0","0","--","--","--","--"," ","0.00","0.05","499","0.06","10","0.00",
="081074","萬海中信4B購01","0","0","0","--","--","--","--"," ","0.00","0.15","10","0.16","10","0.00",
="081075","奇鋐中信4B購01","0","0","0","--","--","--","--"," ","0.00","--","0","--","0","0.00",
="081076","奇鋐中信51購01","0","0","0","--","--","--","--"," ","0.00","1.72","10","--","0","0.00",
="081077","緯創中信4B購02","0","0","0","--","--","--","--"," ","0.00","0.25","499","0.26","10","0.00",
="081078","世芯中信51購01","124,000","13","182,290","1.49","1.51","1.41","1.41","-","0.06","1.39","499","1.41","10","0.00",
="081079","貿聯中信4B購01","159,000","22","414,500","2.47","2.82","2.47","2.58","+","0.20","2.58","10","2.64","10","0.00",
="08107P","精銳凱基4B售02","0","0","0","--","--","--","--"," ","0.00","0.87","10","0.88","10","0.00",
="081080","富世達中信51購01","0","0","0","--","--","--","--"," ","0.00","2.96","499","--","0","0.00",
="081081","T50反1群益4B購03","0","0","0","--","--","--","--"," ","0.00","0.06","100","0.07","100","19.79",
="081082","滬深2X群益4B購09","0","0","0","--","--","--","--"," ","0.00","0.25","4","--","0","18.32",
="081083","宇隆群益4C購02","0","0","0","--","--","--","--"," ","0.00","4.70","10","--","0","262.00",
="081084","華邦電群益4B購02","56,000","5","45,410","0.78","0.86","0.78","0.86","+","0.06","0.76","100","0.78","100","19.60",
="081085","英業達群益4B購01","30,000","1","13,800","0.46","0.46","0.46","0.46","-","0.03","0.46","100","0.47","100","41.35",
="081086","南亞科群益4B購07","0","0","0","--","--","--","--"," ","0.00","0.73","100","0.74","100","46.65",
="081087","南亞科群益4B購08","0","0","0","--","--","--","--"," ","0.00","0.55","100","0.56","100","46.65",
="081088","南亞科群益51購03","50,000","1","29,500","0.59","0.59","0.59","0.59"," ","0.00","0.53","100","0.54","100","46.65",
="081089","京元電群益4C購02","249,000","27","483,950","1.86","2.05","1.86","1.89","+","0.13","1.89","3","--","0","142.00",
="08108P","材料凱基51售05","0","0","0","--","--","--","--"," ","0.00","1.92","10","1.93","10","0.00",
="081090","長榮群益4B購03","0","0","0","--","--","--","--"," ","0.00","0.30","10","0.40","10","188.00",
="081091","華航群益4B購01","61,000","3","54,950","0.95","0.95","0.88","0.88","-","0.02","0.86","10","0.96","10","21.25",
="081092","緯創群益4B購03","39,000","2","12,570","0.30","0.33","0.30","0.33","-","0.01","0.04","250","--","0","115.00",
="081093","緯創群益51購02","58,000","2","31,600","0.52","0.55","0.52","0.55","-","0.01","0.18","55","--","0","115.00",
="081094","世芯群益4B購08","17,000","9","117,550","7.10","7.10","6.60","6.60","-","0.30","6.60","10","7.10","10","4,000.00",
="081095","大銀群益4B購01","0","0","0","--","--","--","--"," ","0.00","0.01","499","--","0","126.00",
="081096","材料群益4B購06","0","0","0","--","--","--","--"," ","0.00","0.43","10","0.53","10","67.70",
="081097","臺股指群益52購05","20,000","2","33,800","1.70","1.70","1.68","1.68","-","0.07","1.66","499","1.67","100","0.00",
="081098","臺股指群益52購06","0","0","0","--","--","--","--"," ","0.00","2.06","499","2.07","499","0.00",
="081099","臺股指群益53購04","0","0","0","--","--","--","--"," ","0.00","2.13","499","2.14","499","0.00",
="08109P","新唐凱基4A售01","0","0","0","--","--","--","--"," ","0.00","1.85","10","1.86","10","0.00",
="081100","臺股指群益53購05","17,000","1","15,300","0.90","0.90","0.90","0.90","X","0.00","0.85","499","0.86","499","0.00",
="081101","和大統一55購03","46,000","2","29,900","0.65","0.65","0.65","0.65","+","0.03","0.76","50","--","0","72.90",
="081102","上銀統一57購01","91,000","4","52,120","0.57","0.58","0.57","0.58","X","0.00","0.56","10","0.57","10","215.50",
="081103","國巨統一55購02","51,000","4","45,010","0.89","0.89","0.86","0.88","+","0.03","0.86","10","0.87","10","137.00",
="081104","廣宇統一57購01","95,000","5","138,250","1.43","1.48","1.43","1.45","+","0.04","1.42","10","1.44","10","60.90",
="081105","所羅門統一55購01","1,182,000","26","1,078,110","0.91","0.93","0.84","0.86","-","0.04","0.83","30","0.84","10","162.00",
="081106","金像電統一57購01","0","0","0","--","--","--","--"," ","0.00","3.41","10","3.45","10","486.00",
="081107","南亞科統一55購01","3,000","1","1,500","0.50","0.50","0.50","0.50","-","0.07","0.50","10","0.51","10","46.65",
="081108","全新統一55購01","0","0","0","--","--","--","--"," ","0.00","1.58","10","1.60","10","153.50",
="081109","長榮統一55購04","0","0","0","--","--","--","--"," ","0.00","0.47","10","0.48","10","188.00",
="08110P","喬山國票4B售01","0","0","0","--","--","--","--"," ","0.00","2.18","25","2.26","10","0.00",
="081110","陽明統一55購03","0","0","0","--","--","--","--"," ","0.00","0.26","10","0.27","10","58.80",
="081111","萬海統一55購02","20,000","2","8,300","0.41","0.42","0.41","0.42","X","0.00","0.40","30","0.41","10","84.10",
="081112","晶豪科統一57購01","0","0","0","--","--","--","--"," ","0.00","0.90","10","0.91","10","57.40",
="081114","緯創統一55購02","97,000","4","68,560","0.70","0.73","0.70","0.73"," ","0.00","0.72","10","0.73","10","115.00",
="081115","緯創統一55購03","508,000","12","365,420","0.71","0.74","0.71","0.73","-","0.02","0.72","10","0.73","10","115.00",
="081116","創意統一55購02","247,000","6","249,230","1.00","1.01","1.00","1.01","+","0.05","0.99","10","1.00","10","1,350.00",
="081117","辛耘統一55購01","152,000","6","199,820","1.29","1.35","1.29","1.35","+","0.05","1.34","10","1.35","10","393.50",
="081118","世芯統一55購01","0","0","0","--","--","--","--"," ","0.00","1.59","10","1.60","10","4,000.00",
="081119","世芯統一55購02","0","0","0","--","--","--","--"," ","0.00","1.32","10","1.33","10","4,000.00",
="08111P","聯電中信4A售02","0","0","0","--","--","--","--"," ","0.00","0.12","10","0.13","10","0.00",
="081120","貿聯統一55購01","42,000","2","75,800","1.66","1.85","1.66","1.85","+","0.15","1.75","10","1.77","10","981.00",
="081121","永崴控統一57購01","8,000","1","3,120","0.39","0.39","0.39","0.39"," ","0.00","0.39","10","0.40","10","36.60",
="081122","大銀統一55購01","52,000","1","21,840","0.42","0.42","0.42","0.42","-","0.01","0.41","10","0.42","10","126.00",
="081123","精銳統一55購02","217,000","6","124,660","0.56","0.59","0.56","0.59","+","0.08","0.56","10","0.57","10","776.00",
="081124","材料統一55購02","0","0","0","--","--","--","--"," ","0.00","0.42","10","0.43","10","67.70",
="081125","訊芯統一57購01","38,000","1","28,120","0.74","0.74","0.74","0.74","-","0.04","0.70","10","0.71","10","165.00",
="081126","愛普統一57購01","228,000","20","242,550","1.06","1.11","1.05","1.09","+","0.03","1.08","10","1.09","10","305.50",
="081127","力積電統一55購02","16,000","1","8,320","0.52","0.52","0.52","0.52","+","0.01","0.51","10","0.52","10","16.05",
="081128","采鈺統一57購01","38,000","6","37,130","0.98","1.00","0.96","1.00","+","0.07","1.01","10","1.02","10","264.00",
="081129","采鈺統一58購01","562,000","23","603,830","1.01","1.09","1.01","1.09","+","0.10","1.05","10","1.06","10","264.00",
="08112P","臺股指永豐52售01","0","0","0","--","--","--","--"," ","0.00","0.57","499","0.58","10","0.00",
="081130","雲豹統一55購02","77,000","1","26,180","0.34","0.34","0.34","0.34","-","0.01","0.34","10","0.35","10","130.50",
="081131","ITH統一55購01","0","0","0","--","--","--","--"," ","0.00","0.27","10","0.28","10","45.10",
="081132","達運光統一51購01","981,000","35","1,044,380","1.04","1.10","0.98","0.98","-","0.05","0.97","15","0.98","10","126.00",
="081133","旺宏元富51購03","277,000","6","207,640","0.75","0.77","0.73","0.76","-","0.03","0.73","25","0.74","25","20.10",
="081134","南亞科元富4B購01","50,000","1","14,500","0.29","0.29","0.29","0.29","-","0.05","0.28","25","0.29","25","46.65",
="081135","長榮元富55購03","24,000","1","13,200","0.55","0.55","0.55","0.55","X","0.00","0.53","25","0.54","25","188.00",
="081136","亞光元富4B購01","37,000","5","98,610","2.62","2.79","2.52","2.52","-","0.07","2.43","25","2.53","10","164.00",
="081137","亞光元富52購01","39,000","2","60,040","1.56","1.56","1.48","1.48","-","0.01","1.37","25","1.38","25","164.00",
="081138","大銀元富52購01","15,000","1","12,300","0.82","0.82","0.82","0.82","-","0.06","0.78","25","0.79","25","126.00",
="081139","佳必琪元富51購01","0","0","0","--","--","--","--"," ","0.00","3.97","25","4.07","25","178.50",
="08113P","SGBR2X元富4A售01","0","0","0","--","--","--","--"," ","0.00","2.33","25","2.34","25","0.00",
="081140","佳必琪元富51購02","3,000","3","9,110","3.01","3.07","3.01","3.03","+","0.18","2.83","25","2.86","25","178.50",
="081141","南亞科台新4B購01","0","0","0","--","--","--","--"," ","0.00","0.76","20","0.77","10","0.00",
="081142","中砂國泰4C購01","63,000","5","187,940","2.97","3.07","2.93","2.98","X","0.00","2.98","499","3.00","100","347.00",
="081143","陽明國泰4C購01","0","0","0","--","--","--","--"," ","0.00","0.35","499","0.36","100","58.80",
="081144","貿聯國泰4C購02","0","0","0","--","--","--","--"," ","0.00","6.20","499","--","0","981.00",
="081145","SP黃豆國票4B購01","16,000","2","8,260","0.51","0.52","0.51","0.52","-","0.02","0.51","35","0.52","10","20.50",
="081146","合機國票4B購01","121,000","6","197,520","1.61","1.65","1.61","1.62","-","0.01","1.58","25","1.59","10","48.45",
="081147","大成鋼國票4C購01","0","0","0","--","--","--","--"," ","0.00","1.47","25","1.48","10","38.60",
="081148","允強國票4C購01","45,000","3","6,750","0.15","0.15","0.15","0.15","-","0.01","0.16","25","0.17","20","20.90",
="081149","為升國票4C購01","302,000","30","284,040","0.87","1.06","0.75","0.99","+","0.24","0.97","25","0.99","10","102.00",
="08114P","大成鋼元富4A售02","0","0","0","--","--","--","--"," ","0.00","--","0","--","0","0.00",
="081150","華泰國票4C購01","15,000","4","37,230","2.55","2.58","2.46","2.46","-","0.04","2.46","25","2.47","10","44.70",
="081151","技嘉國票4B購01","16,000","2","26,290","1.65","1.65","1.64","1.64","-","0.09","1.65","25","1.66","10","281.00",
="081152","技嘉國票4C購01","35,000","4","40,390","1.22","1.22","1.15","1.15","-","0.10","1.15","25","1.16","10","281.00",
="081153","威盛國票4C購01","2,000","1","940","0.47","0.47","0.47","0.47","X","0.00","0.47","25","0.48","10","62.00",
="081154","長榮國票4C購05","0","0","0","--","--","--","--"," ","0.00","0.29","25","0.30","10","188.00",
="081155","萬海國票4C購02","0","0","0","--","--","--","--"," ","0.00","0.45","25","0.46","10","84.10",
="081156","富邦金國票4B購01","5,000","1","9,650","1.93","1.93","1.93","1.93","-","0.09","1.89","25","1.91","10","85.20",
="081157","凱基金國票51購01","0","0","0","--","--","--","--"," ","0.00","0.36","25","0.38","10","15.55",
="081158","晶豪科國票4B購02","21,000","3","26,760","1.28","1.31","1.26","1.26","-","0.01","1.24","25","1.25","10","57.40",
="081159","智原國票4C購02","0","0","0","--","--","--","--"," ","0.00","0.24","25","0.25","10","158.00",
="08115P","大成鋼元富51售01","53,000","7","64,290","1.18","1.22","1.17","1.22","+","0.08","1.23","25","1.24","26","0.00",
="081160","華晶科國票4C購02","269,000","8","620,590","2.51","2.51","2.29","2.29","-","0.27","2.26","25","2.29","10","50.30",
="081161","建漢國票4C購01","5,000","1","4,250","0.85","0.85","0.85","0.85","X","0.00","0.82","25","0.83","10","26.35",
="081162","全科國票4B購01","0","0","0","--","--","--","--"," ","0.00","0.61","25","0.62","10","32.25",
="081163","緯創國票51購02","125,000","9","82,390","0.65","0.67","0.64","0.67","-","0.02","0.66","25","0.67","10","115.00",
="081164","新日興國票4B購01","70,000","4","177,170","2.28","3.01","2.28","3.01","+","0.69","2.94","25","3.01","10","259.00",
="081166","達邁國票4C購01","15,000","2","32,800","2.16","2.20","2.16","2.20","-","0.06","1.94","25","1.95","10","73.80",
="081167","健策國票51購01","0","0","0","--","--","--","--"," ","0.00","4.19","25","4.23","10","1,905.00",
="081168","神達國票4C購01","0","0","0","--","--","--","--"," ","0.00","8.05","25","8.55","10","95.90",
="081169","時碩國票4B購01","246,000","8","232,830","0.89","1.04","0.89","0.99","X","0.00","0.89","25","0.99","20","64.20",
="08116P","鴻海元富4A售08","0","0","0","--","--","--","--"," ","0.00","--","0","0.10","25","0.00",
="081171","訊連國票4C購03","0","0","0","--","--","--","--"," ","0.00","0.40","25","0.41","10","97.70",
="081172","東科國票4C購01","38,000","5","63,760","1.67","1.70","1.67","1.67","+","0.04","1.70","25","1.74","10","112.00",
="081173","達興國票4B購01","0","0","0","--","--","--","--"," ","0.00","9.70","25","10.40","10","387.00",
="081174","祥碩國票4B購01","0","0","0","--","--","--","--"," ","0.00","0.46","25","0.47","10","1,665.00",
="081175","緯穎國票4C購04","0","0","0","--","--","--","--"," ","0.00","2.67","25","2.71","10","2,975.00",
="081176","富世達國票4C購03","0","0","0","--","--","--","--"," ","0.00","13.30","25","14.30","10","1,145.00",
="081178","來億國票4B購01","0","0","0","--","--","--","--"," ","0.00","0.23","25","0.24","10","243.50",
="081179","來億國票4C購01","1,000","1","330","0.33","0.33","0.33","0.33","X","0.00","0.30","25","0.31","10","243.50",
="08117P","臺股指元富4A售06","0","0","0","--","--","--","--"," ","0.00","0.02","25","0.10","10","0.00",
="081180","ITH國票4C購02","0","0","0","--","--","--","--"," ","0.00","0.21","25","0.22","10","45.10",
="081181","國企2X永豐4C購03","400,000","2","154,000","0.39","0.39","0.38","0.38","-","0.17","0.36","10","0.37","10","10.70",
="081182","美債2X永豐54購02","0","0","0","--","--","--","--"," ","0.00","0.54","499","0.55","10","7.03",
="081183","和大永豐51購01","0","0","0","--","--","--","--"," ","0.00","1.53","10","--","0","72.90",
="081184","中砂永豐52購02","48,000","8","116,600","2.34","2.55","2.33","2.55","+","0.28","2.43","499","2.53","10","347.00",
="081185","鴻海永豐4B購09","0","0","0","--","--","--","--"," ","0.00","1.59","10","1.69","10","206.00",
="081186","鴻海永豐4B購10","0","0","0","--","--","--","--"," ","0.00","1.22","82","1.32","10","206.00",
="081187","華泰永豐4C購01","7,000","1","29,960","4.28","4.28","4.28","4.28"," ","0.00","4.31","10","4.33","10","44.70",
="081188","技嘉永豐53購01","25,000","2","51,950","2.09","2.09","2.07","2.07"," ","0.00","1.98","499","2.08","10","281.00",
="081189","南亞科永豐51購02","0","0","0","--","--","--","--"," ","0.00","0.46","499","0.47","10","46.65",
="08118P","臺股指元富51售05","20,000","1","6,600","0.33","0.33","0.33","0.33","X","0.00","0.34","25","0.35","25","0.00",
="081191","京元電永豐52購01","0","0","0","--","--","--","--"," ","0.00","2.61","499","2.71","10","142.00",
="081193","皇昌永豐4B購01","0","0","0","--","--","--","--"," ","0.00","0.22","10","0.23","10","83.50",
="081194","陽明永豐52購01","0","0","0","--","--","--","--"," ","0.00","0.59","499","0.60","10","58.80",
="081195","晶豪科永豐4C購01","1,000","1","1,360","1.36","1.36","1.36","1.36","+","0.09","1.29","499","1.30","10","57.40",
="081196","緯創永豐53購01","0","0","0","--","--","--","--"," ","0.00","0.70","10","0.72","10","115.00",
="081197","嘉澤永豐4C購02","78,000","2","87,330","1.14","1.14","1.11","1.11","-","0.08","1.21","499","1.24","10","1,465.00",
="081198","世芯永豐55購02","5,000","3","22,360","4.51","4.51","4.44","4.44","-","0.05","2.90","3","--","0","4,000.00",
="081199","日月光永豐51購01","31,000","2","260,050","8.55","8.55","8.35","8.35","-","0.90","8.20","10","8.35","10","147.50",
="08119P","臺股指元富51售06","0","0","0","--","--","--","--"," ","0.00","0.34","25","0.35","25","0.00",
="081200","精銳永豐4C購02","378,000","16","340,430","0.91","0.96","0.84","0.94","+","0.16","0.93","10","0.95","10","776.00",
="081201","祥碩永豐51購01","1,000","1","1,110","1.11","1.11","1.11","1.11","-","0.06","1.09","499","1.10","10","1,665.00",
="081202","ITH永豐52購01","0","0","0","--","--","--","--"," ","0.00","0.37","10","0.38","10","45.10",
="081203","達運光永豐4B購02","8,000","1","21,120","2.64","2.64","2.64","2.64","+","0.49","2.23","10","2.27","10","126.00",
="081204","臺股指永豐53購05","16,000","6","8,430","0.55","0.55","0.49","0.50","-","0.08","0.49","13","0.50","10","0.00",
="081205","T50反1凱基54購02","0","0","0","--","--","--","--"," ","0.00","0.14","100","0.15","10","19.79",
="081206","士電凱基4B購02","0","0","0","--","--","--","--"," ","0.00","0.84","10","0.85","10","187.50",
="081207","華城凱基53購01","31,000","5","143,560","4.64","4.66","4.52","4.52","-","0.11","4.43","23","4.45","10","618.00",
="081208","台積電凱基65購01","0","0","0","--","--","--","--"," ","0.00","2.77","100","2.78","10","1,160.00",
="081209","華邦電凱基4C購02","88,000","7","144,920","1.65","1.68","1.58","1.68","+","0.03","1.56","100","1.58","10","19.60",
="08120P","臺股指元富54售01","0","0","0","--","--","--","--"," ","0.00","0.55","25","0.56","25","0.00",
="081210","皇昌凱基4B購03","96,000","4","81,400","0.73","0.87","0.73","0.86","+","0.21","0.62","10","0.63","10","83.50",
="081211","雄獅凱基4B購01","57,000","4","63,690","1.07","1.15","1.07","1.15","+","0.16","1.14","100","1.16","10","159.00",
="081212","晟銘電凱基4B購03","402,000","27","628,790","1.72","1.87","1.38","1.39","-","0.07","1.34","75","1.37","10","133.00",
="081213","奇鋐凱基4B購05","5,000","2","45,650","9.20","9.20","8.85","8.85","-","1.05","8.70","100","8.95","10","1,015.00",
="081214","新日興凱基4B購04","87,000","14","221,620","2.08","2.89","2.08","2.73","+","0.64","2.65","100","2.75","10","259.00",
="081215","健策凱基4B購02","0","0","0","--","--","--","--"," ","0.00","3.47","100","--","0","1,905.00",
="081216","貿聯凱基4B購05","61,000","9","337,350","5.10","5.70","5.10","5.65","+","0.69","5.50","10","6.00","10","981.00",
="081217","大銀凱基4C購02","0","0","0","--","--","--","--"," ","0.00","0.30","100","0.31","10","126.00",
="081218","材料凱基4B購04","0","0","0","--","--","--","--"," ","0.00","0.17","100","0.27","10","67.70",
="081219","穎崴凱基4C購02","10,000","2","18,900","1.90","1.90","1.88","1.88","X","0.00","1.83","100","1.93","10","1,250.00",
="08121P","台灣50元大4A售10","0","0","0","--","--","--","--"," ","0.00","0.22","100","0.32","10","0.00",
="081220","愛普凱基4B購02","951,000","26","2,227,500","2.21","2.63","2.21","2.52","+","0.20","2.48","10","2.50","10","305.50",
="081221","緯穎凱基53購02","4,000","1","15,200","3.80","3.80","3.80","3.80","X","0.00","3.78","100","3.83","10","2,975.00",
="081222","來億凱基4B購01","200,000","3","35,000","0.17","0.18","0.17","0.18","X","0.00","0.18","10","0.28","10","243.50",
="081223","臺股指凱基4B購29","0","0","0","--","--","--","--"," ","0.00","3.79","100","3.80","10","0.00",
="081224","香港2X元大4C購02","11,000","1","28,050","2.55","2.55","2.55","2.55","X","0.00","2.42","499","2.43","100","16.40",
="081225","A50正2元大51購01","10,000","1","20,800","2.08","2.08","2.08","2.08","X","0.00","1.97","499","1.98","100","31.56",
="081226","FB臺反元大4C購01","0","0","0","--","--","--","--"," ","0.00","0.11","100","0.21","10","10.87",
="081227","FB臺反元大4C購02","0","0","0","--","--","--","--"," ","0.00","0.13","100","0.23","10","10.87",
="081228","元債2X元大51購03","10,000","1","7,000","0.70","0.70","0.70","0.70","+","0.02","0.69","250","0.70","100","7.05",
="081229","元債2X元大53購04","0","0","0","--","--","--","--"," ","0.00","0.47","250","0.48","100","7.05",
="08122P","T50正2元大4A售04","0","0","0","--","--","--","--"," ","0.00","0.05","100","0.15","10","0.00",
="081230","南亞元大4B購01","0","0","0","--","--","--","--"," ","0.00","2.87","200","--","0","43.00",
="081231","中砂元大4B購04","16,000","4","27,940","1.71","1.91","1.71","1.91","+","0.13","1.88","450","1.92","10","347.00",
="081232","直得元大4B購02","84,000","1","21,840","0.26","0.26","0.26","0.26","X","0.00","0.22","499","0.23","10","89.20",
="081233","上銀元大4B購10","0","0","0","--","--","--","--"," ","0.00","0.18","499","0.19","10","215.50",
="081234","上銀元大4B購11","10,000","1","3,800","0.38","0.38","0.38","0.38","X","0.00","0.37","499","0.38","10","215.50",
="081235","上銀元大4B購12","0","0","0","--","--","--","--"," ","0.00","0.44","499","0.45","10","215.50",
="081236","宇隆元大4B購01","7,000","4","47,750","7.15","7.15","6.60","6.95","+","0.10","6.15","100","6.35","10","262.00",
="081237","台積電元大51購37","0","0","0","--","--","--","--"," ","0.00","0.09","11","--","0","1,160.00",
="081238","佳能元大4B購01","116,000","22","876,600","7.75","7.80","6.95","7.30","-","0.45","7.35","100","7.40","10","80.80",
="081239","聯發科元大51購19","0","0","0","--","--","--","--"," ","0.00","0.06","7","--","0","1,385.00",
="08123P","T50正2元大4A售05","0","0","0","--","--","--","--"," ","0.00","0.39","100","0.49","10","0.00",
="081240","萬海元大4C購02","0","0","0","--","--","--","--"," ","0.00","0.16","499","0.17","10","84.10",
="081241","長榮航元大54購03","11,000","1","15,070","1.37","1.37","1.37","1.37","X","0.00","1.31","499","1.32","10","39.05",
="081242","八方元大4B購02","0","0","0","--","--","--","--"," ","0.00","0.72","25","0.75","10","190.00",
="081243","奇鋐元大54購04","2,000","2","18,850","9.75","9.75","9.10","9.10","-","0.90","9.10","100","9.25","10","1,015.00",
="081244","嘉澤元大54購01","27,000","2","22,510","0.84","0.84","0.83","0.83","-","0.03","0.87","499","0.90","10","1,465.00",
="081245","貿聯元大51購02","278,000","25","1,413,860","4.55","5.25","4.55","5.00","+","0.28","4.92","150","4.96","10","981.00",
="081246","貿聯元大54購03","0","0","0","--","--","--","--"," ","0.00","5.65","150","5.75","10","981.00",
="081247","立積元大4B購03","192,000","5","275,890","1.40","2.26","1.32","2.26","+","0.88","2.26","125","2.70","3","158.00",
="081248","洋基元大4B購01","53,000","9","202,670","4.01","4.01","3.38","3.38","-","0.62","3.20","200","3.22","10","476.00",
="081249","虎航元大4B購03","0","0","0","--","--","--","--"," ","0.00","0.17","499","0.18","10","82.60",
="08124P","台積電元大4A售26","0","0","0","--","--","--","--"," ","0.00","--","0","0.05","5","0.00",
="081250","連加元大51購01","170,000","5","82,000","0.49","0.49","0.47","0.47","-","0.04","0.47","699","0.48","10","615.00",
="081251","長華元大4B購01","900,000","4","143,500","0.16","0.17","0.15","0.15","-","0.02","0.15","499","0.16","10","39.60",
="081252","中砂元富4B購03","58,000","4","88,120","1.46","1.58","1.46","1.58","+","0.15","1.54","25","1.64","10","347.00",
="081253","台玻元富4C購01","0","0","0","--","--","--","--"," ","0.00","--","0","--","0","34.55",
="081254","志聖元富4B購01","191,000","11","486,610","2.30","2.81","2.30","2.81","+","0.51","2.15","25","2.19","25","201.50",
="081255","萬海元富4B購01","50,000","1","10,500","0.21","0.21","0.21","0.21","X","0.00","0.19","25","0.20","25","84.10",
="081256","慧洋元富4B購01","0","0","0","--","--","--","--"," ","0.00","0.68","25","0.69","25","61.80",
="081257","建漢元富4C購01","5,000","2","8,060","1.60","1.66","1.60","1.66","+","0.10","0.59","16","--","0","26.35",
="081258","建漢元富4C購02","394,000","8","350,270","0.87","0.93","0.84","0.86"," ","0.00","0.31","32","--","0","26.35",
="081259","訊芯元富4B購01","20,000","2","21,700","1.12","1.12","1.05","1.05","-","0.15","1.05","25","1.07","25","165.00",
="08125P","台積電元大4A售27","0","0","0","--","--","--","--"," ","0.00","--","0","0.10","10","0.00",
="081260","采鈺元富4B購01","416,000","5","511,740","1.19","1.28","1.19","1.28","+","0.27","1.21","25","1.22","25","264.00",
="081261","香港2X國票51購02","156,000","7","173,680","1.14","1.14","1.08","1.08","-","0.23","1.07","25","1.08","10","16.40",
="081262","A50正2國票4C購01","40,000","7","63,850","1.54","1.76","1.54","1.55","-","0.57","1.54","25","1.55","10","31.56",
="081263","和大國票4C購01","3,000","1","4,770","1.59","1.59","1.59","1.59","+","0.50","1.68","5","--","0","72.90",
="081264","漢唐國票4C購02","0","0","0","--","--","--","--"," ","0.00","28.70","25","29.50","10","1,190.00",
="081265","瑞軒國票4C購01","0","0","0","--","--","--","--"," ","0.00","0.23","25","0.24","10","13.90",
="081266","晟銘電國票51購01","74,000","8","118,200","1.69","1.69","1.43","1.43","-","0.08","1.42","25","1.43","10","133.00",
="081267","群創國票4B購01","399,000","18","359,700","0.80","1.01","0.80","1.01","+","0.30","0.98","25","1.00","10","14.15",
="081268","群創國票4C購01","198,000","13","180,960","0.84","1.03","0.84","1.03","+","0.31","0.99","25","1.00","10","14.15",
="081269","世芯國票4B購02","0","0","0","--","--","--","--"," ","0.00","5.10","25","5.60","10","4,000.00",
="08126P","臺股指元大4A售28","0","0","0","--","--","--","--"," ","0.00","0.10","499","0.20","10","0.00",
="081270","材料國票4C購02","0","0","0","--","--","--","--"," ","0.00","0.29","25","0.30","10","67.70",
="081271","保瑞國票4B購01","0","0","0","--","--","--","--"," ","0.00","2.74","25","2.82","10","733.00",
="081272","保瑞國票51購01","0","0","0","--","--","--","--"," ","0.00","2.72","25","2.76","10","733.00",
="081273","富世達國票4C購04","0","0","0","--","--","--","--"," ","0.00","13.50","25","14.30","10","1,145.00",
="081274","金融類國票4B購02","0","0","0","--","--","--","--"," ","0.00","2.01","499","2.02","499","0.00",
="081275","上銀國泰4C購01","30,000","1","24,600","0.82","0.82","0.82","0.82","+","0.02","0.80","499","0.81","499","215.50",
="081276","鴻海國泰4C購03","0","0","0","--","--","--","--"," ","0.00","4.18","499","4.24","100","206.00",
="081277","台光電國泰4C購01","0","0","0","--","--","--","--"," ","0.00","10.00","499","--","0","1,250.00",
="081278","祥碩國泰4C購01","98,000","2","60,760","0.62","0.62","0.62","0.62","-","0.04","0.64","499","0.65","499","1,665.00",
="081279","矽力國泰4C購01","24,000","1","9,360","0.39","0.39","0.39","0.39","-","0.02","0.35","499","0.36","100","317.00",
="08127P","臺股指元大4A售29","0","0","0","--","--","--","--"," ","0.00","0.12","100","0.22","10","0.00",
="081280","國企2X富邦52購01","26,000","1","17,680","0.68","0.68","0.68","0.68","-","0.12","0.65","100","0.66","98","0.00",
="081281","華碩富邦4B購01","0","0","0","--","--","--","--"," ","0.00","0.58","30","0.59","10","0.00",
="081282","可成富邦4B購01","0","0","0","--","--","--","--"," ","0.00","0.09","30","0.10","10","0.00",
="081283","陽明富邦52購01","100,000","6","12,000","0.12","0.12","0.12","0.12","-","0.01","0.11","10","0.12","10","0.00",
="081284","奇鋐富邦51購02","0","0","0","--","--","--","--"," ","0.00","3.03","10","3.13","10","0.00",
="081285","亞光富邦4C購01","613,000","15","550,320","0.86","0.95","0.86","0.87","-","0.04","0.85","30","0.86","28","0.00",
="081286","日電貿富邦4B購01","77,000","2","26,650","0.34","0.35","0.34","0.35","+","0.01","0.34","30","0.35","10","0.00",
="081287","緯創富邦4C購01","512,000","5","226,760","0.43","0.45","0.43","0.45"," ","0.00","0.43","30","0.44","28","0.00",
="081288","祥碩富邦51購01","260,000","4","117,300","0.47","0.47","0.45","0.45","-","0.02","0.44","10","0.45","10","0.00",
="081289","帆宣富邦4B購01","0","0","0","--","--","--","--"," ","0.00","3.34","30","3.40","10","0.00",
="08128P","台灣50永豐4A售03","0","0","0","--","--","--","--"," ","0.00","0.09","499","0.10","10","0.00",
="081290","矽力富邦4C購02","197,000","10","54,240","0.28","0.28","0.27","0.27","-","0.03","0.26","10","0.27","8","0.00",
="081291","緯穎富邦4C購02","127,000","6","161,870","1.29","1.30","1.26","1.26"," ","0.00","1.24","30","1.26","28","0.00",
="081292","富世達富邦51購01","0","0","0","--","--","--","--"," ","0.00","4.12","10","4.22","10","0.00",
="081293","世紀鋼富邦4C購02","219,000","11","146,870","0.70","0.70","0.65","0.67","-","0.06","0.66","30","0.67","28","0.00",
="081294","鴻海中信4C購06","2,000","1","5,080","2.54","2.54","2.54","2.54","-","0.18","2.54","10","2.58","10","0.00",
="081295","台積電中信4C購08","0","0","0","--","--","--","--"," ","0.00","1.05","499","1.10","10","0.00",
="081296","所羅門中信4C購01","279,000","10","151,520","0.54","0.56","0.48","0.48","-","0.10","0.47","10","0.48","10","0.00",
="081297","漢唐中信4B購01","0","0","0","--","--","--","--"," ","0.00","24.80","499","--","0","0.00",
="081298","聯發科中信4C購05","0","0","0","--","--","--","--"," ","0.00","0.63","499","0.66","10","0.00",
="081299","長榮中信51購04","0","0","0","--","--","--","--"," ","0.00","0.15","499","0.16","10","0.00",
="08129P","臺股指永豐51售01","40,000","1","20,000","0.50","0.50","0.50","0.50","X","0.00","0.50","10","0.51","10","0.00",
="081300","亞光中信4B購01","310,000","9","210,240","0.65","0.71","0.65","0.70","+","0.04","0.62","499","0.63","10","0.00",
="081301","嘉澤中信4B購01","439,000","10","185,350","0.39","0.44","0.39","0.44","+","0.01","0.42","10","0.44","10","0.00",
="081302","富世達中信51購02","0","0","0","--","--","--","--"," ","0.00","2.96","499","--","0","0.00",
="081303","羅昇中信4C購01","205,000","4","80,540","0.38","0.41","0.38","0.41"," ","0.00","0.39","10","0.40","10","0.00",
="081304","T50反1永豐4C購01","0","0","0","--","--","--","--"," ","0.00","0.08","10","0.09","10","19.79",
="081305","元債2X永豐55購02","0","0","0","--","--","--","--"," ","0.00","1.12","499","1.13","10","7.05",
="081306","國喬永豐51購01","7,000","1","3,290","0.47","0.47","0.47","0.47","-","0.06","0.45","499","0.46","10","9.92",
="081307","中砂永豐53購01","9,000","9","205,800","21.70","23.70","21.60","23.40","+","1.80","23.20","10","23.30","10","347.00",
="081308","台積電永豐5A購02","0","0","0","--","--","--","--"," ","0.00","1.91","499","2.01","10","1,160.00",
="081309","所羅門永豐4B購01","70,000","3","53,200","0.78","0.78","0.68","0.68","X","0.00","0.65","10","0.66","10","162.00",
="08130P","臺股指永豐51售02","0","0","0","--","--","--","--"," ","0.00","0.50","10","0.51","10","0.00",
="081310","漢唐永豐51購01","0","0","0","--","--","--","--"," ","0.00","14.50","499","15.10","10","1,190.00",
="081311","長榮永豐4B購03","0","0","0","--","--","--","--"," ","0.00","0.28","499","0.29","10","188.00",
="081312","萬海永豐4B購02","0","0","0","--","--","--","--"," ","0.00","0.13","10","0.14","10","84.10",
="081313","神基永豐51購01","0","0","0","--","--","--","--"," ","0.00","2.06","499","2.11","10","157.00",
="081314","亞光永豐52購01","164,000","9","1,538,700","8.95","9.85","8.90","8.95","-","0.10","8.60","10","8.75","10","164.00",
="081315","貿聯永豐4B購01","0","0","0","--","--","--","--"," ","0.00","--","0","--","0","981.00",
="081316","神達永豐51購02","12,000","3","92,700","7.40","8.10","7.40","8.10","+","1.65","8.15","10","8.40","400","95.90",
="081317","矽力永豐51購01","45,000","2","35,900","0.79","0.80","0.79","0.80","-","0.04","0.79","10","0.80","10","317.00",
="081318","世紀鋼永豐52購02","0","0","0","--","--","--","--"," ","0.00","1.27","499","1.29","10","188.00",
="081319","臺股指永豐4B購10","0","0","0","--","--","--","--"," ","0.00","1.43","499","1.44","10","0.00",
="08131P","台灣50兆豐54售01","0","0","0","--","--","--","--"," ","0.00","1.11","10","1.12","10","0.00",
="081320","緯穎第一55購02","0","0","0","--","--","--","--"," ","0.00","1.03","10","1.07","10","0.00",
="081321","鴻海群益4B購08","0","0","0","--","--","--","--"," ","0.00","--","0","2.90","10","206.00",
="081322","祥碩群益51購01","0","0","0","--","--","--","--"," ","0.00","--","0","--","0","1,665.00",
="081323","ITH群益4C購01","0","0","0","--","--","--","--"," ","0.00","0.30","10","0.40","10","45.10",
="081324","臺股指群益4B購34","0","0","0","--","--","--","--"," ","0.00","3.64","499","3.65","499","0.00",
="081325","臺股指群益4B購35","0","0","0","--","--","--","--"," ","0.00","2.92","499","2.93","499","0.00",
="081326","臺股指群益4B購36","0","0","0","--","--","--","--"," ","0.00","2.32","499","2.33","499","0.00",
="081327","臺股指群益4B購37","11,000","3","26,130","2.38","2.39","2.35","2.35","X","0.00","2.34","499","2.35","496","0.00",
="081328","臺股指群益58購01","0","0","0","--","--","--","--"," ","0.00","3.21","499","3.22","499","0.00",
="081329","華新統一55購01","1,000","1","640","0.64","0.64","0.64","0.64","+","0.01","0.63","10","0.64","10","23.35",
="08132P","宇隆國票4B售03","0","0","0","--","--","--","--"," ","0.00","0.02","125","0.05","10","0.00",
="081330","台達電統一54購01","0","0","0","--","--","--","--"," ","0.00","3.36","10","3.46","10","709.00",
="081331","鴻海統一52購03","0","0","0","--","--","--","--"," ","0.00","1.45","10","1.46","10","206.00",
="081332","華泰統一55購01","215,000","7","216,670","0.99","1.03","0.99","1.03","+","0.04","0.98","10","0.99","10","44.70",
="081333","華泰統一55購02","42,000","2","36,120","0.86","0.86","0.86","0.86","+","0.04","0.82","10","0.83","10","44.70",
="081334","台積電統一52購08","0","0","0","--","--","--","--"," ","0.00","1.41","10","1.44","10","1,160.00",
="081335","華邦電統一4C購03","1,119,000","25","946,950","0.84","0.87","0.81","0.81","-","0.02","0.79","10","0.80","10","19.60",
="081336","金像電統一54購01","1,000","1","4,080","4.08","4.08","4.08","4.08","X","0.00","4.13","10","4.17","10","486.00",
="081337","技嘉統一54購01","294,000","3","258,720","0.88","0.88","0.88","0.88","-","0.02","0.85","10","0.86","10","281.00",
="081338","技嘉統一55購02","18,000","3","19,220","1.06","1.07","1.06","1.06","-","0.02","1.04","10","1.05","10","281.00",
="081339","台光電統一52購01","0","0","0","--","--","--","--"," ","0.00","2.68","10","2.74","10","1,250.00",
="08133P","永崴控國票4B售01","0","0","0","--","--","--","--"," ","0.00","1.81","25","1.82","10","0.00",
="081340","京元電統一55購01","14,000","3","19,940","1.39","1.45","1.39","1.45","+","0.11","1.38","10","1.40","10","142.00",
="081341","皇昌統一52購07","120,000","9","82,050","0.72","0.72","0.61","0.62","+","0.01","0.59","10","0.60","10","83.50",
="081342","長榮統一52購03","0","0","0","--","--","--","--"," ","0.00","0.38","10","0.39","10","188.00",
="081343","長榮統一53購03","0","0","0","--","--","--","--"," ","0.00","0.18","10","0.19","10","188.00",
="081344","長榮統一54購01","75,000","1","15,750","0.21","0.21","0.21","0.21","X","0.00","0.19","10","0.20","10","188.00",
="081345","陽明統一52購04","0","0","0","--","--","--","--"," ","0.00","0.26","10","0.27","10","58.80",
="081346","陽明統一53購04","0","0","0","--","--","--","--"," ","0.00","0.20","10","0.21","10","58.80",
="081347","聯發科凱基4A購01","0","0","0","--","--","--","--"," ","0.00","0.38","100","0.39","10","1,385.00",
="081348","萬海統一52購03","0","0","0","--","--","--","--"," ","0.00","0.33","10","0.34","10","84.10",
="081349","萬海統一54購01","15,000","5","3,230","0.21","0.22","0.20","0.20","X","0.00","0.19","10","0.20","10","84.10",
="08134P","永崴控國票4C售01","0","0","0","--","--","--","--"," ","0.00","1.03","25","1.04","10","0.00",
="081350","晶豪科統一55購01","0","0","0","--","--","--","--"," ","0.00","0.56","10","0.57","10","57.40",
="081351","晟銘電統一52購06","451,000","22","452,730","0.99","1.07","0.92","0.92","-","0.02","0.90","10","0.91","10","133.00",
="081352","奇鋐統一52購04","0","0","0","--","--","--","--"," ","0.00","2.68","10","2.76","10","1,015.00",
="081353","奇鋐統一55購03","0","0","0","--","--","--","--"," ","0.00","2.32","10","2.37","10","1,015.00",
="081354","奇鋐統一55購04","0","0","0","--","--","--","--"," ","0.00","1.91","10","1.92","10","1,015.00",
="081355","亞光統一53購01","237,000","8","274,340","1.13","1.21","1.13","1.21","+","0.06","1.11","10","1.12","10","164.00",
="081356","亞光統一54購02","413,000","9","410,890","0.96","1.04","0.96","0.96","-","0.02","0.94","10","0.95","10","164.00",
="081357","緯創統一52購04","132,000","6","77,860","0.58","0.61","0.58","0.61","+","0.01","0.59","10","0.60","10","115.00",
="081358","緯創統一54購01","248,000","9","151,110","0.60","0.62","0.60","0.62"," ","0.00","0.61","10","0.62","10","115.00",
="081359","緯創統一55購04","5,000","1","2,150","0.43","0.43","0.43","0.43","-","0.01","0.43","10","0.44","10","115.00",
="08135P","台積電凱基4A售44","0","0","0","--","--","--","--"," ","0.00","0.02","100","0.12","10","0.00",
="081360","京鼎統一56購01","265,000","8","172,570","0.65","0.67","0.65","0.65","-","0.03","0.63","10","0.65","40","290.00",
="081361","華擎統一52購02","86,000","5","116,780","1.37","1.37","1.33","1.33","-","0.07","1.32","10","1.34","10","281.00",
="081362","華擎統一55購02","62,000","4","91,180","1.49","1.49","1.46","1.46","-","0.04","1.45","10","1.47","10","281.00",
="081363","健策統一52購04","94,000","7","153,570","1.64","1.67","1.60","1.62","-","0.11","1.66","10","1.68","10","1,905.00",
="081364","世芯統一52購05","10,000","1","15,400","1.54","1.54","1.54","1.54","+","0.04","1.49","10","1.50","10","4,000.00",
="081365","大銀統一51購01","0","0","0","--","--","--","--"," ","0.00","0.31","10","0.32","10","126.00",
="081366","大銀統一55購02","0","0","0","--","--","--","--"," ","0.00","0.39","10","0.40","10","126.00",
="081367","訊芯統一54購02","67,000","3","59,770","0.90","0.90","0.87","0.87","-","0.09","0.85","10","0.86","10","165.00",
="081368","緯穎統一52購04","3,000","1","4,350","1.45","1.45","1.45","1.45","-","0.04","1.45","10","1.47","10","2,975.00",
="081369","龍德船統一55購03","518,000","22","684,270","1.32","1.41","1.29","1.29","-","0.06","1.29","10","1.30","10","146.00",
="08136P","漢翔凱基4B售01","0","0","0","--","--","--","--"," ","0.00","0.02","697","0.14","10","0.00",
="081370","志強統一55購01","247,000","6","149,160","0.59","0.63","0.59","0.63","+","0.03","0.60","10","0.62","10","105.50",
="081371","采鈺統一55購04","410,000","12","332,850","0.78","0.84","0.78","0.84","+","0.11","0.82","10","0.83","10","264.00",
="081372","達運光統一55購02","74,000","5","74,580","1.00","1.02","1.00","1.00"," ","0.00","0.95","10","0.96","10","126.00",
="081373","南電統一55購02","1,000","1","2,960","2.96","2.96","2.96","2.96","X","0.00","3.32","10","--","0","226.00",
="081374","皇昌台新4B購01","105,000","7","90,120","0.85","0.89","0.66","0.66","X","0.00","0.63","20","0.64","10","0.00",
="081375","祥碩台新4B購01","0","0","0","--","--","--","--"," ","0.00","0.32","65","0.33","10","0.00",
="081376","緯穎台新4B購02","65,000","2","146,900","2.26","2.26","2.26","2.26","X","0.00","2.27","10","2.30","10","0.00",
="081377","日本反元大51購01","0","0","0","--","--","--","--"," ","0.00","0.25","250","0.26","100","5.15",
="081378","美指反元大4C購01","10,000","1","5,100","0.51","0.51","0.51","0.51","X","0.00","0.51","250","0.52","100","15.76",
="081379","台積電元大54購07","0","0","0","--","--","--","--"," ","0.00","0.13","8","--","0","1,160.00",
="08137P","亞翔凱基4A售01","0","0","0","--","--","--","--"," ","0.00","--","0","0.02","50","0.00",
="081380","金像電元大4B購04","0","0","0","--","--","--","--"," ","0.00","10.70","50","--","0","486.00",
="081381","聯發科元大51購20","0","0","0","--","--","--","--"," ","0.00","0.05","62","--","0","1,385.00",
="081382","皇昌元大51購03","0","0","0","--","--","--","--"," ","0.00","0.47","499","0.48","10","83.50",
="081383","長榮元大51購13","0","0","0","--","--","--","--"," ","0.00","0.18","499","0.19","10","188.00",
="081384","長榮元大54購02","242,000","4","150,240","0.62","0.63","0.58","0.58","-","0.01","0.57","499","0.59","10","188.00",
="081385","萬海元大4B購04","499,000","1","54,890","0.11","0.11","0.11","0.11"," ","0.00","0.10","499","0.11","10","84.10",
="081386","緯創元大54購02","132,000","8","177,200","1.33","1.35","1.33","1.35","-","0.05","1.35","499","--","0","115.00",
="081387","嘉澤元大54購02","222,000","7","206,550","0.93","0.95","0.92","0.95","+","0.03","0.94","499","0.96","10","1,465.00",
="081388","牧德元大51購01","264,000","17","160,820","0.59","0.63","0.59","0.63","+","0.06","0.66","499","0.67","10","594.00",
="081389","貿聯元大4C購01","0","0","0","--","--","--","--"," ","0.00","6.65","100","--","0","981.00",
="08138P","臺股指凱基4A售26","0","0","0","--","--","--","--"," ","0.00","0.03","100","0.04","10","0.00",
="081390","貿聯元大51購03","48,000","4","270,000","5.25","5.75","5.25","5.75","+","0.55","5.55","150","5.70","10","981.00",
="081391","立積元大4B購04","215,000","3","193,000","0.90","0.90","0.88","0.88","X","0.00","1.30","125","--","0","158.00",
="081392","GIS元大4B購01","1,303,000","23","2,586,620","2.07","2.36","1.84","2.22","+","0.03","2.18","380","2.22","10","59.90",
="081393","緯穎元大51購06","136,000","9","436,340","3.22","3.27","3.11","3.13","-","0.07","3.08","25","3.12","10","2,975.00",
="081394","緯穎元大54購06","0","0","0","--","--","--","--"," ","0.00","0.98","25","0.99","10","2,975.00",
="081395","FB台50凱基4B購01","0","0","0","--","--","--","--"," ","0.00","2.76","100","2.78","50","122.90",
="081396","T50反1凱基4B購05","135,000","3","13,150","0.10","0.10","0.09","0.09"," ","0.00","0.08","100","0.09","10","19.79",
="081397","上証2X凱基4B購03","115,000","5","139,750","1.13","1.31","1.13","1.18","-","0.59","1.12","10","1.13","50","45.30",
="081398","中502X凱基51購03","39,000","5","81,640","2.18","2.18","2.01","2.01","-","0.53","2.00","100","2.01","40","11.76",
="081399","宇隆凱基4C購01","0","0","0","--","--","--","--"," ","0.00","5.35","100","5.85","10","262.00",
="08139P","臺股指凱基4A售27","0","0","0","--","--","--","--"," ","0.00","0.07","100","0.08","10","0.00",
="081400","台積電凱基65購02","5,000","1","16,450","3.29","3.29","3.29","3.29","-","0.05","3.20","100","3.22","10","1,160.00",
="081401","技嘉凱基4C購01","4,000","2","3,580","0.90","0.90","0.88","0.88","-","0.08","0.84","100","0.86","10","281.00",
="081402","漢唐凱基51購01","0","0","0","--","--","--","--"," ","0.00","34.90","10","35.90","10","1,190.00",
="081403","陽明凱基4C購04","0","0","0","--","--","--","--"," ","0.00","0.37","100","0.38","30","58.80",
="081404","萬海凱基4B購03","0","0","0","--","--","--","--"," ","0.00","0.06","100","0.07","50","84.10",
="081405","萬海凱基4B購04","0","0","0","--","--","--","--"," ","0.00","0.10","100","0.11","50","84.10",
="081406","緯創凱基4B購04","15,000","1","5,700","0.38","0.38","0.38","0.38","X","0.00","0.38","100","0.39","10","115.00",
="081407","嘉澤凱基4B購04","820,000","23","1,186,930","1.35","1.53","1.30","1.53","+","0.09","1.45","69","1.47","10","1,465.00",
="081408","貿聯凱基4B購06","0","0","0","--","--","--","--"," ","0.00","6.25","10","6.75","10","981.00",
="081409","祥碩凱基4B購04","0","0","0","--","--","--","--"," ","0.00","0.15","100","0.25","10","1,665.00",
="08140P","臺股指凱基52售04","0","0","0","--","--","--","--"," ","0.00","1.73","100","1.74","10","0.00",
="081410","保瑞凱基4B購01","0","0","0","--","--","--","--"," ","0.00","2.91","10","2.96","10","733.00",
="081411","志強凱基4B購01","63,000","3","26,030","0.41","0.43","0.41","0.43","+","0.02","0.40","10","0.41","10","105.50",
="081412","ITH凱基4B購01","0","0","0","--","--","--","--"," ","0.00","0.17","100","0.18","50","45.10",
="081413","臺股指凱基53購06","24,000","2","57,280","2.38","2.42","2.38","2.42","X","0.00","2.41","100","2.42","10","0.00",
="081414","士電永豐4C購01","0","0","0","--","--","--","--"," ","0.00","2.03","10","2.05","10","187.50",
="081415","中興電永豐4C購02","88,000","7","99,140","1.07","1.15","1.07","1.15","+","0.12","1.14","10","1.17","10","167.00",
="081416","中興電永豐52購01","77,000","7","1,063,100","14.00","14.00","13.70","13.80","+","0.90","14.30","10","14.40","10","167.00",
="081417","中砂永豐4C購01","0","0","0","--","--","--","--"," ","0.00","1.22","499","1.26","10","347.00",
="081418","川湖永豐51購01","0","0","0","--","--","--","--"," ","0.00","2.92","499","--","0","2,925.00",
="081419","仁寶永豐4C購01","35,000","1","32,900","0.94","0.94","0.94","0.94","X","0.00","0.92","10","0.93","10","28.10",
="08141P","T50正2群益4A售05","0","0","0","--","--","--","--"," ","0.00","0.22","25","0.23","10","0.00",
="081420","大同永豐55購01","10,000","1","16,400","1.64","1.64","1.64","1.64","X","0.00","1.62","499","1.63","10","40.75",
="081421","美律永豐51購01","0","0","0","--","--","--","--"," ","0.00","0.49","499","0.50","10","107.50",
="081422","裕民永豐51購02","110,000","3","217,600","1.98","2.00","1.94","1.94","+","0.03","1.94","10","1.96","10","57.30",
="081423","陽明永豐4B購04","0","0","0","--","--","--","--"," ","0.00","0.10","499","0.11","10","58.80",
="081424","陽明永豐51購03","0","0","0","--","--","--","--"," ","0.00","0.23","499","0.24","10","58.80",
="081425","雄獅永豐4C購01","130,000","5","129,890","0.98","1.01","0.98","1.01","+","0.13","1.01","499","1.03","10","159.00",
="081426","神達永豐4B購03","5,000","1","65,500","13.10","13.10","13.10","13.10","X","0.00","13.60","10","14.10","10","95.90",
="081427","帆宣永豐51購01","0","0","0","--","--","--","--"," ","0.00","5.05","499","--","0","264.00",
="081428","世紀鋼永豐4B購03","0","0","0","--","--","--","--"," ","0.00","0.78","499","0.80","10","188.00",
="081429","上証2X群益4B購02","2,000","1","11,600","5.80","5.80","5.80","5.80","-","1.10","5.40","10","5.90","10","45.30",
="08142P","T50正2群益4B售01","0","0","0","--","--","--","--"," ","0.00","0.39","25","0.40","10","0.00",
="081430","元債2X群益55購01","0","0","0","--","--","--","--"," ","0.00","0.66","25","0.67","10","7.05",
="081431","中502X群益4B購03","0","0","0","--","--","--","--"," ","0.00","0.17","6","--","0","11.76",
="081432","中興電群益51購01","3,000","1","2,490","0.83","0.83","0.83","0.83","X","0.00","0.82","100","0.84","100","167.00",
="081433","技嘉群益4B購01","43,000","3","70,540","1.65","1.65","1.64","1.64","-","0.05","0.49","20","--","0","281.00",
="081434","長榮群益4B購04","0","0","0","--","--","--","--"," ","0.00","0.08","10","0.18","10","188.00",
="081435","陽明群益4C購06","0","0","0","--","--","--","--"," ","0.00","0.17","10","0.27","10","58.80",
="081436","萬海群益4C購01","0","0","0","--","--","--","--"," ","0.00","0.15","10","0.25","10","84.10",
="081437","萬海群益51購02","0","0","0","--","--","--","--"," ","0.00","0.20","10","0.30","10","84.10",
="081438","亞光群益4C購05","20,000","2","25,760","1.30","1.30","1.28","1.28","-","0.01","0.46","21","--","0","164.00",
="081439","新日興群益4B購02","268,000","36","887,530","3.00","3.80","2.87","3.75","+","0.74","1.02","9","--","0","259.00",
="08143P","台灣50元富4A售07","0","0","0","--","--","--","--"," ","0.00","0.02","25","0.10","25","0.00",
="081440","嘉澤群益4B購05","169,000","4","158,050","0.91","0.98","0.91","0.98","-","0.02","0.31","161","--","0","1,465.00",
="081441","牧德群益4C購02","169,000","8","215,230","1.26","1.37","1.25","1.37","+","0.16","1.40","100","1.41","100","594.00",
="081442","健策群益4B購02","12,000","4","33,750","2.78","2.93","2.70","2.84","-","0.22","2.87","10","2.97","10","1,905.00",
="081443","神達群益4B購03","54,000","8","285,300","5.00","5.45","5.00","5.45","+","0.69","5.60","10","6.10","10","95.90",
="081446","士電統一49購01","0","0","0","--","--","--","--"," ","0.00","0.03","10","0.06","9","187.50",
="081447","材料群益4B購07","0","0","0","--","--","--","--"," ","0.00","0.11","10","0.21","10","67.70",
="081448","中租群益4B購01","0","0","0","--","--","--","--"," ","0.00","0.37","100","0.38","100","115.50",
="081449","穎崴群益4B購03","491,000","19","918,250","1.92","2.14","1.77","2.11","+","0.08","0.80","12","--","0","1,250.00",
="08144P","T50正2元富4A售04","0","0","0","--","--","--","--"," ","0.00","0.16","25","0.17","25","0.00",
="081450","緯穎群益4B購06","0","0","0","--","--","--","--"," ","0.00","--","0","5.70","10","2,975.00",
="081452","中興電凱基4B購03","161,000","2","74,670","0.46","0.47","0.46","0.47","+","0.07","0.47","100","0.49","10","167.00",
="081453","金像電凱基4B購04","0","0","0","--","--","--","--"," ","0.00","17.10","10","18.10","10","486.00",
="081454","漢唐凱基4C購03","0","0","0","--","--","--","--"," ","0.00","38.10","10","39.10","10","1,190.00",
="081455","聯發科統一4A購02","0","0","0","--","--","--","--"," ","0.00","0.32","10","0.42","111","1,385.00",
="081457","聯發科凱基4B購04","500,000","4","108,000","0.22","0.22","0.21","0.21","-","0.03","0.20","100","0.21","10","1,385.00",
="081458","瑞軒凱基4C購01","37,000","2","16,700","0.45","0.46","0.45","0.46","-","0.06","0.48","10","0.49","10","13.90",
="081459","皇昌凱基51購03","21,000","1","11,760","0.56","0.56","0.56","0.56","X","0.00","0.43","10","0.44","50","83.50",
="08145P","道瓊銀元富4A售02","0","0","0","--","--","--","--"," ","0.00","0.18","25","0.19","25","0.00",
="081460","長榮凱基54購01","0","0","0","--","--","--","--"," ","0.00","0.34","100","0.35","10","188.00",
="081461","陽明凱基4B購01","0","0","0","--","--","--","--"," ","0.00","0.23","100","0.24","30","58.80",
="081462","萬海凱基4B購05","0","0","0","--","--","--","--"," ","0.00","0.04","100","0.14","10","84.10",
="081465","亞光凱基4B購05","110,000","2","146,700","1.35","1.35","1.32","1.32","-","0.02","1.25","100","1.27","10","164.00",
="081466","日電貿凱基4B購01","3,000","2","2,290","0.77","0.77","0.76","0.76","+","0.03","0.73","10","0.74","10","70.50",
="081467","嘉澤凱基54購01","137,000","6","154,610","1.10","1.15","1.10","1.15","+","0.03","1.14","100","1.15","10","1,465.00",
="081468","GIS凱基4B購02","603,000","27","1,302,090","2.04","2.42","1.87","2.23","-","0.01","2.22","10","2.25","10","59.90",
="081469","羅昇凱基4B購01","110,000","13","81,160","0.72","0.79","0.71","0.76","-","0.01","0.74","100","0.75","10","114.50",
="08146P","保瑞元富4A售04","0","0","0","--","--","--","--"," ","0.00","0.08","28","0.10","10","0.00",
="081470","電子類凱基4B購01","0","0","0","--","--","--","--"," ","0.00","4.06","10","4.07","10","0.00",
="081471","金融類凱基4B購01","0","0","0","--","--","--","--"," ","0.00","1.35","100","1.36","10","0.00",
="081476","士電統一55購04","330,000","8","211,670","0.68","0.68","0.63","0.64","+","0.04","0.63","10","0.64","12","187.50",
="081477","士電統一55購05","0","0","0","--","--","--","--"," ","0.00","0.55","10","0.56","10","187.50",
="081478","中興電統一56購01","304,000","12","258,390","0.85","0.86","0.84","0.85","+","0.06","0.85","10","0.86","10","167.00",
="081479","中砂統一5B購01","0","0","0","--","--","--","--"," ","0.00","0.65","10","0.66","10","347.00",
="08147P","台灣50元大4A售12","0","0","0","--","--","--","--"," ","0.00","0.09","100","0.19","10","0.00",
="081482","上銀統一53購03","0","0","0","--","--","--","--"," ","0.00","0.37","10","0.38","10","215.50",
="081483","智邦統一55購01","20,000","1","20,800","1.04","1.04","1.04","1.04","-","0.01","1.04","10","1.05","10","984.00",
="081484","大同統一55購02","42,000","4","34,870","0.82","0.84","0.82","0.83","-","0.02","0.83","10","0.84","10","40.75",
="081485","大同統一5B購01","0","0","0","--","--","--","--"," ","0.00","0.71","10","0.72","10","40.75",
="081486","技嘉統一55購03","295,000","2","163,800","0.56","0.56","0.54","0.54","-","0.02","0.54","10","0.55","10","281.00",
="081487","京元電統一55購02","0","0","0","--","--","--","--"," ","0.00","1.16","10","1.17","10","142.00",
="081488","萬海統一55購03","0","0","0","--","--","--","--"," ","0.00","0.22","10","0.23","10","84.10",
="081489","萬海統一5B購01","13,000","1","4,290","0.33","0.33","0.33","0.33","X","0.00","0.31","10","0.32","10","84.10",
="08148P","T50正2元大4A售07","0","0","0","--","--","--","--"," ","0.00","0.14","100","0.24","10","0.00",
="081490","雄獅統一55購01","192,000","3","96,580","0.49","0.51","0.49","0.51","+","0.04","0.50","10","0.51","10","159.00",
="081491","亞光統一5B購01","0","0","0","--","--","--","--"," ","0.00","0.75","10","0.76","10","164.00",
="081492","牧德統一55購01","169,000","6","119,240","0.70","0.74","0.69","0.74","+","0.07","0.74","10","0.75","10","594.00",
="081493","辛耘統一55購02","557,000","22","725,880","1.26","1.33","1.26","1.33","+","0.08","1.33","10","1.34","10","393.50",
="081494","碩天統一52購02","0","0","0","--","--","--","--"," ","0.00","0.39","10","0.40","10","225.50",
="081495","精銳統一58購01","115,000","3","66,050","0.57","0.59","0.57","0.59","+","0.08","0.57","10","0.58","10","776.00",
="081496","祥碩統一55購01","0","0","0","--","--","--","--"," ","0.00","0.33","10","0.34","10","1,665.00",
="081497","龍德船統一55購04","232,000","9","221,740","0.96","1.01","0.93","0.96","+","0.02","0.93","11","0.94","10","146.00",
="081498","志強統一55購02","156,000","8","68,140","0.43","0.44","0.43","0.44","+","0.01","0.43","11","0.44","10","105.50",
="081499","ITH統一55購02","0","0","0","--","--","--","--"," ","0.00","0.30","10","0.31","10","45.10",
="08149P","T50正2元大4A售08","0","0","0","--","--","--","--"," ","0.00","0.20","100","0.30","10","0.00",
="081500","A50中信52購01","0","0","0","--","--","--","--"," ","0.00","0.74","499","0.75","100","0.00",
="081501","道瓊反中信53購01","0","0","0","--","--","--","--"," ","0.00","0.31","499","0.32","100","0.00",
="081502","長榮中信53購01","0","0","0","--","--","--","--"," ","0.00","0.10","10","0.11","10","0.00",
="081503","T50反1元富4B購04","0","0","0","--","--","--","--"," ","0.00","0.03","25","0.10","10","19.79",
="081504","SGBR2X元富4B購04","0","0","0","--","--","--","--"," ","0.00","2.03","25","2.05","25","11.25",
="081505","中興電元富54購01","160,000","5","161,300","1.01","1.03","1.00","1.03","+","0.08","1.03","25","1.04","25","167.00",
="081506","上銀元富4B購02","22,000","1","43,120","1.96","1.96","1.96","1.96","+","0.30","1.68","25","1.70","25","215.50",
="081507","致茂元富4B購01","0","0","0","--","--","--","--"," ","0.00","4.66","25","4.76","25","556.00",
="081508","長榮元富55購04","0","0","0","--","--","--","--"," ","0.00","0.50","25","0.51","25","188.00",
="081509","健和興元富4B購01","20,000","2","6,600","0.33","0.33","0.33","0.33","X","0.00","0.33","25","0.34","25","53.50",
="08150P","群臺2X元大4A售01","0","0","0","--","--","--","--"," ","0.00","0.05","100","0.15","10","0.00",
="081510","創意元富4B購02","0","0","0","--","--","--","--"," ","0.00","--","0","--","0","1,350.00",
="081511","神達元富4B購02","0","0","0","--","--","--","--"," ","0.00","5.70","25","6.20","25","95.90",
="081512","定穎控元富4B購01","0","0","0","--","--","--","--"," ","0.00","11.00","25","12.00","25","106.00",
="081513","樺漢元富4B購01","143,000","9","191,620","1.32","1.42","1.32","1.33","+","0.10","1.33","15","1.41","10","326.00",
="081514","緯穎元富55購02","148,000","54","303,260","2.07","2.08","2.01","2.02","-","0.06","2.00","25","2.01","25","2,975.00",
="081515","復盛元富4B購01","0","0","0","--","--","--","--"," ","0.00","0.21","25","0.22","25","265.50",
="081516","洋基元富4B購01","0","0","0","--","--","--","--"," ","0.00","1.98","25","2.08","10","476.00",
="081517","泰金寶元富4C購01","0","0","0","--","--","--","--"," ","0.00","0.37","25","0.38","25","6.01",
="081518","臺股指元富4B購10","0","0","0","--","--","--","--"," ","0.00","3.13","25","3.14","25","0.00",
="081519","臺股指元富4B購11","0","0","0","--","--","--","--"," ","0.00","2.76","25","2.77","25","0.00",
="08151P","技嘉元大4A售01","0","0","0","--","--","--","--"," ","0.00","0.03","499","0.13","10","0.00",
="081520","臺股指元富4B購12","0","0","0","--","--","--","--"," ","0.00","2.40","25","2.41","25","0.00",
="081521","臺股指元富4B購13","0","0","0","--","--","--","--"," ","0.00","2.12","25","2.13","25","0.00",
="081522","S&P反1國票53購01","95,000","6","34,900","0.37","0.37","0.36","0.36"," ","0.00","0.36","25","0.37","10","4.56",
="081523","S&P反1國票55購01","400,000","2","76,000","0.19","0.19","0.19","0.19"," ","0.00","0.18","30","0.19","10","4.56",
="081524","元債2X國票4C購01","0","0","0","--","--","--","--"," ","0.00","0.41","25","0.42","10","7.05",
="081525","美債2X國票4B購01","0","0","0","--","--","--","--"," ","0.00","0.51","25","0.52","10","7.03",
="081526","中興電國票4C購01","0","0","0","--","--","--","--"," ","0.00","0.94","25","0.95","10","167.00",
="081527","合機國票4C購01","28,000","5","31,190","1.09","1.13","1.08","1.08"," ","0.00","1.07","25","1.08","10","48.45",
="081528","仁寶國票4C購01","0","0","0","--","--","--","--"," ","0.00","0.81","25","0.82","10","28.10",
="081529","台光電國票4C購04","0","0","0","--","--","--","--"," ","0.00","16.00","25","16.50","10","1,250.00",
="08152P","景碩元大4A售04","30,000","2","2,300","0.08","0.08","0.07","0.07","X","0.00","0.07","499","0.08","200","0.00",
="081530","京元電國票4B購01","0","0","0","--","--","--","--"," ","0.00","4.86","25","4.96","10","142.00",
="081531","冠德國票4C購02","0","0","0","--","--","--","--"," ","0.00","0.05","25","0.06","10","36.30",
="081532","陽明國票4B購04","0","0","0","--","--","--","--"," ","0.00","0.06","25","0.07","10","58.80",
="081533","陽明國票4C購01","0","0","0","--","--","--","--"," ","0.00","0.10","25","0.11","10","58.80",
="081534","華航國票4B購02","30,000","2","24,600","0.84","0.84","0.78","0.78","-","0.02","0.77","25","0.78","10","21.25",
="081535","中航國票4C購01","17,000","5","29,130","1.77","1.81","1.69","1.71","-","0.04","1.68","25","1.69","10","55.50",
="081536","國泰金國票4C購03","0","0","0","--","--","--","--"," ","0.00","0.29","25","0.30","10","62.30",
="081537","中信金國票4C購03","0","0","0","--","--","--","--"," ","0.00","0.56","25","0.58","10","41.80",
="081538","奇鋐國票4C購05","0","0","0","--","--","--","--"," ","0.00","11.30","25","12.30","10","1,015.00",
="081539","亞光國票4C購02","12,000","2","20,240","1.70","1.70","1.62","1.62","-","0.13","1.62","25","1.63","10","164.00",
="08153P","材料元大4A售07","0","0","0","--","--","--","--"," ","0.00","0.86","499","0.87","200","0.00",
="081540","世芯國票4C購01","1,000","1","5,050","5.05","5.05","5.05","5.05","+","0.11","4.73","25","4.77","10","4,000.00",
="081541","神達國票4C購02","0","0","0","--","--","--","--"," ","0.00","7.65","25","8.15","10","95.90",
="081542","祥碩國票4C購01","20,000","1","10,400","0.52","0.52","0.52","0.52","-","0.02","0.49","25","0.50","10","1,665.00",
="081543","保瑞國票4C購01","0","0","0","--","--","--","--"," ","0.00","3.09","25","3.19","10","733.00",
="081545","晶心科國票4B購02","115,000","3","86,150","0.81","0.81","0.74","0.74","-","0.07","0.76","25","0.77","10","283.00",
="081546","洋基國票4C購02","10,000","1","50,500","5.05","5.05","5.05","5.05","-","0.70","4.72","25","4.79","10","476.00",
="081547","亞光國泰4C購01","41,000","4","100,200","2.43","2.58","2.43","2.43","+","0.10","2.25","499","2.27","100","164.00",
="081548","萬海富邦4C購01","0","0","0","--","--","--","--"," ","0.00","0.15","30","0.16","28","0.00",
="081549","神達富邦4C購01","37,000","4","135,450","3.64","3.90","3.61","3.90","+","1.00","3.62","30","3.67","10","0.00",
="08154P","臺股指中信51售01","0","0","0","--","--","--","--"," ","0.00","0.11","499","0.12","100","0.00",
="081550","臺股指富邦4B購08","0","0","0","--","--","--","--"," ","0.00","1.54","499","1.58","10","0.00",
="081551","漢唐台新4B購01","0","0","0","--","--","--","--"," ","0.00","18.00","20","--","0","0.00",
="081552","長榮台新4B購02","1,000","1","1,840","1.84","1.84","1.84","1.84","X","0.00","1.65","10","1.67","10","0.00",
="081553","萬海台新4B購01","5,000","1","350","0.07","0.07","0.07","0.07","X","0.00","0.07","10","0.10","10","0.00",
="081554","T50正2元大4B購06","0","0","0","--","--","--","--"," ","0.00","2.88","499","2.95","10","259.40",
="081555","國喬元大4B購04","0","0","0","--","--","--","--"," ","0.00","0.08","499","0.09","10","9.92",
="081556","川湖元大4B購06","38,000","5","251,100","6.50","6.70","6.50","6.70","X","0.00","6.40","100","6.50","10","2,925.00",
="081557","微星元大4B購01","13,000","1","7,150","0.55","0.55","0.55","0.55","-","0.01","0.55","499","0.56","10","136.50",
="081558","漢唐元大53購05","0","0","0","--","--","--","--"," ","0.00","14.10","10","--","0","1,190.00",
="081559","京元電元大4B購03","576,000","46","1,215,930","2.01","2.27","1.98","2.17","+","0.15","2.13","400","2.20","10","142.00",
="08155P","鴻海國票4B售03","0","0","0","--","--","--","--"," ","0.00","--","0","0.15","10","0.00",
="081560","聯發科元大53購01","20,000","1","15,000","0.75","0.75","0.75","0.75"," ","0.00","0.06","166","--","0","1,385.00",
="081561","長榮元大51購14","0","0","0","--","--","--","--"," ","0.00","0.09","499","0.10","10","188.00",
="081562","萬海元大4B購06","0","0","0","--","--","--","--"," ","0.00","0.05","499","0.06","10","84.10",
="081563","雄獅元大4B購03","0","0","0","--","--","--","--"," ","0.00","0.28","499","0.29","10","159.00",
="081564","國泰金元大4B購05","14,000","1","7,280","0.52","0.52","0.52","0.52","X","0.00","0.50","499","0.51","10","62.30",
="081565","嘉澤元大51購04","283,000","6","237,830","0.84","0.85","0.83","0.85","+","0.04","0.84","499","0.86","10","1,465.00",
="081566","健策元大4B購04","15,000","3","23,900","1.57","1.63","1.57","1.58","-","0.15","1.59","450","1.62","10","1,905.00",
="081567","祥碩元大4B購06","0","0","0","--","--","--","--"," ","0.00","0.10","499","0.11","10","1,665.00",
="081568","晶心科元大4B購02","629,000","14","294,400","0.52","0.53","0.46","0.46","-","0.06","0.47","499","0.48","10","283.00",
="08156P","大立光國票4B售04","0","0","0","--","--","--","--"," ","0.00","0.18","25","0.19","10","0.00",
="081570","緯穎元大51購07","1,000","1","1,090","1.09","1.09","1.09","1.09","-","0.02","1.08","25","1.10","10","2,975.00",
="081571","AES元大4B購02","521,000","9","705,340","1.31","1.40","1.30","1.40","+","0.23","1.35","499","1.37","10","1,350.00",
="081572","來億元大4B購01","170,000","5","65,200","0.37","0.41","0.37","0.41","+","0.08","0.39","499","0.40","10","243.50",
="081573","臺股指元大4B購31","108,000","9","68,160","0.66","0.68","0.60","0.60","-","0.14","0.59","100","0.60","5","0.00",
="081574","臺股指元大4B購32","0","0","0","--","--","--","--"," ","0.00","2.45","100","2.46","10","0.00",
="081575","臺股指元大4B購33","0","0","0","--","--","--","--"," ","0.00","2.15","500","2.23","10","0.00",
="081576","臺股指元大4B購34","0","0","0","--","--","--","--"," ","0.00","2.33","499","2.41","10","0.00",
="081577","香港2X群益4B購01","30,000","1","22,800","0.76","0.76","0.76","0.76","-","0.18","0.11","3","--","0","16.40",
="081578","華城群益4B購03","0","0","0","--","--","--","--"," ","0.00","--","0","--","0","618.00",
="081579","中砂群益4B購04","82,000","10","145,460","1.62","1.91","1.62","1.78","+","0.13","1.71","1","--","0","347.00",
="08157P","奇鋐國票4B售02","0","0","0","--","--","--","--"," ","0.00","0.01","25","0.05","10","0.00",
="081580","金像電群益4B購05","0","0","0","--","--","--","--"," ","0.00","--","0","--","0","486.00",
="081581","台光電群益52購01","4,000","2","14,790","3.72","3.72","3.63","3.63","-","0.27","3.08","1","3.63","10","1,250.00",
="081582","漢唐群益51購01","0","0","0","--","--","--","--"," ","0.00","16.50","31","17.50","10","1,190.00",
="081583","陽明群益4B購03","0","0","0","--","--","--","--"," ","0.00","0.07","10","0.17","10","58.80",
="081584","亞光群益4B購02","540,000","4","830,790","1.50","1.73","1.50","1.73","+","0.22","0.48","41","--","0","164.00",
="081585","日電貿群益4B購01","1,000","1","860","0.86","0.86","0.86","0.86","X","0.00","0.81","25","0.82","10","70.50",
="081586","新日興群益4B購03","0","0","0","--","--","--","--"," ","0.00","1.26","20","--","0","259.00",
="081587","玉晶光群益4B購02","30,000","7","127,870","4.23","4.37","4.17","4.37","+","0.13","4.30","10","4.40","10","461.50",
="081588","嘉澤群益4B購06","365,000","15","380,680","0.98","1.16","0.94","1.16","+","0.01","1.05","7","--","0","1,465.00",
="081589","世芯群益4B購09","18,000","7","161,950","9.25","9.25","8.60","8.60","-","0.35","8.60","10","9.10","10","4,000.00",
="08158P","台灣50台新4A售03","0","0","0","--","--","--","--"," ","0.00","--","0","--","0","0.00",
="081590","穎崴群益4B購04","66,000","3","107,760","1.68","1.68","1.56","1.59","-","0.22","0.64","78","--","0","1,250.00",
="081591","羅昇群益51購01","6,000","3","5,280","0.90","0.90","0.87","0.87","+","0.02","0.85","25","0.86","10","114.50",
="081592","臺股指群益51購05","0","0","0","--","--","--","--"," ","0.00","2.24","499","2.25","499","0.00",
="081593","臺股指群益5A購01","126,000","5","315,790","2.51","2.51","2.49","2.49","-","0.11","2.49","489","2.50","499","0.00",
="081594","萬海台新4B購02","0","0","0","--","--","--","--"," ","0.00","0.28","20","0.29","10","0.00",
="081595","S&P反1凱基55購01","0","0","0","--","--","--","--"," ","0.00","0.29","10","0.30","50","4.56",
="081596","元債2X凱基55購02","0","0","0","--","--","--","--"," ","0.00","1.05","100","1.06","50","7.05",
="081597","美債2X凱基55購01","10,000","1","10,500","1.05","1.05","1.05","1.05"," ","0.00","1.06","100","1.07","10","7.03",
="081598","遠東新凱基4B購01","0","0","0","--","--","--","--"," ","0.00","0.09","10","0.10","50","27.15",
="081599","大成鋼凱基4B購05","4,000","1","7,320","1.83","1.83","1.83","1.83","X","0.00","1.61","100","1.71","10","38.60",
="08159P","台灣50台新4A售04","0","0","0","--","--","--","--"," ","0.00","--","0","0.01","10","0.00",
="081600","仁寶凱基4B購01","42,000","4","45,390","1.04","1.09","1.04","1.09","+","0.02","1.04","10","1.14","10","28.10",
="081601","台積電凱基4B購23","0","0","0","--","--","--","--"," ","0.00","1.13","100","1.14","10","1,160.00",
="081602","技嘉凱基4B購02","92,000","9","198,820","2.22","2.22","2.08","2.08","-","0.16","2.06","49","2.08","10","281.00",
="081603","陽明凱基4B購03","0","0","0","--","--","--","--"," ","0.00","0.06","100","0.07","50","58.80",
="081604","萬海凱基4B購07","0","0","0","--","--","--","--"," ","0.00","0.05","100","0.15","10","84.10",
="081605","長榮航凱基51購01","0","0","0","--","--","--","--"," ","0.00","0.88","100","0.89","10","39.05",
="081606","雄獅凱基4B購02","40,000","1","14,000","0.35","0.35","0.35","0.35","X","0.00","0.37","100","0.38","10","159.00",
="081607","國泰金凱基4B購02","0","0","0","--","--","--","--"," ","0.00","1.96","100","1.99","10","62.30",
="081608","神達凱基4B購04","20,000","9","202,050","9.65","10.60","9.65","10.60","+","2.00","10.00","50","10.70","2","95.90",
="081609","晶心科凱基4B購01","99,000","4","84,780","0.87","0.87","0.84","0.84","-","0.05","0.85","10","0.86","10","283.00",
="08160P","鴻海台新4A售03","0","0","0","--","--","--","--"," ","0.00","--","0","0.10","4","0.00",
="081610","雲豹凱基51購01","0","0","0","--","--","--","--"," ","0.00","0.17","10","0.18","30","130.50",
="081611","臺股指凱基4B購31","267,000","6","544,980","2.14","2.14","1.97","2.05","-","0.43","2.04","10","2.05","10","0.00",
="081612","中砂統一5B購02","25,000","1","18,250","0.73","0.73","0.73","0.73","X","0.00","0.72","10","0.73","10","347.00",
="081614","仁寶統一55購01","0","0","0","--","--","--","--"," ","0.00","0.44","10","0.45","10","28.10",
="081615","大同統一52購04","0","0","0","--","--","--","--"," ","0.00","0.58","10","0.59","10","40.75",
="081616","大同統一55購03","0","0","0","--","--","--","--"," ","0.00","0.58","10","0.59","10","40.75",
="081617","漢唐統一55購02","0","0","0","--","--","--","--"," ","0.00","3.60","10","3.61","10","1,190.00",
="081618","漢唐統一5B購01","0","0","0","--","--","--","--"," ","0.00","2.71","10","2.78","10","1,190.00",
="081619","長榮統一52購04","0","0","0","--","--","--","--"," ","0.00","0.10","10","0.11","10","188.00",
="08161P","台積電台新4A售03","0","0","0","--","--","--","--"," ","0.00","--","0","--","0","0.00",
="081620","長榮統一53購05","0","0","0","--","--","--","--"," ","0.00","0.26","108","0.27","108","188.00",
="081621","長榮統一65購01","10,000","1","3,900","0.39","0.39","0.39","0.39","X","0.00","0.38","15","0.39","10","188.00",
="081622","裕民統一55購01","33,000","1","14,850","0.45","0.45","0.45","0.45"," ","0.00","0.44","10","0.45","10","57.30",
="081623","陽明統一52購05","0","0","0","--","--","--","--"," ","0.00","0.15","10","0.16","10","58.80",
="081624","陽明統一65購01","0","0","0","--","--","--","--"," ","0.00","0.34","12","0.35","10","58.80",
="081625","萬海統一53購03","0","0","0","--","--","--","--"," ","0.00","0.14","10","0.15","10","84.10",
="081626","萬海統一65購01","180,000","4","62,200","0.35","0.35","0.34","0.34","X","0.00","0.33","10","0.34","10","84.10",
="081627","大立光統一55購02","47,000","1","29,140","0.62","0.62","0.62","0.62"," ","0.00","0.62","10","0.64","10","2,395.00",
="081628","晶心科統一55購02","1,295,000","17","1,165,600","0.91","0.91","0.88","0.90","-","0.01","0.89","10","0.90","10","283.00",
="081629","道瓊銅元富4C購01","0","0","0","--","--","--","--"," ","0.00","0.48","25","3.00","5","24.91",
="08162P","聯發科台新4A售02","0","0","0","--","--","--","--"," ","0.00","0.05","10","0.08","10","0.00",
="081630","台積電元富4B購26","0","0","0","--","--","--","--"," ","0.00","8.25","25","8.75","10","1,160.00",
="081631","美律元富4B購02","0","0","0","--","--","--","--"," ","0.00","0.25","25","0.26","25","107.50",
="081632","陽明元富4B購02","0","0","0","--","--","--","--"," ","0.00","0.07","25","0.10","10","58.80",
="081633","萬海元富4B購02","5,000","1","600","0.12","0.12","0.12","0.12","X","0.00","0.06","25","0.10","10","84.10",
="081634","材料元富55購01","104,000","2","46,840","0.46","0.46","0.45","0.45","+","0.02","0.44","25","0.45","25","67.70",
="081635","祥碩元富53購01","0","0","0","--","--","--","--"," ","0.00","0.45","25","0.46","25","1,665.00",
="081636","虎航元富4B購01","0","0","0","--","--","--","--"," ","0.00","0.27","25","0.28","25","82.60",
="081637","雲豹元富4B購01","0","0","0","--","--","--","--"," ","0.00","0.15","25","0.16","25","130.50",
="081638","雲豹元富55購01","11,000","1","4,950","0.45","0.45","0.45","0.45","X","0.00","0.45","25","0.46","25","130.50",
="081639","華城永豐51購01","0","0","0","--","--","--","--"," ","0.00","2.17","47","2.19","10","618.00",
="08163P","T50正2元富4A售06","0","0","0","--","--","--","--"," ","0.00","--","0","0.10","25","0.00",
="081640","英業達永豐4B購02","138,000","6","143,410","1.03","1.07","1.03","1.05","-","0.03","1.04","10","1.05","10","41.35",
="081641","長榮永豐4C購02","0","0","0","--","--","--","--"," ","0.00","0.21","499","0.22","10","188.00",
="081642","華晶科永豐52購01","1,000","1","3,350","3.35","3.35","3.35","3.35","-","0.11","3.35","499","3.38","10","50.30",
="081643","材料永豐4B購03","0","0","0","--","--","--","--"," ","0.00","0.45","10","0.46","10","67.70",
="081644","穎崴永豐4C購02","64,000","2","100,030","1.47","1.64","1.47","1.64","+","0.28","0.63","15","--","0","1,250.00",
="081645","采鈺永豐52購01","22,000","3","80,780","3.68","3.75","3.63","3.75","+","0.50","3.68","10","3.70","10","264.00",
="081646","雲豹永豐4C購01","0","0","0","--","--","--","--"," ","0.00","0.13","499","0.14","10","130.50",
="081647","元債2X國票4B購03","0","0","0","--","--","--","--"," ","0.00","0.64","25","0.65","10","7.05",
="081648","元債2X國票4C購02","0","0","0","--","--","--","--"," ","0.00","0.59","25","0.60","10","7.05",
="081649","美債2X國票4C購02","0","0","0","--","--","--","--"," ","0.00","0.72","25","0.73","10","7.03",
="08164P","FBNQ2X元富54售02","0","0","0","--","--","--","--"," ","0.00","0.68","25","0.69","25","0.00",
="081650","元日2X國票55購02","0","0","0","--","--","--","--"," ","0.00","0.42","25","0.43","10","5.97",
="081651","和大國票4C購02","33,000","3","38,910","1.13","1.22","1.13","1.19","+","0.09","1.74","25","--","0","72.90",
="081652","一詮國票4B購02","0","0","0","--","--","--","--"," ","0.00","0.68","25","0.69","10","80.20",
="081653","長榮國票51購02","0","0","0","--","--","--","--"," ","0.00","0.17","25","0.18","10","188.00",
="081654","裕民國票4C購01","57,000","7","58,390","1.04","1.06","1.00","1.00","+","0.04","0.98","25","1.00","10","57.30",
="081655","陽明國票4B購05","0","0","0","--","--","--","--"," ","0.00","0.19","25","0.20","10","58.80",
="081656","陽明國票51購01","0","0","0","--","--","--","--"," ","0.00","0.32","25","0.33","10","58.80",
="081657","陽明國票52購01","0","0","0","--","--","--","--"," ","0.00","0.29","25","0.30","10","58.80",
="081658","慧洋國票4C購02","15,000","2","19,000","1.32","1.32","1.24","1.24","X","0.00","1.23","25","1.24","10","61.80",
="081659","亞光國票4B購01","35,000","6","51,710","1.44","1.62","1.40","1.53","+","0.09","1.36","25","1.38","10","164.00",
="08165P","臺股指元富4A售10","0","0","0","--","--","--","--"," ","0.00","0.01","25","0.10","10","0.00",
="081660","神達國票51購01","13,000","7","129,300","9.50","10.30","9.50","10.20","+","2.05","9.55","25","9.65","10","95.90",
="081661","材料國票4C購04","0","0","0","--","--","--","--"," ","0.00","0.16","25","0.17","10","67.70",
="081662","雲豹國票4C購03","0","0","0","--","--","--","--"," ","0.00","0.26","25","0.27","10","130.50",
="081663","台虹國票4C購01","15,000","2","24,100","1.54","1.64","1.54","1.64"," ","0.00","1.58","25","1.62","10","51.80",
="081664","長榮國泰4C購01","0","0","0","--","--","--","--"," ","0.00","0.27","499","0.28","100","188.00",
="081665","萬海國泰4C購01","20,000","3","5,460","0.29","0.31","0.27","0.27"," ","0.00","0.26","499","0.27","100","84.10",
="081666","T50正2富邦53購01","0","0","0","--","--","--","--"," ","0.00","2.37","100","2.38","98","0.00",
="081667","統一富邦4B購01","5,000","1","1,800","0.36","0.36","0.36","0.36","+","0.01","0.36","30","0.37","31","0.00",
="081668","華邦電富邦4B購02","37,000","4","15,640","0.43","0.43","0.42","0.42","-","0.01","0.41","30","0.42","28","0.00",
="081669","陽明富邦51購01","0","0","0","--","--","--","--"," ","0.00","0.25","10","0.26","10","0.00",
="08166P","臺股指元富4A售11","0","0","0","--","--","--","--"," ","0.00","0.01","25","0.10","20","0.00",
="081670","雲豹富邦4B購01","0","0","0","--","--","--","--"," ","0.00","0.13","30","0.14","28","0.00",
="081671","A50正2元大53購01","22,000","7","47,480","2.13","2.24","2.13","2.13","X","0.00","2.12","250","2.13","96","31.56",
="081672","士電元大4B購02","9,000","1","7,650","0.85","0.85","0.85","0.85","X","0.00","0.81","499","0.82","10","187.50",
="081673","台積電元大4B購27","20,000","1","14,600","0.73","0.73","0.73","0.73","-","0.09","0.70","30","0.88","20","1,160.00",
="081674","台積電元大51購38","0","0","0","--","--","--","--"," ","0.00","0.08","70","--","0","1,160.00",
="081675","聯發科元大51購21","350,000","1","283,500","0.81","0.81","0.81","0.81","-","0.04","0.14","71","--","0","1,385.00",
="081676","全新元大4B購01","0","0","0","--","--","--","--"," ","0.00","7.70","100","7.90","10","153.50",
="081677","長榮元大51購15","0","0","0","--","--","--","--"," ","0.00","0.10","499","0.11","10","188.00",
="081678","陽明元大4B購05","0","0","0","--","--","--","--"," ","0.00","0.15","499","0.16","10","58.80",
="081679","陽明元大4B購06","0","0","0","--","--","--","--"," ","0.00","0.06","499","0.07","10","58.80",
="08167P","臺股指元富4A售12","0","0","0","--","--","--","--"," ","0.00","0.01","25","0.10","10","0.00",
="081680","陽明元大4B購07","50,000","1","3,500","0.07","0.07","0.07","0.07","X","0.00","0.05","499","0.06","10","58.80",
="081681","萬海元大4B購08","10,000","1","1,100","0.11","0.11","0.11","0.11","X","0.00","0.10","499","0.11","10","84.10",
="081682","萬海元大4B購09","0","0","0","--","--","--","--"," ","0.00","0.06","499","0.07","10","84.10",
="081683","萬海元大4B購10","0","0","0","--","--","--","--"," ","0.00","0.05","499","0.06","10","84.10",
="081684","萬海元大4B購11","0","0","0","--","--","--","--"," ","0.00","0.05","499","0.06","10","84.10",
="081685","萬海元大4B購12","20,000","1","1,200","0.06","0.06","0.06","0.06","X","0.00","0.04","499","0.14","10","84.10",
="081686","長榮航元大53購01","68,000","2","83,500","1.23","1.23","1.22","1.22","-","0.02","1.21","499","1.23","10","39.05",
="081687","奇鋐元大51購06","0","0","0","--","--","--","--"," ","0.00","10.00","50","10.40","10","1,015.00",
="081688","緯創元大4B購08","220,000","2","127,600","0.58","0.58","0.58","0.58","X","0.00","0.58","499","--","0","115.00",
="081689","牧德元大4B購03","420,000","13","559,670","1.24","1.41","1.23","1.41","+","0.25","1.41","499","1.43","10","594.00",
="08168P","台灣50元大4A售17","0","0","0","--","--","--","--"," ","0.00","0.02","100","0.12","10","0.00",
="081690","帆宣元大4B購02","0","0","0","--","--","--","--"," ","0.00","4.05","25","4.15","10","264.00",
="081691","緯穎元大51購08","9,000","3","11,870","1.30","1.36","1.29","1.29","-","0.02","1.28","25","1.31","10","2,975.00",
="081692","泓德元大4B購01","11,000","1","1,210","0.11","0.11","0.11","0.11","X","0.00","0.11","499","0.21","10","160.00",
="081693","ITH元大4B購01","0","0","0","--","--","--","--"," ","0.00","0.20","499","0.21","10","45.10",
="081695","中興電統一49購01","0","0","0","--","--","--","--"," ","0.00","--","0","0.01","10","167.00",
="081696","中興電統一4A購01","0","0","0","--","--","--","--"," ","0.00","0.08","10","0.12","20","167.00",
="081697","中興電統一4A購02","2,000","1","200","0.10","0.10","0.10","0.10"," ","0.00","0.10","10","0.11","10","167.00",
="081698","羅昇元大4B購01","490,000","5","200,850","0.41","0.41","0.40","0.40","-","0.02","0.39","499","0.40","10","114.50",
="081699","世紀鋼元大4B購04","0","0","0","--","--","--","--"," ","0.00","1.17","499","1.19","10","188.00",
="08169P","台灣50元大4A售18","0","0","0","--","--","--","--"," ","0.00","0.02","100","0.12","10","0.00",
="081702","亞力統一49購01","0","0","0","--","--","--","--"," ","0.00","--","0","--","0","110.50",
="081703","台積電統一49購01","0","0","0","--","--","--","--"," ","0.00","6.65","10","6.70","10","1,160.00",
="081704","士電中信4C購01","322,000","10","100,860","0.34","0.34","0.31","0.31","X","0.00","0.30","10","0.31","10","0.00",
="081705","川湖中信4B購02","13,000","3","25,520","1.94","1.97","1.94","1.94"," ","0.00","1.94","499","1.95","10","0.00",
="081706","長榮中信4C購03","0","0","0","--","--","--","--"," ","0.00","0.11","499","0.12","10","0.00",
="081707","世芯中信4C購03","13,000","4","23,860","1.99","1.99","1.82","1.83","-","0.12","1.79","10","1.82","10","0.00",
="081709","聯發科統一49購01","0","0","0","--","--","--","--"," ","0.00","0.26","108","0.31","108","1,385.00",
="08170P","漢翔元大4A售04","0","0","0","--","--","--","--"," ","0.00","0.01","498","0.14","10","0.00",
="081710","聯發科統一49購02","0","0","0","--","--","--","--"," ","0.00","0.14","10","0.15","10","1,385.00",
="081711","永崴控中信4B購01","0","0","0","--","--","--","--"," ","0.00","0.01","509","0.02","10","0.00",
="081712","愛普中信4B購01","70,000","5","67,400","0.95","1.05","0.91","1.05","+","0.03","1.01","499","1.03","10","0.00",
="081713","采鈺中信4B購01","365,000","22","234,240","0.60","0.68","0.58","0.68","+","0.14","0.65","10","0.66","10","0.00",
="081714","雲豹中信4C購01","0","0","0","--","--","--","--"," ","0.00","0.06","499","0.07","10","0.00",
="081715","矽創中信4B購01","365,000","7","161,100","0.44","0.45","0.43","0.45","+","0.04","0.43","499","0.45","10","0.00",
="081716","台虹中信4B購01","64,000","8","41,690","0.66","0.67","0.63","0.63","-","0.04","0.63","10","0.64","10","0.00",
="081717","台塑永豐53購01","20,000","1","119,000","5.95","5.95","5.95","5.95","-","0.55","5.95","10","6.00","10","39.10",
="081719","華新永豐52購01","134,000","9","288,430","2.10","2.29","2.10","2.19","+","0.01","2.19","499","2.21","10","23.35",
="08171P","臺股指元大4A售36","0","0","0","--","--","--","--"," ","0.00","0.05","100","0.15","10","0.00",
="081720","旺宏永豐52購01","0","0","0","--","--","--","--"," ","0.00","0.96","499","0.97","10","20.10",
="081721","欣興永豐4B購02","0","0","0","--","--","--","--"," ","0.00","1.82","10","1.92","10","150.00",
="081722","材料統一49購01","0","0","0","--","--","--","--"," ","0.00","--","0","--","0","67.70",
="081723","愛普永豐51購01","39,000","5","112,700","2.88","2.93","2.84","2.93","+","0.05","3.00","10","3.03","10","305.50",
="081724","雲豹永豐4B購02","0","0","0","--","--","--","--"," ","0.00","0.05","499","0.06","10","130.50",
="081726","連加永豐51購01","12,000","1","11,400","0.95","0.95","0.95","0.95","-","0.06","0.90","499","0.91","10","615.00",
="081727","振樺電永豐4C購01","0","0","0","--","--","--","--"," ","0.00","0.70","499","0.80","10","270.00",
="081728","道瓊銀元富55購01","4,000","2","4,240","1.06","1.06","1.06","1.06","+","0.02","1.05","25","1.06","25","32.63",
="081729","高力統一49購01","180,000","4","15,300","0.10","0.10","0.08","0.08","-","0.04","0.08","10","0.16","50","380.00",
="08172P","臺股指元大4A售37","0","0","0","--","--","--","--"," ","0.00","0.06","100","0.16","10","0.00",
="081730","世紀鋼統一49購01","0","0","0","--","--","--","--"," ","0.00","--","0","0.01","10","188.00",
="081731","士電元富4B購02","0","0","0","--","--","--","--"," ","0.00","0.78","25","0.80","25","187.50",
="081732","仁寶元富55購01","87,000","4","124,760","1.43","1.44","1.43","1.44","-","0.02","1.42","25","1.43","10","28.10",
="081733","大同元富55購01","47,000","3","101,870","2.15","2.18","2.15","2.17","-","0.02","2.16","25","2.17","25","40.75",
="081734","世芯元富4B購14","0","0","0","--","--","--","--"," ","0.00","2.24","25","2.30","25","4,000.00",
="081735","世芯元富55購02","6,000","1","17,640","2.94","2.94","2.94","2.94","-","0.03","2.86","25","2.88","25","4,000.00",
="081736","愛普元富4B購01","0","0","0","--","--","--","--"," ","0.00","2.08","25","2.11","25","305.50",
="081737","力積電元富4B購01","265,000","5","405,930","1.51","1.54","1.49","1.54","+","0.06","1.51","25","1.54","25","16.05",
="081738","寶成元富55購01","61,000","1","60,390","0.99","0.99","0.99","0.99","+","0.04","0.95","2","1.04","10","28.70",
="081739","華晶科統一55購02","65,000","10","51,430","0.83","0.83","0.78","0.80","-","0.03","0.80","10","0.81","10","50.30",
="08173P","臺股指元大4A售38","0","0","0","--","--","--","--"," ","0.00","0.07","100","0.17","10","0.00",
="081740","佳必琪統一55購01","29,000","5","29,060","1.00","1.01","0.96","0.96","X","0.00","0.95","10","0.96","10","178.50",
="081741","士電兆豐51購01","20,000","1","13,800","0.69","0.69","0.69","0.69","+","0.05","0.67","10","0.68","10","187.50",
="081742","漢唐兆豐55購01","0","0","0","--","--","--","--"," ","0.00","7.10","10","7.15","10","1,190.00",
="081743","大立光兆豐4B購01","49,000","2","54,190","1.11","1.11","1.09","1.09","-","0.05","1.06","10","1.07","10","2,395.00",
="081744","智原兆豐51購01","41,000","2","16,700","0.40","0.42","0.40","0.42","+","0.03","0.41","10","0.42","10","158.00",
="081745","元債2X群益55購02","0","0","0","--","--","--","--"," ","0.00","0.63","25","0.64","10","7.05",
="081746","美債2X群益55購02","0","0","0","--","--","--","--"," ","0.00","0.65","10","0.75","10","7.03",
="081747","亞泥群益4C購01","0","0","0","--","--","--","--"," ","0.00","--","0","--","0","37.10",
="081748","新光鋼群益4C購01","0","0","0","--","--","--","--"," ","0.00","0.89","10","0.99","10","44.65",
="081749","仁寶群益4B購03","0","0","0","--","--","--","--"," ","0.00","0.01","15","--","0","28.10",
="08174P","創意中信4A售02","200,000","1","18,000","0.09","0.09","0.09","0.09"," ","0.00","0.08","30","0.09","10","0.00",
="081750","凌陽群益4C購01","78,000","9","92,500","1.16","1.22","1.15","1.15","-","0.03","1.13","10","1.23","10","24.45",
="081751","一詮群益4B購02","0","0","0","--","--","--","--"," ","0.00","0.22","2","--","0","80.20",
="081752","普安群益4C購01","50,000","1","28,500","0.57","0.57","0.57","0.57","+","0.03","0.53","10","0.63","10","21.85",
="081753","陽明群益51購01","0","0","0","--","--","--","--"," ","0.00","0.22","10","0.32","10","58.80",
="081754","國泰金群益4B購03","0","0","0","--","--","--","--"," ","0.00","1.05","100","1.06","100","62.30",
="081755","嘉澤群益4B購07","266,000","8","389,600","1.37","1.59","1.32","1.59","+","0.14","0.40","25","--","0","1,465.00",
="081756","達邁群益4C購01","142,000","6","254,400","1.84","1.93","1.71","1.71","-","0.20","1.70","10","1.80","10","73.80",
="081757","jpp群益4B購02","41,000","5","187,350","4.52","4.63","4.52","4.63","+","0.27","2.77","3","4.86","10","276.00",
="081758","緯穎群益4B購07","0","0","0","--","--","--","--"," ","0.00","--","0","7.15","10","2,975.00",
="081759","雲豹群益4B購02","0","0","0","--","--","--","--"," ","0.00","0.11","25","0.12","10","130.50",
="08175P","緯穎中信4A售04","0","0","0","--","--","--","--"," ","0.00","0.02","499","0.03","10","0.00",
="081760","緯穎第一55購03","0","0","0","--","--","--","--"," ","0.00","1.55","10","1.59","10","0.00",
="081761","元日2X凱基57購02","0","0","0","--","--","--","--"," ","0.00","0.39","100","0.40","50","5.97",
="081762","士電凱基4B購03","299,000","5","119,010","0.40","0.40","0.38","0.38","X","0.00","0.38","10","0.39","10","187.50",
="081763","華城凱基4B購05","0","0","0","--","--","--","--"," ","0.00","4.89","100","4.99","10","618.00",
="081764","仁寶凱基4B購02","0","0","0","--","--","--","--"," ","0.00","0.28","10","0.38","10","28.10",
="081765","台積電凱基4C購29","0","0","0","--","--","--","--"," ","0.00","1.12","100","1.13","10","1,160.00",
="081766","華邦電凱基54購01","29,000","3","38,390","1.31","1.36","1.31","1.36"," ","0.00","1.28","10","1.30","10","19.60",
="081767","金像電凱基4B購05","0","0","0","--","--","--","--"," ","0.00","17.30","10","18.30","10","486.00",
="081768","長榮凱基54購02","0","0","0","--","--","--","--"," ","0.00","0.89","100","0.90","10","188.00",
="081769","裕民凱基4B購01","55,000","4","53,850","0.94","0.99","0.94","0.99","X","0.00","0.92","10","0.93","10","57.30",
="08176P","臺股指永豐4A售06","0","0","0","--","--","--","--"," ","0.00","0.01","499","0.04","10","0.00",
="081770","陽明凱基54購01","1,000","1","720","0.72","0.72","0.72","0.72","+","0.04","0.67","100","0.68","30","58.80",
="081771","慧洋凱基4B購03","0","0","0","--","--","--","--"," ","0.00","0.75","10","0.85","10","61.80",
="081772","緯創凱基53購01","73,000","4","95,870","1.29","1.32","1.29","1.32","-","0.01","1.31","100","--","0","115.00",
="081775","世芯凱基4B購05","73,000","13","261,760","3.68","3.68","3.44","3.51","-","0.12","3.34","30","3.38","10","4,000.00",
="081776","緯穎凱基51購05","0","0","0","--","--","--","--"," ","0.00","2.44","100","2.45","10","2,975.00",
="081777","A50正2國票4C購03","154,000","8","386,630","2.35","2.56","2.35","2.35","-","0.72","2.35","25","2.36","10","31.56",
="081778","臺指反國票54購01","50,000","1","8,000","0.16","0.16","0.16","0.16","X","0.00","0.16","25","0.17","10","3.20",
="081779","元債2X國票51購02","0","0","0","--","--","--","--"," ","0.00","0.57","25","0.58","10","7.05",
="08177P","台灣50凱基4A售14","0","0","0","--","--","--","--"," ","0.00","0.05","100","0.06","50","0.00",
="081780","元債2X國票52購01","0","0","0","--","--","--","--"," ","0.00","0.46","25","0.47","10","7.05",
="081781","士電國票4C購01","0","0","0","--","--","--","--"," ","0.00","0.66","25","0.67","10","187.50",
="081782","美時國票4B購01","0","0","0","--","--","--","--"," ","0.00","0.31","25","0.32","10","193.50",
="081783","台達電國票4C購01","0","0","0","--","--","--","--"," ","0.00","21.80","25","22.80","10","709.00",
="081784","海悅國票4B購01","0","0","0","--","--","--","--"," ","0.00","0.12","25","0.13","10","84.50",
="081785","鴻準國票4B購01","0","0","0","--","--","--","--"," ","0.00","3.39","25","3.48","10","71.70",
="081786","鴻準國票4C購01","6,000","1","17,040","2.84","2.84","2.84","2.84","+","0.08","2.67","25","2.68","10","71.70",
="081787","華碩國票4B購02","0","0","0","--","--","--","--"," ","0.00","0.84","25","0.85","10","634.00",
="081788","華碩國票4C購01","0","0","0","--","--","--","--"," ","0.00","1.34","25","1.36","10","634.00",
="081789","燿華國票4B購01","655,000","16","1,947,170","2.96","3.07","2.95","2.97","+","0.02","3.00","25","3.01","10","31.45",
="08178P","台灣50凱基4B售05","0","0","0","--","--","--","--"," ","0.00","0.10","100","0.11","50","0.00",
="081790","大同國票4C購01","112,000","4","152,700","1.36","1.40","1.36","1.38","-","0.07","1.40","25","1.41","10","40.75",
="081791","大同國票51購01","14,000","3","17,600","1.25","1.26","1.25","1.26"," ","0.00","1.22","25","1.23","10","40.75",
="081792","億光國票4B購01","20,000","1","7,400","0.37","0.37","0.37","0.37","X","0.00","0.35","25","0.36","10","68.30",
="081793","漢唐國票4C購03","0","0","0","--","--","--","--"," ","0.00","29.70","25","30.70","10","1,190.00",
="081794","精成科國票4C購02","0","0","0","--","--","--","--"," ","0.00","12.30","25","--","0","131.00",
="081795","泓德國票4B購01","0","0","0","--","--","--","--"," ","0.00","0.17","25","0.18","10","160.00",
="081796","士電國泰4C購01","60,000","2","101,400","1.69","1.69","1.69","1.69","X","0.00","1.67","499","1.70","100","187.50",
="081797","智邦國泰4C購01","0","0","0","--","--","--","--"," ","0.00","5.20","499","5.30","100","984.00",
="081798","京元電國泰4C購01","0","0","0","--","--","--","--"," ","0.00","6.90","499","--","0","142.00",
="081799","裕民國泰4C購01","18,000","2","23,940","1.33","1.33","1.33","1.33","-","0.01","1.25","499","1.28","320","57.30",
="08179P","T50正2凱基4B售04","0","0","0","--","--","--","--"," ","0.00","0.15","10","0.16","10","0.00",
="081800","亞力富邦51購01","207,000","6","91,370","0.45","0.46","0.43","0.45","+","0.02","0.44","10","0.45","10","0.00",
="081801","仁寶富邦51購01","73,000","1","40,880","0.56","0.56","0.56","0.56","X","0.00","0.55","10","0.56","10","0.00",
="081802","微星富邦4B購01","443,000","9","203,120","0.45","0.47","0.45","0.47"," ","0.00","0.46","30","0.47","28","0.00",
="081803","漢唐富邦52購01","0","0","0","--","--","--","--"," ","0.00","5.55","10","6.05","10","0.00",
="081804","一詮富邦51購01","2,000","2","1,290","0.66","0.66","0.63","0.63"," ","0.00","0.63","10","0.64","10","0.00",
="081805","長榮富邦52購02","0","0","0","--","--","--","--"," ","0.00","0.15","25","0.16","10","0.00",
="081806","大立光富邦51購01","191,000","3","117,320","0.61","0.62","0.61","0.62","-","0.03","0.63","10","0.64","10","0.00",
="081807","智易富邦4C購02","0","0","0","--","--","--","--"," ","0.00","1.09","10","1.19","10","0.00",
="081808","材料富邦4C購03","0","0","0","--","--","--","--"," ","0.00","0.21","10","0.22","10","0.00",
="081809","祥碩富邦4C購01","356,000","5","128,640","0.39","0.39","0.36","0.36","-","0.02","0.36","10","0.37","10","0.00",
="08180P","亞光凱基4A售02","0","0","0","--","--","--","--"," ","0.00","0.01","10","0.11","10","0.00",
="081810","台積電凱基4A購02","0","0","0","--","--","--","--"," ","0.00","4.61","22","4.71","10","1,160.00",
="081811","美費半元大53購01","0","0","0","--","--","--","--"," ","0.00","2.79","100","2.80","50","45.51",
="081812","士電元大4B購03","275,000","5","173,810","0.66","0.66","0.63","0.63","+","0.07","0.61","499","0.62","10","187.50",
="081813","士電元大4B購04","3,000","3","2,220","0.70","0.76","0.70","0.76","+","0.09","0.71","499","0.73","10","187.50",
="081815","台積電元大4B購28","0","0","0","--","--","--","--"," ","0.00","0.07","58","--","0","1,160.00",
="081816","微星元大4B購02","118,000","8","78,000","0.65","0.68","0.65","0.68","-","0.02","0.66","499","0.67","10","136.50",
="081817","瑞昱元大4B購01","419,000","10","178,560","0.41","0.43","0.40","0.40","-","0.03","0.39","35","--","0","545.00",
="081818","聯發科元大51購22","0","0","0","--","--","--","--"," ","0.00","--","0","--","0","1,385.00",
="081819","長榮元大55購01","0","0","0","--","--","--","--"," ","0.00","0.23","499","0.24","10","188.00",
="08181P","臺股指凱基4A售29","0","0","0","--","--","--","--"," ","0.00","0.01","100","0.02","10","0.00",
="081820","陽明元大51購01","0","0","0","--","--","--","--"," ","0.00","0.46","499","0.47","10","58.80",
="081821","長榮航元大53購02","0","0","0","--","--","--","--"," ","0.00","1.21","499","1.23","10","39.05",
="081822","奇鋐元大51購07","3,000","1","6,780","2.26","2.26","2.26","2.26","-","0.17","2.23","300","2.27","10","1,015.00",
="081823","華擎元大4B購01","0","0","0","--","--","--","--"," ","0.00","2.05","350","2.08","10","281.00",
="081824","神達元大53購01","83,000","6","434,650","5.25","5.30","5.20","5.20","+","0.56","5.25","150","5.30","10","95.90",
="081825","材料元大51購14","10,000","1","7,200","0.72","0.72","0.72","0.72","-","0.02","0.73","499","0.74","10","67.70",
="081826","飛捷元大4B購01","0","0","0","--","--","--","--"," ","0.00","0.34","499","0.35","10","112.50",
="081827","迅得元大4B購05","28,000","5","20,160","0.72","0.72","0.72","0.72","+","0.03","0.73","499","0.75","10","193.50",
="081828","雲豹元大4B購01","0","0","0","--","--","--","--"," ","0.00","0.08","499","0.09","10","130.50",
="081829","ITH元大4B購02","0","0","0","--","--","--","--"," ","0.00","0.19","499","0.20","10","45.10",
="08182P","臺股指凱基4B售19","0","0","0","--","--","--","--"," ","0.00","0.01","100","0.02","10","0.00",
="081830","振樺電元大4B購01","68,000","1","21,760","0.32","0.32","0.32","0.32","X","0.00","0.26","499","0.27","10","270.00",
="081831","世紀鋼元大4B購05","0","0","0","--","--","--","--"," ","0.00","1.23","499","1.25","10","188.00",
="081832","陽明台新4B購01","0","0","0","--","--","--","--"," ","0.00","0.23","20","0.24","10","0.00",
="081833","世芯台新4B購02","0","0","0","--","--","--","--"," ","0.00","4.58","20","--","0","0.00",
="081834","士電台新4B購01","0","0","0","--","--","--","--"," ","0.00","1.12","20","1.13","10","0.00",
="081835","上銀兆豐55購01","307,000","11","237,380","0.72","0.78","0.72","0.76","+","0.06","0.72","10","0.73","10","215.50",
="081836","鴻海兆豐55購01","0","0","0","--","--","--","--"," ","0.00","3.06","10","3.07","10","206.00",
="081837","技嘉兆豐4B購01","0","0","0","--","--","--","--"," ","0.00","1.09","10","1.10","10","281.00",
="081838","義隆兆豐51購01","47,000","2","21,430","0.47","0.47","0.45","0.45","-","0.03","0.45","10","0.46","10","120.00",
="081839","長榮兆豐51購01","0","0","0","--","--","--","--"," ","0.00","0.17","10","0.18","10","188.00",
="08183P","T50正2元富51售04","0","0","0","--","--","--","--"," ","0.00","0.12","25","0.13","25","0.00",
="081840","世芯兆豐51購01","0","0","0","--","--","--","--"," ","0.00","2.10","9","2.15","9","4,000.00",
="081841","精銳兆豐51購01","526,000","13","379,490","0.71","0.76","0.68","0.74","+","0.04","0.73","10","0.74","10","776.00",
="081842","材料兆豐4B購01","0","0","0","--","--","--","--"," ","0.00","0.11","10","0.12","10","67.70",
="081843","金像電群益4C購02","0","0","0","--","--","--","--"," ","0.00","--","0","--","0","486.00",
="081844","金像電群益4C購03","0","0","0","--","--","--","--"," ","0.00","--","0","9.05","10","486.00",
="081845","奇鋐群益51購02","0","0","0","--","--","--","--"," ","0.00","2.07","30","3.63","10","1,015.00",
="081846","世芯群益4B購10","11,000","7","43,400","4.06","4.06","3.86","3.91","-","0.08","3.82","10","3.92","10","4,000.00",
="081847","瀚宇博群益4B購01","18,000","3","76,800","4.32","4.35","3.95","3.95","+","0.08","3.65","5","3.76","10","81.70",
="081848","緯穎群益4B購08","8,000","2","42,000","5.25","5.25","5.25","5.25","X","0.00","--","0","5.70","10","2,975.00",
="081849","辛耘中信4C購01","154,000","16","197,630","1.24","1.36","1.18","1.36","+","0.13","1.35","10","1.36","8","0.00",
="08184P","台灣50群益4A售07","0","0","0","--","--","--","--"," ","0.00","0.13","25","0.14","10","0.00",
="081850","GIS中信4B購01","318,000","26","450,060","1.39","1.59","1.24","1.55","+","0.04","1.50","10","1.52","10","0.00",
="081851","東陽永豐51購01","56,000","4","136,780","2.34","2.48","2.34","2.48","X","0.00","2.35","499","2.45","10","101.00",
="081852","聯電永豐4C購03","0","0","0","--","--","--","--"," ","0.00","0.29","10","0.30","10","40.60",
="081853","金像電永豐52購01","0","0","0","--","--","--","--"," ","0.00","12.90","499","13.10","10","486.00",
="081854","台光電永豐4C購01","0","0","0","--","--","--","--"," ","0.00","4.94","499","5.20","10","1,250.00",
="081855","神基永豐52購01","7,000","4","142,600","20.00","20.60","19.80","19.80","+","1.00","21.50","10","21.90","10","157.00",
="081856","奇鋐永豐4B購05","9,000","3","200,400","21.90","23.00","21.90","23.00","-","2.90","23.00","10","23.70","10","1,015.00",
="081857","智原永豐4B購02","10,000","1","3,300","0.33","0.33","0.33","0.33","+","0.02","0.31","499","0.33","10","158.00",
="081858","聯鈞永豐4C購01","32,000","3","45,880","1.49","1.49","1.37","1.37","-","0.19","1.29","10","1.30","10","202.00",
="081859","佳必琪永豐51購01","11,000","3","256,200","23.20","24.20","23.20","24.20","X","0.00","22.50","10","22.80","10","178.50",
="08185P","台灣50群益4B售06","0","0","0","--","--","--","--"," ","0.00","0.05","100","0.06","100","0.00",
="081860","保瑞永豐52購01","1,000","1","1,990","1.99","1.99","1.99","1.99","+","0.02","1.91","10","1.98","10","733.00",
="081861","視陽永豐4B購01","255,000","4","256,450","1.09","1.09","0.99","0.99","-","0.07","1.00","10","1.01","10","207.50",
="081862","元債2X國泰4C購01","0","0","0","--","--","--","--"," ","0.00","0.62","499","0.63","100","7.05",
="081863","華邦電國泰4C購02","0","0","0","--","--","--","--"," ","0.00","1.94","499","1.97","100","19.60",
="081864","陽明國泰4C購02","0","0","0","--","--","--","--"," ","0.00","0.28","499","0.29","100","58.80",
="081865","奇鋐國泰4C購01","0","0","0","--","--","--","--"," ","0.00","8.35","499","8.65","10","1,015.00",
="081866","聯鈞國泰4C購01","123,000","5","178,590","1.50","1.50","1.39","1.39","-","0.24","1.38","499","1.39","100","202.00",
="081867","台積電富邦51購08","0","0","0","--","--","--","--"," ","0.00","0.62","30","0.63","10","0.00",
="081868","長榮航富邦4C購01","0","0","0","--","--","--","--"," ","0.00","0.20","30","0.21","10","0.00",
="081869","亞光富邦4C購02","29,000","5","43,350","1.48","1.53","1.48","1.52","-","0.03","1.45","10","1.46","10","0.00",
="08186P","台灣50群益4C售05","0","0","0","--","--","--","--"," ","0.00","0.19","100","0.20","100","0.00",
="081870","緯創富邦4B購04","354,000","18","236,710","0.65","0.70","0.65","0.70","+","0.01","0.66","10","0.67","10","0.00",
="081871","創意富邦4B購03","221,000","10","207,430","0.91","0.98","0.90","0.97","+","0.06","0.93","30","0.94","10","0.00",
="081872","緯穎富邦4B購02","0","0","0","--","--","--","--"," ","0.00","1.44","10","1.48","10","0.00",
="081873","世紀鋼富邦4B購02","250,000","16","219,180","0.89","0.89","0.84","0.84","-","0.06","0.85","10","0.86","10","0.00",
="081874","T50正2元富55購01","13,000","4","29,100","2.26","2.26","2.20","2.20","-","0.11","2.19","25","2.20","22","259.40",
="081875","A50正2元富55購03","0","0","0","--","--","--","--"," ","0.00","3.33","25","3.43","10","31.56",
="081876","國巨元富4B購01","0","0","0","--","--","--","--"," ","0.00","9.25","25","9.50","25","137.00",
="081877","一詮元富4B購03","0","0","0","--","--","--","--"," ","0.00","0.63","25","0.64","25","80.20",
="081878","長榮元富55購05","0","0","0","--","--","--","--"," ","0.00","0.37","25","0.38","25","188.00",
="081879","長榮元富65購01","0","0","0","--","--","--","--"," ","0.00","0.85","25","0.86","25","188.00",
="08187P","大立光群益51售01","0","0","0","--","--","--","--"," ","0.00","0.02","30","--","0","0.00",
="081880","中信金元富4B購02","0","0","0","--","--","--","--"," ","0.00","1.88","25","1.89","25","41.80",
="081881","中信金元富4B購03","0","0","0","--","--","--","--"," ","0.00","0.55","25","0.56","25","41.80",
="081882","聯鈞元富4B購01","40,000","2","11,600","0.30","0.30","0.28","0.28","-","0.07","0.27","25","0.28","25","202.00",
="081883","聯鈞元富4B購02","10,000","1","8,700","0.87","0.87","0.87","0.87","-","0.10","0.79","25","0.80","25","202.00",
="081884","聯鈞元富4B購03","0","0","0","--","--","--","--"," ","0.00","0.51","25","0.52","25","202.00",
="081885","材料元富49購02","0","0","0","--","--","--","--"," ","0.00","--","0","0.10","25","67.70",
="081886","聯鈞元富55購01","33,000","4","38,580","1.20","1.20","1.12","1.12","-","0.15","1.12","25","1.13","25","202.00",
="081887","矽格元富55購01","169,000","18","533,210","3.06","3.26","3.06","3.14","+","0.11","3.08","25","3.10","25","82.20",
="081888","ITH元富4B購04","0","0","0","--","--","--","--"," ","0.00","0.10","25","0.11","25","45.10",
="081889","聯鈞統一5B購03","40,000","2","24,070","0.61","0.61","0.60","0.60","X","0.00","0.59","10","0.60","10","202.00",
="08188P","臺股指群益4A售28","0","0","0","--","--","--","--"," ","0.00","0.03","499","--","0","0.00",
="081890","聯鈞統一65購02","138,000","7","82,400","0.61","0.61","0.59","0.59","-","0.04","0.58","10","0.59","10","202.00",
="081891","雲豹統一55購03","0","0","0","--","--","--","--"," ","0.00","0.26","10","0.27","10","130.50",
="081892","東陽元大4B購05","0","0","0","--","--","--","--"," ","0.00","0.04","499","0.14","10","101.00",
="081893","士電元大4B購05","3,000","2","1,950","0.65","0.65","0.65","0.65","X","0.00","0.60","499","0.61","10","187.50",
="081894","士電元大4B購06","20,000","1","23,200","1.16","1.16","1.16","1.16","X","0.00","1.14","499","1.16","10","187.50",
="081895","鴻海元大4B購16","353,000","4","600,060","1.66","1.70","1.66","1.70","X","0.00","1.69","400","1.71","10","206.00",
="081896","台積電元大4B購30","0","0","0","--","--","--","--"," ","0.00","0.07","58","--","0","1,160.00",
="081897","台積電元大51購39","0","0","0","--","--","--","--"," ","0.00","0.15","66","--","0","1,160.00",
="081898","鴻準元大4B購06","0","0","0","--","--","--","--"," ","0.00","2.98","250","3.05","10","71.70",
="081899","聯發科元大51購23","15,000","1","17,400","1.16","1.16","1.16","1.16","X","0.00","0.08","57","--","0","1,385.00",
="08189P","臺股指群益4A售29","0","0","0","--","--","--","--"," ","0.00","0.04","499","0.05","499","0.00",
="081900","長榮元大55購02","0","0","0","--","--","--","--"," ","0.00","0.22","499","0.23","10","188.00",
="081901","陽明元大4B購08","0","0","0","--","--","--","--"," ","0.00","0.11","499","0.12","10","58.80",
="081902","長榮航元大53購03","130,000","5","175,500","1.35","1.35","1.35","1.35","-","0.04","1.35","499","1.36","10","39.05",
="081903","奇鋐元大4B購10","0","0","0","--","--","--","--"," ","0.00","12.50","50","12.90","10","1,015.00",
="081904","智原元大51購08","605,000","4","327,700","0.55","0.55","0.54","0.54","+","0.02","0.54","499","0.55","10","158.00",
="081905","日電貿元大4B購01","147,000","6","99,500","0.68","0.68","0.66","0.66"," ","0.00","0.65","509","0.66","10","70.50",
="081906","聯鈞元大4B購03","102,000","2","55,040","0.52","0.54","0.52","0.54","-","0.07","0.49","499","0.50","10","202.00",
="081907","聯鈞元大4B購04","26,000","3","20,320","0.80","0.80","0.77","0.77","-","0.09","0.67","499","0.68","10","202.00",
="081908","聯鈞元大4B購05","307,000","17","272,690","0.95","0.96","0.84","0.84","-","0.16","0.82","499","0.83","10","202.00",
="081909","世芯元大51購17","50,000","9","252,260","5.20","5.20","4.87","4.88","-","0.09","4.79","150","4.84","10","4,000.00",
="08190P","臺股指群益4B售16","0","0","0","--","--","--","--"," ","0.00","0.11","499","0.12","499","0.00",
="081910","帆宣元大4B購03","50,000","3","164,990","3.41","3.41","3.27","3.30","+","0.16","3.22","250","3.27","10","264.00",
="081911","佳必琪元大4B購01","543,000","17","1,820,800","3.34","3.54","3.23","3.23"," ","0.00","3.20","250","3.28","10","178.50",
="081912","保瑞元大55購01","166,000","9","378,920","2.25","2.32","2.24","2.31","-","0.01","2.25","350","2.27","10","733.00",
="081913","采鈺元大4B購01","43,000","2","47,090","1.13","1.13","1.03","1.03","+","0.07","1.12","499","1.14","10","264.00",
="081914","采鈺元大4B購02","77,000","8","129,370","1.60","1.77","1.56","1.77","+","0.34","1.70","499","1.73","10","264.00",
="081915","雲豹元大4B購02","0","0","0","--","--","--","--"," ","0.00","0.13","499","0.14","10","130.50",
="081916","ITH元大4B購03","10,000","1","3,500","0.35","0.35","0.35","0.35","X","0.00","0.34","499","0.35","10","45.10",
="081918","連加元大4B購01","1,000","1","310","0.31","0.31","0.31","0.31","-","0.04","0.30","499","0.31","10","615.00",
="081919","長華元大4B購02","0","0","0","--","--","--","--"," ","0.00","0.21","499","0.22","10","39.60",
="08191P","臺股指群益4B售17","0","0","0","--","--","--","--"," ","0.00","0.02","499","--","0","0.00",
="081920","振樺電元大4B購02","251,000","2","93,290","0.39","0.39","0.37","0.37","+","0.05","0.31","499","0.32","10","270.00",
="081921","上証2X凱基51購02","15,000","4","26,000","1.72","1.75","1.72","1.73","-","0.58","1.69","10","1.70","50","45.30",
="081922","國企2X凱基51購01","0","0","0","--","--","--","--"," ","0.00","0.51","100","0.52","50","10.70",
="081923","士電凱基4C購01","104,000","4","156,180","1.50","1.53","1.50","1.53","+","0.08","1.53","66","1.55","10","187.50",
="081924","台達電凱基4B購03","0","0","0","--","--","--","--"," ","0.00","18.10","100","19.10","10","709.00",
="081925","台積電凱基4C購31","0","0","0","--","--","--","--"," ","0.00","1.10","100","1.11","10","1,160.00",
="081926","大同凱基4B購03","0","0","0","--","--","--","--"," ","0.00","0.67","10","0.68","10","40.75",
="081927","微星凱基4B購01","234,000","8","206,390","0.86","0.90","0.86","0.88","-","0.01","0.86","100","0.88","10","136.50",
="081928","瑞昱凱基4B購01","243,000","15","355,370","1.43","1.50","1.41","1.43","-","0.06","1.40","72","1.41","10","545.00",
="081929","台光電凱基4B購06","0","0","0","--","--","--","--"," ","0.00","12.00","100","12.30","10","1,250.00",
="08192P","S&P正2元大4A售02","0","0","0","--","--","--","--"," ","0.00","--","0","0.10","10","0.00",
="081930","南亞科凱基4B購03","58,000","6","82,840","1.42","1.44","1.42","1.43","-","0.08","1.32","100","1.33","10","46.65",
="081931","國泰金凱基4B購03","0","0","0","--","--","--","--"," ","0.00","0.55","100","0.56","10","62.30",
="081932","奇鋐凱基4B購07","0","0","0","--","--","--","--"," ","0.00","10.20","100","11.20","10","1,015.00",
="081933","聯鈞凱基51購01","616,000","5","551,440","0.97","0.97","0.88","0.91","-","0.13","0.85","100","0.86","10","202.00",
="081934","世芯凱基51購06","0","0","0","--","--","--","--"," ","0.00","3.74","100","3.80","10","4,000.00",
="081935","帆宣凱基4B購02","0","0","0","--","--","--","--"," ","0.00","5.55","100","6.05","10","264.00",
="081936","飛捷凱基4B購01","0","0","0","--","--","--","--"," ","0.00","0.48","100","0.49","10","112.50",
="081937","愛普凱基4B購03","158,000","15","346,570","2.06","2.39","2.06","2.27","-","0.04","2.28","100","2.30","10","305.50",
="081938","雲豹凱基4B購01","0","0","0","--","--","--","--"," ","0.00","0.25","10","0.26","10","130.50",
="081939","振樺電凱基4B購01","33,000","4","12,310","0.38","0.38","0.36","0.37","+","0.06","0.30","10","0.31","30","270.00",
="08193P","FBNQ2X元大4A售06","0","0","0","--","--","--","--"," ","0.00","0.03","100","0.08","50","0.00",
="081940","世紀鋼凱基53購01","58,000","9","271,920","4.86","4.86","4.53","4.63","-","0.42","4.58","22","4.63","10","188.00",
="081941","道瓊反國票51購01","12,000","2","2,760","0.23","0.23","0.23","0.23","X","0.00","0.22","26","0.23","10","5.93",
="081942","FB臺反國票4B購01","0","0","0","--","--","--","--"," ","0.00","0.15","25","0.20","10","10.87",
="081943","FB臺反國票51購01","100,000","1","32,000","0.32","0.32","0.32","0.32","X","0.00","0.32","25","0.33","10","10.87",
="081944","聯電國票4B購01","0","0","0","--","--","--","--"," ","0.00","0.16","25","0.17","10","40.60",
="081945","台達電國票51購01","0","0","0","--","--","--","--"," ","0.00","25.30","25","26.00","10","709.00",
="081946","光罩國票4C購01","162,000","29","425,760","2.68","2.70","2.52","2.61","-","0.33","2.53","25","2.60","10","41.45",
="081947","智邦國票4C購05","63,000","9","291,320","4.59","4.70","4.48","4.48","-","0.25","4.48","25","4.50","10","984.00",
="081949","金像電國票4C購03","0","0","0","--","--","--","--"," ","0.00","14.90","25","15.90","10","486.00",
="08194P","美費半元大4C售02","0","0","0","--","--","--","--"," ","0.00","0.12","100","0.22","10","0.00",
="081950","台光電國票4C購05","0","0","0","--","--","--","--"," ","0.00","13.70","25","14.00","10","1,250.00",
="081951","矽統統一49購01","0","0","0","--","--","--","--"," ","0.00","--","0","0.01","10","55.10",
="081952","鉅祥國票4B購01","2,000","1","8,880","4.44","4.44","4.44","4.44","X","0.00","4.29","25","4.39","10","98.10",
="081954","聯發科統一53購01","125,000","1","37,500","0.30","0.30","0.30","0.30","X","0.00","0.28","10","0.29","10","1,385.00",
="081955","亞光國票4C購03","11,000","3","16,870","1.55","1.55","1.53","1.53","-","0.09","1.53","25","1.54","10","164.00",
="081956","欣興國票4C購02","0","0","0","--","--","--","--"," ","0.00","2.50","25","2.55","10","150.00",
="081957","智原統一49購01","0","0","0","--","--","--","--"," ","0.00","--","0","0.01","1,763","158.00",
="081958","緯創國票51購03","0","0","0","--","--","--","--"," ","0.00","0.66","25","0.68","10","115.00",
="081959","聯鈞國票4C購04","126,000","9","143,340","1.17","1.21","1.10","1.10","-","0.22","1.09","25","1.10","10","202.00",
="08195P","上銀中信4A售03","0","0","0","--","--","--","--"," ","0.00","--","0","0.02","10","0.00",
="081960","牧德統一49購01","73,000","7","55,520","0.74","0.81","0.74","0.81","+","0.12","0.85","10","0.86","10","594.00",
="081961","海華國票4B購03","0","0","0","--","--","--","--"," ","0.00","9.70","25","--","0","100.00",
="081963","上緯控國票4B購01","0","0","0","--","--","--","--"," ","0.00","5.55","25","6.05","10","131.00",
="081965","帆宣國票4C購03","9,000","2","38,310","4.27","4.27","4.24","4.24","+","0.40","4.24","25","4.30","10","264.00",
="081968","佳能中信4B購01","0","0","0","--","--","--","--"," ","0.00","2.23","10","3.26","2","0.00",
="081969","國泰金中信4B購03","0","0","0","--","--","--","--"," ","0.00","0.28","499","0.29","10","0.00",
="08196P","緯創中信4A售01","0","0","0","--","--","--","--"," ","0.00","--","0","0.02","10","0.00",
="081970","大銀中信4B購01","0","0","0","--","--","--","--"," ","0.00","0.20","10","0.21","10","0.00",
="081972","昇陽半中信4B購01","0","0","0","--","--","--","--"," ","0.00","0.41","10","0.45","15","0.00",
="081973","陽明元富4B購04","0","0","0","--","--","--","--"," ","0.00","0.08","25","0.10","10","58.80",
="081974","台塑國票4B購01","0","0","0","--","--","--","--"," ","0.00","2.22","25","2.32","10","39.10",
="081975","台化國票4B購01","0","0","0","--","--","--","--"," ","0.00","2.83","25","--","0","29.90",
="081976","雄獅國票4C購01","25,000","2","25,370","1.01","1.07","1.01","1.07","X","0.00","1.06","25","1.07","10","159.00",
="081979","雄獅國票51購01","0","0","0","--","--","--","--"," ","0.00","1.09","25","1.10","10","159.00",
="08197P","台灣50凱基4C售06","0","0","0","--","--","--","--"," ","0.00","0.59","100","0.60","50","0.00",
="081980","材料國票4C購05","0","0","0","--","--","--","--"," ","0.00","0.26","25","0.27","10","67.70",
="081981","亞翔國票4B購02","0","0","0","--","--","--","--"," ","0.00","5.35","25","5.55","10","349.50",
="081982","精成科國票51購01","165,000","19","1,517,000","9.25","9.25","8.70","9.25","+","2.90","9.25","25","--","0","131.00",
="081983","聯茂國票4C購01","0","0","0","--","--","--","--"," ","0.00","10.40","25","--","0","125.00",
="081984","泓德國票4C購01","0","0","0","--","--","--","--"," ","0.00","0.14","25","0.15","10","160.00",
="081985","振樺電國票4C購01","104,000","2","75,080","0.77","0.77","0.72","0.72","+","0.07","0.66","25","0.67","10","270.00",
="081986","嘉澤國泰4C購02","0","0","0","--","--","--","--"," ","0.00","2.51","499","2.55","100","1,465.00",
="081987","元債2X富邦52購03","0","0","0","--","--","--","--"," ","0.00","0.99","100","1.00","98","0.00",
="081988","國巨富邦4B購02","0","0","0","--","--","--","--"," ","0.00","1.31","30","1.33","28","0.00",
="081989","華晶科富邦51購01","20,000","1","25,800","1.29","1.29","1.29","1.29","-","0.07","1.27","10","1.37","10","0.00",
="08198P","鴻海凱基4A售11","0","0","0","--","--","--","--"," ","0.00","--","0","0.10","10","0.00",
="081990","聯鈞富邦4B購01","299,000","9","89,950","0.33","0.33","0.28","0.29","-","0.07","0.28","30","0.29","10","0.00",
="081991","辛耘富邦4B購01","85,000","8","132,700","1.47","1.59","1.47","1.59","+","0.13","1.60","30","1.63","10","0.00",
="081992","昇陽半富邦4C購01","382,000","12","325,020","0.83","0.86","0.83","0.86","+","0.05","0.83","40","0.84","28","0.00",
="081993","聯電兆豐51購01","20,000","1","4,600","0.23","0.23","0.23","0.23","X","0.00","0.21","10","0.22","10","40.60",
="081994","華碩兆豐51購01","50,000","3","51,050","1.03","1.03","1.02","1.02","-","0.01","0.98","10","0.99","10","634.00",
="081995","台光電兆豐4B購01","0","0","0","--","--","--","--"," ","0.00","--","0","--","0","1,250.00",
="081996","聯發科兆豐4C購01","157,000","6","123,870","0.79","0.80","0.77","0.80","-","0.02","0.76","10","0.77","10","1,385.00",
="081997","裕民兆豐55購01","146,000","5","146,390","0.99","1.04","0.95","0.95","-","0.01","0.96","10","0.97","10","57.30",
="081998","立積兆豐55購01","281,000","17","339,970","1.12","1.44","1.11","1.44","+","0.34","1.44","10","--","0","158.00",
="081999","雲豹台新4B購01","0","0","0","--","--","--","--"," ","0.00","0.25","20","0.26","10","0.00",
="08199P","鴻海凱基54售01","0","0","0","--","--","--","--"," ","0.00","0.16","100","0.17","50","0.00",
="082000","昇陽半台新4B購01","18,000","1","28,800","1.60","1.60","1.60","1.60","X","0.00","1.52","20","1.53","10","0.00",
="082001","緯穎第一55購04","175,000","9","285,310","1.66","1.66","1.63","1.63","X","0.00","1.62","10","1.64","10","0.00",
="082002","FB臺反凱基4B購01","0","0","0","--","--","--","--"," ","0.00","0.06","100","0.16","10","10.87",
="082003","FB臺反凱基51購01","0","0","0","--","--","--","--"," ","0.00","0.13","100","0.14","50","10.87",
="082004","群臺2X凱基4B購03","0","0","0","--","--","--","--"," ","0.00","4.89","10","4.92","10","92.60",
="082005","美時凱基4B購02","0","0","0","--","--","--","--"," ","0.00","0.38","100","0.39","10","193.50",
="082006","仁寶凱基4C購01","0","0","0","--","--","--","--"," ","0.00","0.67","10","0.77","10","28.10",
="082007","台積電凱基4C購33","0","0","0","--","--","--","--"," ","0.00","0.90","100","0.91","10","1,160.00",
="082008","智邦凱基51購01","0","0","0","--","--","--","--"," ","0.00","4.97","100","5.30","10","984.00",
="082009","金像電凱基4C購02","0","0","0","--","--","--","--"," ","0.00","15.00","10","16.00","10","486.00",
="08200P","台積電凱基4B售10","0","0","0","--","--","--","--"," ","0.00","0.04","100","0.14","10","0.00",
="082010","佳能凱基4B購02","0","0","0","--","--","--","--"," ","0.00","7.60","10","8.10","10","80.80",
="082011","全新凱基4B購01","63,000","10","199,140","3.10","3.24","2.95","2.99","-","0.35","2.95","100","2.99","5","153.50",
="082012","鉅祥凱基4B購02","81,000","11","414,500","5.10","5.35","4.97","5.30","+","0.68","5.30","10","5.40","10","98.10",
="082013","長榮凱基55購01","0","0","0","--","--","--","--"," ","0.00","0.66","100","0.67","10","188.00",
="082014","聯鈞凱基4B購06","17,000","2","17,690","1.09","1.09","0.97","0.97","-","0.17","0.93","100","0.94","10","202.00",
="082015","保瑞凱基55購01","0","0","0","--","--","--","--"," ","0.00","2.37","10","2.39","10","733.00",
="082016","采鈺凱基4B購02","313,000","13","595,130","1.88","2.05","1.83","2.05","+","0.46","1.95","10","1.97","10","264.00",
="082017","ITH凱基4B購02","0","0","0","--","--","--","--"," ","0.00","0.10","100","0.11","50","45.10",
="082018","昇陽半凱基4B購02","88,000","5","69,840","0.78","0.83","0.77","0.83","+","0.09","0.77","100","0.79","10","152.50",
="082019","聯鈞統一55購04","508,000","6","356,200","0.72","0.72","0.67","0.67","-","0.06","0.65","30","0.66","10","202.00",
="08201P","臺股指凱基4C售15","0","0","0","--","--","--","--"," ","0.00","0.04","100","0.05","10","0.00",
="082020","牧德統一59購01","112,000","3","77,240","0.69","0.69","0.67","0.69"," ","0.00","0.73","10","0.74","10","594.00",
="082021","瀚宇博統一55購02","33,000","2","51,480","1.55","1.58","1.55","1.58","+","0.15","1.50","10","1.51","10","81.70",
="082022","雲豹統一56購02","2,000","2","730","0.36","0.37","0.36","0.37","+","0.02","0.36","10","0.37","10","130.50",
="082023","美時永豐55購01","0","0","0","--","--","--","--"," ","0.00","0.91","10","0.92","10","193.50",
="082024","金像電永豐51購02","0","0","0","--","--","--","--"," ","0.00","40.50","499","41.10","10","486.00",
="082025","聯發科永豐51購02","0","0","0","--","--","--","--"," ","0.00","1.27","499","1.28","10","1,385.00",
="082026","長榮永豐52購02","0","0","0","--","--","--","--"," ","0.00","0.92","499","1.02","10","188.00",
="082027","陽明永豐4B購05","0","0","0","--","--","--","--"," ","0.00","0.18","499","0.19","10","58.80",
="082028","亞光永豐52購02","0","0","0","--","--","--","--"," ","0.00","1.50","499","1.54","10","164.00",
="082029","群創永豐52購01","41,000","2","37,710","0.87","0.93","0.87","0.93","+","0.23","0.91","499","0.96","10","14.15",
="08202P","奇鋐群益54售04","399,000","2","23,940","0.06","0.06","0.06","0.06"," ","0.00","0.05","200","0.06","100","0.00",
="082030","華擎永豐4B購02","0","0","0","--","--","--","--"," ","0.00","2.52","499","2.58","10","281.00",
="082031","辛耘永豐52購01","0","0","0","--","--","--","--"," ","0.00","5.75","499","5.95","10","393.50",
="082032","世芯永豐56購02","0","0","0","--","--","--","--"," ","0.00","5.35","499","5.85","10","4,000.00",
="082033","貿聯永豐52購01","0","0","0","--","--","--","--"," ","0.00","11.40","499","11.70","10","981.00",
="082034","聯茂永豐4C購01","0","0","0","--","--","--","--"," ","0.00","6.25","499","--","0","125.00",
="082035","迅得永豐4C購02","0","0","0","--","--","--","--"," ","0.00","0.66","499","0.67","10","193.50",
="082036","昇陽半永豐53購01","367,000","10","1,148,190","3.01","3.20","2.95","3.11","+","0.02","3.08","10","3.11","10","152.50",
="082037","世紀鋼永豐53購03","92,000","9","156,880","1.73","1.75","1.70","1.70","-","0.13","1.68","10","1.69","10","188.00",
="082038","群高息元大4C購02","215,000","3","164,400","0.78","0.78","0.75","0.76","-","0.01","0.75","110","0.76","10","21.44",
="082039","中興電元大51購03","0","0","0","--","--","--","--"," ","0.00","0.98","499","1.00","10","167.00",
="08203P","世芯群益54售02","0","0","0","--","--","--","--"," ","0.00","0.14","10","0.22","499","0.00",
="082040","中興電元大55購01","292,000","7","362,080","1.24","1.24","1.24","1.24","+","0.07","1.24","499","1.25","10","167.00",
="082041","光寶科元大4B購01","171,000","2","209,610","1.24","1.24","1.21","1.21","-","0.12","1.16","25","1.19","10","130.00",
="082042","台達電元大4B購05","0","0","0","--","--","--","--"," ","0.00","14.70","50","--","0","709.00",
="082043","台積電元大4C購20","0","0","0","--","--","--","--"," ","0.00","0.10","100","--","0","1,160.00",
="082044","台積電元大51購40","0","0","0","--","--","--","--"," ","0.00","0.09","12","--","0","1,160.00",
="082045","智邦元大4B購03","9,000","1","14,490","1.61","1.61","1.61","1.61"," ","0.00","1.58","450","1.59","10","984.00",
="082046","金像電元大4B購06","0","0","0","--","--","--","--"," ","0.00","9.55","100","--","0","486.00",
="082047","金像電元大4B購07","0","0","0","--","--","--","--"," ","0.00","9.45","100","--","0","486.00",
="082048","漢唐元大4B購04","0","0","0","--","--","--","--"," ","0.00","16.10","10","--","0","1,190.00",
="082049","聯發科元大51購24","0","0","0","--","--","--","--"," ","0.00","0.06","7","--","0","1,385.00",
="08204P","材料群益54售03","0","0","0","--","--","--","--"," ","0.00","0.60","10","0.70","10","0.00",
="082050","長榮元大55購03","0","0","0","--","--","--","--"," ","0.00","0.20","499","0.21","10","188.00",
="082051","長榮航元大53購04","0","0","0","--","--","--","--"," ","0.00","1.23","499","1.24","10","39.05",
="082052","大立光元大51購08","20,000","2","29,300","1.47","1.47","1.45","1.45","-","0.01","1.42","25","1.44","10","2,395.00",
="082053","奇鋐元大4B購12","0","0","0","--","--","--","--"," ","0.00","12.30","50","12.70","10","1,015.00",
="082054","奇鋐元大4B購13","0","0","0","--","--","--","--"," ","0.00","2.47","250","2.52","10","1,015.00",
="082055","材料元大4C購07","15,000","2","4,450","0.30","0.30","0.29","0.29","X","0.00","0.28","504","0.29","10","67.70",
="082056","精成科元大4B購01","52,000","4","437,600","8.80","8.80","8.40","8.40","+","2.80","9.15","25","--","0","131.00",
="082057","精成科元大4B購02","102,000","6","900,500","9.45","9.45","8.65","8.65","+","2.05","9.45","25","--","0","131.00",
="082058","佳必琪元大4B購02","0","0","0","--","--","--","--"," ","0.00","3.32","200","3.42","10","178.50",
="082059","保瑞元大55購02","62,000","3","146,380","2.35","2.37","2.35","2.37","X","0.00","2.30","300","2.33","10","733.00",
="08205P","緯穎群益54售03","60,000","1","13,200","0.22","0.22","0.22","0.22","X","0.00","0.22","10","0.32","10","0.00",
="082060","雲豹元大4B購03","0","0","0","--","--","--","--"," ","0.00","0.23","499","0.24","11","130.50",
="082061","ITH元大4B購04","0","0","0","--","--","--","--"," ","0.00","0.18","499","0.19","10","45.10",
="082062","昇陽半元大4C購02","230,000","2","160,400","0.68","0.70","0.68","0.70","+","0.02","0.70","499","0.72","10","152.50",
="082063","昇陽半元大53購01","250,000","2","197,400","0.79","0.79","0.78","0.78","+","0.02","0.78","499","0.81","10","152.50",
="082064","世紀鋼元大4B購06","481,000","14","433,650","0.91","0.93","0.87","0.87","-","0.12","0.85","499","0.86","10","188.00",
="082065","上証2X群益4B購03","43,000","8","41,660","0.95","1.06","0.95","1.06","X","0.00","0.93","10","1.03","10","45.30",
="082066","辛耘群益4B購01","26,000","6","58,880","2.24","2.40","2.11","2.40","+","0.16","2.42","10","2.52","10","393.50",
="082067","達邁群益4C購02","27,000","4","45,010","1.70","1.71","1.58","1.58","-","0.20","1.56","10","1.66","10","73.80",
="082068","世芯群益4B購11","0","0","0","--","--","--","--"," ","0.00","2.97","10","3.07","10","4,000.00",
="082069","鈞興群益51購01","485,000","38","935,640","1.89","2.01","1.86","1.87","+","0.06","1.86","28","1.88","10","200.00",
="08206P","台灣50元富4A售13","0","0","0","--","--","--","--"," ","0.00","--","0","0.10","25","0.00",
="082070","精成科群益4C購02","58,000","5","238,250","4.00","4.32","4.00","4.32","+","1.14","4.35","1","--","0","131.00",
="082071","金像電台新4B購02","0","0","0","--","--","--","--"," ","0.00","12.20","20","--","0","0.00",
="082072","富世達台新4B購01","0","0","0","--","--","--","--"," ","0.00","9.25","20","--","0","0.00",
="082073","精成科中信4C購01","12,000","2","49,080","4.12","4.12","3.94","3.94","+","1.27","4.23","499","--","0","0.00",
="082074","臺股指中信53購09","80,000","5","63,050","0.81","0.81","0.74","0.76","-","0.10","0.75","499","0.76","90","0.00",
="082075","日本2X永豐51購01","23,000","7","37,860","1.65","1.66","1.64","1.65","+","0.04","1.67","10","1.68","10","63.45",
="082076","聯發科永豐4C購04","0","0","0","--","--","--","--"," ","0.00","9.70","499","10.40","10","1,385.00",
="082077","雄獅永豐53購01","21,000","3","198,150","9.15","9.55","9.15","9.55","+","1.05","9.30","499","9.40","10","159.00",
="082078","大立光永豐4B購01","5,000","1","5,500","1.10","1.10","1.10","1.10","-","0.03","1.08","10","1.10","10","2,395.00",
="082079","奇鋐永豐4B購06","0","0","0","--","--","--","--"," ","0.00","13.60","499","14.20","10","1,015.00",
="08207P","台灣50元富4A售14","0","0","0","--","--","--","--"," ","0.00","0.01","25","0.10","10","0.00",
="082080","欣興永豐4B購03","10,000","1","15,200","1.52","1.52","1.52","1.52","X","0.00","1.46","499","1.50","10","150.00",
="082081","欣興永豐4C購01","0","0","0","--","--","--","--"," ","0.00","1.54","499","1.64","10","150.00",
="082082","欣興永豐4C購02","6,000","2","12,450","2.06","2.15","2.06","2.15","-","0.17","2.16","499","2.19","10","150.00",
="082083","嘉澤永豐53購01","118,000","5","116,780","0.94","1.05","0.94","1.05","-","0.01","1.03","10","1.04","10","1,465.00",
="082084","牧德永豐53購01","100,000","8","180,470","1.65","1.84","1.65","1.84","+","0.26","1.88","10","1.89","10","594.00",
="082085","材料永豐53購02","0","0","0","--","--","--","--"," ","0.00","0.66","10","0.67","10","67.70",
="082086","達興永豐4C購01","0","0","0","--","--","--","--"," ","0.00","6.75","499","--","0","387.00",
="082087","富世達永豐4C購02","0","0","0","--","--","--","--"," ","0.00","4.39","10","--","0","1,145.00",
="082088","富世達永豐53購01","0","0","0","--","--","--","--"," ","0.00","13.30","499","--","0","1,145.00",
="082089","寶成永豐51購01","0","0","0","--","--","--","--"," ","0.00","1.50","10","1.60","10","28.70",
="08208P","台積電元富4A售31","0","0","0","--","--","--","--"," ","0.00","0.02","25","0.10","10","0.00",
="082090","佳能統一55購02","312,000","17","447,140","1.41","1.46","1.40","1.42","-","0.04","1.41","10","1.42","3","80.80",
="082091","志聖統一55購02","217,000","7","247,220","1.06","1.17","1.06","1.06","+","0.07","0.97","10","0.98","10","201.50",
="082092","志聖統一57購01","88,000","7","88,110","0.97","1.06","0.97","1.06","+","0.15","0.91","60","0.92","10","201.50",
="082093","長榮統一55購05","0","0","0","--","--","--","--"," ","0.00","0.30","10","0.31","10","188.00",
="082094","陽明統一55購04","0","0","0","--","--","--","--"," ","0.00","0.19","10","0.20","10","58.80",
="082095","陽明統一55購05","0","0","0","--","--","--","--"," ","0.00","0.18","10","0.19","10","58.80",
="082096","嘉澤統一55購01","157,000","3","107,200","0.66","0.70","0.66","0.70","+","0.03","0.68","10","0.69","10","1,465.00",
="082097","瀚宇博統一55購03","126,000","8","158,660","1.29","1.29","1.18","1.20","+","0.03","1.18","10","1.19","10","81.70",
="082098","精成科統一55購02","218,000","6","282,930","1.33","1.33","1.27","1.27","+","0.22","1.32","10","--","0","131.00",
="082099","聯茂統一55購01","0","0","0","--","--","--","--"," ","0.00","1.41","10","1.42","10","125.00",
="08209P","台灣50國票4A售05","0","0","0","--","--","--","--"," ","0.00","0.01","25","0.05","10","0.00",
="082100","愛普統一55購02","128,000","5","84,870","0.64","0.69","0.64","0.69","+","0.03","0.66","10","0.67","10","305.50",
="082101","中砂兆豐51購01","268,000","11","349,220","1.24","1.36","1.24","1.36","+","0.10","1.31","10","1.32","10","347.00",
="082102","華新兆豐51購01","21,000","1","24,360","1.16","1.16","1.16","1.16","-","0.05","1.20","10","1.21","10","23.35",
="082103","威盛兆豐55購01","154,000","10","107,990","0.71","0.71","0.68","0.68","-","0.03","0.67","10","--","0","62.00",
="082104","創意兆豐51購01","164,000","8","262,390","1.56","1.61","1.56","1.61","+","0.10","1.61","1","1.62","10","1,350.00",
="082105","泓德兆豐51購01","0","0","0","--","--","--","--"," ","0.00","0.24","10","0.25","10","160.00",
="082106","東陽凱基4B購03","0","0","0","--","--","--","--"," ","0.00","0.16","100","0.17","50","101.00",
="082107","台化凱基4B購02","0","0","0","--","--","--","--"," ","0.00","2.75","100","2.85","10","29.90",
="082108","中興電凱基4B購04","309,000","12","431,910","1.39","1.42","1.34","1.40","+","0.10","1.41","100","1.44","10","167.00",
="082109","聯發科凱基51購04","0","0","0","--","--","--","--"," ","0.00","1.63","100","1.64","10","1,385.00",
="08210P","臺股指國票4A售10","0","0","0","--","--","--","--"," ","0.00","--","0","--","0","0.00",
="082110","陽明凱基4C購05","0","0","0","--","--","--","--"," ","0.00","0.21","100","0.22","40","58.80",
="082111","華航凱基4B購02","0","0","0","--","--","--","--"," ","0.00","0.68","10","0.69","10","21.25",
="082112","長榮航凱基53購01","10,000","2","13,300","1.33","1.33","1.33","1.33","-","0.01","1.33","100","1.34","10","39.05",
="082113","國泰金凱基4C購02","0","0","0","--","--","--","--"," ","0.00","0.97","100","0.99","10","62.30",
="082114","華擎凱基4B購01","37,000","3","113,430","3.09","3.09","2.98","2.98","-","0.13","2.92","10","2.94","10","281.00",
="082115","嘉澤凱基51購03","276,000","11","399,490","1.40","1.50","1.36","1.50","+","0.02","1.48","100","1.50","10","1,465.00",
="082116","辛耘凱基4B購01","101,000","14","366,430","3.47","3.72","3.25","3.70","+","0.30","3.72","100","3.78","10","393.50",
="082117","世芯凱基4B購07","12,000","2","44,230","3.68","3.69","3.68","3.69","+","0.03","3.43","100","3.47","10","4,000.00",
="082118","精成科凱基4B購01","147,000","49","1,221,850","9.85","9.85","7.70","9.00","+","3.00","8.60","5","9.00","1","131.00",
="082119","聯茂凱基4B購01","0","0","0","--","--","--","--"," ","0.00","5.10","499","--","0","125.00",
="08211P","T50正2元大4A售10","0","0","0","--","--","--","--"," ","0.00","0.03","100","0.05","185","0.00",
="082120","富世達凱基4C購03","0","0","0","--","--","--","--"," ","0.00","9.05","100","9.55","10","1,145.00",
="082122","雲豹凱基4B購02","53,000","2","15,770","0.29","0.31","0.29","0.31","+","0.01","0.30","10","0.31","10","130.50",
="082123","泓德凱基4B購01","0","0","0","--","--","--","--"," ","0.00","0.12","10","0.13","30","160.00",
="082124","世紀鋼凱基51購02","0","0","0","--","--","--","--"," ","0.00","0.84","100","0.85","10","188.00",
="082125","臺股指凱基4B購32","28,000","4","126,080","4.46","4.54","4.46","4.52","-","0.24","4.51","100","4.52","2","0.00",
="082126","國企2X群益51購01","55,000","2","34,650","0.63","0.63","0.63","0.63","X","0.00","0.60","25","0.61","10","10.70",
="082127","士電群益4B購03","0","0","0","--","--","--","--"," ","0.00","0.23","100","0.24","100","187.50",
="082128","智邦群益4B購01","61,000","4","166,890","2.64","2.81","2.57","2.81","-","0.01","2.68","10","2.78","10","984.00",
="082129","金像電群益4B購06","0","0","0","--","--","--","--"," ","0.00","10.30","49","11.30","10","486.00",
="08212P","臺股指元大4A售42","0","0","0","--","--","--","--"," ","0.00","0.07","100","0.17","10","0.00",
="082130","鉅祥群益4B購01","136,000","18","563,440","3.81","4.48","3.81","4.48","+","0.67","4.28","10","4.38","10","98.10",
="082131","長榮群益4B購05","0","0","0","--","--","--","--"," ","0.00","0.14","10","0.24","10","188.00",
="082132","裕民群益4B購07","205,000","8","287,290","1.36","1.41","1.36","1.39"," ","0.00","1.34","100","1.35","100","57.30",
="082133","長榮航群益4C購02","0","0","0","--","--","--","--"," ","0.00","1.09","10","1.19","10","39.05",
="082134","王品群益4B購01","0","0","0","--","--","--","--"," ","0.00","0.49","10","0.59","10","219.00",
="082135","奇鋐群益54購08","7,000","6","19,090","2.85","2.85","2.65","2.65","-","0.30","1.91","5","--","0","1,015.00",
="082136","貿聯群益54購01","0","0","0","--","--","--","--"," ","0.00","--","0","2.15","10","981.00",
="082137","帆宣群益4B購01","151,000","5","606,350","4.00","4.20","3.99","4.20","+","0.28","3.50","3","--","0","264.00",
="082138","保瑞群益51購03","33,000","1","79,200","2.40","2.40","2.40","2.40","-","0.11","2.38","100","2.39","100","733.00",
="082139","T50反1元大4B購05","290,000","2","33,550","0.11","0.12","0.11","0.12","X","0.00","0.11","100","0.12","10","19.79",
="08213P","金融類元大4A售02","1,000","1","360","0.36","0.36","0.36","0.36","+","0.08","0.27","100","0.37","10","0.00",
="082140","T50反1元大4B購06","0","0","0","--","--","--","--"," ","0.00","0.14","100","0.15","10","19.79",
="082141","中興電元大4B購04","934,000","16","617,980","0.66","0.67","0.64","0.67","+","0.07","0.67","499","0.68","10","167.00",
="082142","華城元大51購08","0","0","0","--","--","--","--"," ","0.00","7.05","100","--","0","618.00",
="082143","川湖元大4B購07","22,000","4","60,790","2.69","2.80","2.69","2.80","+","0.09","2.65","300","2.68","10","2,925.00",
="082144","鴻海元大51購13","100,000","2","188,000","1.88","1.88","1.88","1.88","X","0.00","1.87","400","1.89","10","206.00",
="082145","仁寶元大4B購01","0","0","0","--","--","--","--"," ","0.00","0.85","25","--","0","28.10",
="082146","台積電元大4C購21","0","0","0","--","--","--","--"," ","0.00","1.40","2","--","0","1,160.00",
="082147","台積電元大51購41","5,000","5","6,250","1.25","1.25","1.25","1.25","-","0.04","0.14","71","--","0","1,160.00",
="082148","金像電元大4B購08","0","0","0","--","--","--","--"," ","0.00","9.45","100","--","0","486.00",
="082149","微星元大4B購03","248,000","7","112,680","0.45","0.46","0.45","0.46","-","0.02","0.45","499","0.46","10","136.50",
="08214P","臺股指富邦4A售11","0","0","0","--","--","--","--"," ","0.00","0.01","499","0.03","100","0.00",
="082150","聯發科元大53購02","0","0","0","--","--","--","--"," ","0.00","--","0","--","0","1,385.00",
="082151","長榮元大55購04","10,000","1","2,200","0.22","0.22","0.22","0.22"," ","0.00","0.20","499","0.21","10","188.00",
="082152","陽明元大4B購09","0","0","0","--","--","--","--"," ","0.00","0.10","499","0.11","10","58.80",
="082153","華航元大4B購03","0","0","0","--","--","--","--"," ","0.00","0.77","499","0.78","10","21.25",
="082154","大立光元大4B購02","159,000","4","98,290","0.63","0.63","0.61","0.61","-","0.04","0.60","25","0.61","10","2,395.00",
="082155","奇鋐元大4B購14","0","0","0","--","--","--","--"," ","0.00","2.56","250","2.63","10","1,015.00",
="082156","亞光元大4B購07","70,000","2","56,200","0.81","0.81","0.76","0.76","X","0.00","0.73","25","0.76","10","164.00",
="082157","智原元大4B購14","0","0","0","--","--","--","--"," ","0.00","0.21","499","0.22","10","158.00",
="082158","群創元大53購01","221,000","16","170,730","0.74","0.84","0.73","0.82","+","0.17","0.82","499","0.83","10","14.15",
="082159","華擎元大4B購02","35,000","2","86,400","2.54","2.54","2.44","2.44","-","0.10","2.40","300","2.44","10","281.00",
="08215P","臺股指富邦4C售09","0","0","0","--","--","--","--"," ","0.00","0.06","499","0.07","100","0.00",
="082160","嘉澤元大4B購08","504,000","4","221,800","0.43","0.45","0.43","0.45"," ","0.00","0.46","499","0.48","10","1,465.00",
="082161","達邁元大4B購01","316,000","16","427,350","1.43","1.43","1.27","1.27","-","0.16","1.25","499","1.26","10","73.80",
="082162","世芯元大51購18","11,000","2","22,310","2.03","2.03","2.01","2.01","-","0.07","1.97","350","2.00","10","4,000.00",
="082163","神達元大4B購05","0","0","0","--","--","--","--"," ","0.00","9.00","100","9.10","10","95.90",
="082164","材料元大51購15","0","0","0","--","--","--","--"," ","0.00","0.12","499","0.13","10","67.70",
="082165","精成科元大4B購03","75,000","5","496,000","6.50","6.85","6.50","6.85","+","2.23","7.00","50","--","0","131.00",
="082166","富世達元大4B購03","0","0","0","--","--","--","--"," ","0.00","--","0","--","0","1,145.00",
="082167","雲豹元大4B購04","0","0","0","--","--","--","--"," ","0.00","0.09","499","0.10","10","130.50",
="082168","泓德元大4B購02","0","0","0","--","--","--","--"," ","0.00","0.04","499","0.14","10","160.00",
="082169","長榮元富4B購10","0","0","0","--","--","--","--"," ","0.00","0.33","25","0.34","25","188.00",
="08216P","臺股指富邦51售05","0","0","0","--","--","--","--"," ","0.00","0.09","499","0.10","100","0.00",
="082170","欣興元富4B購01","217,000","15","963,830","4.10","4.79","4.10","4.44","-","0.24","4.37","25","4.44","25","150.00",
="082171","世芯元富56購03","0","0","0","--","--","--","--"," ","0.00","2.62","20","--","0","4,000.00",
="082172","保瑞元富55購02","18,000","3","98,250","5.40","5.55","5.40","5.55","-","0.15","5.40","25","5.45","25","733.00",
="082173","穎崴元富51購01","457,000","4","517,180","1.16","1.30","1.13","1.30","+","0.12","0.68","44","--","0","1,250.00",
="082174","愛普元富4B購02","78,000","2","83,420","1.04","1.09","1.04","1.09","+","0.05","1.11","25","1.12","25","305.50",
="082175","緯穎元富55購03","0","0","0","--","--","--","--"," ","0.00","1.85","47","1.87","25","2,975.00",
="082176","富世達元富55購01","0","0","0","--","--","--","--"," ","0.00","9.35","25","9.65","25","1,145.00",
="082177","台塑國票4C購01","12,000","3","26,760","2.28","2.28","2.22","2.22","-","0.42","2.15","25","2.17","10","39.10",
="082178","士電國票51購01","340,000","9","350,000","1.06","1.10","0.99","0.99","+","0.08","0.97","25","0.98","10","187.50",
="082179","士電國票53購01","0","0","0","--","--","--","--"," ","0.00","0.80","25","0.81","10","187.50",
="08217P","道瓊2X中信51售01","0","0","0","--","--","--","--"," ","0.00","0.41","30","0.42","30","0.00",
="082180","華城國票4C購03","0","0","0","--","--","--","--"," ","0.00","6.65","25","6.80","10","618.00",
="082181","美時國票4B購02","0","0","0","--","--","--","--"," ","0.00","0.19","25","0.20","10","193.50",
="082182","仁寶國票4C購02","0","0","0","--","--","--","--"," ","0.00","0.38","25","0.39","10","28.10",
="082183","京元電國票4C購01","6,000","3","35,000","5.75","5.85","5.75","5.85","+","0.40","5.75","25","5.85","6","142.00",
="082184","冠德國票4C購03","0","0","0","--","--","--","--"," ","0.00","0.14","25","0.15","10","36.30",
="082185","富邦金國票4C購02","0","0","0","--","--","--","--"," ","0.00","1.87","25","1.88","10","85.20",
="082186","全漢國票4B購01","0","0","0","--","--","--","--"," ","0.00","0.67","25","0.68","10","57.10",
="082187","京鼎國票4C購02","0","0","0","--","--","--","--"," ","0.00","1.00","25","1.01","10","290.00",
="082188","華擎國票4C購02","32,000","7","107,430","3.53","3.53","3.31","3.36","-","0.16","3.31","25","3.39","10","281.00",
="082189","辛耘國票4C購01","133,000","17","433,460","3.17","3.41","3.01","3.40","+","0.25","3.40","25","3.42","10","393.50",
="08218P","臺股指元富4A售13","0","0","0","--","--","--","--"," ","0.00","0.02","25","0.10","10","0.00",
="082190","辛耘國票51購01","608,000","34","2,073,760","3.24","3.45","3.11","3.45","+","0.28","3.44","25","3.45","9","393.50",
="082191","達邁國票4C購02","60,000","11","162,720","2.77","2.81","2.51","2.51","-","0.28","2.50","25","2.51","10","73.80",
="082192","達邁國票4C購03","12,000","6","38,890","3.31","3.36","3.00","3.00","-","0.28","2.92","25","2.93","10","73.80",
="082193","訊連國票4C購04","0","0","0","--","--","--","--"," ","0.00","0.48","25","0.49","10","97.70",
="082194","愛普國票4B購01","51,000","4","67,130","1.23","1.35","1.23","1.35","+","0.14","1.25","25","1.26","10","305.50",
="082195","愛普國票4C購01","11,000","3","13,700","1.20","1.26","1.20","1.24","X","0.00","1.22","25","1.23","10","305.50",
="082196","采鈺國票4B購02","195,000","25","296,810","1.55","1.65","1.41","1.56","+","0.34","1.55","25","1.56","10","264.00",
="082197","采鈺國票4C購01","54,000","6","122,700","2.23","2.30","2.23","2.26","+","0.35","2.25","25","2.26","10","264.00",
="082198","雲豹國票4C購04","948,000","3","226,920","0.24","0.24","0.23","0.23","+","0.01","0.22","25","0.23","10","130.50",
="082199","台虹國票4C購02","0","0","0","--","--","--","--"," ","0.00","1.66","25","1.69","10","51.80",
="08219P","臺股指元富4A售14","0","0","0","--","--","--","--"," ","0.00","0.01","25","0.10","10","0.00",
="082200","和大國泰4C購01","115,000","8","243,180","1.95","2.87","1.95","2.87","+","0.91","2.72","499","--","0","72.90",
="082201","鈞興國泰4C購01","2,000","1","7,220","3.61","3.61","3.61","3.61","+","0.19","3.55","499","3.59","100","200.00",
="082202","精成科國泰4C購01","0","0","0","--","--","--","--"," ","0.00","6.50","499","--","0","131.00",
="082203","泓德國泰4C購01","88,000","3","41,280","0.49","0.49","0.41","0.41","-","0.14","0.41","400","0.43","100","160.00",
="082204","鴻海富邦51購04","0","0","0","--","--","--","--"," ","0.00","2.93","30","3.02","10","0.00",
="082205","台積電富邦51購09","0","0","0","--","--","--","--"," ","0.00","1.62","30","1.66","10","0.00",
="082207","中興電統一49購02","0","0","0","--","--","--","--"," ","0.00","--","0","--","0","167.00",
="082208","中興電統一4B購01","0","0","0","--","--","--","--"," ","0.00","0.07","10","0.10","10","167.00",
="082209","金像電富邦4C購02","0","0","0","--","--","--","--"," ","0.00","5.00","30","5.20","10","0.00",
="08220P","臺股指元富4A售15","0","0","0","--","--","--","--"," ","0.00","0.02","25","0.10","10","0.00",
="082210","川湖統一49購01","0","0","0","--","--","--","--"," ","0.00","0.96","10","0.99","10","2,925.00",
="082211","台積電統一49購02","0","0","0","--","--","--","--"," ","0.00","1.47","10","1.48","10","1,160.00",
="082212","台積電統一53購01","0","0","0","--","--","--","--"," ","0.00","6.80","10","6.85","10","1,160.00",
="082213","聯發科富邦51購05","23,000","5","29,480","1.27","1.30","1.26","1.26","-","0.05","1.26","30","1.29","10","0.00",
="082214","雄獅富邦4B購01","50,000","1","21,500","0.43","0.43","0.43","0.43","+","0.07","0.42","30","0.43","28","0.00",
="082216","貿聯富邦4B購01","0","0","0","--","--","--","--"," ","0.00","2.26","30","2.30","10","0.00",
="082217","神達富邦4C購02","15,000","1","57,300","3.82","3.82","3.82","3.82","+","0.68","3.83","10","3.87","10","0.00",
="082218","精銳富邦4C購01","0","0","0","--","--","--","--"," ","0.00","0.28","30","0.29","28","0.00",
="082219","長榮台新4B購04","0","0","0","--","--","--","--"," ","0.00","0.26","20","0.27","10","0.00",
="08221P","國企2X國票4B售01","0","0","0","--","--","--","--"," ","0.00","0.22","25","0.23","10","0.00",
="082220","精成科台新4B購01","0","0","0","--","--","--","--"," ","0.00","5.30","20","--","0","0.00",
="082221","華城元富4B購04","7,000","2","103,600","14.80","14.80","14.80","14.80","-","0.10","13.90","25","14.00","25","618.00",
="082222","聯發科元富5A購05","17,000","2","18,540","1.10","1.10","1.09","1.09","-","0.03","1.08","25","1.09","25","1,385.00",
="082223","聯發科元富5A購06","33,000","3","27,680","0.84","0.84","0.83","0.83","-","0.03","0.83","25","0.84","25","1,385.00",
="082224","聯發科元富5A購07","0","0","0","--","--","--","--"," ","0.00","0.91","25","0.92","25","1,385.00",
="082225","晟銘電元富55購01","1,000","1","2,500","2.50","2.50","2.50","2.50","-","0.02","2.46","25","2.49","25","133.00",
="082226","全漢元富4B購02","10,000","1","7,300","0.73","0.73","0.73","0.73","X","0.00","0.67","25","0.70","25","57.10",
="082227","全漢元富53購01","0","0","0","--","--","--","--"," ","0.00","0.50","25","0.51","25","57.10",
="082228","欣興元富55購01","40,000","3","140,200","3.46","3.63","3.46","3.63","-","0.11","3.60","25","3.63","25","150.00",
="082229","貿聯元富55購01","6,000","1","20,280","3.38","3.38","3.38","3.38","+","0.16","3.52","25","3.59","25","981.00",
="08222P","台積電國票4A售17","0","0","0","--","--","--","--"," ","0.00","0.02","25","0.05","10","0.00",
="082231","香港2X國票55購01","11,000","1","20,790","1.89","1.89","1.89","1.89","X","0.00","1.81","25","1.82","10","16.40",
="082232","和大國票4C購03","19,000","3","24,820","1.33","1.33","1.28","1.28","+","0.14","1.80","25","--","0","72.90",
="082233","精成科國票53購01","0","0","0","--","--","--","--"," ","0.00","5.70","25","--","0","131.00",
="082234","愛普國票4C購02","11,000","3","25,150","2.23","2.31","2.23","2.25","+","0.04","2.26","25","2.27","10","305.50",
="082235","復盛國票4B購01","0","0","0","--","--","--","--"," ","0.00","0.23","25","0.24","10","265.50",
="082236","復盛國票4C購01","0","0","0","--","--","--","--"," ","0.00","0.21","25","0.22","10","265.50",
="082237","勤誠國票4C購01","0","0","0","--","--","--","--"," ","0.00","9.90","25","10.10","10","613.00",
="082238","鴻海國泰4C購04","0","0","0","--","--","--","--"," ","0.00","5.95","230","6.20","150","206.00",
="082239","台積電國泰4C購03","0","0","0","--","--","--","--"," ","0.00","3.85","499","3.93","170","1,160.00",
="08223P","台光電國票4B售02","1,000","1","90","0.09","0.09","0.09","0.09","X","0.00","--","0","0.07","30","0.00",
="082240","聯發科國泰4C購05","21,000","1","23,730","1.13","1.13","1.13","1.13","X","0.00","1.16","499","1.19","499","1,385.00",
="082241","長榮國泰4C購02","0","0","0","--","--","--","--"," ","0.00","0.34","499","0.35","100","188.00",
="082242","牧德國泰4C購02","33,000","2","64,290","1.93","1.97","1.93","1.97","+","0.25","2.06","499","2.08","100","594.00",
="082243","精成科國泰4C購02","0","0","0","--","--","--","--"," ","0.00","6.25","499","--","0","131.00",
="082244","采鈺國泰4C購01","0","0","0","--","--","--","--"," ","0.00","3.36","499","3.40","100","264.00",
="082245","中興電富邦4B購01","81,000","7","60,850","0.76","0.76","0.74","0.75","+","0.04","0.76","30","0.77","10","0.00",
="082246","華城富邦51購02","0","0","0","--","--","--","--"," ","0.00","1.81","10","1.91","10","0.00",
="082247","美時富邦51購01","81,000","1","25,110","0.31","0.31","0.31","0.31","-","0.02","0.30","110","0.31","10","0.00",
="082248","皇昌富邦4C購02","312,000","25","191,730","0.61","0.68","0.55","0.57"," ","0.00","0.54","10","0.55","10","0.00",
="082249","長榮富邦53購01","15,000","1","7,200","0.48","0.48","0.48","0.48","X","0.00","0.46","10","0.47","10","0.00",
="08224P","長榮國票4B售04","0","0","0","--","--","--","--"," ","0.00","0.16","25","0.17","10","0.00",
="082250","陽明富邦53購01","0","0","0","--","--","--","--"," ","0.00","0.05","10","0.10","10","0.00",
="082251","奇鋐富邦51購03","0","0","0","--","--","--","--"," ","0.00","2.97","10","3.07","10","0.00",
="082252","欣興富邦4C購01","0","0","0","--","--","--","--"," ","0.00","1.88","10","1.92","10","0.00",
="082253","聯鈞富邦51購01","882,000","24","517,330","0.63","0.64","0.57","0.58","-","0.09","0.56","30","0.57","10","0.00",
="082254","嘉澤富邦4C購02","0","0","0","--","--","--","--"," ","0.00","1.01","10","1.11","10","0.00",
="082255","力成富邦4B購01","0","0","0","--","--","--","--"," ","0.00","0.43","10","0.44","10","0.00",
="082256","保瑞富邦53購01","270,000","8","225,270","0.82","0.85","0.82","0.83","-","0.03","0.81","10","0.83","10","0.00",
="082257","富世達富邦53購01","0","0","0","--","--","--","--"," ","0.00","3.14","10","3.24","10","0.00",
="082258","欣興兆豐55購01","414,000","16","1,082,280","2.57","2.70","2.54","2.70","-","0.07","2.70","10","2.71","10","150.00",
="082259","精成科兆豐51購01","0","0","0","--","--","--","--"," ","0.00","2.52","10","--","0","131.00",
="08225P","萬海國票4B售01","0","0","0","--","--","--","--"," ","0.00","0.11","25","0.21","10","0.00",
="082260","昇陽半兆豐4C購01","96,000","6","98,660","1.00","1.06","1.00","1.06","+","0.07","1.02","10","1.03","10","152.50",
="082261","上証2X群益4B購04","18,000","1","62,280","3.46","3.46","3.46","3.46","X","0.00","3.30","10","3.40","10","45.30",
="082262","國企2X群益56購01","135,000","4","99,600","0.76","0.76","0.72","0.72","-","0.14","0.70","25","0.71","10","10.70",
="082263","川湖群益4B購03","9,000","4","55,500","6.15","6.35","6.10","6.35","+","0.15","6.20","25","6.40","10","2,925.00",
="082264","智邦群益55購01","193,000","8","267,870","1.35","1.42","1.35","1.40","-","0.01","1.38","10","1.48","10","984.00",
="082265","聯發科群益4B購11","0","0","0","--","--","--","--"," ","0.00","0.71","28","--","0","1,385.00",
="082266","裕民群益4B購08","76,000","2","59,660","0.77","0.80","0.77","0.80","+","0.01","0.76","100","0.77","100","57.30",
="082267","奇鋐群益54購09","17,000","1","47,090","2.77","2.77","2.77","2.77","X","0.00","--","0","--","0","1,015.00",
="082268","欣興群益4B購04","0","0","0","--","--","--","--"," ","0.00","3.52","25","3.62","10","150.00",
="082269","神達群益4C購01","68,000","12","359,600","5.10","5.70","5.10","5.25","+","0.89","5.30","10","5.80","10","95.90",
="08226P","創意國票4B售05","0","0","0","--","--","--","--"," ","0.00","0.01","25","0.05","10","0.00",
="082270","精成科群益4C購03","328,000","28","716,450","2.18","2.28","2.00","2.26","+","0.72","0.43","46","--","0","131.00",
="082271","聯茂群益4B購01","13,000","2","45,420","3.54","3.54","3.48","3.48","X","0.00","3.56","10","--","0","125.00",
="082272","穎崴群益53購02","211,000","4","184,130","0.91","0.92","0.83","0.92","+","0.02","0.45","22","--","0","1,250.00",
="082273","新興統一55購01","15,000","3","9,050","0.60","0.62","0.59","0.59","X","0.00","0.57","10","0.59","10","23.65",
="082274","慧洋統一55購02","57,000","2","30,200","0.52","0.54","0.52","0.54","+","0.02","0.51","16","0.52","10","61.80",
="082275","佳必琪統一55購02","0","0","0","--","--","--","--"," ","0.00","0.96","10","0.97","10","178.50",
="082276","聯茂統一58購01","9,000","2","11,080","1.24","1.24","1.22","1.22","-","0.04","1.22","10","1.24","10","125.00",
="082277","泓德統一55購03","0","0","0","--","--","--","--"," ","0.00","0.24","10","0.25","10","160.00",
="082278","昇陽半統一58購01","103,000","3","83,340","0.81","0.83","0.80","0.80","+","0.02","0.81","10","0.82","10","152.50",
="082279","勤誠統一55購01","5,000","1","10,700","2.14","2.14","2.14","2.14","-","0.02","2.12","10","2.13","10","613.00",
="08227P","永崴控國票4B售03","0","0","0","--","--","--","--"," ","0.00","0.17","25","0.18","10","0.00",
="082280","道瓊2X中信53購03","300,000","1","318,000","1.06","1.06","1.06","1.06","+","0.01","1.07","499","1.08","100","0.00",
="082281","牧德中信4B購02","1,127,000","26","292,780","0.27","0.31","0.24","0.31","+","0.09","0.30","10","0.31","13","0.00",
="082282","鴻海永豐4B購12","0","0","0","--","--","--","--"," ","0.00","2.59","499","2.63","10","206.00",
="082283","瑞昱永豐51購01","111,000","4","197,790","1.78","1.81","1.78","1.78","-","0.01","1.74","10","1.84","10","545.00",
="082284","長榮永豐4B購05","0","0","0","--","--","--","--"," ","0.00","0.73","499","0.74","10","188.00",
="082285","大立光永豐4B購02","0","0","0","--","--","--","--"," ","0.00","0.30","499","0.31","10","2,395.00",
="082286","大立光永豐4B購03","0","0","0","--","--","--","--"," ","0.00","0.34","10","0.35","10","2,395.00",
="082287","奇鋐永豐4C購03","0","0","0","--","--","--","--"," ","0.00","13.60","10","14.10","10","1,015.00",
="082288","世芯永豐4B購12","19,000","3","65,330","3.43","3.45","3.43","3.44","-","0.09","3.30","499","3.37","10","4,000.00",
="082289","亞翔永豐4C購02","0","0","0","--","--","--","--"," ","0.00","7.30","499","7.45","10","349.50",
="08228P","訊芯國票4B售01","0","0","0","--","--","--","--"," ","0.00","0.08","25","0.09","10","0.00",
="082290","聯茂永豐51購01","0","0","0","--","--","--","--"," ","0.00","2.20","10","--","0","125.00",
="082291","緯穎永豐4B購06","1,046,000","12","2,103,560","2.11","2.11","2.00","2.00","-","0.08","1.98","499","2.00","10","2,975.00",
="082292","泓德永豐4C購01","77,000","4","32,340","0.43","0.43","0.40","0.40","-","0.07","0.38","10","0.39","10","160.00",
="082293","緯穎第一55購05","134,000","7","195,640","1.46","1.46","1.46","1.46","X","0.00","1.44","10","1.46","10","0.00",
="082294","T50反1凱基4B購06","0","0","0","--","--","--","--"," ","0.00","0.01","100","0.11","10","19.79",
="082295","士電凱基4C購02","0","0","0","--","--","--","--"," ","0.00","0.80","100","0.81","10","187.50",
="082296","華城凱基4B購06","9,000","3","59,850","6.70","6.70","6.45","6.45","-","0.15","6.30","100","6.40","10","618.00",
="082297","美時凱基51購01","40,000","4","22,900","0.58","0.59","0.56","0.56","-","0.05","0.54","100","0.55","10","193.50",
="082298","志聖凱基4B購02","190,000","21","519,010","2.64","3.00","2.50","2.50","+","0.16","2.34","43","2.37","10","201.50",
="082299","長榮凱基4C購03","0","0","0","--","--","--","--"," ","0.00","0.22","100","0.23","30","188.00",
="08229P","臺股指國票4A售11","0","0","0","--","--","--","--"," ","0.00","0.01","499","0.05","499","0.00",
="082300","華航凱基4B購03","0","0","0","--","--","--","--"," ","0.00","1.02","100","1.03","10","21.25",
="082301","王品凱基4B購01","0","0","0","--","--","--","--"," ","0.00","0.56","100","0.57","10","219.00",
="082302","雄獅凱基51購01","0","0","0","--","--","--","--"," ","0.00","0.64","100","0.66","10","159.00",
="082303","大立光凱基51購04","8,000","1","15,920","1.99","1.99","1.99","1.99","-","0.02","2.00","100","2.01","10","2,395.00",
="082304","晟銘電凱基4B購04","0","0","0","--","--","--","--"," ","0.00","1.97","100","2.02","10","133.00",
="082305","奇鋐凱基51購03","5,000","1","49,250","9.85","9.85","9.85","9.85","X","0.00","10.20","100","11.20","10","1,015.00",
="082306","智原凱基4B購03","0","0","0","--","--","--","--"," ","0.00","0.28","499","0.29","40","158.00",
="082307","嘉澤凱基4B購05","32,000","1","22,400","0.70","0.70","0.70","0.70","+","0.03","0.69","100","0.70","10","1,465.00",
="082308","帆宣凱基4B購03","27,000","3","159,200","5.90","5.90","5.80","5.90","+","0.20","5.75","100","6.25","10","264.00",
="082309","力成凱基4B購02","40,000","2","30,000","0.75","0.75","0.75","0.75","X","0.00","0.75","20","0.76","10","118.50",
="08230P","臺股指國票4A售12","0","0","0","--","--","--","--"," ","0.00","0.03","499","0.04","499","0.00",
="082310","南亞元大4B購02","0","0","0","--","--","--","--"," ","0.00","5.10","150","--","0","43.00",
="082311","士電元大4B購07","2,000","2","1,680","0.84","0.84","0.84","0.84","X","0.00","0.79","499","0.80","10","187.50",
="082312","士電元大53購01","0","0","0","--","--","--","--"," ","0.00","0.95","499","0.96","10","187.50",
="082313","台積電元大4B購32","0","0","0","--","--","--","--"," ","0.00","0.15","6","--","0","1,160.00",
="082314","台積電元大4B購33","0","0","0","--","--","--","--"," ","0.00","0.06","68","--","0","1,160.00",
="082315","聯發科元大4B購19","513,000","8","553,170","1.09","1.09","1.07","1.09","-","0.04","1.07","10","--","0","1,385.00",
="082316","聯發科元大53購03","5,000","1","6,850","1.37","1.37","1.37","1.37","X","0.00","--","0","--","0","1,385.00",
="082317","長榮元大4B購12","0","0","0","--","--","--","--"," ","0.00","0.10","499","0.11","10","188.00",
="082318","陽明元大4B購10","0","0","0","--","--","--","--"," ","0.00","0.09","499","0.10","10","58.80",
="082319","雄獅元大4B購04","432,000","4","184,580","0.42","0.45","0.42","0.45","+","0.07","0.44","499","0.45","8","159.00",
="08231P","臺股指國票4B售02","0","0","0","--","--","--","--"," ","0.00","0.10","499","0.11","499","0.00",
="082320","晟銘電元大4B購07","54,000","7","54,340","1.05","1.05","0.97","0.97","-","0.06","0.95","509","0.98","10","133.00",
="082321","嘉澤元大4B購09","318,000","4","173,620","0.55","0.57","0.54","0.57","+","0.03","0.56","499","0.58","10","1,465.00",
="082322","牧德元大4B購04","26,000","1","11,700","0.45","0.45","0.45","0.45","X","0.00","0.51","499","0.52","10","594.00",
="082323","世芯元大4B購09","0","0","0","--","--","--","--"," ","0.00","3.47","200","3.50","10","4,000.00",
="082324","神達元大4B購06","0","0","0","--","--","--","--"," ","0.00","8.35","100","--","0","95.90",
="082325","永崴控元大4B購01","0","0","0","--","--","--","--"," ","0.00","0.07","499","0.08","10","36.60",
="082326","鈞興元大4B購01","6,000","4","23,020","3.75","3.91","3.75","3.91","+","0.45","3.57","200","3.63","10","200.00",
="082327","材料元大4B購08","0","0","0","--","--","--","--"," ","0.00","0.09","499","0.10","10","67.70",
="082328","精成科元大4B購04","0","0","0","--","--","--","--"," ","0.00","7.25","50","--","0","131.00",
="082329","精成科元大4B購05","10,000","1","55,000","5.50","5.50","5.50","5.50","+","2.43","5.85","50","--","0","131.00",
="08232P","臺股指國票4B售03","0","0","0","--","--","--","--"," ","0.00","0.10","499","0.11","499","0.00",
="082330","精成科元大53購01","71,000","7","375,050","5.15","5.60","5.15","5.60","+","1.95","5.55","3","--","0","131.00",
="082331","聯茂元大4B購01","24,000","6","142,500","6.15","6.15","5.80","5.80","-","0.50","5.65","25","5.85","10","125.00",
="082332","聯茂元大4B購02","101,000","3","303,000","3.00","3.00","3.00","3.00","X","0.00","2.96","3","3.25","2","125.00",
="082333","迅得元大4B購06","798,000","9","441,110","0.52","0.57","0.52","0.55","+","0.03","0.55","499","0.56","10","193.50",
="082334","穎崴元大53購01","237,000","26","443,270","1.89","2.01","1.74","2.01","+","0.09","1.19","16","--","0","1,250.00",
="082335","緯穎元大4B購10","0","0","0","--","--","--","--"," ","0.00","1.07","25","1.09","10","2,975.00",
="082336","復盛元大4B購01","0","0","0","--","--","--","--"," ","0.00","0.10","499","0.11","10","265.50",
="082337","世紀鋼元大4B購07","10,000","2","12,650","1.29","1.29","1.24","1.24","-","0.14","1.22","499","1.24","10","188.00",
="082338","世紀鋼元大4B購08","268,000","9","280,860","1.06","1.06","0.97","0.97","-","0.11","0.98","499","0.99","10","188.00",
="082339","臺股指元大4B購40","0","0","0","--","--","--","--"," ","0.00","2.67","499","2.74","10","0.00",
="08233P","台灣50凱基4A售15","0","0","0","--","--","--","--"," ","0.00","0.06","100","0.16","10","0.00",
="082340","臺股指元大4B購41","0","0","0","--","--","--","--"," ","0.00","3.06","499","3.13","10","0.00",
="082341","T50正2中信54購01","5,000","3","20,420","4.16","4.16","3.96","3.96","-","0.33","4.01","499","4.02","100","0.00",
="082342","T50反1中信54購03","0","0","0","--","--","--","--"," ","0.00","0.77","499","0.78","100","0.00",
="082343","上銀中信4C購01","150,000","6","39,100","0.26","0.29","0.25","0.25","+","0.01","0.24","10","0.26","10","0.00",
="082344","T50反1永豐51購01","0","0","0","--","--","--","--"," ","0.00","0.16","499","0.17","10","19.79",
="082345","華城永豐52購02","0","0","0","--","--","--","--"," ","0.00","14.20","10","14.30","10","618.00",
="082346","智邦永豐51購01","0","0","0","--","--","--","--"," ","0.00","6.80","499","7.30","10","984.00",
="082347","欣興永豐56購01","1,000","1","28,300","28.30","28.30","28.30","28.30","-","0.20","28.00","4","28.80","10","150.00",
="082348","南電永豐51購02","0","0","0","--","--","--","--"," ","0.00","69.00","500","--","0","226.00",
="082349","川湖兆豐53購01","0","0","0","--","--","--","--"," ","0.00","2.88","10","2.89","10","2,925.00",
="08234P","鴻海凱基4C售05","0","0","0","--","--","--","--"," ","0.00","0.01","100","0.11","10","0.00",
="082350","神達兆豐52購01","6,000","1","22,200","3.70","3.70","3.70","3.70","+","0.45","3.68","10","3.69","10","95.90",
="082351","緯穎兆豐56購01","0","0","0","--","--","--","--"," ","0.00","1.83","10","1.84","10","2,975.00",
="082352","T50反1群益4C購05","0","0","0","--","--","--","--"," ","0.00","0.11","100","0.12","100","19.79",
="082353","滬深反群益4C購01","0","0","0","--","--","--","--"," ","0.00","0.28","10","0.38","10","7.16",
="082354","華城群益4C購04","0","0","0","--","--","--","--"," ","0.00","--","0","7.25","10","618.00",
="082355","台玻群益4C購01","0","0","0","--","--","--","--"," ","0.00","10.80","10","--","0","34.55",
="082356","南亞科群益51購05","19,000","7","12,170","0.68","0.68","0.63","0.63","-","0.07","0.62","100","0.63","100","46.65",
="082357","長榮群益4C購02","0","0","0","--","--","--","--"," ","0.00","0.56","10","0.66","10","188.00",
="082358","大立光群益4C購02","64,000","2","62,080","0.97","0.97","0.97","0.97","-","0.02","0.94","10","1.04","10","2,395.00",
="082359","奇鋐群益55購01","5,000","1","12,500","2.50","2.50","2.50","2.50","X","0.00","1.68","12","2.50","5","1,015.00",
="08235P","台積電凱基4B售11","0","0","0","--","--","--","--"," ","0.00","0.01","100","0.11","10","0.00",
="082360","欣興群益51購01","178,000","11","455,460","2.53","2.67","2.50","2.63","-","0.19","2.67","100","2.74","100","150.00",
="082361","精成科群益4C購04","845,000","38","1,302,140","1.51","1.66","1.43","1.64","+","0.54","1.66","5","2.02","2","131.00",
="082362","南電群益52購01","0","0","0","--","--","--","--"," ","0.00","3.93","2","--","0","226.00",
="082363","世紀鋼群益4C購04","0","0","0","--","--","--","--"," ","0.00","1.61","10","1.71","10","188.00",
="082364","南亞凱基4C購01","3,000","1","13,320","4.44","4.44","4.44","4.44","-","1.16","4.50","50","--","0","43.00",
="082365","台積電凱基4C購35","0","0","0","--","--","--","--"," ","0.00","1.80","100","1.83","10","1,160.00",
="082366","金像電凱基4C購03","2,000","1","25,200","12.60","12.60","12.60","12.60","-","0.10","13.00","10","14.00","10","486.00",
="082367","盟立凱基4C購01","185,000","16","369,890","1.86","2.11","1.86","1.98","+","0.14","1.94","10","1.95","10","70.00",
="082368","陽明凱基52購01","0","0","0","--","--","--","--"," ","0.00","0.24","100","0.25","40","58.80",
="082369","全漢凱基4C購01","53,000","2","25,440","0.48","0.48","0.48","0.48","X","0.00","0.46","10","0.49","10","57.10",
="08236P","台積電凱基57售02","0","0","0","--","--","--","--"," ","0.00","0.54","100","0.55","10","0.00",
="082370","欣興凱基4C購05","0","0","0","--","--","--","--"," ","0.00","2.48","100","2.58","10","150.00",
="082371","牧德凱基52購01","27,000","2","28,890","1.07","1.07","1.07","1.07","+","0.16","1.18","100","1.19","10","594.00",
="082372","世芯凱基51購07","0","0","0","--","--","--","--"," ","0.00","4.92","100","5.05","10","4,000.00",
="082373","貿聯凱基4C購02","0","0","0","--","--","--","--"," ","0.00","6.20","10","6.70","10","981.00",
="082374","神達凱基51購03","1,000","1","7,150","7.15","7.15","7.15","7.15","X","0.00","7.30","100","7.40","10","95.90",
="082375","精成科凱基4C購02","46,000","5","207,980","4.20","5.05","4.20","4.41","+","1.22","5.05","20","--","0","131.00",
="082376","佳必琪凱基4C購01","211,000","18","534,710","2.47","2.67","2.31","2.31","-","0.10","2.37","10","2.41","10","178.50",
="082377","聯茂凱基4C購01","1,000","1","4,270","4.27","4.27","4.27","4.27"," ","0.00","3.83","499","3.93","10","125.00",
="082378","復盛凱基51購01","0","0","0","--","--","--","--"," ","0.00","0.28","499","0.29","10","265.50",
="082379","泓德凱基4C購01","0","0","0","--","--","--","--"," ","0.00","0.03","10","0.13","10","160.00",
="08237P","長榮航凱基4A售03","0","0","0","--","--","--","--"," ","0.00","0.19","10","0.20","50","0.00",
="082380","勤誠凱基4C購01","0","0","0","--","--","--","--"," ","0.00","12.80","100","13.80","10","613.00",
="082381","臺股指凱基4C購17","0","0","0","--","--","--","--"," ","0.00","4.00","100","4.01","10","0.00",
="082382","聯發科元富51購01","10,000","1","6,100","0.61","0.61","0.61","0.61","-","0.04","0.60","25","0.61","25","1,385.00",
="082383","聯發科元富51購02","1,000","1","1,560","1.56","1.56","1.56","1.56"," ","0.00","1.48","5","1.50","25","1,385.00",
="082384","臺股指凱基51購14","0","0","0","--","--","--","--"," ","0.00","3.67","100","3.68","10","0.00",
="082385","全漢統一56購01","0","0","0","--","--","--","--"," ","0.00","0.46","10","0.47","10","57.10",
="082386","全漢統一56購02","0","0","0","--","--","--","--"," ","0.00","0.42","10","0.43","10","57.10",
="082387","欣興統一56購01","194,000","9","227,340","1.14","1.22","1.14","1.22"," ","0.00","1.20","10","1.21","10","150.00",
="082388","欣興統一57購02","1,318,000","38","1,603,450","1.22","1.27","1.15","1.22","-","0.03","1.21","10","1.22","10","150.00",
="082389","景碩統一56購01","336,000","11","396,000","1.14","1.26","1.14","1.14","-","0.05","1.15","10","1.16","10","113.50",
="08238P","緯穎凱基4B售06","0","0","0","--","--","--","--"," ","0.00","--","0","0.01","100","0.00",
="082390","精成科統一56購01","896,000","24","1,253,360","1.36","1.46","1.36","1.46","+","0.35","1.44","10","--","0","131.00",
="082391","聯茂統一56購01","0","0","0","--","--","--","--"," ","0.00","1.17","10","1.18","10","125.00",
="082392","南電統一56購01","0","0","0","--","--","--","--"," ","0.00","3.09","10","--","0","226.00",
="082393","南電統一56購02","11,000","2","18,560","1.66","1.69","1.66","1.69","+","0.13","1.77","10","--","0","226.00",
="082394","亞力元富56購01","131,000","10","171,000","1.32","1.34","1.28","1.34","+","0.08","1.30","25","1.32","25","110.50",
="082395","華城元富51購02","13,000","1","52,650","4.05","4.05","4.05","4.05","+","0.07","3.84","25","3.86","25","618.00",
="082397","信錦元富56購01","78,000","4","63,520","0.77","0.86","0.77","0.86","+","0.06","0.86","25","0.87","25","72.00",
="082398","欣興元富4C購02","0","0","0","--","--","--","--"," ","0.00","2.68","25","2.76","25","150.00",
="082399","世芯元富4C購09","15,000","2","46,020","3.07","3.07","3.04","3.04","-","0.12","1.25","40","--","0","4,000.00",
="08239P","台灣50台新4A售06","0","0","0","--","--","--","--"," ","0.00","0.07","10","0.10","10","0.00",
="082400","世芯元富52購08","19,000","1","50,920","2.68","2.68","2.68","2.68","+","0.09","2.54","25","2.56","25","4,000.00",
="082401","鈞興元富4C購02","25,000","7","81,770","3.10","3.35","3.10","3.14","+","0.24","3.03","25","3.07","25","200.00",
="082402","穎崴元富54購01","300,000","6","531,260","1.52","1.81","1.52","1.81","+","0.07","0.89","11","--","0","1,250.00",
="082403","泓德元富54購01","0","0","0","--","--","--","--"," ","0.00","0.25","25","0.26","25","160.00",
="082404","百和元富56購01","64,000","2","103,580","1.61","1.63","1.61","1.63","X","0.00","1.60","25","1.61","25","54.00",
="082405","A50正2國票51購01","0","0","0","--","--","--","--"," ","0.00","2.34","25","2.35","10","31.56",
="082406","東陽國票52購01","6,000","1","1,020","0.17","0.17","0.17","0.17","X","0.00","0.16","25","0.17","10","101.00",
="082407","亞力國票4C購01","56,000","11","45,120","0.81","0.82","0.77","0.80","+","0.04","0.79","25","0.80","10","110.50",
="082408","大同統一49購01","0","0","0","--","--","--","--"," ","0.00","--","0","0.01","10","40.75",
="082409","大亞國票51購01","15,000","4","38,100","2.63","2.71","2.48","2.71","+","0.22","2.52","25","2.56","10","43.00",
="08240P","鴻海台新4A售06","0","0","0","--","--","--","--"," ","0.00","--","0","--","0","0.00",
="082410","台玻國票51購01","0","0","0","--","--","--","--"," ","0.00","10.80","25","--","0","34.55",
="082411","上銀國票51購01","15,000","1","11,250","0.75","0.75","0.75","0.75","X","0.00","0.74","25","0.75","10","215.50",
="082412","奇鋐國票51購01","0","0","0","--","--","--","--"," ","0.00","11.80","25","12.70","10","1,015.00",
="082414","欣興國票52購01","1,950,000","51","4,253,100","2.05","2.39","2.02","2.23","-","0.11","2.20","25","2.23","10","150.00",
="082415","群創國票53購01","1,307,000","15","1,172,850","0.78","0.99","0.77","0.90","+","0.21","0.95","25","0.96","10","14.15",
="082416","貿聯國票51購01","109,000","19","1,148,300","9.40","10.80","9.40","10.80","+","1.35","10.00","25","10.10","10","981.00",
="08241P","台灣50群益4A售09","0","0","0","--","--","--","--"," ","0.00","0.01","100","0.05","100","0.00",
="082420","定穎控國票51購01","0","0","0","--","--","--","--"," ","0.00","14.30","25","15.30","10","106.00",
="082421","達興國票51購01","0","0","0","--","--","--","--"," ","0.00","7.55","25","8.05","10","387.00",
="082425","達興國票52購01","5,000","1","42,750","8.55","8.55","8.55","8.55","+","0.50","8.50","25","8.70","10","387.00",
="082427","精成科國票51購02","106,000","7","349,650","3.55","3.55","3.17","3.37","+","1.17","3.51","25","--","0","131.00",
="082428","聯茂國票51購01","0","0","0","--","--","--","--"," ","0.00","5.90","25","--","0","125.00",
="082429","昇陽半國票51購01","12,000","3","21,610","1.85","1.85","1.76","1.76","+","0.08","1.74","25","1.76","5","152.50",
="08242P","臺股指群益4A售31","0","0","0","--","--","--","--"," ","0.00","0.05","499","0.06","499","0.00",
="082430","南電國票52購01","0","0","0","--","--","--","--"," ","0.00","8.70","25","--","0","226.00",
="082431","泰金寶國票4C購01","20,000","2","8,800","0.44","0.44","0.44","0.44"," ","0.00","0.43","25","0.44","10","6.01",
="082432","泰金寶國票51購01","0","0","0","--","--","--","--"," ","0.00","0.23","25","0.24","10","6.01",
="082434","世紀鋼國票52購01","22,000","1","29,260","1.33","1.33","1.33","1.33","X","0.00","1.24","25","1.25","10","188.00",
="082435","緯穎統一49購01","0","0","0","--","--","--","--"," ","0.00","0.03","10","0.10","10","2,975.00",
="082436","元債2X國泰51購02","0","0","0","--","--","--","--"," ","0.00","0.65","499","0.67","100","7.05",
="082437","華泰國泰51購01","272,000","16","1,017,630","3.66","4.15","3.66","3.77","+","0.07","3.74","250","3.77","100","44.70",
="082438","台積電國泰51購05","0","0","0","--","--","--","--"," ","0.00","4.04","499","4.13","400","1,160.00",
="082439","大立光國泰51購03","39,000","1","57,720","1.48","1.48","1.48","1.48","X","0.00","1.54","10","1.57","10","2,395.00",
="08243P","T50正2中信4B售01","0","0","0","--","--","--","--"," ","0.00","0.07","499","0.08","100","0.00",
="082440","緯創國泰51購03","23,000","1","27,140","1.18","1.18","1.18","1.18","-","0.02","0.39","25","--","0","115.00",
="082441","貿聯國泰51購02","0","0","0","--","--","--","--"," ","0.00","6.80","499","--","0","981.00",
="082442","穎崴國泰51購01","70,000","2","166,750","2.30","2.53","2.30","2.53","X","0.00","2.56","10","2.60","10","1,250.00",
="082443","昇陽半國泰51購01","100,000","4","223,980","2.19","2.25","2.19","2.25","+","0.21","2.12","499","2.14","100","152.50",
="082444","美指反元大54購01","0","0","0","--","--","--","--"," ","0.00","0.26","250","0.27","100","15.76",
="082445","美債2X元大52購01","0","0","0","--","--","--","--"," ","0.00","1.05","250","1.06","100","7.03",
="082446","FH富產元大4C購02","0","0","0","--","--","--","--"," ","0.00","0.97","100","1.01","55","9.05",
="082447","道瓊銀元大53購01","16,000","5","15,870","0.99","1.01","0.99","1.01","+","0.05","0.99","250","1.00","100","32.63",
="082448","川湖元大4C購01","53,000","2","107,650","2.05","2.05","2.03","2.03","+","0.13","1.93","400","1.96","10","2,925.00",
="082449","廣宇元大4C購03","0","0","0","--","--","--","--"," ","0.00","6.65","100","6.80","10","60.90",
="08244P","T50正2中信51售01","0","0","0","--","--","--","--"," ","0.00","1.07","100","1.08","100","0.00",
="082450","台積電元大4C購22","0","0","0","--","--","--","--"," ","0.00","0.14","71","--","0","1,160.00",
="082451","台積電元大51購42","5,000","1","6,750","1.35","1.35","1.35","1.35","X","0.00","--","0","--","0","1,160.00",
="082452","金像電元大4C購03","0","0","0","--","--","--","--"," ","0.00","9.30","100","--","0","486.00",
="082453","金像電元大51購01","0","0","0","--","--","--","--"," ","0.00","9.60","100","--","0","486.00",
="082454","微星元大4C購01","352,000","4","189,990","0.53","0.55","0.53","0.55","-","0.02","0.53","499","0.54","10","136.50",
="082455","京元電元大4C購03","203,000","8","556,910","2.55","2.92","2.55","2.76","+","0.15","2.71","300","2.76","10","142.00",
="082456","陽明元大4C購02","0","0","0","--","--","--","--"," ","0.00","0.32","509","0.33","10","58.80",
="082457","奇鋐元大4C購03","0","0","0","--","--","--","--"," ","0.00","8.45","100","8.75","10","1,015.00",
="082458","亞光元大4C購01","69,000","5","163,430","2.33","2.39","2.29","2.29","-","0.33","2.25","25","2.29","9","164.00",
="082459","威強電元大4C購01","234,000","3","75,640","0.32","0.33","0.32","0.33","X","0.00","0.31","499","0.32","10","70.90",
="08245P","S&P正2中信51售01","0","0","0","--","--","--","--"," ","0.00","0.95","10","0.96","10","0.00",
="082460","嘉澤元大4C購02","478,000","3","339,160","0.67","0.72","0.67","0.72","+","0.04","0.69","499","0.72","10","1,465.00",
="082461","世芯元大4C購05","11,000","1","42,900","3.90","3.90","3.90","3.90","+","0.06","3.71","200","3.75","10","4,000.00",
="082462","神達元大4C購03","0","0","0","--","--","--","--"," ","0.00","7.85","100","--","0","95.90",
="082463","精成科元大4C購01","45,000","3","112,400","2.50","2.50","2.49","2.49","+","1.10","2.46","5","--","0","131.00",
="082464","精成科元大4C購02","356,000","30","606,550","1.78","1.91","1.64","1.91","+","0.67","1.85","2","1.92","2","131.00",
="082465","精成科元大4C購03","266,000","9","517,880","2.09","2.19","1.88","2.19","+","0.70","2.14","31","2.23","10","131.00",
="082466","保瑞元大54購02","262,000","8","217,180","0.82","0.85","0.82","0.85","-","0.01","0.82","499","0.83","10","733.00",
="082467","穎崴元大4C購03","129,000","8","96,410","0.77","0.82","0.73","0.82","+","0.02","0.11","90","--","0","1,250.00",
="082468","穎崴元大54購01","930,000","31","725,520","0.81","0.86","0.72","0.86","+","0.05","0.86","10","--","0","1,250.00",
="082469","愛普元大4C購02","174,000","9","319,430","1.83","1.89","1.79","1.85","-","0.04","1.92","400","1.97","10","305.50",
="08246P","陽明中信4A售02","0","0","0","--","--","--","--"," ","0.00","0.20","499","0.21","30","0.00",
="082470","緯穎元大4C購11","217,000","7","235,280","1.08","1.11","1.06","1.06","-","0.02","1.05","30","1.06","11","2,975.00",
="082471","AES元大4C購01","740,000","29","786,070","0.97","1.14","0.94","1.13","+","0.20","1.09","504","1.13","10","1,350.00",
="082472","ITH元大4C購01","0","0","0","--","--","--","--"," ","0.00","0.34","499","0.35","10","45.10",
="082473","昇陽半元大54購01","85,000","4","86,000","1.01","1.03","1.00","1.00","+","0.03","1.01","499","1.03","10","152.50",
="082474","泰金寶元大52購01","0","0","0","--","--","--","--"," ","0.00","0.23","499","0.24","10","6.01",
="082475","台玻富邦4C購01","0","0","0","--","--","--","--"," ","0.00","8.85","30","9.35","10","0.00",
="082476","健策富邦4C購01","0","0","0","--","--","--","--"," ","0.00","1.98","10","2.08","10","0.00",
="082477","緯穎富邦4C購03","0","0","0","--","--","--","--"," ","0.00","1.60","10","1.65","10","0.00",
="082478","南電富邦4C購01","0","0","0","--","--","--","--"," ","0.00","6.55","1","--","0","0.00",
="082479","南電富邦52購01","0","0","0","--","--","--","--"," ","0.00","7.40","30","--","0","0.00",
="08247P","萬海中信4A售02","0","0","0","--","--","--","--"," ","0.00","0.16","499","0.17","30","0.00",
="082480","臺股指富邦4C購11","3,000","3","8,520","2.87","2.87","2.81","2.81","-","0.11","2.75","499","2.76","10","0.00",
="082481","臺股指富邦56購04","0","0","0","--","--","--","--"," ","0.00","2.98","499","2.99","100","0.00",
="082482","奇鋐台新4C購01","0","0","0","--","--","--","--"," ","0.00","--","0","--","0","0.00",
="082483","神達台新4C購01","50,000","1","432,500","8.65","8.65","8.65","8.65","X","0.00","8.50","20","--","0","0.00",
="082484","國巨兆豐4C購01","9,000","1","18,720","2.08","2.08","2.08","2.08","X","0.00","2.07","10","2.08","1","137.00",
="082485","旺宏兆豐56購01","10,000","1","8,000","0.80","0.80","0.80","0.80","-","0.06","0.79","10","0.80","10","20.10",
="082486","聯發科兆豐51購01","15,000","1","12,450","0.83","0.83","0.83","0.83","-","0.06","0.81","10","0.82","10","1,385.00",
="082487","萬海兆豐52購01","0","0","0","--","--","--","--"," ","0.00","0.20","10","0.21","10","84.10",
="082488","辛耘兆豐56購01","0","0","0","--","--","--","--"," ","0.00","2.45","10","2.46","10","393.50",
="082489","材料兆豐52購01","0","0","0","--","--","--","--"," ","0.00","0.25","10","0.26","10","67.70",
="08248P","臺股指中信4C售03","1,000","1","120","0.12","0.12","0.12","0.12"," ","0.00","0.11","501","0.12","100","0.00",
="082490","祥碩兆豐56購01","342,000","14","203,770","0.60","0.62","0.58","0.58","-","0.05","0.58","10","0.59","20","1,665.00",
="082491","勤誠兆豐54購01","0","0","0","--","--","--","--"," ","0.00","3.58","10","3.59","10","613.00",
="082492","美利達兆豐56購01","476,000","11","505,740","1.04","1.09","1.04","1.08","-","0.02","1.05","10","1.06","10","112.50",
="082493","台積電凱基4C購36","0","0","0","--","--","--","--"," ","0.00","3.38","100","3.48","10","1,160.00",
="082494","微星凱基4C購01","58,000","4","38,340","0.66","0.69","0.66","0.66","-","0.02","0.65","100","0.66","10","136.50",
="082495","京元電凱基51購01","10,000","1","32,000","3.20","3.20","3.20","3.20","+","0.23","3.18","100","3.22","10","142.00",
="082496","長榮凱基51購07","0","0","0","--","--","--","--"," ","0.00","0.48","100","0.49","10","188.00",
="082497","萬海凱基4C購02","0","0","0","--","--","--","--"," ","0.00","0.06","100","0.07","50","84.10",
="082498","萬海凱基51購01","0","0","0","--","--","--","--"," ","0.00","0.13","100","0.14","50","84.10",
="082499","萬海凱基52購01","0","0","0","--","--","--","--"," ","0.00","0.13","100","0.14","50","84.10",
="08249P","臺股指中信4C售04","0","0","0","--","--","--","--"," ","0.00","0.07","499","0.08","100","0.00",
="082500","萬海凱基56購01","10,000","1","4,600","0.46","0.46","0.46","0.46","X","0.00","0.42","100","0.43","50","84.10",
="082501","萬海凱基56購02","0","0","0","--","--","--","--"," ","0.00","0.51","100","0.52","50","84.10",
="082502","大立光凱基51購05","21,000","1","25,200","1.20","1.20","1.20","1.20","-","0.04","1.17","100","1.19","10","2,395.00",
="082503","奇鋐凱基55購02","0","0","0","--","--","--","--"," ","0.00","3.85","100","3.93","10","1,015.00",
="082504","欣興凱基52購01","120,000","11","253,580","2.09","2.23","2.01","2.23"," ","0.00","1.03","48","2.17","10","150.00",
="082505","牧德凱基52購02","607,000","18","691,780","1.10","1.18","1.07","1.17","+","0.07","1.22","82","1.23","10","594.00",
="082506","上品凱基4C購01","6,000","2","8,330","1.40","1.40","1.33","1.33","-","0.10","1.31","100","1.36","10","284.00",
="082507","達興凱基52購01","3,000","1","28,500","9.50","9.50","9.50","9.50"," ","0.00","9.85","50","11.60","1","387.00",
="082508","緯穎凱基55購01","0","0","0","--","--","--","--"," ","0.00","2.75","10","2.76","10","2,975.00",
="082509","AES凱基4C購03","1,000","1","2,120","2.12","2.12","2.12","2.12","+","0.25","2.20","100","2.25","10","1,350.00",
="08250P","萬海群益54售01","0","0","0","--","--","--","--"," ","0.00","0.40","10","0.50","10","0.00",
="082510","泰金寶凱基52購01","0","0","0","--","--","--","--"," ","0.00","0.20","10","0.21","50","6.01",
="082511","友訊統一56購01","549,000","12","373,770","0.67","0.69","0.67","0.67"," ","0.00","0.67","10","0.68","10","18.05",
="082512","所羅門統一56購01","217,000","5","170,430","0.79","0.79","0.77","0.79","-","0.02","0.75","10","0.76","10","162.00",
="082513","萬海統一5C購01","0","0","0","--","--","--","--"," ","0.00","0.27","10","0.28","10","84.10",
="082514","欣興統一56購02","111,000","7","152,630","1.37","1.38","1.36","1.37","-","0.02","1.36","10","1.39","10","150.00",
="082515","瀚宇博統一57購01","266,000","10","326,210","1.20","1.28","1.20","1.20","+","0.01","1.16","10","1.17","10","81.70",
="082516","精成科統一56購02","119,000","6","119,580","1.00","1.04","0.94","1.04","+","0.25","1.00","10","1.05","5","131.00",
="082517","精成科統一5C購01","987,000","28","795,650","0.79","0.88","0.75","0.88","+","0.16","0.83","10","0.88","4","131.00",
="082518","聯茂統一56購02","0","0","0","--","--","--","--"," ","0.00","1.20","10","--","0","125.00",
="082519","羅昇統一57購01","293,000","26","248,920","0.83","0.86","0.82","0.84","-","0.02","0.83","10","0.84","12","114.50",
="08251P","創意群益54售01","5,000","1","2,900","0.58","0.58","0.58","0.58","X","0.00","0.37","30","--","0","0.00",
="082520","元債2X中信52購02","0","0","0","--","--","--","--"," ","0.00","0.65","499","0.66","100","0.00",
="082521","美債2X中信52購02","50,000","1","34,500","0.69","0.69","0.69","0.69","X","0.00","0.69","499","0.70","100","0.00",
="082522","所羅門中信4C購02","107,000","5","83,130","0.84","0.87","0.73","0.73","-","0.14","0.71","10","0.72","10","0.00",
="082523","技嘉中信4C購01","234,000","3","110,760","0.48","0.48","0.47","0.47","-","0.04","0.46","10","0.47","10","0.00",
="082524","萬海中信4C購01","0","0","0","--","--","--","--"," ","0.00","0.05","499","0.06","10","0.00",
="082525","萬海中信51購01","0","0","0","--","--","--","--"," ","0.00","0.06","499","0.07","10","0.00",
="082526","欣興中信4C購01","67,000","9","181,140","2.74","2.76","2.63","2.63","-","0.17","2.72","499","2.75","10","0.00",
="082527","AES中信54購01","108,000","8","86,030","0.76","0.82","0.76","0.80","+","0.09","0.80","10","0.82","10","0.00",
="082528","南電中信4C購01","0","0","0","--","--","--","--"," ","0.00","4.90","499","--","0","0.00",
="082529","所羅門永豐52購01","22,000","2","28,700","1.31","1.31","1.25","1.25","-","0.09","1.22","10","1.25","10","162.00",
="08252P","臺股指永豐4A售08","0","0","0","--","--","--","--"," ","0.00","--","0","0.03","10","0.00",
="082530","陽明永豐53購01","0","0","0","--","--","--","--"," ","0.00","1.19","10","1.20","10","58.80",
="082531","萬海永豐52購02","0","0","0","--","--","--","--"," ","0.00","0.21","499","0.22","10","84.10",
="082532","王品永豐51購01","0","0","0","--","--","--","--"," ","0.00","1.24","499","1.34","10","219.00",
="082533","精成科永豐53購01","0","0","0","--","--","--","--"," ","0.00","3.15","10","--","0","131.00",
="082534","美利達永豐51購01","70,000","3","62,500","0.91","0.91","0.85","0.91","-","0.13","0.89","499","0.91","10","112.50",
="082535","穎崴元富54購02","24,000","1","47,280","1.97","1.97","1.97","1.97","-","0.03","1.05","9","--","0","1,250.00",
="082536","緯穎元富56購01","2,000","1","4,460","2.23","2.23","2.23","2.23","-","0.03","2.21","25","2.22","25","2,975.00",
="082537","AES元富54購01","30,000","3","46,180","1.45","1.57","1.45","1.57","X","0.00","1.56","25","1.58","25","1,350.00",
="082538","勤誠元富51購01","0","0","0","--","--","--","--"," ","0.00","11.30","25","12.30","10","613.00",
="082539","勤誠元富51購02","0","0","0","--","--","--","--"," ","0.00","9.55","25","10.10","10","613.00",
="08253P","T50正2元富51售05","0","0","0","--","--","--","--"," ","0.00","0.16","25","0.17","25","0.00",
="082540","台玻群益4C購02","0","0","0","--","--","--","--"," ","0.00","8.00","10","--","0","34.55",
="082541","台積電群益4C購12","0","0","0","--","--","--","--"," ","0.00","0.02","55","--","0","1,160.00",
="082542","聯發科群益4C購06","3,000","1","6,960","2.32","2.32","2.32","2.32","-","0.01","0.74","13","--","0","1,385.00",
="082543","萬海群益4C購02","0","0","0","--","--","--","--"," ","0.00","0.10","10","0.20","10","84.10",
="082544","萬海群益51購03","0","0","0","--","--","--","--"," ","0.00","0.20","10","0.30","10","84.10",
="082545","萬海群益52購01","0","0","0","--","--","--","--"," ","0.00","0.22","10","0.32","10","84.10",
="082546","昇貿群益4C購01","5,000","3","49,200","10.20","10.20","9.40","9.40","+","1.00","6.55","1","--","0","129.00",
="082547","世芯群益4C購10","2,000","2","14,000","7.15","7.15","6.85","6.85","X","0.00","6.60","10","7.10","10","4,000.00",
="082548","佳必琪群益52購01","142,000","6","467,480","3.26","3.37","3.26","3.31","+","0.18","3.10","10","3.20","10","178.50",
="082549","飛捷群益55購01","66,000","3","51,210","0.77","0.78","0.77","0.78","-","0.01","0.77","100","0.78","100","112.50",
="08254P","SGBR2X元富4A售02","15,000","1","7,200","0.48","0.48","0.48","0.48","X","0.00","0.48","25","0.49","25","0.00",
="082550","統一國票4C購01","337,000","8","285,670","0.83","0.90","0.82","0.90","X","0.00","0.89","25","0.90","10","77.70",
="082551","統一國票51購01","7,000","1","4,270","0.61","0.61","0.61","0.61","X","0.00","0.66","25","0.67","10","77.70",
="082552","友訊國票51購01","449,000","14","302,020","0.65","0.72","0.65","0.68","-","0.01","0.68","25","0.69","10","18.05",
="082553","萬海國票52購01","26,000","1","4,160","0.16","0.16","0.16","0.16","X","0.00","0.15","25","0.16","10","84.10",
="082554","全漢國票51購01","187,000","3","204,700","1.09","1.10","1.09","1.10","+","0.04","1.07","25","1.08","10","57.10",
="082555","健策國票52購02","0","0","0","--","--","--","--"," ","0.00","3.89","25","3.93","10","1,905.00",
="082556","精成科國票56購01","91,000","7","398,120","4.44","4.44","4.25","4.37","+","1.22","4.37","25","--","0","131.00",
="082557","GIS國票4C購01","106,000","4","247,190","2.38","2.47","2.27","2.47"," ","0.00","2.49","25","2.55","10","59.90",
="082558","GIS國票51購01","52,000","7","142,640","2.55","2.83","2.55","2.82","+","0.10","2.73","25","2.74","10","59.90",
="082559","台塑化國票4C購01","0","0","0","--","--","--","--"," ","0.00","1.93","25","2.03","10","40.75",
="08255P","長榮元富4A售03","0","0","0","--","--","--","--"," ","0.00","0.29","25","0.30","25","0.00",
="082560","台塑化國票51購01","10,000","2","13,600","1.39","1.39","1.33","1.33","X","0.00","1.22","25","1.32","10","40.75",
="082561","AES國票51購01","389,000","21","587,980","1.35","1.60","1.35","1.54","+","0.24","1.53","25","1.56","10","1,350.00",
="082562","美時國泰51購01","36,000","4","20,430","0.58","0.58","0.54","0.54","-","0.04","0.53","499","0.54","100","193.50",
="082563","國巨國泰51購02","20,000","2","71,800","3.56","3.62","3.56","3.62","X","0.00","3.39","499","3.45","10","137.00",
="082564","萬海國泰51購01","8,000","1","3,200","0.40","0.40","0.40","0.40","X","0.00","0.37","499","0.38","100","84.10",
="082565","萬海國泰51購02","0","0","0","--","--","--","--"," ","0.00","0.24","499","0.26","100","84.10",
="082566","欣興國泰51購02","45,000","2","170,550","3.79","3.79","3.79","3.79","+","0.12","3.57","499","3.62","10","150.00",
="082567","精成科國泰51購01","0","0","0","--","--","--","--"," ","0.00","4.88","499","--","0","131.00",
="082568","AES國泰51購01","0","0","0","--","--","--","--"," ","0.00","3.05","499","3.10","100","1,350.00",
="082569","華泰富邦4C購01","281,000","39","418,340","1.42","1.67","1.40","1.51","+","0.02","1.51","20","1.52","10","0.00",
="08256P","華城國票4B售04","0","0","0","--","--","--","--"," ","0.00","0.01","28","0.05","10","0.00",
="082570","旺宏富邦52購01","239,000","8","95,700","0.41","0.41","0.40","0.40","-","0.02","0.39","30","0.40","10","0.00",
="082571","所羅門富邦51購01","107,000","6","129,130","1.20","1.21","1.07","1.07","-","0.13","1.06","10","1.07","9","0.00",
="082572","所羅門富邦52購01","350,000","24","442,270","1.30","1.31","1.17","1.17","-","0.13","1.13","10","1.14","10","0.00",
="082573","技嘉富邦52購01","148,000","8","142,390","0.97","0.97","0.96","0.97","-","0.01","0.95","30","0.96","10","0.00",
="082574","萬海富邦51購01","0","0","0","--","--","--","--"," ","0.00","0.09","10","0.10","10","0.00",
="082575","欣興富邦4C購02","266,000","18","385,400","1.44","1.52","1.40","1.52","-","0.03","1.47","10","1.50","10","0.00",
="082576","神達富邦4C購03","0","0","0","--","--","--","--"," ","0.00","3.20","10","3.24","10","0.00",
="082577","精成科富邦52購01","1,288,000","74","2,198,030","1.68","2.00","1.63","1.98","+","0.63","1.82","1","1.98","4","0.00",
="082578","元油反元大4C購01","0","0","0","--","--","--","--"," ","0.00","0.35","250","0.36","50","6.68",
="082579","元油反元大51購01","0","0","0","--","--","--","--"," ","0.00","0.25","499","0.26","100","6.68",
="08257P","智邦國票4B售01","0","0","0","--","--","--","--"," ","0.00","--","0","--","0","0.00",
="082580","士電元大4C購02","2,000","2","1,580","0.79","0.79","0.79","0.79","X","0.00","0.74","499","0.75","10","187.50",
="082581","台積電元大4C購23","11,000","2","15,170","1.38","1.38","1.37","1.37","-","0.11","0.22","45","--","0","1,160.00",
="082582","佳能元大4C購01","40,000","9","208,250","5.35","5.40","5.05","5.35","-","0.25","5.30","150","5.35","10","80.80",
="082583","萬海元大4C購03","0","0","0","--","--","--","--"," ","0.00","0.18","499","0.19","10","84.10",
="082584","萬海元大4C購07","0","0","0","--","--","--","--"," ","0.00","0.07","499","0.08","10","84.10",
="082585","萬海元大51購01","0","0","0","--","--","--","--"," ","0.00","0.10","499","0.11","10","84.10",
="082586","萬海元大52購01","0","0","0","--","--","--","--"," ","0.00","0.15","499","0.16","10","84.10",
="082587","萬海元大54購01","2,000","1","460","0.23","0.23","0.23","0.23","X","0.00","0.21","499","0.22","10","84.10",
="082588","牧德元大4C購01","375,000","5","279,860","0.72","0.76","0.72","0.76","+","0.12","0.80","499","0.81","10","594.00",
="082589","辛耘元大4C購01","95,000","13","333,600","3.39","3.65","3.28","3.56","+","0.26","3.64","250","3.67","10","393.50",
="08258P","嘉澤國票4B售02","0","0","0","--","--","--","--"," ","0.00","0.02","25","0.05","10","0.00",
="082590","健策元大4C購01","110,000","22","177,710","1.62","1.72","1.55","1.72","-","0.09","1.70","25","1.72","5","1,905.00",
="082591","達興元大4C購01","410,000","33","2,595,200","6.55","6.85","6.15","6.70","+","0.50","6.55","100","6.70","10","387.00",
="082592","精成科元大4C購04","30,000","1","147,900","4.93","4.93","4.93","4.93","+","1.15","5.50","50","--","0","131.00",
="082593","精成科元大4C購05","52,000","4","259,900","5.00","5.00","4.95","4.95","+","2.12","5.55","1","6.20","1","131.00",
="082594","精成科元大51購02","51,000","3","221,280","4.31","4.38","4.31","4.38","+","1.50","4.76","5","--","0","131.00",
="082596","聯茂元大4C購01","0","0","0","--","--","--","--"," ","0.00","5.15","25","--","0","125.00",
="082598","聯茂元大4C購02","0","0","0","--","--","--","--"," ","0.00","6.35","25","--","0","125.00",
="082599","台積電台新4C購02","0","0","0","--","--","--","--"," ","0.00","18.20","10","18.70","10","0.00",
="08259P","健策國票4B售03","0","0","0","--","--","--","--"," ","0.00","0.01","25","0.05","10","0.00",
="082600","萬海台新4C購01","0","0","0","--","--","--","--"," ","0.00","0.21","20","0.22","10","0.00",
="082601","台積電群益4C購13","0","0","0","--","--","--","--"," ","0.00","0.85","1","--","0","1,160.00",
="082602","台積電群益4C購14","0","0","0","--","--","--","--"," ","0.00","0.45","1","--","0","1,160.00",
="082603","京元電群益4C購03","0","0","0","--","--","--","--"," ","0.00","--","0","--","0","142.00",
="082604","義隆群益4C購01","0","0","0","--","--","--","--"," ","0.00","--","0","--","0","120.00",
="082605","萬海群益4C購03","0","0","0","--","--","--","--"," ","0.00","0.16","10","0.26","10","84.10",
="082606","萬海群益4C購04","0","0","0","--","--","--","--"," ","0.00","0.17","10","0.27","10","84.10",
="082607","萬海群益55購01","0","0","0","--","--","--","--"," ","0.00","0.15","10","0.25","10","84.10",
="082608","大立光群益4C購03","39,000","2","41,340","1.06","1.06","1.06","1.06","-","0.04","1.03","10","1.13","10","2,395.00",
="082609","智原群益51購03","78,000","1","42,900","0.55","0.55","0.55","0.55","+","0.01","0.56","100","0.57","100","158.00",
="08260P","台灣50台新4A售07","0","0","0","--","--","--","--"," ","0.00","--","0","0.01","10","0.00",
="082610","欣興群益52購01","20,000","2","59,040","2.94","2.97","2.94","2.97","-","0.13","3.10","25","3.19","10","150.00",
="082611","達興群益4C購01","0","0","0","--","--","--","--"," ","0.00","6.35","100","--","0","387.00",
="082612","愛普群益51購01","112,000","13","334,070","2.87","3.22","2.79","3.22","+","0.19","3.06","100","3.09","100","305.50",
="082613","ITH群益4C購02","0","0","0","--","--","--","--"," ","0.00","0.53","10","0.63","10","45.10",
="082614","泰金寶群益53購01","0","0","0","--","--","--","--"," ","0.00","0.56","10","0.66","10","6.01",
="082615","士電統一53購01","152,000","6","185,220","1.29","1.29","1.20","1.23","+","0.10","1.19","10","1.20","10","187.50",
="082616","士電統一54購02","76,000","2","60,800","0.80","0.80","0.80","0.80","+","0.10","0.73","10","0.74","10","187.50",
="082617","美時統一53購01","0","0","0","--","--","--","--"," ","0.00","0.58","10","0.59","10","193.50",
="082618","川湖統一54購04","3,000","3","5,350","1.77","1.81","1.77","1.77","+","0.04","1.77","10","1.78","10","2,925.00",
="082619","鴻海統一5C購02","0","0","0","--","--","--","--"," ","0.00","1.53","10","1.54","10","206.00",
="08261P","台灣50凱基4A售16","0","0","0","--","--","--","--"," ","0.00","0.01","100","0.11","10","0.00",
="082620","台積電統一5C購04","0","0","0","--","--","--","--"," ","0.00","1.21","10","1.22","10","1,160.00",
="082622","友訊統一56購02","50,000","1","26,000","0.52","0.52","0.52","0.52"," ","0.00","0.52","10","0.53","10","18.05",
="082624","金像電統一53購02","7,000","2","16,710","2.38","2.43","2.38","2.43","-","0.01","2.45","10","2.46","10","486.00",
="082625","台光電統一53購04","0","0","0","--","--","--","--"," ","0.00","5.00","10","5.50","10","1,250.00",
="082626","南亞科統一56購01","0","0","0","--","--","--","--"," ","0.00","0.65","10","0.66","10","46.65",
="082627","聯發科統一53購07","142,000","3","123,620","0.86","0.88","0.86","0.88","-","0.02","0.85","10","0.86","10","1,385.00",
="082628","國泰金統一53購01","85,000","4","98,730","1.17","1.17","1.16","1.16","X","0.00","1.13","10","1.14","10","62.30",
="082629","晟銘電統一56購01","307,000","6","311,270","1.01","1.05","0.97","0.97","+","0.01","0.92","10","0.93","10","133.00",
="08262P","台光電凱基4A售04","0","0","0","--","--","--","--"," ","0.00","--","0","0.10","10","0.00",
="082630","欣興統一54購02","119,000","12","201,170","1.70","1.79","1.40","1.79","+","0.01","1.73","10","1.74","10","150.00",
="082631","景碩統一56購02","120,000","5","133,270","1.08","1.13","1.08","1.09","-","0.06","1.09","10","1.11","10","113.50",
="082632","嘉澤統一53購01","569,000","19","546,230","0.97","1.02","0.93","1.02","+","0.05","0.99","10","1.00","10","1,465.00",
="082633","瀚宇博統一53購01","1,112,000","20","1,870,060","1.60","1.77","1.54","1.57","+","0.06","1.55","10","1.57","10","81.70",
="082634","日月光國票4B購01","0","0","0","--","--","--","--"," ","0.00","0.09","25","0.10","10","147.50",
="082635","聯茂統一53購01","0","0","0","--","--","--","--"," ","0.00","1.82","10","1.86","10","125.00",
="082636","富世達統一53購01","0","0","0","--","--","--","--"," ","0.00","5.15","10","5.65","10","1,145.00",
="082637","來億統一56購01","0","0","0","--","--","--","--"," ","0.00","0.31","10","0.32","10","243.50",
="082638","鈺齊統一56購01","76,000","2","39,100","0.50","0.52","0.50","0.52","-","0.03","0.51","10","0.52","10","106.50",
="082639","T50正2中信56購01","0","0","0","--","--","--","--"," ","0.00","2.31","100","2.32","100","0.00",
="08263P","創意凱基4B售04","998,000","2","29,940","0.03","0.03","0.03","0.03"," ","0.00","0.02","100","0.03","50","0.00",
="082640","T50反1中信56購01","4,000","1","5,200","1.30","1.30","1.30","1.30","X","0.00","1.32","499","1.33","100","0.00",
="082641","臺指反中信5C購01","0","0","0","--","--","--","--"," ","0.00","0.45","100","0.46","100","0.00",
="082642","元日2X永豐57購01","0","0","0","--","--","--","--"," ","0.00","0.42","10","0.43","10","5.97",
="082643","鴻海永豐4C購07","0","0","0","--","--","--","--"," ","0.00","2.14","499","--","0","206.00",
="082644","鴻海永豐52購02","0","0","0","--","--","--","--"," ","0.00","2.82","499","--","0","206.00",
="082645","台積電永豐56購02","0","0","0","--","--","--","--"," ","0.00","2.27","10","2.37","10","1,160.00",
="082646","金像電永豐51購03","0","0","0","--","--","--","--"," ","0.00","6.55","499","6.80","10","486.00",
="082647","台光電永豐51購03","0","0","0","--","--","--","--"," ","0.00","5.30","499","5.55","10","1,250.00",
="082648","台光電永豐53購01","8,000","7","223,800","29.00","29.00","27.20","28.10","-","0.60","27.80","10","28.80","10","1,250.00",
="082649","漢唐永豐51購02","0","0","0","--","--","--","--"," ","0.00","18.10","499","18.90","10","1,190.00",
="08264P","台灣50台新4B售02","0","0","0","--","--","--","--"," ","0.00","0.33","10","0.34","10","0.00",
="082650","南亞科永豐4C購01","0","0","0","--","--","--","--"," ","0.00","0.58","499","0.59","10","46.65",
="082651","皇昌永豐52購01","78,000","4","51,600","0.66","0.68","0.66","0.67","+","0.02","0.63","10","0.65","10","83.50",
="082652","材料永豐54購01","5,000","1","3,450","0.69","0.69","0.69","0.69","+","0.04","0.66","499","0.67","10","67.70",
="082653","聯陽元富51購01","553,000","4","828,920","1.46","1.52","1.46","1.49","+","0.02","1.44","25","1.54","10","133.50",
="082655","日月光元富56購01","10,000","1","20,200","2.02","2.02","2.02","2.02","-","0.15","1.94","25","1.97","25","147.50",
="082656","力智元富56購01","37,000","1","60,310","1.63","1.63","1.63","1.63","X","0.00","1.58","25","1.60","25","188.50",
="082657","ITH元富54購01","70,000","2","32,200","0.46","0.46","0.46","0.46","+","0.05","0.46","25","0.47","25","45.10",
="082658","南電元富4C購01","0","0","0","--","--","--","--"," ","0.00","9.55","25","--","0","226.00",
="082659","臺股指元富56購02","0","0","0","--","--","--","--"," ","0.00","2.45","25","2.46","25","0.00",
="08265P","鴻海台新4B售01","0","0","0","--","--","--","--"," ","0.00","0.05","10","0.08","10","0.00",
="082660","臺股指元富56購03","0","0","0","--","--","--","--"," ","0.00","2.73","25","2.74","25","0.00",
="082661","群臺2X國票4C購02","0","0","0","--","--","--","--"," ","0.00","4.11","25","4.16","10","92.60",
="082662","中砂國票51購01","89,000","10","240,180","2.43","3.05","2.43","3.05","+","0.51","2.89","25","2.91","10","347.00",
="082663","台達電國票4C購03","0","0","0","--","--","--","--"," ","0.00","18.20","25","19.20","10","709.00",
="082664","英業達國票51購01","46,000","1","62,100","1.35","1.35","1.35","1.35","-","0.04","1.34","25","1.35","10","41.35",
="082665","金像電國票51購01","1,000","1","16,400","16.40","16.40","16.40","16.40","+","1.20","16.40","25","16.80","10","486.00",
="082667","晶豪科統一49購01","0","0","0","--","--","--","--"," ","0.00","--","0","--","0","57.40",
="082668","漢唐國票51購01","0","0","0","--","--","--","--"," ","0.00","24.80","25","25.80","10","1,190.00",
="082669","友達國票4C購01","16,000","3","7,960","0.49","0.50","0.49","0.50","X","0.00","0.51","25","0.52","10","13.05",
="08266P","台積電台新4A售07","0","0","0","--","--","--","--"," ","0.00","--","0","0.01","10","0.00",
="082670","全新國票4C購01","0","0","0","--","--","--","--"," ","0.00","3.07","25","3.17","10","153.50",
="082671","亞航國票4C購03","0","0","0","--","--","--","--"," ","0.00","6.70","25","7.20","10","62.70",
="082672","威強電國票4C購03","2,000","2","1,110","0.55","0.56","0.55","0.56","+","0.04","0.53","25","0.54","10","70.90",
="082673","日電貿國票4C購01","15,000","2","11,250","0.75","0.75","0.75","0.75","+","0.03","0.73","25","0.74","10","70.50",
="082674","華擎國票51購01","0","0","0","--","--","--","--"," ","0.00","3.65","25","3.72","10","281.00",
="082675","牧德國票51購01","426,000","17","514,630","1.10","1.30","1.10","1.30","+","0.25","1.29","25","1.30","10","594.00",
="082676","鈞興國票4C購01","0","0","0","--","--","--","--"," ","0.00","2.82","10","2.85","10","200.00",
="082677","迎廣國票51購02","0","0","0","--","--","--","--"," ","0.00","1.07","25","1.08","10","94.00",
="082678","飛捷國票51購01","9,000","1","6,120","0.68","0.68","0.68","0.68","-","0.02","0.69","25","0.70","10","112.50",
="082679","矽力國票51購01","20,000","1","14,200","0.71","0.71","0.71","0.71","X","0.00","0.67","25","0.68","10","317.00",
="08267P","嘉澤群益54售01","0","0","0","--","--","--","--"," ","0.00","0.57","100","0.58","100","0.00",
="082680","力積電國票4C購01","0","0","0","--","--","--","--"," ","0.00","0.85","25","0.86","10","16.05",
="082681","力積電國票51購01","10,000","1","8,000","0.80","0.80","0.80","0.80","-","0.04","0.82","25","0.83","10","16.05",
="082682","台玻國泰51購01","0","0","0","--","--","--","--"," ","0.00","17.60","499","--","0","34.55",
="082683","迎廣國泰51購01","20,000","1","33,600","1.68","1.68","1.68","1.68","-","0.06","1.60","499","1.61","100","94.00",
="082684","臺股指富邦4C購13","0","0","0","--","--","--","--"," ","0.00","3.82","499","3.83","10","0.00",
="082685","元油反凱基51購01","0","0","0","--","--","--","--"," ","0.00","0.21","100","0.22","50","6.68",
="082686","台玻凱基4C購01","0","0","0","--","--","--","--"," ","0.00","--","0","--","0","34.55",
="082687","上銀凱基52購01","183,000","9","188,430","0.98","1.09","0.98","1.09","+","0.10","0.98","100","0.99","10","215.50",
="082688","川湖凱基4C購04","23,000","5","68,780","3.04","3.06","2.93","2.93","+","0.08","2.93","100","2.96","10","2,925.00",
="082689","鴻海凱基54購06","0","0","0","--","--","--","--"," ","0.00","4.61","22","4.71","10","206.00",
="08268P","T50正2凱基4C售03","0","0","0","--","--","--","--"," ","0.00","0.14","10","0.15","10","0.00",
="082690","台積電凱基4C購37","0","0","0","--","--","--","--"," ","0.00","1.92","100","1.96","10","1,160.00",
="082691","友訊凱基51購01","181,000","12","186,700","0.99","1.09","0.97","1.05","+","0.03","1.02","10","1.04","10","18.05",
="082692","鴻準凱基4C購02","2,000","1","6,760","3.38","3.38","3.38","3.38","X","0.00","3.31","2","3.38","8","71.70",
="082693","英業達凱基4C購01","42,000","10","44,970","1.08","1.10","1.05","1.08","-","0.01","1.06","100","1.07","10","41.35",
="082694","燿華凱基4C購01","24,000","2","53,160","2.24","2.24","2.21","2.21","-","0.01","2.17","100","2.27","10","31.45",
="082695","金像電凱基4C購04","0","0","0","--","--","--","--"," ","0.00","14.50","10","15.50","10","486.00",
="082696","台光電凱基4C購03","0","0","0","--","--","--","--"," ","0.00","9.35","100","9.85","10","1,250.00",
="082697","聯發科凱基52購05","0","0","0","--","--","--","--"," ","0.00","1.56","100","1.57","10","1,385.00",
="082698","緯創凱基52購02","34,000","1","20,740","0.61","0.61","0.61","0.61","-","0.03","0.62","100","0.63","10","115.00",
="082699","健策凱基4C購01","278,000","21","1,055,140","3.79","4.02","3.59","4.00","-","0.34","3.96","100","4.00","5","1,905.00",
="08269P","鴻海凱基4A售12","0","0","0","--","--","--","--"," ","0.00","--","0","0.10","10","0.00",
="082700","世芯凱基52購04","5,000","2","25,450","5.15","5.15","5.00","5.00","+","0.02","4.83","100","4.87","10","4,000.00",
="082701","聯茂凱基4C購02","0","0","0","--","--","--","--"," ","0.00","8.15","499","8.65","10","125.00",
="082702","緯穎凱基4C購05","0","0","0","--","--","--","--"," ","0.00","2.02","100","2.12","10","2,975.00",
="082703","南電凱基51購01","0","0","0","--","--","--","--"," ","0.00","10.00","499","--","0","226.00",
="082704","美利達凱基4C購01","224,000","8","115,520","0.49","0.53","0.49","0.52","-","0.03","0.50","100","0.52","10","112.50",
="082705","元上證元大4C購01","0","0","0","--","--","--","--"," ","0.00","2.22","250","2.23","100","33.51",
="082706","A50元大4C購01","0","0","0","--","--","--","--"," ","0.00","2.36","100","2.42","10","24.50",
="082707","深中小元大4C購01","8,000","1","18,320","2.29","2.29","2.29","2.29","-","0.16","2.19","100","2.25","10","14.81",
="082708","香港2X元大52購02","10,000","1","11,200","1.12","1.12","1.12","1.12","-","0.14","1.06","499","1.07","100","16.40",
="082709","中高息元大51購01","1,000","1","1,760","1.76","1.76","1.76","1.76","-","0.19","1.60","100","1.67","10","13.96",
="08270P","台積電凱基4A售48","0","0","0","--","--","--","--"," ","0.00","0.03","100","0.13","10","0.00",
="082710","中興電元大4C購03","600,000","5","634,600","1.06","1.06","1.02","1.06","+","0.06","1.06","499","1.09","10","167.00",
="082711","廣宇元大4C購04","0","0","0","--","--","--","--"," ","0.00","4.33","150","--","0","60.90",
="082712","金像電元大4C購04","0","0","0","--","--","--","--"," ","0.00","7.05","100","7.20","10","486.00",
="082713","瑞昱元大4C購01","1,012,000","20","591,000","0.57","0.61","0.57","0.58"," ","0.00","0.56","25","0.57","10","545.00",
="082714","聯鈞元大4C購01","285,000","15","317,540","1.18","1.18","1.06","1.12","-","0.09","1.05","499","1.06","10","202.00",
="082715","華擎元大4C購01","0","0","0","--","--","--","--"," ","0.00","1.83","400","1.86","10","281.00",
="082716","嘉澤元大4C購03","504,000","9","376,010","0.68","0.75","0.68","0.75"," ","0.00","0.74","499","0.76","10","1,465.00",
="082717","貿聯元大54購04","13,000","1","43,420","3.34","3.34","3.34","3.34","+","0.02","3.51","200","3.56","10","981.00",
="082718","神達元大4C購04","0","0","0","--","--","--","--"," ","0.00","5.30","150","--","0","95.90",
="082719","達興元大4C購02","10,000","8","49,860","4.96","5.15","4.87","5.05","+","0.46","4.91","150","--","0","387.00",
="08271P","聯詠凱基4A售01","0","0","0","--","--","--","--"," ","0.00","0.76","100","0.86","10","0.00",
="082720","瀚宇博元大4C購01","0","0","0","--","--","--","--"," ","0.00","3.05","250","3.12","10","81.70",
="082721","迅得元大4C購01","395,000","6","443,290","1.09","1.14","1.08","1.08","+","0.01","1.10","499","1.12","10","193.50",
="082722","穎崴元大52購01","262,000","5","258,420","1.04","1.04","0.97","0.97","-","0.05","0.18","111","--","0","1,250.00",
="082723","虎航元大4C購02","0","0","0","--","--","--","--"," ","0.00","0.39","499","0.40","10","82.60",
="082724","來億元大4C購01","417,000","18","183,140","0.45","0.46","0.42","0.43","+","0.06","0.42","499","0.44","10","243.50",
="082725","ITH元大4C購02","0","0","0","--","--","--","--"," ","0.00","0.32","499","0.33","10","45.10",
="082726","神基兆豐56購01","487,000","39","1,148,390","2.29","2.57","2.22","2.43","+","0.32","2.41","10","2.42","10","157.00",
="082727","聯詠兆豐56購01","308,000","5","170,150","0.54","0.58","0.54","0.57"," ","0.00","0.55","10","0.56","10","435.00",
="082728","智原兆豐53購01","182,000","10","109,900","0.59","0.61","0.59","0.59"," ","0.00","0.59","10","0.60","10","158.00",
="082729","采鈺兆豐52購01","95,000","7","173,850","1.76","1.85","1.73","1.80","+","0.24","1.79","10","1.80","10","264.00",
="08272P","臺股指凱基4B售21","0","0","0","--","--","--","--"," ","0.00","0.07","100","0.08","10","0.00",
="082730","富世達兆豐52購01","0","0","0","--","--","--","--"," ","0.00","5.20","10","5.25","10","1,145.00",
="082731","南電兆豐56購01","0","0","0","--","--","--","--"," ","0.00","6.70","10","--","0","226.00",
="082732","南亞永豐52購01","0","0","0","--","--","--","--"," ","0.00","9.10","499","9.30","10","43.00",
="082733","台化永豐52購01","0","0","0","--","--","--","--"," ","0.00","4.67","499","4.72","10","29.90",
="082734","金寶永豐51購01","0","0","0","--","--","--","--"," ","0.00","1.05","10","1.06","10","19.05",
="082735","台積電永豐4C購11","0","0","0","--","--","--","--"," ","0.00","13.60","10","14.60","10","1,160.00",
="082736","台積電永豐51購08","1,000","1","16,700","16.70","16.70","16.70","16.70","-","0.60","16.30","1","16.60","10","1,160.00",
="082737","聯發科永豐4C購05","43,000","4","163,120","3.76","3.85","3.76","3.85","-","0.12","3.77","499","3.87","10","1,385.00",
="082738","萬海永豐4C購03","0","0","0","--","--","--","--"," ","0.00","0.18","499","0.19","10","84.10",
="082739","所羅門台新4C購01","0","0","0","--","--","--","--"," ","0.00","2.20","20","2.21","10","0.00",
="08273P","台光電中信4A售01","0","0","0","--","--","--","--"," ","0.00","--","0","0.01","226","0.00",
="082740","立積台新4C購01","0","0","0","--","--","--","--"," ","0.00","3.57","20","--","0","0.00",
="082741","亞泥中信4C購01","0","0","0","--","--","--","--"," ","0.00","0.13","499","0.14","10","0.00",
="082742","中鋼中信4C購01","19,000","4","21,070","1.13","1.13","1.09","1.11","-","0.12","1.09","10","1.11","10","0.00",
="082743","中鴻中信4C購01","91,000","5","24,360","0.26","0.29","0.26","0.28","-","0.03","0.27","10","0.28","10","0.00",
="082744","台積電中信52購02","2,000","1","14,500","7.25","7.25","7.25","7.25","-","0.05","6.50","499","6.70","10","0.00",
="082745","聯發科中信53購01","20,000","2","32,900","1.64","1.65","1.64","1.65","-","0.07","1.60","10","1.63","10","0.00",
="082746","國泰金中信4C購02","164,000","4","219,140","1.35","1.37","1.28","1.28","X","0.00","1.24","10","1.27","10","0.00",
="082747","群臺2X凱基51購01","0","0","0","--","--","--","--"," ","0.00","5.25","10","5.75","10","92.60",
="082748","台達電凱基4C購02","0","0","0","--","--","--","--"," ","0.00","17.80","100","18.80","10","709.00",
="082749","仁寶凱基4C購02","94,000","5","149,510","1.56","1.61","1.56","1.61","+","0.03","1.55","10","1.65","10","28.10",
="08274P","嘉澤中信4A售02","0","0","0","--","--","--","--"," ","0.00","--","0","0.02","10","0.00",
="082750","台積電凱基4C購38","0","0","0","--","--","--","--"," ","0.00","3.55","100","3.61","10","1,160.00",
="082751","瑞昱凱基4C購01","73,000","6","72,100","0.94","1.01","0.94","0.98","-","0.02","0.17","58","--","0","545.00",
="082752","毅嘉凱基4C購01","0","0","0","--","--","--","--"," ","0.00","7.95","10","8.45","10","60.80",
="082753","京元電凱基4C購01","0","0","0","--","--","--","--"," ","0.00","8.10","100","8.60","10","142.00",
="082754","聯發科凱基4C購11","0","0","0","--","--","--","--"," ","0.00","2.20","100","2.23","10","1,385.00",
="082755","義隆凱基4C購02","0","0","0","--","--","--","--"," ","0.00","0.52","100","0.53","10","120.00",
="082756","皇昌凱基4C購02","123,000","9","150,970","1.09","1.30","1.09","1.22","+","0.17","0.95","10","0.96","10","83.50",
="082757","萬海凱基54購02","27,000","1","14,850","0.55","0.55","0.55","0.55","X","0.00","0.52","100","0.53","50","84.10",
="082758","智原凱基4C購04","772,000","20","922,930","1.15","1.22","1.15","1.22","+","0.07","1.18","2","1.19","30","158.00",
="082759","欣興凱基51購01","0","0","0","--","--","--","--"," ","0.00","3.75","100","3.85","10","150.00",
="08275P","臺股指中信51售03","0","0","0","--","--","--","--"," ","0.00","0.09","499","0.10","100","0.00",
="082760","智易凱基4C購01","13,000","3","34,910","2.72","2.72","2.65","2.65","-","0.35","2.41","100","2.51","10","236.00",
="082761","材料凱基54購01","0","0","0","--","--","--","--"," ","0.00","0.63","100","0.73","10","67.70",
="082762","飛捷凱基51購01","32,000","3","26,440","0.82","0.84","0.82","0.84","-","0.01","0.84","100","0.85","10","112.50",
="082763","愛普凱基51購01","6,000","2","18,090","3.04","3.04","2.99","2.99","+","0.42","2.96","10","2.98","10","305.50",
="082764","虎航凱基4C購02","0","0","0","--","--","--","--"," ","0.00","0.52","10","0.53","30","82.60",
="082765","ITH凱基4C購03","0","0","0","--","--","--","--"," ","0.00","0.28","100","0.29","50","45.10",
="082766","長華凱基4C購01","0","0","0","--","--","--","--"," ","0.00","0.28","10","0.29","40","39.60",
="082767","鴻海統一54購04","0","0","0","--","--","--","--"," ","0.00","1.51","499","1.52","499","206.00",
="082768","金像電統一54購02","0","0","0","--","--","--","--"," ","0.00","2.92","10","2.95","10","486.00",
="082769","威盛統一56購01","59,000","3","46,410","0.79","0.79","0.77","0.77","-","0.03","0.76","10","0.90","20","62.00",
="08276P","國企2X元富4A售03","0","0","0","--","--","--","--"," ","0.00","0.10","25","0.11","25","0.00",
="082770","全新統一56購01","0","0","0","--","--","--","--"," ","0.00","1.60","10","1.61","10","153.50",
="082771","智原統一56購02","32,000","1","15,040","0.47","0.47","0.47","0.47","+","0.04","0.46","10","0.47","10","158.00",
="082772","智原統一56購03","134,000","3","82,220","0.61","0.63","0.61","0.63","+","0.02","0.61","10","0.62","10","158.00",
="082773","台積電群益51購06","0","0","0","--","--","--","--"," ","0.00","--","0","--","0","1,160.00",
="082774","鴻準群益4C購03","0","0","0","--","--","--","--"," ","0.00","--","0","3.26","10","71.70",
="082775","台光電群益4C購01","0","0","0","--","--","--","--"," ","0.00","--","0","7.75","10","1,250.00",
="082776","聯發科群益4C購07","50,000","1","55,500","1.11","1.11","1.11","1.11","-","0.12","0.28","35","--","0","1,385.00",
="082777","弘憶股群益4C購01","272,000","5","197,450","0.66","0.74","0.66","0.73","+","0.21","0.63","10","0.68","1","45.30",
="082778","牧德群益52購01","268,000","9","270,410","0.97","1.08","0.95","1.08","+","0.12","1.10","100","1.11","100","594.00",
="082779","世芯群益4C購11","0","0","0","--","--","--","--"," ","0.00","--","0","4.54","10","4,000.00",
="08277P","聯發科元富4A售16","0","0","0","--","--","--","--"," ","0.00","0.34","25","0.35","25","0.00",
="082780","上緯控群益4C購01","4,000","2","11,520","2.88","2.88","2.88","2.88","+","0.03","2.77","10","2.87","10","131.00",
="082781","材料群益52購09","0","0","0","--","--","--","--"," ","0.00","0.43","10","0.53","10","67.70",
="082782","材料群益52購10","0","0","0","--","--","--","--"," ","0.00","0.53","10","0.63","10","67.70",
="082783","訊連群益51購01","0","0","0","--","--","--","--"," ","0.00","0.33","10","0.43","10","97.70",
="082784","保瑞群益4C購04","29,000","2","61,870","2.13","2.14","2.13","2.14","-","0.11","2.10","100","2.13","100","733.00",
="082785","緯穎群益4C購02","0","0","0","--","--","--","--"," ","0.00","--","0","3.32","10","2,975.00",
="082786","台化元富4C購02","0","0","0","--","--","--","--"," ","0.00","5.25","25","5.75","25","29.90",
="082787","美時元富4C購01","0","0","0","--","--","--","--"," ","0.00","0.45","25","0.46","25","193.50",
="082788","鴻海元富4C購04","14,000","5","384,100","27.40","27.80","26.70","27.40","-","1.50","27.10","25","27.40","25","206.00",
="082789","國巨元富4C購01","107,000","6","491,840","4.52","4.65","4.38","4.38","+","0.16","4.28","25","4.38","25","137.00",
="08278P","臺股指元富4A售16","0","0","0","--","--","--","--"," ","0.00","0.01","25","0.10","10","0.00",
="082790","T50正2國票4C購05","6,000","2","42,900","7.15","7.15","7.15","7.15","-","0.30","7.10","25","7.15","10","259.40",
="082791","T50正2國票4C購06","10,000","3","83,200","8.40","8.40","7.90","7.90","-","0.65","7.95","25","8.00","10","259.40",
="082792","T50正2國票52購01","9,000","3","62,900","6.95","7.00","6.95","7.00","-","0.10","6.65","25","6.70","10","259.40",
="082793","香港2X國票4C購02","132,000","5","481,040","3.67","3.73","3.58","3.58","X","0.00","3.56","25","3.58","10","16.40",
="082794","A50正2國票51購02","0","0","0","--","--","--","--"," ","0.00","2.41","25","2.43","10","31.56",
="082795","美指反國票54購01","0","0","0","--","--","--","--"," ","0.00","0.31","25","0.32","10","15.76",
="082797","台泥國票51購01","0","0","0","--","--","--","--"," ","0.00","0.20","25","0.21","10","22.80",
="082798","美時國票52購01","21,000","1","11,340","0.54","0.54","0.54","0.54","-","0.03","0.52","25","0.53","10","193.50",
="082799","中鴻國票51購01","848,000","8","669,640","0.78","0.83","0.73","0.78","-","0.03","0.78","23","0.79","10","16.15",
="08279P","臺股指元富4A售17","0","0","0","--","--","--","--"," ","0.00","0.03","25","0.10","10","0.00",
="082800","大成鋼國票51購01","0","0","0","--","--","--","--"," ","0.00","2.01","25","2.03","10","38.60",
="082801","瑞昱國票51購01","21,000","5","31,080","1.43","1.52","1.43","1.49","+","0.01","1.48","25","1.49","10","545.00",
="082802","義隆國票52購01","9,000","1","4,860","0.54","0.54","0.54","0.54","-","0.01","0.53","25","0.54","10","120.00",
="082803","皇昌國票52購01","2,000","1","1,720","0.86","0.86","0.86","0.86","X","0.00","0.84","25","0.85","10","83.50",
="082804","日勝生國票51購01","0","0","0","--","--","--","--"," ","0.00","0.18","25","0.19","10","11.15",
="082805","智原國票51購01","40,000","3","25,800","0.64","0.65","0.64","0.65"," ","0.00","0.65","25","0.66","10","158.00",
="082806","弘憶股國票4C購01","45,000","7","34,970","0.84","0.84","0.73","0.73","X","0.00","0.72","25","0.73","10","45.30",
="082807","嘉澤國票51購03","7,000","1","9,660","1.38","1.38","1.38","1.38","-","0.04","1.47","25","1.50","10","1,465.00",
="082808","智易國票51購01","0","0","0","--","--","--","--"," ","0.00","1.72","25","1.73","10","236.00",
="082809","上緯控國票51購01","2,000","2","8,560","4.26","4.30","4.26","4.30","+","0.13","4.13","25","4.20","10","131.00",
="08280P","臺股指元富4A售18","0","0","0","--","--","--","--"," ","0.00","0.03","25","0.10","10","0.00",
="082810","上緯控國票52購01","26,000","3","109,040","4.00","4.21","4.00","4.21","-","0.10","3.87","25","3.92","10","131.00",
="082811","訊連國票52購01","0","0","0","--","--","--","--"," ","0.00","0.51","25","0.52","10","97.70",
="082812","亞翔國票52購01","0","0","0","--","--","--","--"," ","0.00","5.25","25","5.35","10","349.50",
="082813","保瑞國票51購02","0","0","0","--","--","--","--"," ","0.00","2.10","25","2.14","10","733.00",
="082814","美利達國票4C購02","87,000","4","53,360","0.59","0.63","0.59","0.62","-","0.10","0.61","25","0.62","10","112.50",
="082815","臺股指國票4C購05","8,000","2","79,200","9.90","9.90","9.90","9.90","X","0.00","9.75","499","9.80","399","0.00",
="082816","臺股指國票4C購06","0","0","0","--","--","--","--"," ","0.00","10.60","499","10.70","399","0.00",
="082817","臺股指國票4C購07","0","0","0","--","--","--","--"," ","0.00","7.95","499","8.00","399","0.00",
="082818","鴻海國泰51購04","0","0","0","--","--","--","--"," ","0.00","4.25","499","4.35","10","206.00",
="082819","奇鋐國泰51購01","0","0","0","--","--","--","--"," ","0.00","--","0","--","0","1,015.00",
="08281P","臺股指元富4A售19","0","0","0","--","--","--","--"," ","0.00","0.03","25","0.10","10","0.00",
="082820","世芯國泰53購01","0","0","0","--","--","--","--"," ","0.00","5.25","499","5.35","100","4,000.00",
="082821","材料國泰51購01","0","0","0","--","--","--","--"," ","0.00","0.62","499","0.63","100","67.70",
="082822","ITH國泰51購01","0","0","0","--","--","--","--"," ","0.00","0.53","499","0.54","100","45.10",
="082823","上銀富邦51購01","56,000","1","17,920","0.32","0.32","0.32","0.32"," ","0.00","0.31","30","0.32","10","0.00",
="082824","台達電富邦4C購01","0","0","0","--","--","--","--"," ","0.00","4.98","30","5.15","10","0.00",
="082825","京元電富邦51購01","0","0","0","--","--","--","--"," ","0.00","2.89","10","2.99","10","0.00",
="082826","八方富邦51購01","100,000","2","48,000","0.48","0.48","0.48","0.48","-","0.02","0.47","10","0.48","10","0.00",
="082827","富世達富邦51購02","0","0","0","--","--","--","--"," ","0.00","4.76","10","4.86","10","0.00",
="082828","滬深2X元大53購04","29,000","6","158,850","5.30","7.00","5.30","7.00","X","0.00","4.88","100","4.94","10","18.32",
="082829","臺指反元大4C購01","0","0","0","--","--","--","--"," ","0.00","0.10","100","0.11","10","3.20",
="08282P","中鋼國票4B售02","0","0","0","--","--","--","--"," ","0.00","0.22","25","0.23","10","0.00",
="082830","統一元大4C購01","361,000","8","290,920","0.79","0.85","0.79","0.85","+","0.05","0.84","499","0.85","10","77.70",
="082831","台化元大4C購01","0","0","0","--","--","--","--"," ","0.00","2.35","300","2.45","10","29.90",
="082832","亞力元大4C購01","487,000","6","191,260","0.40","0.40","0.38","0.40","+","0.02","0.39","499","0.41","10","110.50",
="082833","台積電凱基4A購03","0","0","0","--","--","--","--"," ","0.00","4.16","25","4.26","10","1,160.00",
="082834","鴻準元大4C購03","0","0","0","--","--","--","--"," ","0.00","2.33","300","2.39","10","71.70",
="082835","金像電元大4C購05","4,000","1","25,800","6.45","6.45","6.45","6.45","+","0.05","6.60","100","6.70","10","486.00",
="082836","台光電元大4C購06","0","0","0","--","--","--","--"," ","0.00","--","0","--","0","1,250.00",
="082837","台光電元大4C購07","0","0","0","--","--","--","--"," ","0.00","2.90","3","--","0","1,250.00",
="082838","台光電元大51購01","10,000","4","31,730","2.98","3.29","2.98","3.20","-","0.26","1.96","5","--","0","1,250.00",
="082839","京元電元大4C購04","16,000","3","89,750","5.45","6.00","5.45","6.00","+","0.35","5.60","150","5.75","10","142.00",
="08283P","大成鋼國票4B售01","0","0","0","--","--","--","--"," ","0.00","0.04","25","0.05","10","0.00",
="082840","長榮元大56購01","248,000","3","127,000","0.52","0.52","0.50","0.50","+","0.01","0.47","499","0.48","10","188.00",
="082841","華航元大4C購03","0","0","0","--","--","--","--"," ","0.00","0.21","499","0.22","10","21.25",
="082842","萬海元大4C購14","0","0","0","--","--","--","--"," ","0.00","0.12","499","0.13","10","84.10",
="082843","晟銘電元大4C購02","0","0","0","--","--","--","--"," ","0.00","2.02","350","2.05","10","133.00",
="082844","奇鋐元大4C購05","0","0","0","--","--","--","--"," ","0.00","3.52","200","3.62","10","1,015.00",
="082845","華擎元大4C購02","0","0","0","--","--","--","--"," ","0.00","2.52","300","2.58","10","281.00",
="082846","嘉澤元大4C購04","0","0","0","--","--","--","--"," ","0.00","1.16","499","1.20","10","1,465.00",
="082847","智易元大4C購01","57,000","4","80,650","1.58","1.58","1.37","1.37","-","0.19","1.33","25","1.35","10","236.00",
="082848","貿聯元大54購05","52,000","5","131,880","2.41","2.68","2.41","2.68","+","0.28","2.55","300","2.59","10","981.00",
="082849","神達元大4C購05","3,000","3","18,050","5.90","6.10","5.90","6.05","X","0.00","6.05","150","--","0","95.90",
="08284P","上銀國票4B售01","0","0","0","--","--","--","--"," ","0.00","0.07","25","0.08","10","0.00",
="082850","神達元大54購01","2,000","2","10,350","5.05","5.30","5.05","5.30","+","0.92","5.05","150","5.45","5","95.90",
="082852","神達元大56購01","377,000","49","1,976,150","5.15","5.50","5.10","5.15","+","0.85","5.20","150","5.25","10","95.90",
="082853","日月光元大4C購01","44,000","1","35,640","0.81","0.81","0.81","0.81","-","0.09","0.78","499","0.79","10","147.50",
="082854","穎崴元大4C購04","740,000","15","524,870","0.76","0.76","0.66","0.75","-","0.03","0.20","250","--","0","1,250.00",
="082855","虎航元大4C購03","0","0","0","--","--","--","--"," ","0.00","0.12","499","0.13","10","82.60",
="082856","富世達元大4C購02","0","0","0","--","--","--","--"," ","0.00","--","0","--","0","1,145.00",
="082857","ITH元大4C購03","0","0","0","--","--","--","--"," ","0.00","0.21","499","0.22","10","45.10",
="082858","世紀鋼元大4C購02","268,000","9","261,120","0.97","0.99","0.90","0.90","-","0.11","0.91","499","0.92","10","188.00",
="082859","臺股指元大4C購18","0","0","0","--","--","--","--"," ","0.00","4.30","499","4.37","10","0.00",
="08285P","華邦電國票4C售01","0","0","0","--","--","--","--"," ","0.00","0.03","25","0.05","10","0.00",
="082860","臺股指元大4C購19","0","0","0","--","--","--","--"," ","0.00","2.45","499","2.52","10","0.00",
="082863","電子類元大4C購01","0","0","0","--","--","--","--"," ","0.00","3.43","499","3.51","10","0.00",
="082864","滬深2X元富4C購02","0","0","0","--","--","--","--"," ","0.00","4.14","25","4.24","10","18.32",
="082865","南亞科元富4C購03","10,000","1","12,900","1.29","1.29","1.29","1.29","-","0.04","1.20","25","1.21","25","46.65",
="082867","南亞科元富56購01","0","0","0","--","--","--","--"," ","0.00","1.14","25","1.15","25","46.65",
="082868","長榮元富56購03","24,000","1","11,280","0.47","0.47","0.47","0.47","X","0.00","0.45","25","0.46","25","188.00",
="082869","奇鋐元富51購03","0","0","0","--","--","--","--"," ","0.00","5.95","20","6.45","25","1,015.00",
="08286P","漢唐國票4B售02","0","0","0","--","--","--","--"," ","0.00","--","0","0.01","10","0.00",
="082870","奇鋐元富54購02","0","0","0","--","--","--","--"," ","0.00","5.85","25","5.95","25","1,015.00",
="082871","世芯元富56購04","0","0","0","--","--","--","--"," ","0.00","4.75","25","4.84","25","4,000.00",
="082872","材料元富54購02","34,000","2","30,910","0.91","0.91","0.88","0.88","X","0.00","0.86","25","0.87","25","67.70",
="082873","臻鼎元富56購01","0","0","0","--","--","--","--"," ","0.00","8.55","25","8.70","25","194.00",
="082874","矽力元富56購01","53,000","5","85,490","1.67","1.67","1.55","1.55","-","0.12","1.56","25","1.57","25","317.00",
="082875","穎崴元富54購03","0","0","0","--","--","--","--"," ","0.00","0.44","1","--","0","1,250.00",
="082876","虎航元富52購01","0","0","0","--","--","--","--"," ","0.00","0.34","25","0.35","25","82.60",
="082877","聯發科國泰55購01","22,000","1","27,280","1.24","1.24","1.24","1.24","X","0.00","1.27","499","1.30","499","1,385.00",
="082878","漢翔國泰51購02","2,000","1","11,200","5.60","5.60","5.60","5.60","+","1.89","5.55","499","--","0","60.00",
="082879","中鴻富邦4C購01","240,000","16","142,200","0.58","0.62","0.57","0.60","-","0.04","0.60","30","0.61","10","0.00",
="08287P","南亞科國票4B售01","101,000","2","3,050","0.03","0.05","0.03","0.05","X","0.00","0.03","25","0.05","10","0.00",
="082880","華通富邦4C購01","0","0","0","--","--","--","--"," ","0.00","2.00","10","2.04","10","0.00",
="082881","鴻海富邦54購01","0","0","0","--","--","--","--"," ","0.00","5.65","30","5.70","10","0.00",
="082882","台積電富邦51購11","0","0","0","--","--","--","--"," ","0.00","4.92","30","5.00","10","0.00",
="082883","台積電富邦52購01","0","0","0","--","--","--","--"," ","0.00","4.65","30","4.72","10","0.00",
="082884","聯發科富邦4C購05","20,000","2","40,800","2.02","2.06","2.02","2.06","-","0.01","1.99","30","2.06","10","0.00",
="082885","聯發科富邦52購01","10,000","1","22,900","2.29","2.29","2.29","2.29","X","0.00","2.22","30","2.29","10","0.00",
="082886","聯發科富邦54購01","0","0","0","--","--","--","--"," ","0.00","2.32","30","2.37","10","0.00",
="082887","國泰金富邦4C購01","48,000","2","37,820","0.79","0.79","0.78","0.78","X","0.00","0.75","10","0.76","10","0.00",
="082888","牧德富邦52購02","1,788,000","66","1,540,470","0.81","0.94","0.81","0.94","+","0.14","0.94","10","0.95","10","0.00",
="082889","亞翔富邦51購01","0","0","0","--","--","--","--"," ","0.00","2.11","10","2.15","10","0.00",
="08288P","中信金國票4B售01","0","0","0","--","--","--","--"," ","0.00","0.05","25","0.06","10","0.00",
="082890","緯穎第一56購01","0","0","0","--","--","--","--"," ","0.00","1.15","10","1.20","10","0.00",
="082892","群高息中信53購01","0","0","0","--","--","--","--"," ","0.00","0.95","509","0.96","100","0.00",
="082893","元日2X國票66購01","0","0","0","--","--","--","--"," ","0.00","0.36","25","0.37","10","5.97",
="082894","川湖國票52購01","0","0","0","--","--","--","--"," ","0.00","4.59","25","4.64","10","2,925.00",
="082895","華泰國票51購02","1,000","1","2,730","2.73","2.73","2.73","2.73","+","0.25","2.62","25","2.63","10","44.70",
="082896","聯發科國票4C購02","19,000","1","15,200","0.80","0.80","0.80","0.80","-","0.08","0.82","25","0.85","10","1,385.00",
="082897","聯發科國票51購01","91,000","7","110,230","1.20","1.24","1.17","1.20","-","0.03","1.19","25","1.23","10","1,385.00",
="082898","聯發科國票52購01","0","0","0","--","--","--","--"," ","0.00","0.95","25","0.98","10","1,385.00",
="082899","富邦金國票52購01","5,000","1","9,800","1.96","1.96","1.96","1.96","-","0.07","1.92","25","1.93","10","85.20",
="08289P","智原國票4B售01","0","0","0","--","--","--","--"," ","0.00","1.49","25","1.50","10","0.00",
="082900","奇鋐國票51購02","0","0","0","--","--","--","--"," ","0.00","10.50","25","10.90","10","1,015.00",
="082901","緯穎元富49購01","0","0","0","--","--","--","--"," ","0.00","0.01","25","0.11","10","2,975.00",
="082902","保瑞國票4C購02","11,000","1","11,000","1.00","1.00","1.00","1.00","-","0.12","0.98","25","1.00","10","733.00",
="082903","緯穎國票51購02","17,000","6","48,610","2.85","2.89","2.85","2.89","-","0.11","2.93","25","2.97","10","2,975.00",
="082904","復盛國票51購01","0","0","0","--","--","--","--"," ","0.00","0.56","25","0.57","10","265.50",
="082905","臺股指國票51購04","0","0","0","--","--","--","--"," ","0.00","7.00","499","7.05","499","0.00",
="082906","臺股指國票51購05","0","0","0","--","--","--","--"," ","0.00","6.30","499","6.35","499","0.00",
="082907","所羅門兆豐52購01","179,000","8","238,980","1.31","1.44","1.29","1.32","-","0.09","1.25","10","1.26","10","162.00",
="082908","微星兆豐51購01","748,000","18","493,520","0.64","0.67","0.64","0.67","-","0.02","0.66","10","0.67","10","136.50",
="082909","漢翔兆豐53購01","18,000","5","41,510","2.23","2.45","2.23","2.45","+","0.60","2.44","2","--","0","60.00",
="08290P","景碩國票4B售01","0","0","0","--","--","--","--"," ","0.00","0.01","25","0.05","10","0.00",
="082910","川湖永豐52購01","0","0","0","--","--","--","--"," ","0.00","2.48","10","2.51","10","2,925.00",
="082911","華通永豐52購01","0","0","0","--","--","--","--"," ","0.00","4.75","499","4.81","10","79.30",
="082912","華泰永豐52購01","45,000","8","157,340","3.41","3.75","3.41","3.75","+","0.24","3.43","10","3.45","10","44.70",
="082913","金像電永豐52購02","0","0","0","--","--","--","--"," ","0.00","13.30","499","13.80","10","486.00",
="082916","技嘉永豐52購02","21,000","3","65,310","3.14","3.14","3.09","3.12","X","0.00","3.02","10","3.12","10","281.00",
="082917","台光電永豐52購02","0","0","0","--","--","--","--"," ","0.00","3.30","31","3.40","10","1,250.00",
="082918","聯發科永豐5A購02","41,000","2","143,720","3.52","3.52","3.46","3.46","X","0.00","3.44","499","3.54","10","1,385.00",
="082919","德律永豐52購01","6,000","3","266,100","44.90","44.90","43.60","44.40","-","4.30","43.10","499","43.90","10","206.00",
="08291P","緯穎國票4B售05","0","0","0","--","--","--","--"," ","0.00","0.02","25","0.05","10","0.00",
="082920","威健永豐4C購01","0","0","0","--","--","--","--"," ","0.00","0.47","10","0.48","10","28.40",
="082921","健策永豐52購01","0","0","0","--","--","--","--"," ","0.00","2.84","499","2.93","10","1,905.00",
="082922","貿聯永豐52購02","12,000","3","109,650","8.50","9.65","8.50","9.65","+","0.95","9.15","499","9.25","10","981.00",
="082923","達興永豐4C購02","0","0","0","--","--","--","--"," ","0.00","5.05","499","--","0","387.00",
="082924","飛捷永豐4C購01","48,000","2","24,960","0.52","0.52","0.52","0.52","-","0.03","0.51","10","0.52","10","112.50",
="082925","保瑞永豐53購01","0","0","0","--","--","--","--"," ","0.00","1.47","499","1.50","10","733.00",
="082926","緯穎永豐4C購06","3,000","1","10,140","3.38","3.38","3.38","3.38","-","0.21","3.27","10","--","0","2,975.00",
="082928","緯穎永豐4C購07","0","0","0","--","--","--","--"," ","0.00","2.61","499","2.63","10","2,975.00",
="082929","台積電統一58購03","9,000","2","41,040","4.56","4.56","4.56","4.56","-","0.10","4.46","10","4.47","10","1,160.00",
="08292P","日本2X元大4A售02","0","0","0","--","--","--","--"," ","0.00","0.01","650","0.06","50","0.00",
="082930","所羅門統一56購02","305,000","15","368,850","1.20","1.23","1.13","1.13","-","0.08","1.11","10","1.12","10","162.00",
="082931","金像電統一56購01","2,000","1","4,820","2.41","2.41","2.41","2.41"," ","0.00","2.49","10","2.50","10","486.00",
="082932","台光電統一56購01","0","0","0","--","--","--","--"," ","0.00","1.60","10","1.61","10","1,250.00",
="082933","萬海統一56購01","45,000","1","15,750","0.35","0.35","0.35","0.35","X","0.00","0.33","10","0.34","10","84.10",
="082934","德律統一56購01","0","0","0","--","--","--","--"," ","0.00","1.48","10","1.50","10","206.00",
="082935","統一群益4C購01","23,000","1","14,720","0.64","0.64","0.64","0.64","X","0.00","0.70","100","0.71","100","77.70",
="082936","川湖群益4C購01","0","0","0","--","--","--","--"," ","0.00","--","0","6.20","10","2,925.00",
="082937","光寶科群益51購01","6,000","1","15,060","2.51","2.51","2.51","2.51","-","0.14","1.07","39","--","0","130.00",
="082938","台達電群益51購01","0","0","0","--","--","--","--"," ","0.00","--","0","11.60","10","709.00",
="082939","金像電群益51購03","0","0","0","--","--","--","--"," ","0.00","--","0","7.30","10","486.00",
="08293P","鴻海中信4C售03","0","0","0","--","--","--","--"," ","0.00","0.01","499","0.02","10","0.00",
="082940","技嘉群益4C購02","13,000","2","13,680","1.06","1.06","1.05","1.05","-","0.07","0.29","34","--","0","281.00",
="082941","技嘉群益4C購03","0","0","0","--","--","--","--"," ","0.00","0.12","15","--","0","281.00",
="082942","瑞昱群益4C購02","77,000","6","69,210","0.86","0.92","0.86","0.87","-","0.03","0.23","43","--","0","545.00",
="082943","漢唐群益4C購03","0","0","0","--","--","--","--"," ","0.00","--","0","16.60","10","1,190.00",
="082944","聯發科群益4C購08","31,000","4","59,530","1.86","2.00","1.86","1.91","-","0.10","0.37","27","--","0","1,385.00",
="082945","皇昌群益52購01","0","0","0","--","--","--","--"," ","0.00","0.71","10","0.81","10","83.50",
="082946","雄獅群益52購01","0","0","0","--","--","--","--"," ","0.00","0.05","200","--","0","159.00",
="082947","智原群益4C購05","78,000","5","59,280","0.76","0.76","0.76","0.76","X","0.00","0.74","100","0.75","100","158.00",
="082948","貿聯群益51購01","995,000","31","3,349,550","3.06","3.53","3.06","3.31","+","0.22","1.20","16","3.32","30","981.00",
="082949","達興群益4C購02","0","0","0","--","--","--","--"," ","0.00","--","0","--","0","387.00",
="08294P","台積電中信51售01","0","0","0","--","--","--","--"," ","0.00","0.17","499","0.18","100","0.00",
="082950","達興群益51購01","0","0","0","--","--","--","--"," ","0.00","4.57","10","4.69","10","387.00",
="082951","T50正2凱基51購07","0","0","0","--","--","--","--"," ","0.00","9.30","10","9.35","10","259.40",
="082952","日本反凱基52購01","0","0","0","--","--","--","--"," ","0.00","0.27","100","0.28","50","5.15",
="082953","香港2X凱基52購02","52,000","18","182,450","3.59","3.59","3.43","3.43","-","0.55","3.42","2","3.47","10","16.40",
="082954","道瓊反凱基54購01","0","0","0","--","--","--","--"," ","0.00","0.28","499","0.29","499","5.93",
="082955","亞力凱基4C購01","374,000","10","337,940","0.92","0.94","0.90","0.94","+","0.05","0.92","100","0.94","10","110.50",
="082956","川湖凱基4C購05","3,000","1","10,020","3.34","3.34","3.34","3.34","X","0.00","3.23","100","3.26","10","2,925.00",
="082957","鴻海凱基51購07","0","0","0","--","--","--","--"," ","0.00","4.16","100","4.19","10","206.00",
="082958","台積電凱基4C購39","0","0","0","--","--","--","--"," ","0.00","1.98","100","2.00","10","1,160.00",
="082959","台光電凱基51購02","13,000","3","157,600","12.20","12.20","11.20","11.20","-","1.50","11.80","10","12.00","10","1,250.00",
="08295P","緯創中信4A售03","0","0","0","--","--","--","--"," ","0.00","0.01","10","0.02","10","0.00",
="082960","日勝生凱基51購01","0","0","0","--","--","--","--"," ","0.00","0.23","10","0.24","10","11.15",
="082961","長榮凱基56購01","0","0","0","--","--","--","--"," ","0.00","0.59","100","0.60","10","188.00",
="082962","華航凱基4C購01","0","0","0","--","--","--","--"," ","0.00","0.23","10","0.24","10","21.25",
="082963","晟銘電凱基4C購03","213,000","24","600,330","3.01","3.23","2.53","2.57","-","0.08","2.47","100","2.51","10","133.00",
="082964","奇鋐凱基4C購04","0","0","0","--","--","--","--"," ","0.00","6.95","100","7.10","10","1,015.00",
="082965","華擎凱基4C購02","101,000","10","342,590","3.48","3.51","3.35","3.38","-","0.24","3.25","10","3.28","10","281.00",
="082966","嘉澤凱基4C購03","65,000","4","133,230","1.94","2.10","1.94","2.10","+","0.04","2.05","100","2.09","10","1,465.00",
="082967","世芯凱基51購08","0","0","0","--","--","--","--"," ","0.00","5.75","100","6.25","10","4,000.00",
="082968","貿聯凱基54購01","226,000","28","1,088,610","4.46","5.00","4.46","4.67","+","0.20","4.70","10","4.80","10","981.00",
="082969","中租凱基4C購01","100,000","5","69,200","0.67","0.70","0.67","0.70","-","0.08","0.66","100","0.68","10","115.50",
="08296P","臺股指中信4B售09","0","0","0","--","--","--","--"," ","0.00","--","0","0.02","10","0.00",
="082970","保瑞凱基54購01","0","0","0","--","--","--","--"," ","0.00","1.27","100","1.28","10","733.00",
="082971","緯穎凱基4C購06","0","0","0","--","--","--","--"," ","0.00","3.91","100","3.97","10","2,975.00",
="082972","力積電凱基4C購02","176,000","9","196,750","1.08","1.16","1.08","1.10","+","0.01","1.14","100","1.16","10","16.05",
="082973","臺股指凱基51購15","0","0","0","--","--","--","--"," ","0.00","3.08","10","3.09","10","0.00",
="082974","電子類凱基51購02","0","0","0","--","--","--","--"," ","0.00","4.45","10","4.47","10","0.00",
="082975","台光電台新4C購01","0","0","0","--","--","--","--"," ","0.00","7.95","20","--","0","0.00",
="082976","上証2X元大52購01","0","0","0","--","--","--","--"," ","0.00","3.02","100","3.08","10","45.30",
="082977","SGBR2X元大51購02","2,000","1","2,080","1.04","1.04","1.04","1.04","+","0.01","1.03","252","1.04","100","11.25",
="082978","台泥元大4C購01","0","0","0","--","--","--","--"," ","0.00","0.18","499","0.19","10","22.80",
="082979","中鋼元大4C購01","0","0","0","--","--","--","--"," ","0.00","0.77","499","0.79","10","20.15",
="08297P","臺股指永豐4A售09","0","0","0","--","--","--","--"," ","0.00","0.03","499","0.04","10","0.00",
="082980","金像電元大4C購07","0","0","0","--","--","--","--"," ","0.00","7.00","100","7.10","10","486.00",
="082981","金像電元大51購02","4,000","1","24,600","6.15","6.15","6.15","6.15"," ","0.00","6.35","100","6.45","10","486.00",
="082982","技嘉元大4C購01","50,000","1","28,500","0.57","0.57","0.57","0.57","-","0.03","0.54","25","0.55","10","281.00",
="082983","技嘉元大4C購02","0","0","0","--","--","--","--"," ","0.00","0.64","499","0.65","10","281.00",
="082984","台光電元大4C購09","0","0","0","--","--","--","--"," ","0.00","2.49","1","--","0","1,250.00",
="082985","台光電元大51購02","16,000","3","63,590","3.99","3.99","3.94","3.94","-","0.06","2.14","23","--","0","1,250.00",
="082986","漢唐元大4C購01","0","0","0","--","--","--","--"," ","0.00","17.00","10","--","0","1,190.00",
="082987","萬海元大4C購16","0","0","0","--","--","--","--"," ","0.00","0.18","499","0.19","10","84.10",
="082988","聯鈞元大4C購03","218,000","16","237,420","1.17","1.17","1.05","1.05","-","0.13","1.04","504","1.05","10","202.00",
="082989","嘉澤元大4C購05","0","0","0","--","--","--","--"," ","0.00","0.80","499","0.83","10","1,465.00",
="08298P","中鋼群益4C售03","300,000","1","261,000","0.87","0.87","0.87","0.87","+","0.03","0.36","27","--","0","0.00",
="082990","貿聯元大4C購02","116,000","5","309,460","2.57","2.70","2.57","2.63","+","0.33","2.53","300","2.57","10","981.00",
="082991","神達元大4C購06","0","0","0","--","--","--","--"," ","0.00","7.30","100","7.40","10","95.90",
="082992","上緯控元大4C購01","0","0","0","--","--","--","--"," ","0.00","4.02","200","5.30","5","131.00",
="082993","瀚宇博元大4C購02","21,000","3","72,440","3.51","3.51","3.32","3.32","+","1.00","3.01","250","3.05","10","81.70",
="082994","力成元大4C購01","30,000","3","22,250","0.74","0.75","0.74","0.74"," ","0.00","0.71","25","0.73","10","118.50",
="082995","保瑞元大4C購05","82,000","6","65,890","0.81","0.83","0.80","0.83","-","0.02","0.81","499","0.82","10","733.00",
="082996","保瑞元大54購03","185,000","5","169,450","0.89","0.92","0.89","0.92","-","0.03","0.89","549","0.90","10","733.00",
="082997","穎崴元大4C購05","573,000","14","309,820","0.59","0.59","0.51","0.51","-","0.09","0.09","111","--","0","1,250.00",
="082998","緯穎元大4C購13","5,000","1","6,600","1.32","1.32","1.32","1.32","+","0.03","1.23","25","1.26","10","2,975.00",
="082999","技嘉國票51購01","0","0","0","--","--","--","--"," ","0.00","1.29","25","1.30","10","281.00",
="08299P","鴻海群益4C售03","0","0","0","--","--","--","--"," ","0.00","--","0","0.10","10","0.00",
="083000","台光電國票51購02","6,000","5","80,100","13.90","13.90","13.00","13.40"," ","0.00","13.50","25","13.80","10","1,250.00",
="083001","正崴國票51購01","0","0","0","--","--","--","--"," ","0.00","0.92","25","0.93","10","48.40",
="083002","南亞科國票51購02","0","0","0","--","--","--","--"," ","0.00","1.15","25","1.16","10","46.65",
="083003","長榮國票51購04","0","0","0","--","--","--","--"," ","0.00","0.40","25","0.41","10","188.00",
="083004","富邦金國票4C購04","0","0","0","--","--","--","--"," ","0.00","0.69","25","0.70","10","85.20",
="083005","大立光國票51購02","314,000","4","197,470","0.63","0.64","0.62","0.64","-","0.04","0.63","25","0.65","10","2,395.00",
="083006","欣興國票52購02","0","0","0","--","--","--","--"," ","0.00","3.38","25","3.45","10","150.00",
="083007","健鼎國票51購01","0","0","0","--","--","--","--"," ","0.00","7.60","25","7.80","10","318.00",
="083008","景碩國票51購01","0","0","0","--","--","--","--"," ","0.00","7.10","25","7.25","10","113.50",
="083009","新日興國票4C購01","23,000","3","100,660","4.32","4.42","4.32","4.42","+","0.57","4.37","25","4.48","10","259.00",
="08300P","華邦電群益51售01","0","0","0","--","--","--","--"," ","0.00","0.08","100","0.09","100","0.00",
="083010","融程電國票4C購01","13,000","5","42,300","3.28","3.31","3.20","3.20","X","0.00","2.91","25","2.98","10","189.00",
="083011","聯鈞國票51購02","111,000","6","207,160","1.93","1.93","1.76","1.76","-","0.27","1.76","25","1.77","10","202.00",
="083012","貿聯國票51購02","2,000","2","23,100","11.00","12.10","11.00","12.10","+","1.60","11.20","25","11.40","10","981.00",
="083013","日月光國票51購01","0","0","0","--","--","--","--"," ","0.00","0.95","25","0.96","10","147.50",
="083014","承業醫國票4C購01","38,000","7","56,090","1.36","1.61","1.36","1.61","+","0.51","1.60","25","1.61","9","51.70",
="083015","材料國票51購02","15,000","1","3,000","0.20","0.20","0.20","0.20","X","0.00","0.19","25","0.20","10","67.70",
="083016","中租國票52購01","0","0","0","--","--","--","--"," ","0.00","0.63","25","0.65","10","115.50",
="083017","富世達國票51購01","0","0","0","--","--","--","--"," ","0.00","16.20","25","16.70","10","1,145.00",
="083018","天虹國票4C購01","60,000","4","80,680","1.36","1.36","1.34","1.35","-","0.02","1.33","25","1.36","10","208.50",
="083019","羅昇國票52購01","25,000","2","27,750","1.11","1.11","1.11","1.11","+","0.02","1.05","25","1.06","10","114.50",
="08301P","南亞科群益54售01","0","0","0","--","--","--","--"," ","0.00","0.44","100","0.45","100","0.00",
="083020","臺股指國票51購06","42,000","7","197,370","4.92","4.92","4.50","4.66","-","0.39","4.54","499","4.55","399","0.00",
="083021","技嘉國泰51購01","25,000","1","38,750","1.55","1.55","1.55","1.55","-","0.04","1.47","499","1.48","460","281.00",
="083022","智原國泰51購02","77,000","1","66,990","0.87","0.87","0.87","0.87","+","0.01","0.90","499","0.91","499","158.00",
="083023","材料國泰51購02","0","0","0","--","--","--","--"," ","0.00","0.24","499","0.25","100","67.70",
="083024","緯穎國泰51購01","0","0","0","--","--","--","--"," ","0.00","2.94","499","2.98","100","2,975.00",
="083025","富世達國泰51購02","0","0","0","--","--","--","--"," ","0.00","9.30","499","--","0","1,145.00",
="083026","元日2X富邦53購01","0","0","0","--","--","--","--"," ","0.00","0.19","100","0.20","100","0.00",
="083027","中興電富邦4C購02","127,000","10","138,760","1.10","1.11","1.08","1.11","+","0.09","1.10","30","1.12","10","0.00",
="083028","川湖富邦51購01","202,000","5","402,190","1.95","2.03","1.95","1.98","+","0.02","1.95","10","1.97","10","0.00",
="083029","金像電富邦51購01","0","0","0","--","--","--","--"," ","0.00","4.41","10","4.45","10","0.00",
="08302P","陽明群益4C售05","0","0","0","--","--","--","--"," ","0.00","0.69","10","0.79","10","0.00",
="083030","台光電富邦4C購03","0","0","0","--","--","--","--"," ","0.00","4.79","10","4.88","10","0.00",
="083031","萬海富邦4C購02","0","0","0","--","--","--","--"," ","0.00","0.12","10","0.13","10","0.00",
="083032","聯發科第一56購01","168,000","3","145,650","0.86","0.87","0.86","0.87","-","0.02","0.86","10","0.87","10","0.00",
="083033","上証2X凱基52購01","13,000","5","62,140","4.73","4.95","4.67","4.67","-","0.83","4.66","100","4.67","48","45.30",
="083034","A50凱基4C購01","5,000","1","10,750","2.15","2.15","2.15","2.15","-","0.27","2.04","10","2.05","50","24.50",
="083035","元石油凱基4C購01","38,000","1","61,180","1.61","1.61","1.61","1.61","+","0.02","1.60","100","1.61","10","16.26",
="083036","台泥凱基4C購01","0","0","0","--","--","--","--"," ","0.00","0.18","100","0.19","30","22.80",
="083037","台積電凱基4C購40","0","0","0","--","--","--","--"," ","0.00","3.31","100","3.36","10","1,160.00",
="083038","金像電凱基51購01","0","0","0","--","--","--","--"," ","0.00","8.80","10","9.30","10","486.00",
="083039","瑞昱凱基4C購02","507,000","7","266,530","0.53","0.55","0.51","0.51","-","0.05","0.51","100","0.52","10","545.00",
="08303P","中信金群益54售01","0","0","0","--","--","--","--"," ","0.00","0.17","30","--","0","0.00",
="083040","正崴凱基4C購01","0","0","0","--","--","--","--"," ","0.00","0.33","10","0.34","50","48.40",
="083041","漢唐凱基51購02","0","0","0","--","--","--","--"," ","0.00","23.50","10","24.50","10","1,190.00",
="083042","聯發科凱基54購02","3,000","3","4,110","1.37","1.37","1.37","1.37","-","0.07","1.34","100","1.35","10","1,385.00",
="083043","富邦金凱基4C購01","0","0","0","--","--","--","--"," ","0.00","0.37","100","0.47","10","85.20",
="083044","國泰金凱基4C購03","0","0","0","--","--","--","--"," ","0.00","0.23","100","0.24","30","62.30",
="083045","智原凱基4C購05","0","0","0","--","--","--","--"," ","0.00","0.48","499","0.49","40","158.00",
="083046","世芯凱基56購01","4,000","2","17,790","4.49","4.49","4.32","4.32","-","0.13","4.27","100","4.30","10","4,000.00",
="083047","瀚宇博凱基4C購01","7,000","1","39,200","5.60","5.60","5.60","5.60","+","1.37","5.00","100","5.50","10","81.70",
="083048","川湖元富54購01","1,000","1","1,430","1.43","1.43","1.43","1.43","+","0.01","1.43","25","1.44","25","2,925.00",
="083049","華通元富51購01","0","0","0","--","--","--","--"," ","0.00","4.98","25","5.40","25","79.30",
="08304P","國企2X凱基4A售07","0","0","0","--","--","--","--"," ","0.00","0.08","100","0.09","50","0.00",
="083050","華通元富51購02","0","0","0","--","--","--","--"," ","0.00","3.56","25","3.61","25","79.30",
="083051","金像電元富4C購03","0","0","0","--","--","--","--"," ","0.00","6.40","25","6.90","25","486.00",
="083052","金像電元富4C購04","0","0","0","--","--","--","--"," ","0.00","7.70","25","8.20","25","486.00",
="083053","技嘉元富51購02","73,000","4","139,430","1.91","1.91","1.91","1.91","-","0.01","1.82","25","1.92","10","281.00",
="083054","技嘉元富51購03","0","0","0","--","--","--","--"," ","0.00","0.97","25","1.07","10","281.00",
="083055","台光電元富51購01","0","0","0","--","--","--","--"," ","0.00","4.43","25","4.53","10","1,250.00",
="083056","台光電元富51購02","0","0","0","--","--","--","--"," ","0.00","4.87","25","--","0","1,250.00",
="083057","正崴元富51購01","22,000","2","18,600","0.84","0.85","0.84","0.85","X","0.00","0.83","25","0.84","25","48.40",
="083058","正崴元富51購02","0","0","0","--","--","--","--"," ","0.00","0.43","25","0.44","25","48.40",
="08305P","聯電凱基4A售03","17,000","3","10,370","0.61","0.61","0.61","0.61","+","0.02","0.61","10","0.62","10","0.00",
="083060","晶豪科元富51購01","207,000","7","359,960","1.73","1.75","1.68","1.68","-","0.01","1.68","25","1.69","25","57.40",
="083061","晶豪科元富51購02","111,000","5","119,000","1.07","1.08","1.04","1.04","-","0.02","1.05","25","1.06","25","57.40",
="083062","奇鋐元富54購03","0","0","0","--","--","--","--"," ","0.00","6.15","25","6.25","25","1,015.00",
="083063","智原元富51購02","83,000","4","97,870","1.17","1.20","1.15","1.20","+","0.04","1.17","25","1.18","25","158.00",
="083064","智原元富51購03","0","0","0","--","--","--","--"," ","0.00","0.65","25","0.67","25","158.00",
="083065","材料元富53購05","0","0","0","--","--","--","--"," ","0.00","0.32","25","0.33","25","67.70",
="083066","啟碁元富56購01","45,000","6","80,600","1.80","1.80","1.78","1.78","-","0.08","1.75","5","1.83","10","127.00",
="083067","緯穎元富51購05","0","0","0","--","--","--","--"," ","0.00","1.99","25","2.01","25","2,975.00",
="083068","虎航元富55購01","5,000","1","2,200","0.44","0.44","0.44","0.44","X","0.00","0.44","25","0.45","25","82.60",
="083069","AES元富54購02","508,000","14","844,350","1.55","1.72","1.55","1.70","+","0.11","1.67","25","1.77","25","1,350.00",
="08306P","台積電凱基4A售50","0","0","0","--","--","--","--"," ","0.00","0.01","100","0.11","10","0.00",
="083070","ITH元富52購01","0","0","0","--","--","--","--"," ","0.00","0.29","25","0.30","25","45.10",
="083071","世紀鋼元富56購01","29,000","1","69,890","2.41","2.41","2.41","2.41","-","0.11","2.35","25","2.37","25","188.00",
="083072","美時兆豐53購01","0","0","0","--","--","--","--"," ","0.00","0.32","10","0.33","10","193.50",
="083073","台達電兆豐4C購01","0","0","0","--","--","--","--"," ","0.00","--","0","--","0","709.00",
="083074","技嘉兆豐51購01","156,000","6","137,280","0.88","0.88","0.88","0.88","-","0.07","0.86","10","0.87","10","281.00",
="083075","奇鋐兆豐4C購01","0","0","0","--","--","--","--"," ","0.00","3.62","10","3.63","10","1,015.00",
="083076","新唐兆豐56購01","188,000","2","117,160","0.62","0.65","0.62","0.65","+","0.05","0.63","10","0.64","10","61.70",
="083077","中磊兆豐56購01","325,000","5","371,330","1.14","1.15","1.14","1.14","-","0.02","1.11","10","1.12","10","105.50",
="083078","美時統一5C購01","0","0","0","--","--","--","--"," ","0.00","0.43","10","0.44","10","193.50",
="083079","一詮統一56購02","92,000","6","91,550","1.00","1.01","0.99","0.99","-","0.01","0.98","10","--","0","80.20",
="08307P","長榮凱基4A售07","0","0","0","--","--","--","--"," ","0.00","0.53","10","0.54","10","0.00",
="083080","萬海統一56購02","0","0","0","--","--","--","--"," ","0.00","0.21","10","0.22","10","84.10",
="083081","群創統一56購01","2,105,000","58","1,752,340","0.77","0.92","0.74","0.89","+","0.20","0.87","10","0.88","10","14.15",
="083082","台達電永豐51購01","0","0","0","--","--","--","--"," ","0.00","16.40","499","17.40","10","709.00",
="083083","台積電永豐56購03","0","0","0","--","--","--","--"," ","0.00","15.40","10","16.40","10","1,160.00",
="083084","金像電永豐51購04","0","0","0","--","--","--","--"," ","0.00","11.90","499","12.40","10","486.00",
="083085","正崴永豐4C購02","100,000","1","34,000","0.34","0.34","0.34","0.34","X","0.00","0.33","10","0.34","10","48.40",
="083086","南亞科永豐52購01","0","0","0","--","--","--","--"," ","0.00","1.42","499","1.43","10","46.65",
="083087","南亞科永豐52購02","432,000","7","215,560","0.52","0.52","0.48","0.48","-","0.05","0.45","10","0.47","10","46.65",
="083088","長榮永豐56購01","0","0","0","--","--","--","--"," ","0.00","1.36","499","1.37","10","188.00",
="083089","健鼎永豐4C購01","0","0","0","--","--","--","--"," ","0.00","10.70","499","10.80","10","318.00",
="08308P","大立光凱基4B售03","0","0","0","--","--","--","--"," ","0.00","0.16","10","0.17","50","0.00",
="083090","創意永豐54購01","6,000","1","9,420","1.57","1.57","1.57","1.57","+","0.05","0.74","43","--","0","1,350.00",
="083091","同欣電永豐52購01","28,000","4","343,800","13.20","13.20","11.80","12.20","-","1.50","12.00","9","12.40","10","112.50",
="083092","愛普永豐52購01","37,000","6","271,850","7.15","7.45","7.15","7.45"," ","0.00","7.45","499","7.50","10","305.50",
="083093","富世達永豐52購01","0","0","0","--","--","--","--"," ","0.00","31.90","499","--","0","1,145.00",
="083094","中興電群益4C購03","110,000","4","114,400","1.03","1.05","1.03","1.04","+","0.08","1.04","100","1.06","100","167.00",
="083095","亞力群益4C購02","216,000","9","185,420","0.87","0.88","0.83","0.86","+","0.05","0.25","40","--","0","110.50",
="083096","上銀群益4C購05","1,000","1","920","0.92","0.92","0.92","0.92","X","0.00","0.82","10","0.92","10","215.50",
="083097","川湖群益4C購02","0","0","0","--","--","--","--"," ","0.00","3.91","2","7.75","10","2,925.00",
="083098","台積電凱基4A購04","10,000","1","41,900","4.19","4.19","4.19","4.19","-","0.29","4.00","25","4.10","10","1,160.00",
="083099","台積電群益4C購16","0","0","0","--","--","--","--"," ","0.00","--","0","--","0","1,160.00",
="08309P","臺股指凱基4A售31","0","0","0","--","--","--","--"," ","0.00","0.01","100","0.02","10","0.00",
="083100","鴻準群益4C購04","0","0","0","--","--","--","--"," ","0.00","1.56","10","1.66","10","71.70",
="083101","台光電群益4C購03","38,000","2","169,620","4.47","4.47","4.41","4.41","-","0.05","2.59","3","--","0","1,250.00",
="083102","南亞科群益51購06","0","0","0","--","--","--","--"," ","0.00","0.32","100","0.33","100","46.65",
="083103","長榮群益4C購05","122,000","4","124,570","1.15","1.15","1.02","1.02","-","0.05","1.03","10","1.13","10","188.00",
="083104","大立光群益4C購04","0","0","0","--","--","--","--"," ","0.00","0.41","10","0.51","10","2,395.00",
="083105","奇鋐群益51購03","0","0","0","--","--","--","--"," ","0.00","0.98","30","--","0","1,015.00",
="083106","智原群益4C購06","77,000","3","43,510","0.56","0.58","0.55","0.55","X","0.00","0.55","100","0.56","100","158.00",
="083107","嘉澤群益4C購02","367,000","14","435,780","1.11","1.28","1.11","1.26","+","0.02","1.24","10","--","0","1,465.00",
="083108","健策群益4C購01","0","0","0","--","--","--","--"," ","0.00","3.37","10","--","0","1,905.00",
="083109","健策群益52購05","278,000","18","764,750","2.77","2.92","2.60","2.89","-","0.21","2.88","10","2.98","10","1,905.00",
="08310P","喬山國票4B售02","0","0","0","--","--","--","--"," ","0.00","0.43","25","0.45","10","0.00",
="083110","世芯群益4C購12","0","0","0","--","--","--","--"," ","0.00","--","0","4.03","10","4,000.00",
="083111","貿聯群益4C購04","0","0","0","--","--","--","--"," ","0.00","--","0","7.35","10","981.00",
="083112","材料群益56購01","0","0","0","--","--","--","--"," ","0.00","0.31","10","0.41","10","67.70",
="083113","緯穎群益4C購03","0","0","0","--","--","--","--"," ","0.00","1.38","10","1.48","10","2,975.00",
="083114","力積電群益4C購02","31,000","1","24,800","0.80","0.80","0.80","0.80","X","0.00","0.81","100","0.83","100","16.05",
="083115","富世達群益52購01","0","0","0","--","--","--","--"," ","0.00","--","0","--","0","1,145.00",
="083116","臺股指群益4C購08","0","0","0","--","--","--","--"," ","0.00","3.79","499","3.80","499","0.00",
="083117","臺股指群益4C購09","0","0","0","--","--","--","--"," ","0.00","3.64","499","3.65","499","0.00",
="083118","臺股指群益4C購10","0","0","0","--","--","--","--"," ","0.00","4.91","499","4.92","499","0.00",
="083119","士電元大4C購03","105,000","6","108,130","1.07","1.07","0.99","1.00","+","0.08","0.99","499","1.01","10","187.50",
="08311P","光寶科國票4B售01","0","0","0","--","--","--","--"," ","0.00","--","0","0.05","30","0.00",
="083120","直得元大4C購01","4,000","1","1,920","0.48","0.48","0.48","0.48","+","0.01","0.46","499","0.47","10","89.20",
="083121","台積電元大4C購24","0","0","0","--","--","--","--"," ","0.00","0.22","45","--","0","1,160.00",
="083122","金像電元大4C購08","0","0","0","--","--","--","--"," ","0.00","5.75","150","5.80","10","486.00",
="083124","台光電元大4C購12","0","0","0","--","--","--","--"," ","0.00","2.12","1","--","0","1,250.00",
="083125","京元電元大4C購05","136,000","5","360,340","2.54","2.79","2.54","2.67","+","0.07","2.62","300","2.69","10","142.00",
="083126","萬海元大4C購17","0","0","0","--","--","--","--"," ","0.00","0.16","499","0.17","10","84.10",
="083127","緯創元大4C購06","0","0","0","--","--","--","--"," ","0.00","0.25","499","--","0","115.00",
="083128","嘉澤元大4C購06","0","0","0","--","--","--","--"," ","0.00","1.00","499","1.03","10","1,465.00",
="083129","貿聯元大4C購03","241,000","21","914,430","3.42","3.98","3.42","3.95","+","0.44","3.69","200","3.74","10","981.00",
="08312P","鴻海國票4B售05","0","0","0","--","--","--","--"," ","0.00","0.02","25","0.05","10","0.00",
="083130","神達元大4C購07","114,000","13","649,250","5.75","6.05","5.50","5.75","+","0.94","5.75","150","5.85","10","95.90",
="083131","大銀元大4C購02","640,000","3","288,800","0.44","0.47","0.44","0.44","-","0.06","0.43","499","0.44","10","126.00",
="083132","材料元大4C購08","0","0","0","--","--","--","--"," ","0.00","0.08","499","0.09","10","67.70",
="083133","材料元大51購16","0","0","0","--","--","--","--"," ","0.00","0.07","499","0.08","10","67.70",
="083134","材料元大52購03","0","0","0","--","--","--","--"," ","0.00","0.17","499","0.18","10","67.70",
="083135","聯茂元大4C購03","0","0","0","--","--","--","--"," ","0.00","3.66","25","--","0","125.00",
="083136","緯穎元大4C購14","299,000","5","313,050","1.05","1.08","1.02","1.02","-","0.04","1.01","25","1.03","10","2,975.00",
="083137","世紀鋼元大55購01","181,000","6","156,070","0.88","0.88","0.85","0.85","-","0.06","0.83","499","0.84","10","188.00",
="083139","中興電凱基4C購02","264,000","18","291,920","1.06","1.13","1.06","1.12","+","0.09","1.12","90","1.14","10","167.00",
="08313P","金像電國票4B售02","0","0","0","--","--","--","--"," ","0.00","--","0","0.02","100","0.00",
="083140","國巨凱基52購01","24,000","3","51,160","2.20","2.20","2.05","2.05","-","0.03","2.07","100","2.11","10","137.00",
="083141","華泰凱基51購01","549,000","14","1,348,590","2.16","2.64","2.16","2.35","+","0.05","2.37","100","2.47","10","44.70",
="083142","台積電凱基4C購41","0","0","0","--","--","--","--"," ","0.00","1.74","100","1.76","10","1,160.00",
="083143","鴻準凱基51購01","0","0","0","--","--","--","--"," ","0.00","1.76","100","1.78","10","71.70",
="083144","南亞科凱基51購04","0","0","0","--","--","--","--"," ","0.00","0.43","100","0.44","30","46.65",
="083145","國泰金凱基4C購05","0","0","0","--","--","--","--"," ","0.00","0.80","100","0.81","10","62.30",
="083146","德律凱基51購01","0","0","0","--","--","--","--"," ","0.00","5.55","50","6.05","10","206.00",
="083147","健鼎凱基51購01","0","0","0","--","--","--","--"," ","0.00","8.20","10","8.70","10","318.00",
="083148","嘉澤凱基4C購04","53,000","2","30,740","0.58","0.58","0.58","0.58","-","0.01","0.64","100","0.65","10","1,465.00",
="08314P","威盛國票4B售01","0","0","0","--","--","--","--"," ","0.00","0.19","25","0.20","10","0.00",
="083150","貿聯凱基4C購03","73,000","13","424,900","5.40","6.00","5.40","6.00","+","0.85","5.55","10","6.05","10","981.00",
="083153","奇鋐統一49購01","0","0","0","--","--","--","--"," ","0.00","1.18","10","1.25","10","1,015.00",
="083154","日月光凱基4C購02","0","0","0","--","--","--","--"," ","0.00","1.03","100","1.05","10","147.50",
="083155","迅得凱基4C購02","205,000","15","297,550","1.42","1.51","1.35","1.46","+","0.13","1.44","100","1.46","10","193.50",
="083156","緯穎凱基4C購07","0","0","0","--","--","--","--"," ","0.00","2.22","100","2.24","10","2,975.00",
="083157","世紀鋼凱基55購02","0","0","0","--","--","--","--"," ","0.00","0.64","100","0.65","10","188.00",
="083158","新日興統一49購01","0","0","0","--","--","--","--"," ","0.00","0.02","10","0.10","120","259.00",
="083159","南亞科中信4C購02","0","0","0","--","--","--","--"," ","0.00","0.29","10","0.30","10","0.00",
="08315P","裕民國票4B售01","0","0","0","--","--","--","--"," ","0.00","0.03","25","0.05","10","0.00",
="083160","南亞科中信52購01","260,000","9","46,850","0.18","0.19","0.18","0.18","-","0.03","0.17","100","0.18","10","0.00",
="083161","台泥永豐4C購02","0","0","0","--","--","--","--"," ","0.00","0.25","499","0.27","10","22.80",
="083162","金像電永豐52購03","0","0","0","--","--","--","--"," ","0.00","5.50","499","5.70","10","486.00",
="083163","微星永豐4C購01","223,000","8","191,340","0.84","0.89","0.84","0.86","-","0.04","0.86","10","0.88","10","136.50",
="083165","萬海永豐56購01","0","0","0","--","--","--","--"," ","0.00","0.39","499","0.40","10","84.10",
="083166","緯創永豐56購01","23,000","3","33,970","1.45","1.50","1.45","1.48"," ","0.00","1.45","499","1.48","10","115.00",
="08316P","大立光國票4B售06","0","0","0","--","--","--","--"," ","0.00","0.01","524","0.06","12","0.00",
="083170","力成永豐52購01","230,000","3","187,700","0.79","0.82","0.79","0.82","X","0.00","0.78","10","0.79","10","118.50",
="083171","川湖台新4C購01","0","0","0","--","--","--","--"," ","0.00","3.84","20","3.85","10","0.00",
="083172","緯創台新4C購01","27,000","2","156,600","5.80","5.80","5.80","5.80","-","0.05","5.80","10","5.95","10","0.00",
="083173","美時統一56購01","0","0","0","--","--","--","--"," ","0.00","0.48","10","0.49","10","193.50",
="083174","台達電統一56購01","0","0","0","--","--","--","--"," ","0.00","3.34","10","3.37","10","709.00",
="083175","華通統一56購01","458,000","30","661,780","1.33","1.51","1.33","1.40","+","0.06","1.39","10","1.40","10","79.30",
="083176","國巨統一56購01","476,000","22","352,980","0.75","0.76","0.72","0.73"," ","0.00","0.72","30","0.73","10","137.00",
="083177","國巨統一56購02","339,000","12","326,650","0.98","0.99","0.94","0.95"," ","0.00","0.95","10","0.96","10","137.00",
="083178","華泰統一5C購01","26,000","2","17,940","0.69","0.69","0.69","0.69","X","0.00","0.67","10","0.68","10","44.70",
="083179","東哥統一49購01","0","0","0","--","--","--","--"," ","0.00","--","0","--","0","198.00",
="08317P","緯創國票4B售02","0","0","0","--","--","--","--"," ","0.00","0.26","25","0.27","10","0.00",
="083180","順德統一56購01","233,000","6","277,020","1.20","1.20","1.17","1.18","-","0.01","1.19","10","1.20","10","88.20",
="083181","燿華統一56購01","851,000","49","1,059,820","1.24","1.27","1.20","1.23","+","0.01","1.23","10","1.24","10","31.45",
="083182","台光電統一56購02","70,000","6","154,240","2.22","2.22","2.14","2.14","-","0.08","2.11","10","2.12","10","1,250.00",
="083183","正崴統一56購01","0","0","0","--","--","--","--"," ","0.00","0.42","10","0.43","10","48.40",
="083184","南亞科統一54購01","0","0","0","--","--","--","--"," ","0.00","0.45","10","0.46","10","46.65",
="083185","南亞科統一56購02","0","0","0","--","--","--","--"," ","0.00","0.59","116","0.60","66","46.65",
="083186","南亞科統一56購03","20,000","2","9,400","0.47","0.47","0.47","0.47","X","0.00","0.47","10","--","0","46.65",
="083187","南亞科統一56購04","0","0","0","--","--","--","--"," ","0.00","0.40","10","0.41","10","46.65",
="083188","南亞科統一56購05","30,000","1","12,900","0.43","0.43","0.43","0.43","X","0.00","0.42","10","0.43","10","46.65",
="083189","南亞科統一59購02","70,000","3","25,200","0.36","0.36","0.36","0.36","-","0.02","0.35","40","0.36","10","46.65",
="08318P","大銀國票4B售02","0","0","0","--","--","--","--"," ","0.00","0.05","25","0.06","10","0.00",
="083190","南亞科統一5C購01","0","0","0","--","--","--","--"," ","0.00","0.56","10","0.57","10","46.65",
="083191","聯發科統一56購03","66,000","2","51,480","0.78","0.78","0.78","0.78","X","0.00","0.75","499","0.76","499","1,385.00",
="083192","晶豪科統一5C購01","0","0","0","--","--","--","--"," ","0.00","0.69","10","0.70","10","57.40",
="083193","德律統一56購02","1,000","1","1,580","1.58","1.58","1.58","1.58","X","0.00","1.57","10","1.58","10","206.00",
="083194","智原統一56購04","255,000","2","100,000","0.39","0.40","0.39","0.40","+","0.01","0.39","10","0.40","10","158.00",
="083195","創意統一56購02","529,000","10","478,350","0.89","0.92","0.88","0.88","+","0.01","0.91","10","0.92","10","1,350.00",
="083196","嘉澤統一56購01","212,000","6","176,820","0.83","0.85","0.81","0.85"," ","0.00","0.85","10","0.86","10","1,465.00",
="083197","日月光統一56購01","141,000","5","115,700","0.82","0.83","0.82","0.82","-","0.04","0.80","10","0.81","10","147.50",
="083198","定穎控統一56購01","0","0","0","--","--","--","--"," ","0.00","3.10","10","3.19","10","106.00",
="083199","大銀統一56購01","46,000","1","29,900","0.65","0.65","0.65","0.65","-","0.04","0.61","10","0.62","10","126.00",
="08319P","矽力國票4B售01","15,000","1","14,250","0.95","0.95","0.95","0.95","X","0.00","1.01","25","1.02","10","0.00",
="083200","大銀統一59購01","0","0","0","--","--","--","--"," ","0.00","0.51","10","0.52","10","126.00",
="083201","中租統一56購01","0","0","0","--","--","--","--"," ","0.00","0.47","20","0.48","10","115.50",
="083202","天虹統一57購01","276,000","6","243,400","0.88","0.89","0.86","0.86","-","0.03","0.86","10","0.87","10","208.50",
="083203","T50正2群益4C購04","0","0","0","--","--","--","--"," ","0.00","5.90","25","5.95","10","259.40",
="083204","上証2X群益52購02","0","0","0","--","--","--","--"," ","0.00","2.97","10","3.07","10","45.30",
="083205","滬深2X群益4C購04","0","0","0","--","--","--","--"," ","0.00","0.37","2","--","0","18.32",
="083206","台泥群益52購01","0","0","0","--","--","--","--"," ","0.00","0.41","100","0.42","100","22.80",
="083207","中砂群益51購01","115,000","4","171,990","1.48","1.51","1.48","1.49","+","0.17","0.49","102","--","0","347.00",
="083208","金像電群益4C購04","0","0","0","--","--","--","--"," ","0.00","--","0","6.70","10","486.00",
="083209","台光電群益4C購04","0","0","0","--","--","--","--"," ","0.00","--","0","7.05","10","1,250.00",
="08320P","電子類國票4C售04","75,000","2","11,400","0.15","0.16","0.15","0.16","X","0.00","0.15","502","0.16","485","0.00",
="083210","正崴群益4C購01","0","0","0","--","--","--","--"," ","0.00","0.45","10","0.55","10","48.40",
="083211","友達群益51購01","81,000","2","44,550","0.55","0.55","0.55","0.55","X","0.00","--","0","--","0","13.05",
="083212","盟立群益4C購02","334,000","23","514,020","1.41","1.61","1.40","1.48","+","0.07","1.46","10","1.48","3","70.00",
="083213","富邦金群益4C購04","0","0","0","--","--","--","--"," ","0.00","0.05","62","--","0","85.20",
="083214","國泰金群益4C購02","0","0","0","--","--","--","--"," ","0.00","0.53","100","0.54","100","62.30",
="083215","智原群益4C購07","0","0","0","--","--","--","--"," ","0.00","0.48","100","0.49","100","158.00",
="083216","嘉澤群益4C購03","498,000","15","532,910","1.03","1.16","0.99","1.13","-","0.04","0.36","138","--","0","1,465.00",
="083217","jpp群益4C購01","2,000","2","7,990","3.95","4.04","3.95","4.04","+","0.31","2.14","4","4.21","10","276.00",
="083218","jpp群益51購01","0","0","0","--","--","--","--"," ","0.00","1.80","5","5.00","10","276.00",
="083219","邁達特群益4C購01","0","0","0","--","--","--","--"," ","0.00","0.90","10","1.00","10","55.50",
="08321P","電子類國票4C售05","0","0","0","--","--","--","--"," ","0.00","0.09","499","0.10","499","0.00",
="083220","亞翔群益4C購01","0","0","0","--","--","--","--"," ","0.00","2.17","10","2.27","10","349.50",
="083221","聯茂群益4C購01","0","0","0","--","--","--","--"," ","0.00","--","0","--","0","125.00",
="083222","穎崴群益4C購03","156,000","6","267,820","1.74","1.97","1.64","1.97","+","0.06","1.86","5","4.00","18","1,250.00",
="083223","愛普群益51購02","4,000","2","5,720","1.34","1.46","1.34","1.46","+","0.07","1.42","100","1.43","100","305.50",
="083224","AES群益56購01","0","0","0","--","--","--","--"," ","0.00","--","0","1.39","10","1,350.00",
="083225","富世達群益51購02","0","0","0","--","--","--","--"," ","0.00","--","0","--","0","1,145.00",
="083226","達運光群益52購01","20,000","2","81,700","4.12","4.12","4.05","4.05","+","0.49","3.66","10","3.76","10","126.00",
="083227","世紀鋼群益4C購06","32,000","1","18,880","0.59","0.59","0.59","0.59","-","0.03","0.54","10","0.64","10","188.00",
="083228","鴻海元富4C購05","0","0","0","--","--","--","--"," ","0.00","4.61","25","4.71","25","206.00",
="083229","鴻海元富4C購06","0","0","0","--","--","--","--"," ","0.00","4.53","25","4.63","25","206.00",
="08322P","電子類國票4C售06","0","0","0","--","--","--","--"," ","0.00","0.07","499","0.08","499","0.00",
="083230","華泰元富4C購01","60,000","4","97,220","1.55","1.66","1.55","1.66","+","0.15","1.50","25","1.51","25","44.70",
="083231","正崴元富54購01","10,000","1","5,600","0.56","0.56","0.56","0.56"," ","0.00","0.55","25","0.56","25","48.40",
="083232","南亞科元富51購02","60,000","1","24,600","0.41","0.41","0.41","0.41","X","0.00","0.36","25","0.37","25","46.65",
="083233","嘉澤元富51購01","132,000","4","243,530","1.74","1.89","1.74","1.89","+","0.04","1.82","25","1.92","10","1,465.00",
="083234","世芯元富53購02","23,000","2","63,900","2.78","2.78","2.77","2.77","+","0.08","2.64","25","2.67","25","4,000.00",
="083235","jpp元富4C購01","2,000","1","14,300","7.15","7.15","7.15","7.15","+","0.65","4.36","2","--","0","276.00",
="083236","力成元富4C購01","10,000","1","8,100","0.81","0.81","0.81","0.81","-","0.02","0.77","25","0.79","25","118.50",
="083237","愛普元富4C購01","62,000","4","58,490","0.87","0.97","0.87","0.96","+","0.01","0.95","25","0.96","25","305.50",
="083238","力積電元富56購01","131,000","7","334,060","2.52","2.57","2.52","2.57","+","0.10","2.55","25","2.57","25","16.05",
="083239","富世達元富4C購01","0","0","0","--","--","--","--"," ","0.00","45.90","25","46.90","25","1,145.00",
="08323P","台灣50元大4A售21","0","0","0","--","--","--","--"," ","0.00","0.01","499","0.11","10","0.00",
="083240","中砂國票51購02","218,000","4","878,480","3.76","4.04","3.76","4.04","+","0.34","4.05","25","4.07","10","347.00",
="083241","國巨國票4C購01","0","0","0","--","--","--","--"," ","0.00","2.45","25","2.50","10","137.00",
="083242","國巨國票51購01","8,000","4","26,560","3.37","3.37","3.20","3.20","X","0.00","3.14","25","3.19","10","137.00",
="083243","聯發科國票4C購03","0","0","0","--","--","--","--"," ","0.00","1.56","25","1.64","10","1,385.00",
="083244","王品國票51購01","0","0","0","--","--","--","--"," ","0.00","0.59","25","0.60","10","219.00",
="083245","智原國票51購03","0","0","0","--","--","--","--"," ","0.00","0.33","25","0.34","10","158.00",
="083246","日電貿國票51購01","5,000","2","4,550","0.91","0.91","0.91","0.91","X","0.00","0.87","25","0.88","10","70.50",
="083247","嘉澤國票52購01","34,000","2","37,990","1.07","1.14","1.07","1.14","+","0.03","1.17","25","1.18","10","1,465.00",
="083248","jpp國票51購01","7,000","3","37,200","5.35","5.35","5.10","5.10","+","0.24","5.20","25","5.30","10","276.00",
="083249","佳必琪國票51購01","0","0","0","--","--","--","--"," ","0.00","2.48","25","2.50","10","178.50",
="08324P","台灣50元大4A售22","0","0","0","--","--","--","--"," ","0.00","0.01","100","0.11","10","0.00",
="083250","佳必琪國票52購01","25,000","3","73,300","2.92","2.98","2.92","2.98","+","0.19","2.69","25","2.71","10","178.50",
="083251","矽力國票51購02","0","0","0","--","--","--","--"," ","0.00","0.33","25","0.34","10","317.00",
="083252","南電國票51購01","0","0","0","--","--","--","--"," ","0.00","8.00","25","--","0","226.00",
="083253","世紀鋼國票4C購02","0","0","0","--","--","--","--"," ","0.00","0.54","25","0.55","10","188.00",
="083254","世紀鋼國票52購02","0","0","0","--","--","--","--"," ","0.00","0.83","25","0.84","10","188.00",
="083255","臺股指國票52購02","1,000","1","4,640","4.64","4.64","4.64","4.64","-","0.19","4.35","499","4.36","399","0.00",
="083256","臺股指國票54購01","0","0","0","--","--","--","--"," ","0.00","3.46","499","3.47","499","0.00",
="083257","國巨國泰51購03","75,000","1","225,000","3.00","3.00","3.00","3.00","X","0.00","2.79","499","2.85","220","137.00",
="083258","健鼎國泰51購01","0","0","0","--","--","--","--"," ","0.00","6.55","499","6.85","10","318.00",
="083259","嘉澤國泰51購02","0","0","0","--","--","--","--"," ","0.00","2.31","499","2.34","300","1,465.00",
="08325P","臺股指元大4A售45","0","0","0","--","--","--","--"," ","0.00","0.04","499","0.14","10","0.00",
="083260","泓德國泰51購01","79,000","1","22,120","0.28","0.28","0.28","0.28","X","0.00","0.30","499","0.32","100","160.00",
="083261","T50反1富邦52購02","0","0","0","--","--","--","--"," ","0.00","0.27","100","0.28","100","0.00",
="083262","T50反1富邦53購02","0","0","0","--","--","--","--"," ","0.00","0.32","100","0.33","100","0.00",
="083263","台泥富邦4C購01","0","0","0","--","--","--","--"," ","0.00","0.16","65","0.17","10","0.00",
="083264","光寶科富邦4C購01","458,000","18","636,470","1.35","1.44","1.32","1.39","-","0.07","1.38","30","1.40","10","0.00",
="083265","台積電富邦52購02","16,000","1","29,120","1.82","1.82","1.82","1.82","-","0.07","1.73","30","1.74","10","0.00",
="083266","台積電富邦56購01","1,000","1","3,260","3.26","3.26","3.26","3.26","-","0.17","3.17","30","3.19","10","0.00",
="083267","健鼎富邦4C購01","0","0","0","--","--","--","--"," ","0.00","2.71","30","2.78","10","0.00",
="083268","創意富邦52購01","634,000","24","747,460","1.14","1.21","1.14","1.20","+","0.10","1.16","30","1.17","10","0.00",
="083269","創意富邦54購01","515,000","27","813,330","1.55","1.61","1.53","1.58","+","0.08","1.55","30","1.56","10","0.00",
="08326P","臺股指元大4A售46","0","0","0","--","--","--","--"," ","0.00","0.02","100","0.12","10","0.00",
="083270","世芯富邦52購01","0","0","0","--","--","--","--"," ","0.00","2.39","10","2.49","10","0.00",
="083271","世芯富邦52購02","0","0","0","--","--","--","--"," ","0.00","1.88","10","1.98","10","0.00",
="083272","世芯富邦53購01","194,000","14","469,530","2.53","2.53","2.39","2.39","-","0.10","2.37","10","2.39","5","0.00",
="083273","日月光富邦54購01","165,000","9","252,890","1.53","1.55","1.53","1.53","-","0.08","1.49","30","1.50","10","0.00",
="083274","臺股指富邦52購09","0","0","0","--","--","--","--"," ","0.00","5.05","100","5.10","88","0.00",
="083275","國巨兆豐51購01","122,000","7","166,260","1.35","1.38","1.29","1.29","+","0.01","1.28","10","1.29","1","137.00",
="083276","華碩兆豐52購01","20,000","1","14,800","0.74","0.74","0.74","0.74","-","0.02","0.72","10","0.73","10","634.00",
="083277","聯發科兆豐53購01","111,000","6","119,710","1.09","1.09","1.06","1.06","-","0.06","1.05","10","1.06","10","1,385.00",
="083278","晶豪科兆豐56購01","40,000","3","45,670","1.14","1.15","1.14","1.15","+","0.04","1.10","10","1.11","10","57.40",
="083279","奇鋐兆豐51購01","0","0","0","--","--","--","--"," ","0.00","3.02","10","3.03","10","1,015.00",
="08327P","臺股指元大4A售47","0","0","0","--","--","--","--"," ","0.00","0.03","100","0.06","300","0.00",
="083280","健鼎兆豐53購01","0","0","0","--","--","--","--"," ","0.00","3.22","10","3.23","10","318.00",
="083281","嘉澤兆豐4C購01","241,000","10","233,130","0.93","1.02","0.93","1.02","-","0.01","1.00","10","1.01","10","1,465.00",
="083282","ITH兆豐56購01","8,000","3","4,460","0.56","0.56","0.55","0.55","X","0.00","0.53","10","0.54","10","45.10",
="083283","T50反1元大4C購06","105,000","5","45,400","0.43","0.45","0.43","0.45","+","0.04","0.44","100","0.45","10","19.79",
="083284","道瓊反元大51購01","395,000","3","150,100","0.38","0.38","0.38","0.38","-","0.01","0.37","251","0.38","100","5.93",
="083285","道瓊反元大54購02","0","0","0","--","--","--","--"," ","0.00","0.34","499","0.35","100","5.93",
="083286","台泥元大4C購02","45,000","4","10,800","0.24","0.24","0.24","0.24","X","0.00","0.23","512","0.24","10","22.80",
="083287","士電元大4C購04","1,000","1","960","0.96","0.96","0.96","0.96","X","0.00","0.91","499","0.92","10","187.50",
="083288","廣宇元大4C購05","0","0","0","--","--","--","--"," ","0.00","4.75","150","4.83","10","60.90",
="083289","華泰元大4C購01","195,000","13","218,070","1.06","1.18","1.06","1.09"," ","0.00","1.08","25","1.09","10","44.70",
="08328P","台灣50元富4A售17","0","0","0","--","--","--","--"," ","0.00","0.02","25","0.10","10","0.00",
="083290","技嘉元大4C購03","10,000","1","5,600","0.56","0.56","0.56","0.56","-","0.03","0.53","25","0.54","10","281.00",
="083291","南亞科元大52購01","70,000","1","33,600","0.48","0.48","0.48","0.48","X","0.00","0.45","499","0.46","10","46.65",
="083292","南亞科元大55購01","0","0","0","--","--","--","--"," ","0.00","0.49","499","0.50","10","46.65",
="083293","奇鋐元大4C購07","77,000","6","210,150","2.85","2.85","2.59","2.59","-","0.23","2.62","250","2.68","10","1,015.00",
="083294","亞光元大52購01","60,000","3","81,800","1.35","1.39","1.35","1.39","+","0.05","1.28","25","1.31","10","164.00",
="083295","緯創元大4C購07","0","0","0","--","--","--","--"," ","0.00","0.27","519","--","0","115.00",
="083296","新日興元大4C購04","258,000","12","431,660","1.66","2.15","1.64","2.15","+","0.47","0.70","1","--","0","259.00",
="083297","群創元大4C購03","393,000","12","293,520","0.66","0.84","0.64","0.82","+","0.24","0.84","499","0.86","10","14.15",
="083298","嘉澤元大52購01","32,000","5","21,130","0.64","0.68","0.64","0.68","+","0.02","0.67","499","0.69","10","1,465.00",
="083299","世芯元大51購19","15,000","12","311,300","21.50","21.50","20.20","20.20","-","0.70","19.90","50","20.10","10","4,000.00",
="08329P","元債2X元富4A售04","0","0","0","--","--","--","--"," ","0.00","0.66","25","0.67","25","0.00",
="083300","貿聯元大4C購04","106,000","14","451,270","3.94","4.58","3.94","4.22","+","0.28","4.25","200","4.28","10","981.00",
="083301","飛捷元大4C購02","70,000","2","34,900","0.49","0.50","0.49","0.50"," ","0.00","0.49","499","0.50","10","112.50",
="083302","聯茂元大4C購04","0","0","0","--","--","--","--"," ","0.00","3.31","25","--","0","125.00",
="083303","緯穎元大4C購15","88,000","3","102,880","1.16","1.21","1.16","1.21","+","0.01","1.14","25","1.16","10","2,975.00",
="083304","雲豹元大4C購01","0","0","0","--","--","--","--"," ","0.00","0.12","499","0.13","10","130.50",
="083305","泓德元大4C購01","105,000","2","22,200","0.22","0.22","0.21","0.21","-","0.05","0.18","499","0.28","10","160.00",
="083306","ITH元大4C購04","0","0","0","--","--","--","--"," ","0.00","0.15","499","0.16","10","45.10",
="083307","世紀鋼元大55購02","485,000","12","336,370","0.70","0.70","0.67","0.68","-","0.04","0.66","499","0.67","10","188.00",
="083308","臺指反中信53購01","10,000","1","1,500","0.15","0.15","0.15","0.15","+","0.01","0.14","100","0.15","100","0.00",
="083309","元債2X中信53購01","0","0","0","--","--","--","--"," ","0.00","0.91","499","0.92","100","0.00",
="08330P","中502X元富54售02","0","0","0","--","--","--","--"," ","0.00","0.47","25","0.48","25","0.00",
="083310","長榮中信52購01","148,000","6","135,500","0.88","0.93","0.88","0.92","+","0.02","0.86","10","0.88","10","0.00",
="083312","臺股指中信53購10","0","0","0","--","--","--","--"," ","0.00","2.25","499","2.26","100","0.00",
="083313","台塑永豐51購02","0","0","0","--","--","--","--"," ","0.00","2.61","499","2.64","10","39.10",
="083314","台光電永豐52購03","0","0","0","--","--","--","--"," ","0.00","4.78","499","4.88","10","1,250.00",
="083315","南亞科永豐56購01","0","0","0","--","--","--","--"," ","0.00","1.06","10","1.07","10","46.65",
="083316","奇鋐永豐56購01","45,000","5","417,750","9.40","9.40","9.25","9.25","-","0.70","9.00","10","9.30","10","1,015.00",
="083317","智原永豐4C購02","125,000","5","82,870","0.64","0.67","0.64","0.67","+","0.01","0.66","10","0.67","10","158.00",
="083318","貿聯永豐52購03","0","0","0","--","--","--","--"," ","0.00","10.20","499","10.60","10","981.00",
="083319","富世達永豐53購02","0","0","0","--","--","--","--"," ","0.00","6.10","10","6.45","10","1,145.00",
="08331P","台積電元富54售06","0","0","0","--","--","--","--"," ","0.00","0.34","25","0.35","25","0.00",
="083320","台化群益4C購01","0","0","0","--","--","--","--"," ","0.00","3.12","10","3.22","10","29.90",
="083321","中興電群益4C購04","216,000","4","175,750","0.82","0.82","0.81","0.81","+","0.06","0.82","100","0.84","100","167.00",
="083322","南亞科群益4C購07","0","0","0","--","--","--","--"," ","0.00","0.46","100","0.47","100","46.65",
="083323","偉詮電群益4C購01","23,000","5","15,590","0.67","0.69","0.66","0.69","+","0.02","0.65","10","0.75","10","49.95",
="083324","萬海群益51購04","0","0","0","--","--","--","--"," ","0.00","0.22","10","0.32","10","84.10",
="083325","嘉澤群益52購01","421,000","12","417,280","0.94","1.02","0.94","1.02","+","0.02","0.43","23","--","0","1,465.00",
="083326","貿聯群益4C購05","0","0","0","--","--","--","--"," ","0.00","--","0","4.32","10","981.00",
="083327","亞翔群益4C購02","2,000","1","4,480","2.24","2.24","2.24","2.24","X","0.00","1.03","2","2.31","10","349.50",
="083328","力成群益4C購01","33,000","1","23,760","0.72","0.72","0.72","0.72","-","0.03","0.21","238","--","0","118.50",
="083329","昇陽半群益52購01","260,000","15","591,880","2.11","2.33","2.11","2.20","+","0.04","0.85","23","--","0","152.50",
="08332P","台灣50中信51售01","0","0","0","--","--","--","--"," ","0.00","0.18","499","0.19","100","0.00",
="083330","鴻準統一56購01","119,000","4","90,440","0.76","0.76","0.76","0.76","-","0.01","0.76","20","0.77","10","71.70",
="083331","金像電統一56購02","0","0","0","--","--","--","--"," ","0.00","3.75","10","3.78","10","486.00",
="083332","台光電統一54購02","24,000","4","45,540","1.96","1.96","1.89","1.91","-","0.07","1.87","10","1.89","10","1,250.00",
="083333","正崴統一54購02","30,000","1","13,500","0.45","0.45","0.45","0.45","X","0.00","0.43","10","0.44","10","48.40",
="083334","正崴統一56購02","0","0","0","--","--","--","--"," ","0.00","0.33","10","0.34","10","48.40",
="083335","南亞科統一5C購02","0","0","0","--","--","--","--"," ","0.00","0.59","10","0.60","10","46.65",
="083336","友達統一56購01","805,000","20","404,420","0.49","0.53","0.48","0.51","+","0.03","0.51","20","--","0","13.05",
="083337","聯發科統一56購04","68,000","1","58,480","0.86","0.86","0.86","0.86","-","0.02","0.84","108","0.85","108","1,385.00",
="083338","長榮統一54購02","0","0","0","--","--","--","--"," ","0.00","0.34","100","0.35","100","188.00",
="083339","陽明統一54購02","0","0","0","--","--","--","--"," ","0.00","0.25","10","0.26","10","58.80",
="08333P","T50正2中信51售03","10,000","1","3,100","0.31","0.31","0.31","0.31","X","0.00","0.31","100","0.32","100","0.00",
="083340","萬海統一54購02","0","0","0","--","--","--","--"," ","0.00","0.26","10","0.27","10","84.10",
="083341","晶豪科統一54購02","4,000","1","2,400","0.60","0.60","0.60","0.60","X","0.00","0.59","10","0.60","10","57.40",
="083342","奇鋐統一54購01","0","0","0","--","--","--","--"," ","0.00","2.01","10","2.05","10","1,015.00",
="083343","亞光統一53購02","459,000","11","478,500","1.00","1.07","1.00","1.05"," ","0.00","0.97","10","0.98","10","164.00",
="083344","亞光統一54購03","232,000","7","233,640","0.99","1.05","0.96","0.96","-","0.03","0.95","10","0.96","10","164.00",
="083345","德律統一53購02","24,000","1","50,880","2.12","2.12","2.12","2.12","-","0.14","2.03","10","2.05","10","206.00",
="083346","緯創統一56購01","64,000","3","31,850","0.49","0.51","0.49","0.51"," ","0.00","0.51","10","0.52","10","115.00",
="083347","新日興統一56購01","449,000","20","555,000","1.19","1.42","1.18","1.42","+","0.24","1.32","10","1.33","10","259.00",
="083348","日月光統一56購02","417,000","6","289,410","0.70","0.70","0.69","0.69","-","0.03","0.68","10","0.69","10","147.50",
="083349","日月光國票4C購01","150,000","1","18,000","0.12","0.12","0.12","0.12","-","0.02","0.10","25","0.11","10","147.50",
="08334P","臺股指群益4B售26","0","0","0","--","--","--","--"," ","0.00","0.02","499","0.03","499","0.00",
="083350","聯茂統一54購01","0","0","0","--","--","--","--"," ","0.00","3.27","10","3.37","10","125.00",
="083351","矽力統一54購03","133,000","2","77,140","0.58","0.58","0.58","0.58","-","0.01","0.56","10","0.57","10","317.00",
="083352","保瑞統一54購01","0","0","0","--","--","--","--"," ","0.00","0.74","10","0.75","10","733.00",
="083353","富世達統一56購02","0","0","0","--","--","--","--"," ","0.00","2.06","10","2.10","10","1,145.00",
="083354","振樺電統一56購01","336,000","10","268,820","0.78","0.82","0.77","0.77"," ","0.00","0.77","10","0.78","10","270.00",
="083355","T50反1凱基4C購05","121,000","1","45,980","0.38","0.38","0.38","0.38","X","0.00","0.40","100","0.41","10","19.79",
="083356","T50反1凱基52購01","0","0","0","--","--","--","--"," ","0.00","0.30","100","0.31","10","19.79",
="083357","道瓊反凱基54購02","30,000","3","9,950","0.34","0.34","0.33","0.33","-","0.02","0.32","101","0.33","50","5.93",
="083358","台泥凱基4C購02","0","0","0","--","--","--","--"," ","0.00","0.34","100","0.35","10","22.80",
="083359","中砂凱基4C購04","52,000","9","101,030","1.71","2.09","1.71","2.00","+","0.25","1.91","100","1.92","10","347.00",
="08335P","臺股指群益4B售27","0","0","0","--","--","--","--"," ","0.00","0.12","499","0.13","499","0.00",
="083360","光寶科凱基51購01","116,000","5","318,700","2.67","2.76","2.67","2.71","-","0.10","2.63","100","2.73","10","130.00",
="083361","廣宇凱基4C購01","2,000","2","12,700","6.45","6.45","6.25","6.25","-","0.10","6.60","50","7.10","10","60.90",
="083362","台積電凱基4C購42","0","0","0","--","--","--","--"," ","0.00","2.95","100","3.01","10","1,160.00",
="083363","金像電凱基4C購06","0","0","0","--","--","--","--"," ","0.00","11.10","10","12.10","10","486.00",
="083364","南亞科凱基51購05","0","0","0","--","--","--","--"," ","0.00","0.91","100","0.92","30","46.65",
="083365","南亞科凱基54購01","0","0","0","--","--","--","--"," ","0.00","0.92","100","0.93","30","46.65",
="083366","友達凱基51購01","143,000","6","71,790","0.50","0.51","0.50","0.51","X","0.00","0.49","100","0.50","10","13.05",
="083367","聯發科凱基51購06","300,000","1","444,000","1.48","1.48","1.48","1.48","-","0.04","1.45","69","1.46","10","1,385.00",
="083368","富邦金凱基4C購03","63,000","2","61,740","0.98","0.98","0.98","0.98","-","0.06","0.96","100","1.06","10","85.20",
="083369","兆豐金凱基4C購01","178,000","20","428,930","2.35","2.48","2.33","2.33","+","0.02","2.26","100","2.28","10","40.35",
="08336P","臺股指群益4B售28","0","0","0","--","--","--","--"," ","0.00","0.08","499","0.09","499","0.00",
="083370","亞光凱基4C購02","139,000","10","379,730","2.63","2.91","2.51","2.51","-","0.08","2.48","100","3.00","15","164.00",
="083371","新日興凱基4C購01","2,000","1","9,200","4.60","4.60","4.60","4.60","X","0.00","4.71","12","4.74","10","259.00",
="083372","祥碩凱基51購01","0","0","0","--","--","--","--"," ","0.00","0.70","100","0.80","10","1,665.00",
="083373","精成科凱基4C購04","84,000","13","829,750","10.20","10.20","9.15","10.20","+","3.20","10.20","10","--","0","131.00",
="083374","佳必琪凱基4C購02","0","0","0","--","--","--","--"," ","0.00","3.40","100","3.46","10","178.50",
="083375","愛普凱基4C購02","20,000","1","20,000","1.00","1.00","1.00","1.00","+","0.14","1.01","10","1.02","10","305.50",
="083376","富世達凱基51購01","0","0","0","--","--","--","--"," ","0.00","7.90","100","8.40","10","1,145.00",
="083377","泓德凱基4C購02","50,000","2","16,840","0.34","0.34","0.30","0.30","-","0.05","0.29","10","0.30","10","160.00",
="083379","ITH凱基4C購04","70,000","2","40,750","0.59","0.59","0.58","0.58","+","0.09","0.56","100","0.57","30","45.10",
="08337P","臺股指群益4B售29","0","0","0","--","--","--","--"," ","0.00","0.14","499","0.15","499","0.00",
="083380","臺股指凱基52購05","0","0","0","--","--","--","--"," ","0.00","3.13","100","3.14","10","0.00",
="083381","中鴻元富56購01","104,000","7","212,700","2.06","2.14","2.02","2.14"," ","0.00","1.88","5","--","0","16.15",
="083382","南亞科元富56購02","0","0","0","--","--","--","--"," ","0.00","0.86","25","0.87","25","46.65",
="083383","南亞科元富56購03","0","0","0","--","--","--","--"," ","0.00","0.71","25","0.72","25","46.65",
="083384","京元電元富4C購02","0","0","0","--","--","--","--"," ","0.00","3.73","25","3.83","10","142.00",
="083385","聯發科元富51購04","0","0","0","--","--","--","--"," ","0.00","2.46","25","2.56","10","1,385.00",
="083386","聯發科元富51購05","0","0","0","--","--","--","--"," ","0.00","19.90","25","20.90","10","1,385.00",
="083387","保瑞元富4C購02","0","0","0","--","--","--","--"," ","0.00","3.87","25","3.95","25","733.00",
="083388","世紀鋼元富4C購01","30,000","1","19,200","0.64","0.64","0.64","0.64","X","0.00","0.59","25","0.60","25","188.00",
="083389","臺股指元富4C購04","0","0","0","--","--","--","--"," ","0.00","5.45","25","5.50","25","0.00",
="08338P","臺股指群益4B售30","0","0","0","--","--","--","--"," ","0.00","0.13","499","0.14","499","0.00",
="083390","臺股指元富56購04","0","0","0","--","--","--","--"," ","0.00","1.39","25","1.40","25","0.00",
="083391","臺股指元富56購05","0","0","0","--","--","--","--"," ","0.00","1.31","25","1.32","25","0.00",
="083392","臺股指元富56購06","0","0","0","--","--","--","--"," ","0.00","1.03","25","1.04","25","0.00",
="083393","臺股指元富56購07","0","0","0","--","--","--","--"," ","0.00","4.49","25","4.50","25","0.00",
="083394","T50反1國泰51購01","0","0","0","--","--","--","--"," ","0.00","0.20","499","0.21","100","19.79",
="083395","中砂國泰51購01","57,000","3","195,160","3.33","3.61","3.33","3.61","+","0.28","1.16","8","--","0","347.00",
="083396","合機國泰51購01","208,000","4","378,340","1.82","1.86","1.81","1.81","X","0.00","1.78","300","1.79","100","48.45",
="083397","台達電國泰51購01","0","0","0","--","--","--","--"," ","0.00","15.40","10","--","0","709.00",
="083398","雄獅國泰51購01","96,000","5","180,350","1.76","1.95","1.76","1.92","+","0.25","1.90","499","1.92","100","159.00",
="083399","昇貿國泰51購01","7,000","7","94,400","14.00","14.00","12.90","13.30","+","1.70","12.90","499","13.30","1","129.00",
="08339P","臺股指群益4B售31","0","0","0","--","--","--","--"," ","0.00","0.15","499","--","0","0.00",
="083400","世芯國泰51購02","0","0","0","--","--","--","--"," ","0.00","5.35","499","5.45","100","4,000.00",
="083401","保瑞國泰51購03","35,000","3","82,510","2.32","2.39","2.32","2.39","-","0.06","2.31","499","2.34","100","733.00",
="083402","穎崴國泰51購02","0","0","0","--","--","--","--"," ","0.00","2.65","10","2.68","10","1,250.00",
="083403","富世達國泰51購03","0","0","0","--","--","--","--"," ","0.00","8.65","499","--","0","1,145.00",
="083404","滬深2X富邦51購03","0","0","0","--","--","--","--"," ","0.00","1.91","100","1.95","10","0.00",
="083405","南亞科富邦53購01","0","0","0","--","--","--","--"," ","0.00","0.29","10","0.30","10","0.00",
="083406","奇鋐富邦52購01","3,000","1","10,260","3.42","3.42","3.42","3.42","-","0.12","3.42","10","3.52","10","0.00",
="083407","玉晶光富邦52購01","30,000","1","49,200","1.64","1.64","1.64","1.64","X","0.00","1.61","10","1.71","10","0.00",
="083408","世芯富邦52購03","37,000","5","64,870","1.80","1.81","1.71","1.72","+","0.01","1.66","10","1.68","10","0.00",
="083409","世芯富邦53購02","0","0","0","--","--","--","--"," ","0.00","2.20","10","2.30","10","0.00",
="08340P","臺股指群益4B售32","0","0","0","--","--","--","--"," ","0.00","0.14","499","0.15","499","0.00",
="083410","世芯富邦53購03","0","0","0","--","--","--","--"," ","0.00","1.37","10","1.47","10","0.00",
="083411","貿聯富邦52購01","23,000","3","68,410","2.76","3.17","2.76","3.17","+","0.35","2.94","10","2.99","10","0.00",
="083412","精成科富邦52購02","0","0","0","--","--","--","--"," ","0.00","3.23","10","--","0","0.00",
="083413","緯穎富邦52購02","60,000","5","98,840","1.68","1.70","1.64","1.65","-","0.12","1.62","10","1.64","10","0.00",
="083414","金像電兆豐56購01","5,000","1","24,300","4.86","4.86","4.86","4.86"," ","0.00","3.63","2","--","0","486.00",
="083415","聯發科兆豐51購02","44,000","2","58,520","1.33","1.33","1.33","1.33","-","0.04","1.31","10","1.32","10","1,385.00",
="083416","奇鋐兆豐51購02","0","0","0","--","--","--","--"," ","0.00","3.83","10","3.84","10","1,015.00",
="083417","新日興兆豐51購01","0","0","0","--","--","--","--"," ","0.00","2.18","10","2.19","10","259.00",
="083418","嘉澤兆豐4C購02","417,000","6","392,920","0.91","0.99","0.90","0.99","+","0.02","1.00","10","1.01","10","1,465.00",
="08341P","臺股指群益55售07","0","0","0","--","--","--","--"," ","0.00","0.55","499","0.56","499","0.00",
="083420","迅得兆豐53購01","23,000","5","23,790","1.01","1.05","1.01","1.04","+","0.05","1.03","10","1.04","10","193.50",
="083421","保瑞兆豐4C購01","0","0","0","--","--","--","--"," ","0.00","1.00","10","1.01","10","733.00",
="083422","愛普兆豐4C購01","0","0","0","--","--","--","--"," ","0.00","0.56","10","0.57","10","305.50",
="083423","世紀鋼兆豐56購01","88,000","7","51,920","0.59","0.61","0.58","0.61","-","0.02","0.58","10","0.59","10","188.00",
="083424","台泥元大4C購03","0","0","0","--","--","--","--"," ","0.00","0.11","499","0.12","10","22.80",
="083425","台化元大4C購02","0","0","0","--","--","--","--"," ","0.00","1.47","450","1.57","10","29.90",
="083426","中興電元大4C購04","16,000","2","8,320","0.52","0.52","0.52","0.52","+","0.03","0.54","499","0.55","10","167.00",
="083427","台積電元大4C購25","2,000","2","1,860","0.94","0.94","0.92","0.92","-","0.08","0.08","125","--","0","1,160.00",
="083428","台積電元大4C購26","1,000","1","1,340","1.34","1.34","1.34","1.34","-","0.12","0.15","66","1.55","9","1,160.00",
="083429","台積電元大52購07","2,000","2","2,240","1.13","1.13","1.11","1.11","-","0.07","0.12","83","--","0","1,160.00",
="08342P","臺股指群益55售08","0","0","0","--","--","--","--"," ","0.00","0.91","499","0.92","499","0.00",
="083430","金像電元大4C購09","1,000","1","3,700","3.70","3.70","3.70","3.70","X","0.00","3.74","200","3.80","10","486.00",
="083431","技嘉元大4C購04","869,000","16","687,690","0.82","0.82","0.77","0.77","-","0.06","0.76","25","0.77","10","281.00",
="083432","漢唐元大4C購02","0","0","0","--","--","--","--"," ","0.00","11.20","50","--","0","1,190.00",
="083433","南亞科元大55購02","0","0","0","--","--","--","--"," ","0.00","0.36","499","0.37","10","46.65",
="083434","聯發科元大4C購12","2,000","1","1,920","0.96","0.96","0.96","0.96","X","0.00","0.08","57","--","0","1,385.00",
="083435","聯發科元大4C購13","115,000","2","163,300","1.42","1.42","1.42","1.42","X","0.00","--","0","--","0","1,385.00",
="083436","王品元大4C購01","19,000","1","14,440","0.76","0.76","0.76","0.76","-","0.02","0.76","499","0.78","10","219.00",
="083437","雄獅元大4C購01","124,000","4","85,920","0.69","0.73","0.69","0.73","+","0.11","0.70","499","0.72","10","159.00",
="083438","奇鋐元大4C購09","6,000","5","37,450","6.55","6.55","5.90","5.90","-","0.80","5.90","100","6.10","10","1,015.00",
="083439","奇鋐元大4C購10","84,000","7","149,550","1.87","1.87","1.71","1.71","-","0.20","1.71","400","1.75","10","1,015.00",
="08343P","臺股指群益55售09","70,000","2","37,300","0.53","0.54","0.53","0.54"," ","0.00","0.54","479","0.55","504","0.00",
="083440","德律元大4C購01","14,000","3","198,600","14.30","14.30","13.90","14.30","-","0.10","13.50","50","13.60","10","206.00",
="083443","德律元大4C購02","0","0","0","--","--","--","--"," ","0.00","11.20","50","11.50","10","206.00",
="083444","嘉澤元大52購02","307,000","6","239,350","0.77","0.81","0.77","0.81","+","0.01","0.77","499","0.79","10","1,465.00",
="083445","精銳元大4C購03","1,016,000","38","1,087,830","1.08","1.20","1.01","1.17","+","0.25","1.13","499","1.14","10","776.00",
="083446","東科元大4C購01","35,000","3","72,960","2.05","2.14","2.05","2.14","+","0.28","2.12","400","2.15","2","112.00",
="083447","jpp元大4C購01","195,000","13","740,880","3.72","3.86","3.55","3.74","+","0.37","3.79","13","3.84","10","276.00",
="083448","保瑞元大51購02","149,000","6","194,960","1.29","1.32","1.28","1.32","-","0.05","1.29","499","1.32","10","733.00",
="083449","緯穎元大4C購17","75,000","4","173,420","2.39","2.39","2.28","2.29","-","0.19","2.25","300","2.28","10","2,975.00",
="08344P","世芯元富4A售09","0","0","0","--","--","--","--"," ","0.00","--","0","0.10","385","0.00",
="083450","緯穎元大4C購18","4,000","1","3,800","0.95","0.95","0.95","0.95","-","0.05","0.93","25","0.95","10","2,975.00",
="083451","洋基元大4C購01","2,000","2","13,700","6.95","6.95","6.75","6.75","-","0.40","6.30","100","6.40","10","476.00",
="083452","臺股指元大4C購20","176,000","15","262,760","1.50","1.52","1.35","1.42","-","0.26","1.36","100","1.37","10","0.00",
="083453","臺股指元大4C購21","22,000","3","47,180","2.09","2.16","2.09","2.14","-","0.35","2.08","100","2.09","10","0.00",
="083454","臺股指元大4C購22","0","0","0","--","--","--","--"," ","0.00","2.17","499","2.18","10","0.00",
="083455","中502X國票51購02","2,000","2","4,590","2.33","2.33","2.26","2.26","-","0.42","2.16","25","2.17","10","11.76",
="083456","中興電國票52購01","12,000","1","10,320","0.86","0.86","0.86","0.86","+","0.06","0.86","25","0.87","10","167.00",
="083457","大成鋼國票51購02","219,000","3","304,010","1.40","1.40","1.34","1.34","-","0.34","1.30","25","1.33","10","38.60",
="083459","上銀國票51購02","322,000","8","237,520","0.72","0.75","0.67","0.67","+","0.03","0.66","25","0.67","10","215.50",
="08345P","緯穎元富4A售07","0","0","0","--","--","--","--"," ","0.00","0.01","25","0.10","10","0.00",
="083460","川湖國票52購02","0","0","0","--","--","--","--"," ","0.00","4.36","25","4.42","10","2,925.00",
="083461","光寶科國票51購01","0","0","0","--","--","--","--"," ","0.00","1.41","25","1.44","10","130.00",
="083462","華通國票51購02","166,000","20","823,360","4.63","5.70","4.62","4.91","+","0.35","4.92","25","4.94","10","79.30",
="083463","微星國票51購01","20,000","2","14,700","0.73","0.74","0.73","0.74","-","0.01","0.73","25","0.74","10","136.50",
="083464","南亞科國票52購01","0","0","0","--","--","--","--"," ","0.00","1.16","25","1.17","10","46.65",
="083465","陽明國票4C購03","0","0","0","--","--","--","--"," ","0.00","0.75","25","0.76","10","58.80",
="083466","萬海國票51購03","0","0","0","--","--","--","--"," ","0.00","0.17","25","0.18","10","84.10",
="083467","牧德國票51購02","317,000","21","536,080","1.63","1.75","1.58","1.74","+","0.30","1.82","25","1.83","10","594.00",
="083468","精成科國票4C購03","0","0","0","--","--","--","--"," ","0.00","9.05","25","--","0","131.00",
="083469","精成科國票52購01","0","0","0","--","--","--","--"," ","0.00","8.40","25","--","0","131.00",
="08346P","中興電國票4B售01","0","0","0","--","--","--","--"," ","0.00","0.04","25","0.05","10","0.00",
="083470","力成國票52購01","0","0","0","--","--","--","--"," ","0.00","0.75","25","0.76","10","118.50",
="083471","啟碁國票51購02","63,000","6","53,830","0.84","0.88","0.84","0.84","-","0.06","0.82","25","0.83","10","127.00",
="083472","泓德國票4C購02","16,000","1","6,400","0.40","0.40","0.40","0.40","-","0.02","0.35","25","0.36","10","160.00",
="083473","勤誠國票4C購02","0","0","0","--","--","--","--"," ","0.00","10.30","25","11.30","10","613.00",
="083474","台玻國票51購03","0","0","0","--","--","--","--"," ","0.00","12.20","25","--","0","34.55",
="083475","華泰國票51購03","115,000","6","276,760","2.08","2.44","2.08","2.17","+","0.04","2.17","25","2.19","10","44.70",
="083476","海悅國票4C購02","0","0","0","--","--","--","--"," ","0.00","0.32","25","0.33","10","84.50",
="083477","國泰金國票51購03","249,000","5","79,190","0.33","0.33","0.31","0.31","-","0.03","0.30","25","0.31","10","62.30",
="083478","永豐金國票52購01","20,000","1","14,800","0.74","0.74","0.74","0.74","-","0.02","0.71","25","0.72","10","23.60",
="083479","緯創國票51購04","0","0","0","--","--","--","--"," ","0.00","0.53","25","0.55","10","115.00",
="08347P","貿聯國票4B售01","0","0","0","--","--","--","--"," ","0.00","0.01","25","0.05","10","0.00",
="083480","虎航國票4C購02","0","0","0","--","--","--","--"," ","0.00","1.08","25","1.09","10","82.60",
="083481","富世達國票51購02","0","0","0","--","--","--","--"," ","0.00","12.60","25","13.10","10","1,145.00",
="083482","長華國票4C購01","28,000","1","35,000","1.25","1.25","1.25","1.25","+","0.04","1.19","25","1.20","10","39.60",
="083483","長華國票51購01","0","0","0","--","--","--","--"," ","0.00","1.05","25","1.06","10","39.60",
="083484","富鼎國票51購01","108,000","9","97,450","0.92","0.92","0.85","0.87","-","0.02","0.85","25","0.86","10","87.00",
="083485","華通兆豐4C購01","1,000","1","2,300","2.30","2.30","2.30","2.30","+","0.19","2.22","10","2.23","10","79.30",
="083486","台光電兆豐51購01","0","0","0","--","--","--","--"," ","0.00","--","0","--","0","1,250.00",
="083487","奇鋐兆豐4C購02","0","0","0","--","--","--","--"," ","0.00","3.64","10","3.65","10","1,015.00",
="083488","聯發科國泰52購03","0","0","0","--","--","--","--"," ","0.00","1.39","499","1.41","10","1,385.00",
="083489","奇鋐國泰51購02","0","0","0","--","--","--","--"," ","0.00","8.10","10","8.40","10","1,015.00",
="08348P","台灣50凱基4A售18","0","0","0","--","--","--","--"," ","0.00","0.01","100","0.11","10","0.00",
="083490","健策國泰51購01","0","0","0","--","--","--","--"," ","0.00","5.25","499","5.55","10","1,905.00",
="083491","jpp國泰51購01","0","0","0","--","--","--","--"," ","0.00","6.20","10","6.50","1","276.00",
="083492","精成科國泰51購02","0","0","0","--","--","--","--"," ","0.00","8.40","499","--","0","131.00",
="083493","中興電富邦4C購03","439,000","28","552,670","1.27","1.29","1.24","1.29","+","0.12","1.28","30","1.29","10","0.00",
="083494","川湖富邦52購01","187,000","9","424,990","2.24","2.34","2.24","2.26","+","0.03","2.24","10","2.26","10","0.00",
="083495","台光電富邦4C購04","0","0","0","--","--","--","--"," ","0.00","3.28","10","3.35","10","0.00",
="083496","台光電富邦53購01","0","0","0","--","--","--","--"," ","0.00","2.96","10","3.06","10","0.00",
="083497","鉅祥富邦4C購01","0","0","0","--","--","--","--"," ","0.00","2.15","30","2.20","10","0.00",
="083498","長榮航富邦4C購02","176,000","10","257,280","1.39","1.53","1.38","1.42","-","0.04","1.42","30","1.44","10","0.00",
="083499","長榮航富邦52購01","70,000","6","85,130","1.17","1.27","1.16","1.27","+","0.05","1.19","30","1.20","10","0.00",
="08349P","緯創凱基4A售07","0","0","0","--","--","--","--"," ","0.00","0.02","100","0.12","10","0.00",
="083501","威強電富邦4C購01","109,000","2","69,910","0.64","0.65","0.64","0.65","+","0.04","0.62","30","0.63","10","0.00",
="083502","聯發科台新4C購01","0","0","0","--","--","--","--"," ","0.00","1.82","20","1.83","10","0.00",
="083503","大亞統一57購01","764,000","31","713,190","0.89","0.97","0.89","0.91","+","0.02","0.90","10","0.91","10","43.00",
="083504","燿華統一56購02","36,000","7","58,370","1.62","1.63","1.62","1.63","+","0.02","1.63","10","1.65","10","31.45",
="083505","全新統一54購01","4,000","1","6,680","1.67","1.67","1.67","1.67","X","0.00","1.56","10","1.58","10","153.50",
="083506","全新統一56購02","72,000","4","98,560","1.36","1.38","1.36","1.38","-","0.02","1.29","10","1.30","10","153.50",
="083507","鉅祥統一56購01","82,000","10","155,570","1.81","1.97","1.81","1.97","+","0.15","1.91","10","1.93","10","98.10",
="083508","智原統一56購05","105,000","2","42,000","0.40","0.40","0.40","0.40"," ","0.00","0.40","10","0.41","10","158.00",
="083509","智原統一56購06","44,000","2","17,600","0.40","0.40","0.40","0.40","+","0.01","0.39","10","0.40","10","158.00",
="08350P","牧德凱基4A售04","0","0","0","--","--","--","--"," ","0.00","0.02","100","0.03","50","0.00",
="083510","鈺邦統一56購02","44,000","2","51,040","1.16","1.16","1.16","1.16","-","0.15","1.15","10","1.19","10","178.00",
="083511","鈺邦統一56購03","0","0","0","--","--","--","--"," ","0.00","1.40","10","1.41","10","178.00",
="083512","晶心科統一59購01","74,000","2","47,340","0.66","0.66","0.63","0.63"," ","0.00","0.63","10","0.64","10","283.00",
="083513","泓德統一56購01","62,000","1","14,880","0.24","0.24","0.24","0.24","-","0.04","0.23","12","0.24","10","160.00",
="083514","ITH統一56購02","0","0","0","--","--","--","--"," ","0.00","0.34","10","0.35","10","45.10",
="083515","鈺齊統一56購02","78,000","3","34,820","0.44","0.45","0.44","0.45","-","0.02","0.44","10","0.45","10","106.50",
="083516","百和統一56購01","0","0","0","--","--","--","--"," ","0.00","0.62","10","0.63","10","54.00",
="083517","T50反1群益4C購06","0","0","0","--","--","--","--"," ","0.00","0.26","100","0.27","100","19.79",
="083518","台泥群益4C購01","10,000","1","3,300","0.33","0.33","0.33","0.33","X","0.00","0.32","100","0.33","100","22.80",
="083519","名軒群益4C購01","0","0","0","--","--","--","--"," ","0.00","0.01","20","--","0","51.90",
="08351P","臺股指凱基4A售34","0","0","0","--","--","--","--"," ","0.00","0.01","100","0.02","10","0.00",
="083520","中砂群益4C購04","469,000","9","878,990","1.84","2.00","1.84","1.90","+","0.23","0.54","18","--","0","347.00",
="083521","台玻群益4C購03","0","0","0","--","--","--","--"," ","0.00","9.90","10","--","0","34.55",
="083522","光寶科群益4C購01","271,000","9","366,660","1.31","1.37","1.30","1.36","-","0.03","0.39","128","--","0","130.00",
="083523","廣宇群益4C購03","43,000","6","253,600","5.95","6.10","5.80","5.80","+","0.25","5.75","10","6.25","10","60.90",
="083524","台積電群益4C購18","0","0","0","--","--","--","--"," ","0.00","--","0","--","0","1,160.00",
="083525","友達群益4C購02","270,000","14","239,380","0.85","0.93","0.85","0.89","+","0.09","0.16","62","--","0","13.05",
="083526","聯發科群益51購03","0","0","0","--","--","--","--"," ","0.00","0.39","10","--","0","1,385.00",
="083527","永豐金群益4C購01","68,000","5","62,730","0.92","0.94","0.89","0.89","-","0.06","0.89","100","0.91","100","23.60",
="083528","亞光群益53購02","476,000","22","574,430","1.17","1.26","1.16","1.16","-","0.04","0.53","37","--","0","164.00",
="083529","健鼎群益4C購02","0","0","0","--","--","--","--"," ","0.00","7.35","25","7.65","10","318.00",
="08352P","電子類凱基4A售04","1,000","1","130","0.13","0.13","0.13","0.13","+","0.01","0.04","10","0.05","10","0.00",
="083530","新日興群益4C購01","43,000","7","433,050","8.75","10.60","8.50","10.60","+","1.80","5.05","1","--","0","259.00",
="083531","海華群益4C購01","1,000","1","6,050","6.05","6.05","6.05","6.05","X","0.00","5.95","10","7.30","8","100.00",
="083532","祥碩群益4C購02","0","0","0","--","--","--","--"," ","0.00","0.08","30","--","0","1,665.00",
="083533","邁達特群益4C購02","338,000","4","344,860","1.09","1.09","1.01","1.01","-","0.07","1.00","10","1.10","10","55.50",
="083534","迎廣群益4C購01","6,000","1","5,280","0.88","0.88","0.88","0.88","+","0.02","0.77","10","0.87","10","94.00",
="083535","精成科群益4C購05","0","0","0","--","--","--","--"," ","0.00","4.95","4","--","0","131.00",
="083536","愛普群益4C購03","78,000","6","77,900","0.92","1.02","0.92","1.02","+","0.04","0.98","100","0.99","100","305.50",
="083537","富鼎群益51購01","0","0","0","--","--","--","--"," ","0.00","0.70","10","0.80","10","87.00",
="083538","滬深2X永豐52購03","0","0","0","--","--","--","--"," ","0.00","3.63","499","3.73","10","18.32",
="083539","華城永豐51購02","7,000","2","59,750","8.55","8.55","8.45","8.45","+","0.20","8.05","499","8.10","10","618.00",
="08353P","T50正2元大4A售12","20,000","1","1,000","0.05","0.05","0.05","0.05"," ","0.00","0.05","100","0.15","10","0.00",
="083540","中砂永豐52購03","1,000","1","4,190","4.19","4.19","4.19","4.19","+","0.39","4.07","499","4.17","10","347.00",
="083541","國巨永豐51購01","6,000","1","25,740","4.29","4.29","4.29","4.29","X","0.00","4.05","499","4.10","10","137.00",
="083542","皇昌永豐56購01","0","0","0","--","--","--","--"," ","0.00","0.63","10","0.64","10","83.50",
="083543","雄獅永豐52購01","0","0","0","--","--","--","--"," ","0.00","0.97","499","1.01","10","159.00",
="083544","健策永豐52購02","0","0","0","--","--","--","--"," ","0.00","2.71","499","2.79","10","1,905.00",
="083545","AES永豐56購01","0","0","0","--","--","--","--"," ","0.00","2.79","499","2.87","10","1,350.00",
="083546","鴻海元富4C購07","0","0","0","--","--","--","--"," ","0.00","23.70","25","24.50","25","206.00",
="083547","鴻準元富4C購03","1,070,000","9","4,399,290","4.16","4.68","4.08","4.33","-","0.11","4.27","25","4.37","25","71.70",
="083548","聯發科元富51購06","0","0","0","--","--","--","--"," ","0.00","2.04","25","2.14","10","1,385.00",
="083549","聯發科元富51購07","0","0","0","--","--","--","--"," ","0.00","1.68","25","1.78","10","1,385.00",
="08354P","T50正2元大4B售03","0","0","0","--","--","--","--"," ","0.00","0.13","100","0.23","10","0.00",
="083550","全新元富4C購01","0","0","0","--","--","--","--"," ","0.00","3.31","25","3.41","10","153.50",
="083551","奇鋐元富51購04","0","0","0","--","--","--","--"," ","0.00","8.20","25","8.45","25","1,015.00",
="083552","嘉澤元富51購02","27,000","1","33,480","1.24","1.24","1.24","1.24","-","0.13","1.33","25","1.43","10","1,465.00",
="083553","世芯元富4C購11","3,000","3","83,200","27.70","27.90","27.60","27.90","+","1.10","27.00","25","27.50","25","4,000.00",
="083554","世芯元富53購03","0","0","0","--","--","--","--"," ","0.00","--","0","--","0","4,000.00",
="083555","達興元富4C購01","22,000","2","235,400","10.70","10.70","10.70","10.70","X","0.00","10.30","25","10.50","25","387.00",
="083556","聯發科第一56購02","78,000","1","50,700","0.65","0.65","0.65","0.65","-","0.03","0.65","10","0.66","10","0.00",
="083557","A50正2凱基55購01","0","0","0","--","--","--","--"," ","0.00","3.16","10","3.17","50","31.56",
="083558","台化凱基4C購01","0","0","0","--","--","--","--"," ","0.00","2.46","100","2.48","10","29.90",
="083559","聚陽凱基4C購01","91,000","5","129,250","1.43","1.43","1.42","1.42","X","0.00","1.39","10","1.41","10","265.00",
="08355P","國企2X元大4A售04","0","0","0","--","--","--","--"," ","0.00","0.20","499","0.21","50","0.00",
="083560","中興電凱基52購01","45,000","3","39,710","0.90","0.90","0.88","0.89","X","0.00","0.89","99","0.90","10","167.00",
="083561","鴻海永豐49購01","0","0","0","--","--","--","--"," ","0.00","9.80","10","--","0","206.00",
="083562","中砂凱基4C購05","31,000","9","63,890","1.91","2.21","1.91","2.21","+","0.32","2.06","100","2.08","10","347.00",
="083563","大成鋼凱基4C購05","3,000","1","8,310","2.77","2.77","2.77","2.77","X","0.00","2.49","100","2.59","10","38.60",
="083564","上銀凱基4C購04","240,000","13","342,290","1.33","1.46","1.33","1.38"," ","0.00","1.39","100","1.40","10","215.50",
="083565","國巨凱基51購01","1,000","1","4,020","4.02","4.02","4.02","4.02","X","0.00","3.78","100","3.85","10","137.00",
="083566","台積電凱基4C購43","0","0","0","--","--","--","--"," ","0.00","1.56","100","1.58","10","1,160.00",
="083567","技嘉凱基4C購02","2,000","1","2,180","1.09","1.09","1.09","1.09","-","0.02","1.03","100","1.04","10","281.00",
="083568","大立光凱基4C購04","0","0","0","--","--","--","--"," ","0.00","1.77","100","1.80","10","2,395.00",
="083569","奇鋐凱基51購04","0","0","0","--","--","--","--"," ","0.00","3.82","100","3.89","10","1,015.00",
="08356P","台積電元大4A售53","0","0","0","--","--","--","--"," ","0.00","--","0","0.10","10","0.00",
="083570","德律凱基4C購01","0","0","0","--","--","--","--"," ","0.00","5.60","100","6.10","10","206.00",
="083571","華晶科凱基52購01","0","0","0","--","--","--","--"," ","0.00","1.52","100","1.94","2","50.30",
="083573","嘉澤凱基52購01","52,000","3","78,860","1.43","1.54","1.43","1.54","+","0.11","1.49","100","1.51","10","1,465.00",
="083574","牧德凱基51購02","87,000","4","111,030","1.31","1.35","1.24","1.35","+","0.15","1.42","100","1.43","10","594.00",
="083575","貿聯凱基54購02","0","0","0","--","--","--","--"," ","0.00","4.73","10","4.83","10","981.00",
="083576","力成凱基52購01","188,000","2","145,900","0.80","0.80","0.77","0.77","-","0.03","0.75","100","0.77","10","118.50",
="083577","臺股指凱基4C購20","21,000","10","73,060","3.55","3.55","3.45","3.45","-","0.40","3.30","10","3.31","10","0.00",
="083578","臺股指凱基52購06","90,000","7","324,600","3.62","3.72","3.46","3.46","-","0.48","3.45","10","3.46","10","0.00",
="083579","臺股指凱基56購06","0","0","0","--","--","--","--"," ","0.00","2.46","100","2.47","10","0.00",
="08357P","台積電元大4A售54","0","0","0","--","--","--","--"," ","0.00","0.04","499","0.14","10","0.00",
="083580","中興電元大4C購05","50,000","5","28,600","0.57","0.58","0.57","0.57","+","0.02","0.59","499","0.60","10","167.00",
="083581","台達電元大4C購01","0","0","0","--","--","--","--"," ","0.00","16.70","10","17.00","10","709.00",
="083582","廣宇元大4C購06","1,000","1","6,750","6.75","6.75","6.75","6.75","+","0.20","6.65","100","6.70","10","60.90",
="083583","台光電元大4C購14","2,000","2","5,410","2.70","2.71","2.70","2.71","-","0.04","1.25","8","--","0","1,250.00",
="083584","京元電元大4C購06","0","0","0","--","--","--","--"," ","0.00","2.39","350","2.45","10","142.00",
="083585","奇鋐元大51購08","30,000","4","180,900","6.65","6.65","5.95","6.25","-","0.60","6.25","100","6.40","10","1,015.00",
="083586","奇鋐元大54購05","0","0","0","--","--","--","--"," ","0.00","1.59","450","1.63","10","1,015.00",
="083587","日電貿元大4C購02","0","0","0","--","--","--","--"," ","0.00","0.55","499","0.56","10","70.50",
="083588","嘉澤元大51購05","254,000","3","150,060","0.59","0.61","0.59","0.61","X","0.00","0.60","499","0.62","10","1,465.00",
="083589","辛耘元大4C購02","85,000","14","289,790","3.21","3.61","3.17","3.61","+","0.26","3.60","250","3.63","10","393.50",
="08358P","鴻海群益4B售06","0","0","0","--","--","--","--"," ","0.00","0.01","10","0.11","10","0.00",
="083590","貿聯元大4C購05","240,000","8","622,330","2.40","2.65","2.40","2.53","+","0.19","2.50","300","2.55","10","981.00",
="083591","神達元大4C購08","28,000","7","279,450","10.20","10.30","9.75","10.00","+","2.35","10.10","100","10.20","10","95.90",
="083592","達興元大4C購03","153,000","19","858,800","5.35","5.90","5.10","5.75","+","1.42","5.35","150","5.45","10","387.00",
="083593","邁達特元大4C購01","10,000","1","10,700","1.07","1.07","1.07","1.07","-","0.10","1.07","489","1.08","10","55.50",
="083594","邁達特元大4C購02","0","0","0","--","--","--","--"," ","0.00","1.27","499","1.29","10","55.50",
="083595","精成科元大51購03","12,000","12","132,800","11.00","11.10","11.00","11.10","+","2.30","11.30","30","--","0","131.00",
="083596","穎崴元大4C購06","671,000","13","349,470","0.57","0.57","0.49","0.53","-","0.06","0.51","5","--","0","1,250.00",
="083597","富世達元大4C購03","0","0","0","--","--","--","--"," ","0.00","--","0","--","0","1,145.00",
="08359P","鴻海群益4C售04","0","0","0","--","--","--","--"," ","0.00","0.01","10","0.11","10","0.00",
="083600","泓德元大4C購02","0","0","0","--","--","--","--"," ","0.00","0.09","499","0.19","10","160.00",
="083601","ITH元大4C購05","115,000","3","55,300","0.48","0.49","0.46","0.46","+","0.05","0.46","499","0.47","10","45.10",
="083602","昇陽半元大4C購03","24,000","4","28,200","1.11","1.23","1.11","1.16","+","0.01","1.18","499","1.21","10","152.50",
="083603","振樺電元大4C購01","126,000","7","232,300","1.86","1.91","1.69","1.69","-","0.09","1.63","400","1.65","10","270.00",
="083604","世紀鋼元大56購01","116,000","8","309,700","2.71","2.71","2.65","2.65","-","0.17","2.58","250","2.60","10","188.00",
="083605","臺股指元大4C購23","0","0","0","--","--","--","--"," ","0.00","16.00","499","17.00","10","0.00",
="083606","臺股指元大4C購24","235,000","14","932,970","4.07","4.13","3.78","3.86","-","0.47","3.83","100","3.84","10","0.00",
="083607","臺股指元大4C購25","4,000","2","13,260","3.39","3.39","3.24","3.24","X","0.00","3.21","100","3.22","10","0.00",
="083609","臺股指元大4C購26","0","0","0","--","--","--","--"," ","0.00","1.95","499","2.02","10","0.00",
="08360P","貿聯群益4C售03","0","0","0","--","--","--","--"," ","0.00","--","0","0.31","197","0.00",
="083611","台光電台新4C購03","7,000","1","119,000","17.00","17.00","17.00","17.00","-","1.70","17.40","10","17.80","10","0.00",
="083612","華城國泰51購01","0","0","0","--","--","--","--"," ","0.00","5.90","499","--","0","618.00",
="083613","台積電國泰51購06","0","0","0","--","--","--","--"," ","0.00","2.82","499","2.89","200","1,160.00",
="083614","台積電國泰51購07","1,000","1","3,140","3.14","3.14","3.14","3.14","X","0.00","2.91","200","2.99","200","1,160.00",
="083616","智邦國泰51購01","14,000","3","57,110","3.98","4.19","3.98","4.19","+","0.14","4.02","499","4.05","100","984.00",
="083617","華擎國泰51購01","0","0","0","--","--","--","--"," ","0.00","3.60","499","3.68","100","281.00",
="083618","日月光統一49購01","0","0","0","--","--","--","--"," ","0.00","--","0","0.01","38","147.50",
="083619","華城兆豐53購01","0","0","0","--","--","--","--"," ","0.00","2.51","10","2.52","10","618.00",
="08361P","臺股指群益51售03","0","0","0","--","--","--","--"," ","0.00","0.30","499","0.31","499","0.00",
="083620","台光電兆豐4C購01","0","0","0","--","--","--","--"," ","0.00","2.98","10","2.99","10","1,250.00",
="083621","健策兆豐53購01","0","0","0","--","--","--","--"," ","0.00","2.19","10","2.20","10","1,905.00",
="083622","台表科兆豐56購01","204,000","10","200,920","0.97","1.02","0.96","1.02","+","0.09","0.98","10","0.99","10","107.50",
="083623","AES兆豐53購01","0","0","0","--","--","--","--"," ","0.00","--","0","--","0","1,350.00",
="083624","台玻統一56購01","0","0","0","--","--","--","--"," ","0.00","--","0","--","0","34.55",
="083625","金像電統一56購03","21,000","3","51,330","2.44","2.53","2.44","2.53","+","0.03","2.51","10","2.53","9","486.00",
="083626","台光電統一56購03","181,000","6","277,350","1.56","1.56","1.52","1.52","-","0.03","1.48","10","1.49","10","1,250.00",
="083627","台光電統一5C購01","633,000","15","600,840","0.96","0.96","0.91","0.94","-","0.03","0.94","10","0.95","10","1,250.00",
="083628","全新統一54購02","48,000","4","69,050","1.40","1.45","1.35","1.35","-","0.13","1.34","10","1.36","10","153.50",
="083629","志聖統一56購01","137,000","17","155,840","1.10","1.20","1.04","1.04","+","0.03","1.01","10","1.02","10","201.50",
="08362P","臺股指群益51售04","0","0","0","--","--","--","--"," ","0.00","0.28","499","0.29","499","0.00",
="083630","大立光統一54購01","147,000","3","114,330","0.78","0.78","0.77","0.77","-","0.02","0.76","12","0.77","10","2,395.00",
="083631","健鼎統一54購01","5,000","1","16,400","3.28","3.28","3.28","3.28","-","0.11","3.17","10","3.20","10","318.00",
="083632","玉晶光統一56購03","517,000","15","489,750","0.94","0.98","0.93","0.97","+","0.01","0.95","10","0.96","10","461.50",
="083633","貿聯統一54購01","0","0","0","--","--","--","--"," ","0.00","3.40","10","3.50","10","981.00",
="083634","神達統一52購04","81,000","10","439,000","5.25","5.65","5.25","5.25","+","0.60","5.35","10","5.40","10","95.90",
="083635","達興統一56購02","333,000","11","447,500","1.33","1.38","1.26","1.37","-","0.01","1.33","10","1.34","10","387.00",
="083636","矽力統一56購01","0","0","0","--","--","--","--"," ","0.00","0.33","10","0.34","10","317.00",
="083637","矽力統一56購02","0","0","0","--","--","--","--"," ","0.00","0.34","10","0.35","10","317.00",
="083638","訊芯統一56購01","15,000","1","14,100","0.94","0.94","0.94","0.94","-","0.06","0.90","10","0.91","10","165.00",
="083639","愛普統一56購01","0","0","0","--","--","--","--"," ","0.00","0.49","10","0.50","10","305.50",
="08363P","緯穎永豐4A售03","0","0","0","--","--","--","--"," ","0.00","--","0","0.03","10","0.00",
="083640","晶心科統一56購01","27,000","1","15,120","0.56","0.56","0.56","0.56"," ","0.00","0.54","10","0.55","10","283.00",
="083641","富世達統一54購05","0","0","0","--","--","--","--"," ","0.00","1.96","10","1.99","10","1,145.00",
="083642","勤誠統一5C購01","8,000","1","14,800","1.85","1.85","1.85","1.85"," ","0.00","1.80","10","1.82","10","613.00",
="083643","T50反1中信53購02","60,000","2","42,600","0.71","0.71","0.71","0.71","+","0.02","0.72","499","0.73","100","0.00",
="083644","信錦中信4C購01","231,000","7","100,420","0.42","0.47","0.42","0.47","+","0.07","0.45","10","0.46","10","0.00",
="083645","佳能中信51購01","110,000","13","175,170","1.55","1.65","1.55","1.57","-","0.05","1.57","100","1.58","10","0.00",
="083646","台光電中信4C購01","116,000","7","255,830","2.10","2.31","2.05","2.25","-","0.18","2.17","10","2.25","10","0.00",
="083647","緯穎中信51購01","0","0","0","--","--","--","--"," ","0.00","1.16","499","--","0","0.00",
="083648","雲豹中信51購01","100,000","1","14,000","0.14","0.14","0.14","0.14","X","0.00","0.13","10","0.14","10","0.00",
="083649","泓德中信4C購01","0","0","0","--","--","--","--"," ","0.00","0.06","499","0.07","10","0.00",
="08364P","臺股指富邦4B售06","0","0","0","--","--","--","--"," ","0.00","0.08","499","0.09","100","0.00",
="083650","T50正2群益51購03","0","0","0","--","--","--","--"," ","0.00","2.69","25","2.70","10","259.40",
="083651","T50反1群益4C購07","195,000","5","117,000","0.58","0.63","0.58","0.63","+","0.05","0.61","499","0.71","10","19.79",
="083652","台泥群益52購02","4,000","1","4,320","1.08","1.08","1.08","1.08","-","0.04","1.07","100","1.08","100","22.80",
="083653","中砂群益4C購05","7,000","3","10,180","1.40","1.51","1.40","1.51","+","0.20","0.34","29","--","0","347.00",
="083654","大成鋼群益4C購03","3,000","1","5,820","1.94","1.94","1.94","1.94","-","0.15","0.57","17","--","0","38.60",
="083655","國巨群益52購02","40,000","1","156,000","3.90","3.90","3.90","3.90","+","0.03","3.85","100","3.92","100","137.00",
="083656","台積電群益56購01","50,000","2","106,500","2.13","2.13","2.13","2.13","-","0.15","0.04","250","--","0","1,160.00",
="083657","金像電群益51購04","0","0","0","--","--","--","--"," ","0.00","--","0","7.20","10","486.00",
="083658","大立光群益4C購05","0","0","0","--","--","--","--"," ","0.00","0.62","10","0.72","10","2,395.00",
="083659","奇鋐群益4C購02","47,000","5","91,510","2.11","2.11","1.93","1.93","-","0.28","0.73","13","--","0","1,015.00",
="08365P","臺股指富邦54售03","0","0","0","--","--","--","--"," ","0.00","0.08","499","0.09","100","0.00",
="083660","日電貿群益4C購01","5,000","1","2,450","0.49","0.49","0.49","0.49","+","0.01","0.47","25","0.48","10","70.50",
="083661","緯創群益4C購01","0","0","0","--","--","--","--"," ","0.00","--","0","--","0","115.00",
="083662","嘉澤群益4C購04","209,000","8","248,790","1.13","1.21","1.13","1.19","-","0.04","0.37","135","--","0","1,465.00",
="083663","牧德群益4C購04","582,000","32","776,210","1.38","1.42","1.25","1.42","+","0.26","1.50","100","1.51","100","594.00",
="083664","達興群益51購02","25,000","10","99,160","3.93","4.18","3.73","4.08","+","0.43","3.80","10","3.90","10","387.00",
="083665","jpp群益51購02","0","0","0","--","--","--","--"," ","0.00","1.54","6","--","0","276.00",
="083666","中磊群益51購01","97,000","2","65,450","0.68","0.68","0.67","0.67","-","0.02","0.65","100","0.67","100","105.50",
="083667","訊芯群益4C購04","0","0","0","--","--","--","--"," ","0.00","--","0","1.71","10","165.00",
="083668","穎崴群益54購01","71,000","3","52,040","0.74","0.75","0.69","0.75","-","0.05","0.43","23","--","0","1,250.00",
="083669","緯穎群益4C購04","0","0","0","--","--","--","--"," ","0.00","3.99","10","4.09","10","2,975.00",
="08366P","台灣50元富4A售19","0","0","0","--","--","--","--"," ","0.00","0.04","25","0.10","10","0.00",
="083670","鈺齊群益4C購01","0","0","0","--","--","--","--"," ","0.00","0.15","20","1.00","20","106.50",
="083671","世紀鋼群益4C購07","0","0","0","--","--","--","--"," ","0.00","0.34","10","0.44","10","188.00",
="083672","T50反1永豐52購01","0","0","0","--","--","--","--"," ","0.00","0.26","499","0.27","10","19.79",
="083673","台積電永豐66購01","0","0","0","--","--","--","--"," ","0.00","1.98","10","2.08","10","1,160.00",
="083674","智邦永豐4C購02","0","0","0","--","--","--","--"," ","0.00","2.16","499","2.20","10","984.00",
="083675","聯發科永豐52購02","62,000","3","91,100","1.51","1.51","1.46","1.46","X","0.00","1.46","10","1.56","10","1,385.00",
="083676","長榮永豐4C購04","61,000","1","26,230","0.43","0.43","0.43","0.43","-","0.03","0.44","10","0.45","10","188.00",
="083677","奇鋐永豐56購02","62,000","8","610,550","9.85","9.95","9.40","9.40","-","1.10","9.60","10","9.65","10","1,015.00",
="083678","欣興永豐4C購03","0","0","0","--","--","--","--"," ","0.00","1.65","499","1.69","10","150.00",
="083679","欣興永豐51購01","0","0","0","--","--","--","--"," ","0.00","1.83","10","2.48","25","150.00",
="08367P","台灣50元富4A售20","0","0","0","--","--","--","--"," ","0.00","0.06","25","0.10","10","0.00",
="083680","辛耘永豐52購02","673,000","20","2,744,450","3.97","4.19","3.73","4.19","+","0.32","4.22","10","4.25","10","393.50",
="083681","智易永豐54購01","5,000","1","9,200","1.84","1.84","1.84","1.84","-","0.14","1.71","10","1.74","10","236.00",
="083682","富世達永豐51購01","0","0","0","--","--","--","--"," ","0.00","3.83","499","--","0","1,145.00",
="083683","勤誠永豐53購01","0","0","0","--","--","--","--"," ","0.00","6.45","499","6.95","10","613.00",
="083684","世紀鋼永豐52購03","0","0","0","--","--","--","--"," ","0.00","0.33","10","0.34","10","188.00",
="083685","元日2X富邦53購02","0","0","0","--","--","--","--"," ","0.00","0.36","100","0.37","100","0.00",
="083686","台塑富邦51購01","505,000","6","550,500","1.10","1.10","1.06","1.10","-","0.20","1.03","5","1.07","10","0.00",
="083687","華新富邦52購01","235,000","14","215,210","0.88","0.94","0.88","0.94","+","0.04","0.91","30","0.92","10","0.00",
="083688","凱基金富邦53購01","35,000","1","21,000","0.60","0.60","0.60","0.60","X","0.00","0.59","10","0.60","10","0.00",
="083689","智原富邦4C購02","20,000","1","5,600","0.28","0.28","0.28","0.28"," ","0.00","0.28","30","0.29","10","0.00",
="08368P","FBNQ2X元富4A售03","0","0","0","--","--","--","--"," ","0.00","--","0","0.10","25","0.00",
="083690","辛耘富邦4C購02","5,000","1","9,350","1.87","1.87","1.87","1.87","X","0.00","1.83","30","1.87","10","0.00",
="083691","勤誠富邦4C購01","0","0","0","--","--","--","--"," ","0.00","3.67","30","3.77","10","0.00",
="083692","勤誠富邦52購01","0","0","0","--","--","--","--"," ","0.00","2.68","30","2.74","10","0.00",
="083693","T50反1元富4C購08","0","0","0","--","--","--","--"," ","0.00","0.11","25","0.21","25","19.79",
="083694","S&P反1元富4C購01","0","0","0","--","--","--","--"," ","0.00","0.35","25","0.36","25","4.56",
="083695","國企2X元富4C購01","19,000","6","28,840","1.57","1.57","1.48","1.48","-","0.38","1.47","25","1.48","18","10.70",
="083696","FBNQ2X元富4C購03","0","0","0","--","--","--","--"," ","0.00","2.21","25","2.22","25","144.85",
="083697","元油反元富4C購02","0","0","0","--","--","--","--"," ","0.00","0.29","25","0.30","25","6.68",
="083698","美債2X元富56購01","0","0","0","--","--","--","--"," ","0.00","1.01","25","1.02","25","7.03",
="083699","元日2X元富56購01","0","0","0","--","--","--","--"," ","0.00","0.43","25","0.44","25","5.97",
="08369P","台積電元富4A售32","0","0","0","--","--","--","--"," ","0.00","--","0","0.01","455","0.00",
="083700","SGBR2X元富4C購03","0","0","0","--","--","--","--"," ","0.00","2.13","25","2.14","25","11.25",
="083701","中502X元富4C購01","0","0","0","--","--","--","--"," ","0.00","2.01","25","2.11","10","11.76",
="083702","台玻元富4C購02","0","0","0","--","--","--","--"," ","0.00","--","0","--","0","34.55",
="083703","台積電元富4C購06","0","0","0","--","--","--","--"," ","0.00","1.47","25","1.57","10","1,160.00",
="083704","台積電元富4C購07","0","0","0","--","--","--","--"," ","0.00","8.45","25","8.95","10","1,160.00",
="083705","台積電元富4C購08","0","0","0","--","--","--","--"," ","0.00","1.81","25","1.91","10","1,160.00",
="083706","台積電元富4C購09","0","0","0","--","--","--","--"," ","0.00","1.17","25","1.27","10","1,160.00",
="083707","台積電元富4C購10","45,000","1","670,500","14.90","14.90","14.90","14.90","-","1.60","13.20","25","14.20","10","1,160.00",
="083708","台積電元富66購01","0","0","0","--","--","--","--"," ","0.00","2.72","25","2.82","10","1,160.00",
="083709","華邦電元富51購02","54,000","6","62,360","1.14","1.23","1.13","1.13","-","0.08","1.12","25","1.13","25","19.60",
="08370P","台積電元富54售07","0","0","0","--","--","--","--"," ","0.00","0.08","25","0.10","10","0.00",
="083710","台光電元富51購03","180,000","5","1,343,350","7.95","8.00","7.45","8.00","-","0.25","7.85","25","8.35","10","1,250.00",
="083711","台光電元富51購04","37,000","4","194,100","5.25","5.25","5.10","5.10","-","0.50","5.10","25","5.15","25","1,250.00",
="083712","聯發科元富51購08","0","0","0","--","--","--","--"," ","0.00","3.20","25","3.30","10","1,385.00",
="083713","聯發科元富51購09","0","0","0","--","--","--","--"," ","0.00","2.18","25","2.28","10","1,385.00",
="083714","長榮元富4C購03","60,000","3","155,900","2.57","2.62","2.57","2.62","+","0.22","2.41","25","2.51","10","188.00",
="083715","奇鋐元富51購05","0","0","0","--","--","--","--"," ","0.00","10.40","25","11.40","25","1,015.00",
="083716","嘉澤元富51購03","186,000","10","327,570","1.72","1.87","1.72","1.84","-","0.02","1.75","25","1.85","10","1,465.00",
="083717","健策元富4C購01","2,000","1","4,320","2.16","2.16","2.16","2.16","X","0.00","2.25","25","--","0","1,905.00",
="083718","健策元富4C購02","47,000","6","82,050","1.71","1.82","1.69","1.76","-","0.15","1.78","25","1.80","25","1,905.00",
="083719","達興元富4C購02","19,000","4","118,350","5.75","6.35","5.75","6.35","+","0.70","6.00","25","6.10","25","387.00",
="08371P","華碩元富4A售01","0","0","0","--","--","--","--"," ","0.00","0.09","25","0.10","25","0.00",
="083720","AES元富51購01","51,000","2","162,540","3.14","3.24","3.14","3.24","+","0.42","3.30","25","3.40","25","1,350.00",
="083721","雲豹元富4C購01","0","0","0","--","--","--","--"," ","0.00","0.23","25","0.24","25","130.50",
="083722","T50反1國票4C購03","0","0","0","--","--","--","--"," ","0.00","0.41","25","0.42","10","19.79",
="083723","T50反1國票52購01","0","0","0","--","--","--","--"," ","0.00","0.72","25","0.73","10","19.79",
="083724","T50反1國票56購01","300,000","1","219,000","0.73","0.73","0.73","0.73","X","0.00","0.75","25","0.85","10","19.79",
="083725","道瓊反國票56購01","0","0","0","--","--","--","--"," ","0.00","0.26","25","0.27","10","5.93",
="083726","元油反國票51購01","0","0","0","--","--","--","--"," ","0.00","0.50","25","0.51","10","6.68",
="083727","元債2X國票53購01","2,000","2","1,970","0.98","0.99","0.98","0.99","+","0.02","0.99","25","1.00","25","7.05",
="083728","佳能國票51購01","2,000","2","11,000","5.50","5.50","5.50","5.50","-","0.20","5.60","25","5.65","10","80.80",
="083729","台光電國票51購03","1,000","1","8,000","8.00","8.00","8.00","8.00","+","0.15","8.15","25","8.25","10","1,250.00",
="08372P","緯創元富4A售04","0","0","0","--","--","--","--"," ","0.00","0.07","25","0.10","10","0.00",
="083730","偉詮電國票51購01","33,000","3","32,280","0.98","0.98","0.96","0.96","-","0.01","0.95","25","0.97","10","49.95",
="083731","志聖國票51購02","339,000","42","791,070","2.10","2.56","2.04","2.04","-","0.01","2.03","25","2.05","10","201.50",
="083732","可成國票4C購01","0","0","0","--","--","--","--"," ","0.00","0.58","25","0.59","10","190.00",
="083734","台積電凱基49購02","27,000","1","14,310","0.53","0.53","0.53","0.53","X","0.00","0.47","100","0.57","10","1,160.00",
="083735","偉訓國票4C購01","0","0","0","--","--","--","--"," ","0.00","7.30","25","7.60","10","110.00",
="083736","融程電國票51購01","392,000","91","1,262,080","3.09","4.99","2.90","2.91","-","0.55","2.90","5","2.91","10","189.00",
="083737","貿聯國票51購03","199,000","24","1,868,050","8.30","9.50","8.30","9.45","+","1.40","8.75","25","8.80","10","981.00",
="083738","神達國票52購01","0","0","0","--","--","--","--"," ","0.00","8.75","25","9.25","10","95.90",
="083739","訊連國票51購01","0","0","0","--","--","--","--"," ","0.00","0.49","25","0.50","10","97.70",
="08373P","新日興元富4A售01","0","0","0","--","--","--","--"," ","0.00","--","0","0.10","10","0.00",
="083740","邁達特國票52購01","11,000","1","22,000","2.00","2.00","2.00","2.00","-","0.11","2.00","25","2.01","10","55.50",
="083741","鈺邦國票51購01","0","0","0","--","--","--","--"," ","0.00","4.05","25","4.11","10","178.00",
="083742","洋基國票51購01","4,000","3","26,950","6.70","6.90","6.65","6.90","-","0.90","6.45","25","6.50","10","476.00",
="083743","泓德國票52購01","0","0","0","--","--","--","--"," ","0.00","0.31","25","0.32","10","160.00",
="083744","來億國票51購01","113,000","9","105,340","0.91","0.96","0.91","0.91","+","0.14","0.87","25","0.88","10","243.50",
="083745","ITH國票51購01","0","0","0","--","--","--","--"," ","0.00","0.21","25","0.22","10","45.10",
="083746","T50反1凱基4C購06","0","0","0","--","--","--","--"," ","0.00","0.39","100","0.40","10","19.79",
="083747","台光電凱基4C購05","128,000","10","281,680","2.28","2.28","2.11","2.24","-","0.21","2.20","46","2.30","10","1,250.00",
="083748","台光電凱基4C購07","0","0","0","--","--","--","--"," ","0.00","3.74","100","3.84","10","1,250.00",
="083749","聯發科凱基51購07","50,000","2","40,500","0.80","0.85","0.80","0.85"," ","0.00","0.80","100","0.81","10","1,385.00",
="08374P","創意元富4A售02","0","0","0","--","--","--","--"," ","0.00","--","0","--","0","0.00",
="083750","可成凱基4C購02","100,000","3","58,670","0.59","0.59","0.58","0.58","-","0.02","0.13","76","0.57","10","190.00",
="083751","亞光凱基51購03","0","0","0","--","--","--","--"," ","0.00","1.77","100","--","0","164.00",
="083752","亞光凱基51購04","0","0","0","--","--","--","--"," ","0.00","1.83","100","--","0","164.00",
="083753","日電貿凱基4C購01","69,000","4","60,040","0.87","0.88","0.87","0.87"," ","0.00","0.84","10","0.85","10","70.50",
="083754","緯創凱基4C購06","456,000","7","353,560","0.76","0.81","0.76","0.81","+","0.01","0.80","100","0.82","10","115.00",
="083755","辛耘凱基4C購01","334,000","28","871,340","2.57","2.78","2.30","2.75","+","0.29","2.77","37","2.79","10","393.50",
="083756","神達凱基55購01","2,000","2","13,300","6.70","6.70","6.60","6.60","+","0.75","6.70","50","7.20","10","95.90",
="083757","達興凱基4C購01","18,000","7","107,650","5.45","6.15","5.45","5.90","+","0.75","5.60","100","5.65","10","387.00",
="083758","昇陽半凱基4C購04","131,000","13","183,060","1.32","1.48","1.30","1.35","+","0.03","1.38","100","1.41","10","152.50",
="083759","振樺電凱基4C購01","257,000","14","382,740","1.48","1.52","1.39","1.39","-","0.01","1.30","100","1.31","10","270.00",
="08375P","神達元富4A售03","0","0","0","--","--","--","--"," ","0.00","--","0","0.10","25","0.00",
="083760","勤誠凱基4C購03","13,000","3","115,650","8.85","8.90","8.85","8.90","-","0.05","8.65","10","9.15","10","613.00",
="083761","臺股指凱基4C購22","0","0","0","--","--","--","--"," ","0.00","5.10","10","5.15","10","0.00",
="083762","道瓊2X元大51購01","0","0","0","--","--","--","--"," ","0.00","0.86","250","0.87","100","27.67",
="083763","統一元大4C購02","0","0","0","--","--","--","--"," ","0.00","0.52","499","0.53","10","77.70",
="083764","美時元大4C購01","0","0","0","--","--","--","--"," ","0.00","0.11","499","0.12","10","193.50",
="083765","金寶元大4C購01","90,000","4","24,700","0.25","0.29","0.25","0.26"," ","0.00","0.26","25","0.27","10","19.05",
="083766","智邦元大4C購05","29,000","6","113,990","3.89","3.98","3.81","3.98","+","0.02","3.81","200","3.84","10","984.00",
="083767","鴻準元大4C購04","21,000","3","43,190","2.05","2.06","2.05","2.06","+","0.04","1.94","400","1.97","10","71.70",
="083768","金像電元大4C購10","2,000","2","16,600","8.15","8.45","8.15","8.45","X","0.00","8.55","100","8.70","10","486.00",
="083769","金像電元大54購01","26,000","3","166,000","6.05","6.40","6.05","6.40","+","0.30","6.40","100","6.45","10","486.00",
="08376P","中華國票4B售01","20,000","1","10,400","0.52","0.52","0.52","0.52","-","0.08","0.56","25","0.57","10","0.00",
="083770","台光電元大4C購16","113,000","7","561,680","5.15","5.15","4.92","5.15"," ","0.00","4.86","5","--","0","1,250.00",
="083771","台光電元大54購01","290,000","6","425,570","1.50","1.51","1.45","1.47","-","0.13","1.47","2","1.75","5","1,250.00",
="083772","偉詮電元大4C購01","50,000","2","25,000","0.50","0.50","0.50","0.50"," ","0.00","0.48","18","0.49","10","49.95",
="083773","聯發科元大51購25","8,000","4","7,760","0.96","0.99","0.96","0.97","-","0.02","0.09","111","--","0","1,385.00",
="083774","聯發科元大54購03","5,000","2","5,620","1.10","1.14","1.10","1.14","-","0.02","0.09","111","--","0","1,385.00",
="083775","雄獅元大4C購02","603,000","8","263,520","0.41","0.46","0.41","0.45","+","0.05","0.44","499","0.45","6","159.00",
="083776","奇鋐元大51購09","0","0","0","--","--","--","--"," ","0.00","6.15","100","6.30","10","1,015.00",
="083777","奇鋐元大54購06","358,000","7","563,680","1.62","1.62","1.47","1.51","-","0.18","1.53","450","1.57","10","1,015.00",
="083778","亞光元大4C購05","42,000","5","78,330","1.85","1.91","1.85","1.85","-","0.05","1.77","25","1.81","10","164.00",
="083779","緯創元大4C購08","0","0","0","--","--","--","--"," ","0.00","0.01","499","--","0","115.00",
="08377P","英業達國票4B售01","0","0","0","--","--","--","--"," ","0.00","0.29","25","0.30","10","0.00",
="083780","緯創元大51購03","0","0","0","--","--","--","--"," ","0.00","0.40","499","--","0","115.00",
="083781","群創元大4C購04","25,000","1","21,500","0.86","0.86","0.86","0.86","+","0.14","1.01","499","1.04","10","14.15",
="083782","牧德元大4C購02","1,422,000","30","1,855,970","1.28","1.40","1.26","1.39","+","0.20","1.47","499","1.49","10","594.00",
="083783","貿聯元大51購04","476,000","42","2,929,150","5.45","6.35","5.45","6.30","+","0.85","5.90","150","6.00","10","981.00",
="083784","神達元大4C購09","43,000","12","434,000","10.30","10.50","9.80","10.30","+","2.45","10.50","100","10.60","10","95.90",
="083785","日月光元大4C購02","0","0","0","--","--","--","--"," ","0.00","0.51","499","0.52","10","147.50",
="083786","jpp元大4C購02","61,000","5","188,710","3.02","3.11","3.00","3.00","+","0.06","3.11","25","3.15","10","276.00",
="083787","迎廣元大4C購01","0","0","0","--","--","--","--"," ","0.00","0.43","499","0.44","10","94.00",
="083788","聯茂元大4C購05","0","0","0","--","--","--","--"," ","0.00","6.65","25","--","0","125.00",
="083789","迅得元大4C購02","59,000","7","57,110","0.89","0.99","0.89","0.98","+","0.06","0.95","499","0.96","10","193.50",
="08378P","漢唐國票4B售03","0","0","0","--","--","--","--"," ","0.00","--","0","0.10","209","0.00",
="083790","穎崴元大54購02","243,000","23","203,160","0.76","0.85","0.76","0.85","+","0.04","0.48","104","--","0","1,250.00",
="083791","緯穎元大51購09","7,000","3","7,970","1.15","1.16","1.10","1.10","-","0.02","1.09","25","1.11","10","2,975.00",
="083792","復盛元大4C購01","142,000","2","132,060","0.93","0.93","0.93","0.93","+","0.01","0.90","499","0.93","10","265.50",
="083793","ITH元大4C購06","0","0","0","--","--","--","--"," ","0.00","0.27","499","0.28","10","45.10",
="083794","世紀鋼元大4C購03","191,000","7","65,660","0.35","0.35","0.34","0.34","-","0.03","0.32","499","0.33","10","188.00",
="083795","元大金中信4C購01","155,000","3","86,300","0.51","0.56","0.51","0.56","+","0.01","0.53","10","0.55","10","0.00",
="083796","富世達中信4C購02","30,000","3","51,700","1.69","1.79","1.69","1.79","-","0.15","1.73","10","1.79","10","0.00",
="083797","台達電永豐4C購01","0","0","0","--","--","--","--"," ","0.00","9.00","10","9.50","10","709.00",
="083798","華邦電永豐4C購02","35,000","3","49,950","1.42","1.45","1.40","1.40","-","0.08","1.38","10","1.40","10","19.60",
="083799","漢唐永豐51購03","0","0","0","--","--","--","--"," ","0.00","11.00","499","11.60","10","1,190.00",
="08379P","長榮國票4B售05","9,000","4","5,540","0.63","0.63","0.60","0.63","-","0.02","0.63","25","0.64","13","0.00",
="083800","全新永豐4C購02","0","0","0","--","--","--","--"," ","0.00","1.88","499","1.93","10","153.50",
="083801","萬海永豐4C購04","0","0","0","--","--","--","--"," ","0.00","0.43","10","0.44","10","84.10",
="083802","國泰金永豐51購01","0","0","0","--","--","--","--"," ","0.00","1.04","499","1.05","10","62.30",
="083803","健策永豐52購03","0","0","0","--","--","--","--"," ","0.00","2.11","499","2.18","10","1,905.00",
="083804","訊芯永豐51購03","20,000","2","35,200","1.78","1.78","1.74","1.74","-","0.22","1.68","10","1.71","10","165.00",
="083805","富世達永豐52購02","0","0","0","--","--","--","--"," ","0.00","2.96","499","3.06","10","1,145.00",
="083806","昇陽半永豐4C購01","102,000","4","85,950","0.80","0.85","0.80","0.85","+","0.07","0.81","499","0.82","10","152.50",
="083807","世紀鋼永豐56購01","10,000","1","8,800","0.88","0.88","0.88","0.88","-","0.04","0.87","499","0.88","10","188.00",
="083808","華新統一56購01","93,000","4","70,980","0.76","0.78","0.76","0.78"," ","0.00","0.76","10","0.77","10","23.35",
="083809","台玻統一56購02","0","0","0","--","--","--","--"," ","0.00","2.96","10","2.97","10","34.55",
="08380P","牧德國票4B售01","0","0","0","--","--","--","--"," ","0.00","0.01","524","0.05","10","0.00",
="083810","第一銅統一56購01","18,000","1","14,580","0.81","0.81","0.81","0.81","-","0.01","0.82","10","0.83","10","34.50",
="083811","聯電統一56購01","0","0","0","--","--","--","--"," ","0.00","0.39","10","0.40","10","40.60",
="083812","智邦統一54購02","582,000","12","588,260","1.00","1.03","1.00","1.00","-","0.01","0.99","13","1.00","10","984.00",
="083813","佳能統一54購01","13,000","1","35,230","2.71","2.71","2.71","2.71","-","0.19","2.62","10","2.64","10","80.80",
="083814","台光電統一56購04","101,000","2","140,580","1.41","1.41","1.38","1.38","-","0.03","1.35","12","1.38","10","1,250.00",
="083815","台光電統一56購05","0","0","0","--","--","--","--"," ","0.00","2.05","10","2.08","10","1,250.00",
="083816","台光電統一56購06","1,087,000","29","1,611,900","1.55","1.55","1.45","1.50","-","0.07","1.47","10","1.48","10","1,250.00",
="083817","漢唐統一55購03","0","0","0","--","--","--","--"," ","0.00","3.06","10","3.10","10","1,190.00",
="083818","漢唐統一56購01","30,000","1","132,900","4.43","4.43","4.43","4.43","-","0.09","4.50","10","4.55","10","1,190.00",
="083819","志聖統一54購03","164,000","28","284,270","1.70","1.94","1.64","1.64","-","0.01","1.57","10","1.58","10","201.50",
="08381P","精銳國票4B售02","12,000","1","720","0.06","0.06","0.06","0.06","X","0.00","0.05","25","0.06","10","0.00",
="083820","志聖統一55購03","224,000","21","267,570","1.17","1.29","1.10","1.10"," ","0.00","1.08","10","1.09","10","201.50",
="083821","景碩統一54購01","530,000","25","1,010,300","1.79","1.98","1.79","1.94","+","0.02","1.81","10","1.85","10","113.50",
="083822","緯創統一56購02","1,282,000","31","651,170","0.50","0.52","0.50","0.51"," ","0.00","0.51","10","0.52","10","115.00",
="083823","新日興統一56購02","40,000","6","77,150","1.77","2.08","1.77","2.08","+","0.33","2.11","10","2.13","10","259.00",
="083824","碩天統一56購01","95,000","2","42,750","0.45","0.45","0.45","0.45","-","0.02","0.44","10","0.45","10","225.50",
="083825","碩天統一56購02","0","0","0","--","--","--","--"," ","0.00","0.44","10","0.45","10","225.50",
="083826","碩天統一56購03","420,000","5","273,000","0.65","0.65","0.65","0.65","+","0.01","0.63","10","0.64","10","225.50",
="083827","碩天統一56購04","0","0","0","--","--","--","--"," ","0.00","0.47","10","0.48","10","225.50",
="083828","世芯統一56購03","8,000","2","11,260","1.41","1.41","1.39","1.39","-","0.04","1.38","100","1.39","100","4,000.00",
="083829","貿聯統一56購01","706,000","24","1,159,780","1.55","1.74","1.54","1.64","+","0.05","1.66","10","1.67","10","981.00",
="08382P","富世達國票4B售01","0","0","0","--","--","--","--"," ","0.00","--","0","--","0","0.00",
="083830","中磊統一56購01","149,000","4","90,890","0.61","0.61","0.61","0.61","-","0.01","0.60","15","0.61","10","105.50",
="083831","訊芯統一56購02","0","0","0","--","--","--","--"," ","0.00","0.81","10","0.82","10","165.00",
="083832","采鈺統一56購01","1,873,000","40","1,897,630","0.97","1.05","0.96","1.02","+","0.10","1.01","10","1.02","10","264.00",
="083833","富世達統一59購01","46,000","1","46,460","1.01","1.01","1.01","1.01","X","0.00","1.00","10","1.02","10","1,145.00",
="083834","振樺電統一56購02","0","0","0","--","--","--","--"," ","0.00","0.39","10","0.40","10","270.00",
="083835","勤誠統一55購02","1,000","1","2,020","2.02","2.02","2.02","2.02","X","0.00","2.01","10","2.05","10","613.00",
="083836","勤誠統一56購01","27,000","3","58,320","2.16","2.16","2.16","2.16","-","0.04","2.14","10","2.16","10","613.00",
="083837","美利達統一56購01","200,000","6","147,600","0.74","0.75","0.72","0.75","-","0.04","0.73","10","0.75","10","112.50",
="083838","華邦電群益4C購02","196,000","19","299,450","1.52","1.63","1.50","1.52","-","0.05","1.50","100","1.53","100","19.60",
="083839","海悅群益51購01","0","0","0","--","--","--","--"," ","0.00","0.28","10","0.38","10","84.50",
="08383P","台積電國泰51售02","0","0","0","--","--","--","--"," ","0.00","0.12","499","0.13","100","0.00",
="083840","金像電群益4C購05","0","0","0","--","--","--","--"," ","0.00","5.35","94","5.85","10","486.00",
="083841","技嘉群益51購01","2,000","2","2,220","1.12","1.12","1.10","1.10","X","0.00","0.29","7","--","0","281.00",
="083842","聯發科群益51購06","0","0","0","--","--","--","--"," ","0.00","0.12","2","--","0","1,385.00",
="083843","亞光群益4C購06","0","0","0","--","--","--","--"," ","0.00","--","0","1.86","10","164.00",
="083844","京鼎群益4C購01","0","0","0","--","--","--","--"," ","0.00","0.61","100","0.62","100","290.00",
="083845","嘉澤群益4C購05","164,000","5","112,030","0.63","0.71","0.63","0.71","+","0.01","0.19","52","--","0","1,465.00",
="083846","辛耘群益51購01","119,000","16","385,770","3.12","3.35","2.97","3.33","+","0.29","3.34","10","3.44","10","393.50",
="083847","海華群益51購01","25,000","4","118,550","4.61","4.86","4.61","4.86","+","0.22","5.15","10","5.65","10","100.00",
="083848","神達群益4C購02","0","0","0","--","--","--","--"," ","0.00","--","0","7.35","10","95.90",
="083849","精銳群益51購03","12,000","1","5,880","0.49","0.49","0.49","0.49","+","0.12","0.52","100","0.53","100","776.00",
="08384P","T50反1台新4A售04","0","0","0","--","--","--","--"," ","0.00","2.56","10","2.57","10","0.00",
="083850","瀚宇博群益51購01","190,000","18","510,670","2.92","2.95","2.57","2.57","-","0.18","2.58","10","2.68","10","81.70",
="083851","富世達群益52購02","0","0","0","--","--","--","--"," ","0.00","3.89","100","3.99","100","1,145.00",
="083852","鴻海國票49購01","3,000","1","32,100","10.70","10.70","10.70","10.70","X","0.00","11.00","25","12.00","10","206.00",
="083853","昇陽半群益4C購02","210,000","16","265,990","1.21","1.34","1.17","1.23","+","0.04","0.39","25","--","0","152.50",
="083854","勤誠群益52購01","0","0","0","--","--","--","--"," ","0.00","6.60","100","7.10","10","613.00",
="083855","臺股指群益54購13","7,000","1","18,620","2.66","2.66","2.66","2.66","-","0.07","2.62","499","2.63","499","0.00",
="083856","聯發科第一56購03","0","0","0","--","--","--","--"," ","0.00","0.93","10","0.94","10","0.00",
="083857","T50反1凱基55購01","0","0","0","--","--","--","--"," ","0.00","0.58","100","0.59","10","19.79",
="083858","道瓊銀凱基59購01","903,000","8","545,000","0.60","0.61","0.60","0.60","+","0.02","0.60","150","0.61","30","32.63",
="083859","光寶科凱基4C購02","7,000","1","10,570","1.51","1.51","1.51","1.51","-","0.02","1.38","100","1.48","10","130.00",
="08385P","國企2X凱基4B售03","0","0","0","--","--","--","--"," ","0.00","0.24","100","0.25","50","0.00",
="083860","金寶凱基4C購01","0","0","0","--","--","--","--"," ","0.00","0.40","100","0.50","10","19.05",
="083863","智邦凱基4C購05","0","0","0","--","--","--","--"," ","0.00","2.57","100","2.59","10","984.00",
="083864","鴻準凱基51購02","22,000","2","52,550","2.39","2.39","2.38","2.38","X","0.00","2.28","100","2.30","10","71.70",
="083865","金像電凱基54購01","0","0","0","--","--","--","--"," ","0.00","7.75","10","7.85","10","486.00",
="083866","微星凱基4C購02","2,000","2","1,280","0.64","0.64","0.64","0.64","X","0.00","0.61","100","0.62","10","136.50",
="083868","華通統一49購01","0","0","0","--","--","--","--"," ","0.00","--","0","0.01","17","79.30",
="083869","大立光凱基4C購05","0","0","0","--","--","--","--"," ","0.00","0.37","100","0.38","10","2,395.00",
="08386P","中鋼凱基4B售03","0","0","0","--","--","--","--"," ","0.00","0.32","10","0.33","10","0.00",
="083870","奇鋐凱基54購02","4,000","1","7,760","1.94","1.94","1.94","1.94","-","0.24","1.99","100","2.02","10","1,015.00",
="083871","嘉澤凱基4C購05","186,000","9","212,710","1.08","1.17","1.08","1.14","-","0.01","1.13","100","1.14","9","1,465.00",
="083872","牧德凱基4C購01","191,000","9","243,410","1.27","1.30","1.20","1.30","+","0.16","1.39","100","1.40","10","594.00",
="083873","貿聯凱基53購01","39,000","8","128,570","3.00","3.38","3.00","3.38","+","0.33","3.20","10","3.30","10","981.00",
="083874","精銳凱基4C購02","494,000","23","406,340","0.75","0.87","0.74","0.82","+","0.07","0.81","10","0.82","10","776.00",
="083875","聯茂凱基4C購03","0","0","0","--","--","--","--"," ","0.00","4.08","499","4.18","10","125.00",
="083876","迅得凱基4C購03","186,000","10","142,810","0.75","0.82","0.75","0.77","+","0.05","0.77","100","0.79","10","193.50",
="083878","鈺邦凱基4C購01","0","0","0","--","--","--","--"," ","0.00","4.43","10","4.53","10","178.00",
="083879","聯發科統一4B購01","0","0","0","--","--","--","--"," ","0.00","0.08","20","0.18","20","1,385.00",
="08387P","鴻海凱基4A售15","0","0","0","--","--","--","--"," ","0.00","0.02","100","0.12","10","0.00",
="083880","訊芯凱基4C購01","160,000","10","186,580","1.19","1.19","1.16","1.16","-","0.20","1.12","10","1.14","10","165.00",
="083881","穎崴凱基54購01","39,000","1","33,150","0.85","0.85","0.85","0.85","+","0.03","0.90","100","1.00","10","1,250.00",
="083882","泓德凱基4C購03","0","0","0","--","--","--","--"," ","0.00","0.16","10","0.17","30","160.00",
="083883","鈺齊凱基4C購01","88,000","7","83,120","0.91","0.95","0.91","0.94","X","0.00","0.93","100","0.94","10","106.50",
="083884","T50正2元富56購01","24,000","6","87,800","3.72","3.72","3.55","3.58","-","0.22","3.59","25","3.60","25","259.40",
="083885","日本2X元富4C購01","132,000","10","263,710","1.96","2.04","1.96","2.04","+","0.09","2.03","25","2.04","25","63.45",
="083886","群臺2X元富4C購01","0","0","0","--","--","--","--"," ","0.00","4.82","25","4.89","25","92.60",
="083887","永續息元富4C購01","10,000","1","7,500","0.75","0.75","0.75","0.75","X","0.00","0.74","25","0.75","25","20.42",
="083888","華通元富54購01","50,000","6","282,600","5.30","6.10","5.30","6.10","+","0.90","5.35","25","5.85","10","79.30",
="083889","技嘉元富51購04","58,000","4","136,020","2.35","2.35","2.31","2.31","-","0.03","2.23","25","2.33","10","281.00",
="08388P","英業達凱基4A售01","0","0","0","--","--","--","--"," ","0.00","0.60","10","0.61","30","0.00",
="083890","技嘉元富51購05","47,000","2","51,480","1.10","1.10","1.09","1.09","-","0.06","1.04","25","1.05","25","281.00",
="083891","漢唐元富4C購02","0","0","0","--","--","--","--"," ","0.00","11.00","25","12.00","25","1,190.00",
="083892","元大金元富4C購01","28,000","2","68,540","2.43","2.48","2.43","2.48","+","0.17","2.36","25","2.46","10","32.65",
="083893","欣興元富4C購04","7,000","1","112,000","16.00","16.00","16.00","16.00","-","1.10","16.00","25","16.30","25","150.00",
="083894","緯創元富4C購03","24,000","1","14,880","0.62","0.62","0.62","0.62","X","0.00","0.61","25","0.62","25","115.00",
="083895","新日興元富51購01","17,000","1","52,190","3.07","3.07","3.07","3.07","+","0.08","1.76","5","--","0","259.00",
="083896","玉晶光元富4C購02","16,000","1","42,880","2.68","2.68","2.68","2.68","-","0.04","0.75","66","--","0","461.50",
="083897","貿聯元富4C購02","11,000","8","202,500","17.10","19.20","17.10","18.40","+","1.00","18.20","25","18.60","25","981.00",
="083898","上品元富4C購01","40,000","2","81,000","2.06","2.06","1.99","1.99","-","0.10","1.95","30","2.00","15","284.00",
="083899","jpp元富4C購02","7,000","2","40,350","5.70","5.85","5.70","5.85","+","0.45","6.30","1","--","0","276.00",
="08389P","聯發科凱基4A售10","0","0","0","--","--","--","--"," ","0.00","0.10","10","0.11","30","0.00",
="083901","jpp元富56購01","1,129,000","27","7,078,400","6.25","6.40","5.90","6.20","+","0.40","3.42","2","--","0","276.00",
="083902","聯茂元富4C購01","191,000","13","463,480","2.43","2.47","2.34","2.43","-","0.15","2.26","10","--","0","125.00",
="083903","鈺邦元富53購01","0","0","0","--","--","--","--"," ","0.00","5.65","25","6.15","25","178.00",
="083905","鈺邦元富54購01","0","0","0","--","--","--","--"," ","0.00","3.20","25","3.30","25","178.00",
="083906","訊芯元富4C購01","30,000","1","55,200","1.84","1.84","1.84","1.84","-","0.23","1.83","25","1.86","25","165.00",
="083907","緯穎元富4C購03","29,000","13","244,600","8.75","8.80","8.30","8.30","-","0.25","8.25","25","8.30","25","2,975.00",
="083908","富世達元富4C購03","0","0","0","--","--","--","--"," ","0.00","24.30","25","25.30","25","1,145.00",
="083909","世紀鋼元富4C購03","51,000","1","41,820","0.82","0.82","0.82","0.82","-","0.08","0.76","25","0.77","25","188.00",
="08390P","萬海凱基4B售01","0","0","0","--","--","--","--"," ","0.00","0.18","10","0.19","50","0.00",
="083910","台達電兆豐51購01","0","0","0","--","--","--","--"," ","0.00","6.65","10","6.70","10","709.00",
="083911","大立光兆豐4C購01","0","0","0","--","--","--","--"," ","0.00","0.64","10","0.65","10","2,395.00",
="083912","玉晶光兆豐4C購01","96,000","5","178,860","1.88","1.88","1.85","1.85","-","0.05","1.87","10","1.88","10","461.50",
="083913","創意兆豐4C購01","196,000","15","261,080","1.29","1.37","1.29","1.37","+","0.10","1.37","1","1.38","10","1,350.00",
="083917","穎崴兆豐53購01","28,000","1","26,600","0.95","0.95","0.95","0.95","X","0.00","0.95","10","0.96","10","1,250.00",
="083918","富世達兆豐53購01","1,000","1","2,800","2.80","2.80","2.80","2.80","X","0.00","2.77","10","2.78","10","1,145.00",
="083919","T50反1國票52購02","0","0","0","--","--","--","--"," ","0.00","0.68","25","0.69","10","19.79",
="08391P","奇鋐凱基53售02","12,000","3","260","0.02","0.03","0.02","0.03","X","0.00","0.02","200","0.03","138","0.00",
="083920","S&P反1國票52購01","0","0","0","--","--","--","--"," ","0.00","0.22","25","0.23","10","4.56",
="083921","臺指反國票52購02","1,000","1","170","0.17","0.17","0.17","0.17","+","0.01","0.17","25","0.18","10","3.20",
="083922","美債2X國票56購01","0","0","0","--","--","--","--"," ","0.00","0.80","25","0.81","10","7.03",
="083923","FB越南國票51購01","8,000","5","26,000","3.25","3.25","3.25","3.25","-","0.08","3.28","25","3.30","10","16.09",
="083924","智邦國票51購03","1,000","1","4,320","4.32","4.32","4.32","4.32","X","0.00","4.10","25","4.11","10","984.00",
="083925","鴻準國票51購01","0","0","0","--","--","--","--"," ","0.00","2.75","25","2.77","10","71.70",
="083926","致茂國票51購01","1,000","1","8,850","8.85","8.85","8.85","8.85","+","0.10","8.90","25","9.05","10","556.00",
="083927","聯發科國票51購02","0","0","0","--","--","--","--"," ","0.00","1.07","25","1.11","10","1,385.00",
="083928","星宇國票51購01","0","0","0","--","--","--","--"," ","0.00","0.78","25","0.79","10","25.15",
="083929","凱基金國票53購01","0","0","0","--","--","--","--"," ","0.00","0.40","25","0.42","10","15.55",
="08392P","緯創凱基4B售01","0","0","0","--","--","--","--"," ","0.00","0.20","100","0.21","10","0.00",
="083930","玉山金國票51購01","0","0","0","--","--","--","--"," ","0.00","1.21","25","1.22","10","33.60",
="083931","晟銘電國票52購01","30,000","6","37,550","1.30","1.30","1.13","1.13","+","0.01","1.06","25","1.07","10","133.00",
="083932","奇鋐國票51購04","0","0","0","--","--","--","--"," ","0.00","6.60","25","6.85","10","1,015.00",
="083933","建漢國票51購01","0","0","0","--","--","--","--"," ","0.00","0.85","25","0.86","10","26.35",
="083934","景碩國票51購02","27,000","7","114,870","4.20","4.60","4.12","4.12","-","0.38","4.04","25","4.11","10","113.50",
="083935","健策國票53購01","27,000","3","68,060","2.54","2.58","2.46","2.46","-","0.39","2.70","25","2.77","10","1,905.00",
="083936","海華國票4C購01","0","0","0","--","--","--","--"," ","0.00","7.90","25","--","0","100.00",
="083937","致伸國票51購01","35,000","2","27,950","0.81","0.81","0.79","0.79","-","0.01","0.77","25","0.78","10","82.30",
="083938","達興國票4C購01","0","0","0","--","--","--","--"," ","0.00","5.95","25","6.15","10","387.00",
="083939","jpp國票51購03","524,000","23","2,161,830","3.92","4.21","3.86","4.11","+","0.39","4.04","25","4.06","10","276.00",
="08393P","緯穎凱基4A售11","0","0","0","--","--","--","--"," ","0.00","0.01","100","0.02","50","0.00",
="083940","jpp國票51購04","71,000","7","234,770","3.20","3.39","3.20","3.35","+","0.27","3.28","25","3.31","10","276.00",
="083941","飛捷國票52購01","8,000","1","3,360","0.42","0.42","0.42","0.42","X","0.00","0.41","25","0.42","10","112.50",
="083942","富世達國票51購03","2,000","1","18,500","9.25","9.25","9.25","9.25","-","0.60","9.50","25","9.80","10","1,145.00",
="083943","連加國票51購01","0","0","0","--","--","--","--"," ","0.00","0.72","25","0.73","10","615.00",
="083944","致新國票51購01","10,000","1","10,600","1.06","1.06","1.06","1.06","-","0.04","1.05","25","1.07","10","233.00",
="083945","晟銘電國泰51購01","24,000","1","59,040","2.46","2.46","2.46","2.46","+","0.32","2.03","499","2.06","200","133.00",
="083946","昇陽半國泰51購02","126,000","2","219,240","1.74","1.74","1.74","1.74","+","0.14","1.65","499","1.68","410","152.50",
="083947","滬深2X富邦53購01","0","0","0","--","--","--","--"," ","0.00","3.04","100","3.08","10","0.00",
="083948","士電富邦4C購01","0","0","0","--","--","--","--"," ","0.00","0.69","30","0.70","10","0.00",
="083949","金像電富邦51購02","0","0","0","--","--","--","--"," ","0.00","3.29","10","3.33","10","0.00",
="08394P","臺股指凱基51售07","0","0","0","--","--","--","--"," ","0.00","0.25","100","0.26","10","0.00",
="083950","萬海富邦52購01","0","0","0","--","--","--","--"," ","0.00","0.21","10","0.22","10","0.00",
="083951","碩天富邦4C購01","0","0","0","--","--","--","--"," ","0.00","0.35","30","0.36","10","0.00",
="083952","健策富邦52購01","627,000","53","1,196,420","1.95","2.02","1.86","2.02","-","0.25","2.02","10","2.03","10","0.00",
="083953","貿聯富邦52購02","0","0","0","--","--","--","--"," ","0.00","2.78","10","2.82","10","0.00",
="083954","精銳富邦4C購02","80,000","4","30,400","0.38","0.38","0.38","0.38","+","0.07","0.39","10","0.40","10","0.00",
="083955","聯茂富邦52購01","0","0","0","--","--","--","--"," ","0.00","2.34","10","2.44","10","0.00",
="083956","昇陽半富邦52購01","347,000","6","354,320","1.01","1.05","1.00","1.00","+","0.01","1.00","10","1.01","10","0.00",
="083957","士電元大4C購05","1,000","1","680","0.68","0.68","0.68","0.68","X","0.00","0.64","499","0.65","10","187.50",
="083958","中砂元大51購01","368,000","17","629,140","1.69","1.88","1.66","1.82","+","0.15","1.76","35","1.80","10","347.00",
="083959","中砂元大55購01","228,000","13","405,890","1.70","1.87","1.70","1.83","+","0.13","1.76","25","1.80","10","347.00",
="08395P","臺股指凱基53售04","0","0","0","--","--","--","--"," ","0.00","0.43","100","0.44","10","0.00",
="083960","中砂元大56購01","37,000","6","79,400","2.06","2.18","2.06","2.18","+","0.13","2.13","25","2.16","10","347.00",
="083961","美時元大4C購02","559,000","8","211,740","0.38","0.39","0.37","0.37","-","0.03","0.35","499","0.36","10","193.50",
="083962","大成鋼元大4C購06","0","0","0","--","--","--","--"," ","0.00","1.51","450","1.54","10","38.60",
="083963","鴻準元大4C購05","19,000","3","34,270","1.79","1.82","1.75","1.75","-","0.06","1.74","450","1.76","10","71.70",
="083964","金像電元大54購02","0","0","0","--","--","--","--"," ","0.00","2.71","300","3.00","60","486.00",
="083965","佳能元大4C購02","9,000","5","33,190","3.52","3.86","3.52","3.73","-","0.15","3.71","200","3.76","10","80.80",
="083966","佳能元大4C購03","0","0","0","--","--","--","--"," ","0.00","3.61","200","3.66","10","80.80",
="083967","技嘉元大4C購05","38,000","4","31,240","0.83","0.83","0.79","0.79","-","0.06","0.79","25","0.80","10","281.00",
="083968","台光電元大4C購17","0","0","0","--","--","--","--"," ","0.00","--","0","--","0","1,250.00",
="083969","全新元大4C購03","0","0","0","--","--","--","--"," ","0.00","1.64","400","1.68","10","153.50",
="08396P","臺股指凱基53售05","0","0","0","--","--","--","--"," ","0.00","0.50","100","0.51","10","0.00",
="083970","奇鋐元大4C購12","0","0","0","--","--","--","--"," ","0.00","2.73","250","2.80","10","1,015.00",
="083971","奇鋐元大4C購13","0","0","0","--","--","--","--"," ","0.00","2.08","350","2.14","10","1,015.00",
="083972","奇鋐元大51購10","3,000","1","5,940","1.98","1.98","1.98","1.98","-","0.21","2.02","300","2.07","10","1,015.00",
="083973","亞光元大51購01","608,000","11","669,740","1.12","1.21","1.08","1.08","-","0.05","1.06","25","1.10","10","164.00",
="083974","嘉澤元大51購06","134,000","8","982,550","7.15","7.70","7.05","7.70","+","0.20","7.60","100","7.80","10","1,465.00",
="083975","智易元大4C購02","0","0","0","--","--","--","--"," ","0.00","1.51","25","1.56","10","236.00",
="083976","貿聯元大4C購06","273,000","19","761,610","2.52","2.90","2.52","2.89","+","0.27","2.72","300","2.76","10","981.00",
="083977","神達元大51購06","0","0","0","--","--","--","--"," ","0.00","4.47","200","--","0","95.90",
="083978","精銳元大4C購04","51,000","2","28,560","0.56","0.56","0.56","0.56","+","0.13","0.58","499","0.59","10","776.00",
="083979","jpp元大4C購03","13,000","3","29,560","2.33","2.33","2.26","2.27","+","0.09","2.33","25","2.36","10","276.00",
="08397P","元金2X元大4B售02","386,000","15","177,570","0.46","0.47","0.46","0.46","-","0.05","0.45","331","0.46","250","0.00",
="083980","jpp元大4C購04","1,000","1","2,610","2.61","2.61","2.61","2.61","+","0.18","2.67","25","--","0","276.00",
="083981","jpp元大4C購05","87,000","17","194,050","2.10","2.29","2.10","2.26","+","0.21","2.26","14","2.30","14","276.00",
="083982","聯茂元大4C購06","59,000","8","126,450","2.19","2.20","2.00","2.00","-","0.20","2.00","13","2.20","469","125.00",
="083983","穎崴元大51購02","166,000","3","107,820","0.65","0.65","0.63","0.63"," ","0.00","0.09","111","--","0","1,250.00",
="083984","緯穎元大4C購19","55,000","7","141,350","2.58","2.59","2.51","2.51","-","0.02","2.45","25","2.49","10","2,975.00",
="083985","ITH元大4C購07","0","0","0","--","--","--","--"," ","0.00","0.32","499","0.33","10","45.10",
="083986","昇陽半元大4C購04","363,000","5","194,500","0.52","0.55","0.50","0.55","+","0.02","0.54","499","0.56","10","152.50",
="083987","世紀鋼元大51購02","298,000","2","89,400","0.30","0.30","0.30","0.30","-","0.03","0.29","499","0.30","10","188.00",
="083988","臺股指元大51購07","0","0","0","--","--","--","--"," ","0.00","2.07","499","2.08","10","0.00",
="083989","臺股指元大51購08","7,000","7","23,410","3.39","3.39","3.28","3.28","-","0.15","3.21","100","3.22","10","0.00",
="08398P","鴻海元大4A售33","0","0","0","--","--","--","--"," ","0.00","0.01","499","0.11","10","0.00",
="083990","臺股指元大55購02","0","0","0","--","--","--","--"," ","0.00","2.02","499","2.03","10","0.00",
="083991","臺指2X中信53購01","5,000","2","15,430","3.14","3.14","3.05","3.05","-","0.15","3.01","499","3.02","100","0.00",
="083992","華友聯中信4C購01","0","0","0","--","--","--","--"," ","0.00","0.18","499","0.19","10","0.00",
="083993","全新中信4C購01","77,000","9","76,550","0.99","1.03","0.96","1.02","-","0.02","0.92","10","0.93","10","0.00",
="083994","凱基金中信4C購01","0","0","0","--","--","--","--"," ","0.00","0.40","499","0.41","10","0.00",
="083995","健策中信4C購01","0","0","0","--","--","--","--"," ","0.00","1.07","10","--","0","0.00",
="083996","神達中信4C購01","118,000","14","358,830","2.94","3.21","2.94","3.08","+","0.42","3.12","10","3.15","10","0.00",
="083997","世紀鋼中信4C購01","25,000","2","12,200","0.50","0.50","0.48","0.48","-","0.03","0.45","10","0.46","10","0.00",
="083998","亞力永豐52購01","39,000","4","26,130","0.67","0.67","0.67","0.67","+","0.03","0.66","499","0.67","10","110.50",
="083999","鴻準永豐52購01","0","0","0","--","--","--","--"," ","0.00","2.53","10","2.55","10","71.70",
="08399P","鴻海元大4A售34","0","0","0","--","--","--","--"," ","0.00","0.02","499","0.11","10","0.00",
="084000","台光電永豐4C購02","0","0","0","--","--","--","--"," ","0.00","2.41","499","2.51","10","1,250.00",
="084001","毅嘉永豐4C購01","0","0","0","--","--","--","--"," ","0.00","7.90","499","--","0","60.80",
="084002","建準永豐51購01","0","0","0","--","--","--","--"," ","0.00","1.74","499","1.78","10","137.00",
="084003","亞光永豐52購03","0","0","0","--","--","--","--"," ","0.00","1.39","499","1.41","10","164.00",
="084004","嘉澤永豐52購01","25,000","1","26,000","1.04","1.04","1.04","1.04","+","0.03","1.01","499","1.03","10","1,465.00",
="084005","牧德永豐4C購03","155,000","9","98,220","0.56","0.69","0.56","0.69","+","0.10","0.68","10","0.69","10","594.00",
="084006","貿聯永豐4C購02","0","0","0","--","--","--","--"," ","0.00","6.10","499","6.25","10","981.00",
="084007","世紀鋼永豐52購04","94,000","5","54,310","0.61","0.61","0.56","0.56","-","0.09","0.58","10","0.59","10","188.00",
="084008","聯發科台新4C購02","0","0","0","--","--","--","--"," ","0.00","9.00","10","9.35","10","0.00",
="084009","奇鋐台新4C購02","0","0","0","--","--","--","--"," ","0.00","3.82","20","3.83","10","0.00",
="08400P","台積電元大4A售57","1,000","1","10","0.01","0.01","0.01","0.01","X","0.00","--","0","0.02","9","0.00",
="084010","富世達台新4C購01","0","0","0","--","--","--","--"," ","0.00","4.52","20","--","0","0.00",
="084011","華新統一56購02","294,000","8","189,400","0.63","0.67","0.63","0.67","+","0.03","0.65","10","0.66","10","23.35",
="084012","美時統一66購01","0","0","0","--","--","--","--"," ","0.00","0.51","10","0.52","10","193.50",
="084013","第一銅統一56購02","24,000","1","14,640","0.61","0.61","0.61","0.61","-","0.01","0.61","10","0.62","10","34.50",
="084014","台積電統一56購06","146,000","1","116,800","0.80","0.80","0.80","0.80","-","0.02","0.78","10","0.79","10","1,160.00",
="084015","漢唐統一56購02","0","0","0","--","--","--","--"," ","0.00","3.19","10","3.20","10","1,190.00",
="084016","聯發科統一56購05","55,000","1","34,100","0.62","0.62","0.62","0.62"," ","0.00","0.60","10","0.61","10","1,385.00",
="084017","全新統一54購03","432,000","21","519,930","1.22","1.25","1.18","1.25","-","0.03","1.18","10","1.19","10","153.50",
="084018","萬海統一56購03","10,000","1","2,900","0.29","0.29","0.29","0.29","X","0.00","0.28","10","0.29","10","84.10",
="084019","奇鋐統一56購01","75,000","4","86,800","1.19","1.19","1.15","1.18","-","0.11","1.20","10","1.21","10","1,015.00",
="08401P","台積電元大4A售58","0","0","0","--","--","--","--"," ","0.00","0.02","100","0.10","10","0.00",
="084021","奇鋐統一5C購01","354,000","11","299,050","0.86","0.86","0.80","0.80","-","0.06","0.81","10","0.83","10","1,015.00",
="084022","亞光統一66購01","44,000","2","30,360","0.69","0.69","0.69","0.69","-","0.02","0.68","46","0.69","10","164.00",
="084023","融程電統一54購02","1,852,000","89","2,685,400","1.43","1.54","1.36","1.38","+","0.02","1.37","10","1.38","10","189.00",
="084024","健策統一56購01","471,000","15","516,590","1.11","1.12","1.06","1.08","-","0.08","1.11","20","1.12","10","1,905.00",
="084025","神達統一56購02","234,000","7","428,520","1.79","1.86","1.79","1.86","+","0.18","1.81","10","1.84","10","95.90",
="084026","世紀鋼統一56購01","0","0","0","--","--","--","--"," ","0.00","0.32","10","0.33","10","188.00",
="084027","光寶科群益4C購02","9,000","6","19,900","2.22","2.23","2.20","2.23","-","0.08","2.20","2","--","0","130.00",
="084028","金寶群益4C購02","0","0","0","--","--","--","--"," ","0.00","0.19","52","--","0","19.05",
="084029","華邦電群益51購02","0","0","0","--","--","--","--"," ","0.00","0.46","100","0.47","100","19.60",
="08402P","鴻海富邦4A售10","0","0","0","--","--","--","--"," ","0.00","--","0","0.03","10","0.00",
="084030","智邦群益4C購03","0","0","0","--","--","--","--"," ","0.00","2.12","10","2.22","10","984.00",
="084031","順德群益51購01","1,000","1","1,690","1.69","1.69","1.69","1.69"," ","0.00","0.67","14","--","0","88.20",
="084032","鴻準群益4C購05","33,000","3","68,310","2.12","2.12","2.01","2.01","-","0.09","2.00","10","2.10","10","71.70",
="084033","佳能群益4C購02","0","0","0","--","--","--","--"," ","0.00","4.16","10","4.26","10","80.80",
="084034","微星群益52購01","91,000","2","49,730","0.54","0.55","0.54","0.55","X","0.00","0.54","100","0.55","100","136.50",
="084035","晟銘電群益51購01","105,000","10","114,060","1.16","1.16","0.98","0.98","-","0.06","0.97","100","0.98","100","133.00",
="084036","奇鋐群益4C購03","58,000","3","289,140","4.99","5.05","4.53","4.53","-","0.92","1.90","5","--","0","1,015.00",
="084037","亞光群益51購03","67,000","7","67,830","1.04","1.04","0.98","0.98","-","0.05","0.36","27","--","0","164.00",
="084038","貿聯群益52購01","77,000","9","254,590","3.21","3.44","3.21","3.28","+","0.15","1.61","36","--","0","981.00",
="084039","神達群益4C購03","8,000","4","34,020","4.26","4.26","4.20","4.20","+","0.60","4.40","10","4.50","10","95.90",
="08403P","鴻海富邦4C售03","0","0","0","--","--","--","--"," ","0.00","--","0","0.03","10","0.00",
="084040","精銳群益52購01","180,000","8","131,170","0.71","0.78","0.69","0.75","+","0.09","0.74","100","0.75","100","776.00",
="084041","鈺邦群益52購01","0","0","0","--","--","--","--"," ","0.00","--","0","4.50","10","178.00",
="084042","臺股指群益59購01","117,000","8","304,520","2.61","2.62","2.53","2.53","-","0.11","2.52","499","2.53","489","0.00",
="084043","臺股指群益59購02","0","0","0","--","--","--","--"," ","0.00","3.21","499","3.22","499","0.00",
="084044","臺股指群益59購03","0","0","0","--","--","--","--"," ","0.00","5.25","499","5.30","499","0.00",
="084045","A50正2元富4C購03","0","0","0","--","--","--","--"," ","0.00","4.32","25","4.42","10","31.56",
="084046","SGBR2X元富4C購04","0","0","0","--","--","--","--"," ","0.00","0.85","25","0.86","25","11.25",
="084047","亞德客元富4C購01","0","0","0","--","--","--","--"," ","0.00","0.15","25","0.16","25","800.00",
="084048","美時元富4C購03","146,000","5","111,460","0.77","0.78","0.71","0.73","-","0.06","0.71","25","0.72","25","193.50",
="084049","智邦元富51購02","0","0","0","--","--","--","--"," ","0.00","3.44","25","3.46","25","984.00",
="08404P","台積電富邦4A售10","0","0","0","--","--","--","--"," ","0.00","--","0","0.03","10","0.00",
="084050","漢唐元富56購01","0","0","0","--","--","--","--"," ","0.00","11.70","25","12.70","25","1,190.00",
="084051","全新元富4C購02","49,000","6","492,300","9.80","10.50","9.55","10.50","-","0.50","9.45","25","9.55","25","153.50",
="084052","鴻海凱基4B購01","0","0","0","--","--","--","--"," ","0.00","3.12","33","3.22","10","206.00",
="084053","義隆元富4C購01","49,000","2","136,930","2.83","2.83","2.77","2.77","+","0.03","2.71","25","2.77","25","120.00",
="084054","亞光元富53購01","10,000","1","24,800","2.48","2.48","2.48","2.48","+","0.01","2.28","25","2.38","10","164.00",
="084055","世芯元富56購05","1,000","1","5,200","5.20","5.20","5.20","5.20"," ","0.00","5.05","25","5.10","25","4,000.00",
="084056","華城兆豐53購02","0","0","0","--","--","--","--"," ","0.00","2.09","10","2.10","10","618.00",
="084057","萬海兆豐53購01","0","0","0","--","--","--","--"," ","0.00","0.26","10","0.27","10","84.10",
="084058","富邦金兆豐53購01","38,000","10","36,410","0.98","0.98","0.94","0.94","-","0.03","0.93","19","0.94","8","85.20",
="084059","國泰金兆豐4C購01","40,000","2","22,540","0.57","0.57","0.55","0.55","-","0.02","0.53","10","0.54","10","62.30",
="08405P","台積電富邦4C售10","0","0","0","--","--","--","--"," ","0.00","0.24","30","0.25","10","0.00",
="084060","奇鋐兆豐51購03","28,000","4","73,430","2.72","2.72","2.47","2.52","-","0.29","2.63","10","2.64","10","1,015.00",
="084061","奇鋐兆豐53購01","25,000","2","39,250","1.61","1.61","1.51","1.51","-","0.08","1.55","10","1.56","10","1,015.00",
="084062","國企2X國票52購01","62,000","3","77,480","1.20","1.26","1.20","1.26","-","0.23","1.18","25","1.19","10","10.70",
="084063","華城國票51購01","47,000","5","237,900","5.35","5.35","5.05","5.05","-","0.05","4.93","25","5.00","10","618.00",
="084064","直得國票51購01","24,000","3","29,280","1.08","1.24","1.08","1.24","+","0.17","1.05","25","1.06","10","89.20",
="084065","順德國票51購01","2,000","1","4,620","2.31","2.31","2.31","2.31","-","0.12","2.36","25","2.38","10","88.20",
="084066","晟銘電國票51購02","100,000","8","134,320","1.39","1.39","1.25","1.25","+","0.04","1.15","25","1.16","10","133.00",
="084067","世芯國票4C購04","1,000","1","6,650","6.65","6.65","6.65","6.65","+","0.25","6.10","25","6.15","10","4,000.00",
="084068","世芯國票4C購05","92,000","10","538,550","6.30","6.30","5.80","5.80","-","0.25","5.70","25","5.80","10","4,000.00",
="084069","神達國票4C購03","42,000","10","388,850","9.05","10.20","9.00","9.25","+","1.55","9.45","25","9.60","10","95.90",
="08406P","聯發科富邦4A售07","0","0","0","--","--","--","--"," ","0.00","0.27","30","0.28","10","0.00",
="084070","達興國票53購01","19,000","4","98,050","5.10","5.70","4.95","5.70","+","1.43","5.30","25","5.35","10","387.00",
="084071","鈺邦國票52購01","10,000","4","41,670","4.41","4.41","3.84","3.84","-","0.34","3.87","25","3.91","10","178.00",
="084072","鈺齊國票4C購01","8,000","1","5,920","0.74","0.74","0.74","0.74","X","0.00","0.75","25","0.76","10","106.50",
="084073","台積電國泰51購08","0","0","0","--","--","--","--"," ","0.00","2.66","499","2.73","250","1,160.00",
="084074","台積電國泰51購09","0","0","0","--","--","--","--"," ","0.00","2.19","499","2.25","499","1,160.00",
="084075","漢唐國泰51購02","0","0","0","--","--","--","--"," ","0.00","--","0","--","0","1,190.00",
="084076","奇鋐國泰51購03","0","0","0","--","--","--","--"," ","0.00","7.95","499","--","0","1,015.00",
="084077","欣興國泰51購03","0","0","0","--","--","--","--"," ","0.00","3.60","499","3.65","100","150.00",
="084078","世芯國泰55購01","1,000","1","2,260","2.26","2.26","2.26","2.26","+","0.03","2.19","499","2.21","100","4,000.00",
="08407P","聯發科富邦4C售03","0","0","0","--","--","--","--"," ","0.00","0.27","30","0.28","10","0.00",
="084081","飛捷國泰51購01","84,000","4","119,280","1.42","1.42","1.42","1.42","-","0.01","1.40","499","1.43","100","112.50",
="084082","愛普國泰51購01","43,000","1","59,340","1.38","1.38","1.38","1.38","X","0.00","1.43","499","1.44","499","305.50",
="084083","富世達國泰51購04","0","0","0","--","--","--","--"," ","0.00","5.25","499","--","0","1,145.00",
="084084","華邦電富邦51購01","473,000","14","355,980","0.77","0.80","0.73","0.73","-","0.03","0.72","10","0.74","10","0.00",
="084088","智邦富邦52購02","0","0","0","--","--","--","--"," ","0.00","1.63","10","1.73","10","0.00",
="084089","智邦富邦53購01","99,000","3","177,210","1.78","1.81","1.78","1.81","-","0.01","1.78","10","1.79","10","0.00",
="08408P","T50反1台新4C售01","0","0","0","--","--","--","--"," ","0.00","3.30","10","3.32","10","0.00",
="084090","鴻準富邦53購01","226,000","6","273,840","1.19","1.24","1.19","1.24","X","0.00","1.16","10","1.17","10","0.00",
="084091","毅嘉富邦4C購01","13,000","2","43,810","3.37","3.37","3.37","3.37","-","0.19","3.27","10","3.32","10","0.00",
="084095","鴻海統一49購01","0","0","0","--","--","--","--"," ","0.00","1.27","10","1.37","10","206.00",
="084096","鴻海統一49購02","0","0","0","--","--","--","--"," ","0.00","1.74","10","1.75","10","206.00",
="084097","鴻海統一49購03","10,000","1","17,500","1.75","1.75","1.75","1.75","X","0.00","1.70","10","1.75","10","206.00",
="084098","台積電統一53購02","30,000","1","119,100","3.97","3.97","3.97","3.97","-","0.07","3.73","10","3.74","10","1,160.00",
="08409P","聯發科台新4B售01","31,000","1","17,980","0.58","0.58","0.58","0.58"," ","0.00","0.57","10","0.58","10","0.00",
="084100","漢唐富邦52購02","0","0","0","--","--","--","--"," ","0.00","5.70","10","6.20","10","0.00",
="084101","長榮富邦52購04","0","0","0","--","--","--","--"," ","0.00","0.36","10","0.37","10","0.00",
="084102","華航富邦51購01","518,000","11","332,260","0.65","0.65","0.62","0.62","-","0.02","0.62","10","0.63","10","0.00",
="084103","元大金富邦4C購01","162,000","4","118,360","0.67","0.74","0.67","0.74","X","0.00","0.75","30","0.76","10","0.00",
="084104","晟銘電富邦52購01","280,000","33","354,720","1.26","1.36","1.15","1.16","-","0.01","1.12","10","1.13","10","0.00",
="084105","奇鋐富邦53購01","92,000","10","187,080","2.09","2.09","1.99","1.99","-","0.16","1.91","10","1.97","10","0.00",
="084106","亞光富邦52購01","162,000","8","220,080","1.29","1.42","1.29","1.41","+","0.11","1.26","10","1.27","10","0.00",
="084107","新日興富邦53購01","1,086,000","51","1,784,680","1.51","2.03","1.46","1.88","+","0.34","1.81","10","1.85","10","0.00",
="084108","世芯富邦51購01","0","0","0","--","--","--","--"," ","0.00","1.44","10","1.54","10","0.00",
="084109","祥碩富邦53購01","10,000","1","4,000","0.40","0.40","0.40","0.40","+","0.01","0.38","10","0.39","10","0.00",
="08410P","廣宇元富4A售01","0","0","0","--","--","--","--"," ","0.00","0.01","25","0.10","10","0.00",
="084110","迅得富邦52購01","394,000","26","479,450","1.20","1.26","1.17","1.23","+","0.05","1.22","10","1.24","10","0.00",
="084113","穎崴富邦53購01","334,000","9","171,190","0.53","0.54","0.49","0.54"," ","0.00","0.55","10","0.56","10","0.00",
="084114","ITH富邦53購01","79,000","1","26,860","0.34","0.34","0.34","0.34","X","0.00","0.33","10","0.34","10","0.00",
="084117","世紀鋼富邦51購01","58,000","2","24,460","0.43","0.43","0.42","0.42"," ","0.00","0.40","10","0.41","10","0.00",
="084118","國企2X元大51購01","30,000","2","38,800","1.30","1.30","1.28","1.28","-","0.28","1.24","250","1.25","100","10.70",
="084119","元日2X元大54購02","0","0","0","--","--","--","--"," ","0.00","0.22","499","0.23","100","5.97",
="08411P","台積電元富4A售33","0","0","0","--","--","--","--"," ","0.00","0.02","25","0.10","10","0.00",
="084121","士電元大4C購06","0","0","0","--","--","--","--"," ","0.00","0.78","499","0.80","10","187.50",
="084122","直得元大4C購02","119,000","7","66,530","0.57","0.57","0.50","0.50","+","0.01","0.50","499","0.51","10","89.20",
="084123","合機元大4C購01","22,000","3","29,410","1.35","1.36","1.31","1.31","-","0.04","1.31","499","1.32","10","48.45",
="084124","大成鋼元大4C購07","53,000","5","112,250","2.09","2.20","2.07","2.07","-","0.19","2.00","25","2.02","10","38.60",
="084125","廣宇元大4C購07","0","0","0","--","--","--","--"," ","0.00","6.75","100","6.80","10","60.90",
="084126","智邦元大4C購06","248,000","12","725,810","2.76","3.00","2.76","2.91","+","0.04","2.82","250","2.84","10","984.00",
="084127","鴻準元大4C購06","30,000","5","49,400","1.66","1.68","1.56","1.56","-","0.07","1.56","450","1.58","10","71.70",
="084128","中興電元富53購01","0","0","0","--","--","--","--"," ","0.00","0.14","25","0.15","25","167.00",
="084129","金像電元大4C購11","6,000","3","43,950","7.05","7.50","7.05","7.35","+","0.20","7.55","100","7.70","10","486.00",
="08412P","緯穎元富4B售04","0","0","0","--","--","--","--"," ","0.00","0.07","25","0.10","10","0.00",
="084130","技嘉元大4C購06","10,000","1","11,400","1.14","1.14","1.14","1.14","-","0.03","1.08","25","1.09","10","281.00",
="084131","台光電元大4C購18","10,000","1","88,500","8.85","8.85","8.85","8.85","-","0.10","3.83","2","--","0","1,250.00",
="084132","正崴元大4C購01","0","0","0","--","--","--","--"," ","0.00","0.54","499","0.55","10","48.40",
="084137","技嘉元富4A購02","0","0","0","--","--","--","--"," ","0.00","0.03","25","0.10","10","281.00",
="084139","建準元富4A購01","81,000","3","42,180","0.52","0.53","0.52","0.53","+","0.02","0.52","25","0.53","25","137.00",
="08413P","華城國票4B售06","0","0","0","--","--","--","--"," ","0.00","0.01","25","0.05","10","0.00",
="084140","雄獅元大54購01","644,000","5","347,900","0.53","0.55","0.53","0.55","+","0.07","0.53","499","0.54","10","159.00",
="084141","晟銘電元大4C購04","64,000","10","53,680","0.92","0.93","0.80","0.81","-","0.02","0.77","499","0.79","10","133.00",
="084143","奇鋐元大51購11","350,000","6","552,640","1.63","1.63","1.45","1.45","-","0.31","1.53","450","1.57","10","1,015.00",
="084144","亞光元大51購02","192,000","7","309,120","1.56","1.72","1.56","1.68","+","0.02","1.50","25","1.54","10","164.00",
="084145","緯創元大51購04","0","0","0","--","--","--","--"," ","0.00","0.43","499","--","0","115.00",
="084146","牧德元大4C購03","393,000","13","427,590","1.05","1.18","1.03","1.18","+","0.17","1.22","499","1.24","10","594.00",
="084147","達邁元大4C購01","84,000","6","250,760","3.09","3.19","2.89","3.19","-","0.03","2.77","250","2.79","10","73.80",
="084148","貿聯元大4C購07","121,000","5","719,250","5.65","6.00","5.65","6.00","+","0.60","5.95","150","6.05","10","981.00",
="084149","神達元大51購07","171,000","9","477,510","2.77","2.92","2.62","2.92","+","0.57","2.80","350","2.83","10","95.90",
="08414P","大亞國票4B售01","45,000","2","3,250","0.07","0.08","0.07","0.08","X","0.00","0.08","25","0.09","10","0.00",
="084150","精銳元大4C購05","352,000","9","226,240","0.68","0.71","0.63","0.71","+","0.19","0.73","499","0.74","10","776.00",
="084151","達興元大4C購04","60,000","11","264,530","4.10","4.67","4.10","4.52","+","0.55","4.33","200","4.38","10","387.00",
="084152","聯茂元大4C購07","0","0","0","--","--","--","--"," ","0.00","4.79","25","--","0","125.00",
="084153","迅得元大4C購03","232,000","6","264,300","1.14","1.14","1.08","1.14","+","0.08","1.14","579","1.16","10","193.50",
="084154","穎崴元大51購03","633,000","24","431,390","0.68","0.71","0.61","0.71","+","0.03","0.10","100","--","0","1,250.00",
="084155","愛普元大4C購03","186,000","6","190,680","1.01","1.06","0.96","1.06","-","0.01","1.07","499","1.10","10","305.50",
="084156","緯穎元大51購10","0","0","0","--","--","--","--"," ","0.00","0.86","25","0.88","10","2,975.00",
="084157","昇陽半元大56購01","228,000","10","163,640","0.73","0.75","0.70","0.75","+","0.02","0.75","499","0.77","10","152.50",
="084158","勤誠元大4C購02","9,000","3","68,800","7.75","7.75","7.60","7.70","-","0.20","7.55","100","7.65","10","613.00",
="084159","勤誠元大4C購03","1,000","1","8,050","8.05","8.05","8.05","8.05","X","0.00","7.85","100","8.00","10","613.00",
="08415P","智易國票4B售01","50,000","6","13,390","0.25","0.28","0.25","0.28","X","0.00","0.28","25","0.29","12","0.00",
="084160","世紀鋼元大51購03","417,000","10","138,990","0.34","0.34","0.33","0.33","-","0.02","0.32","499","0.33","10","188.00",
="084161","臺股指元大51購09","1,000","1","1,630","1.63","1.63","1.63","1.63","-","0.06","1.50","499","1.51","10","0.00",
="084162","臺股指元大54購07","3,000","1","5,790","1.93","1.93","1.93","1.93","-","0.15","1.83","100","1.84","10","0.00",
="084163","臺股指元大56購04","0","0","0","--","--","--","--"," ","0.00","2.05","499","2.06","10","0.00",
="084164","滬深2X凱基54購04","400,000","1","668,000","1.67","1.67","1.67","1.67","-","0.45","1.66","10","--","0","18.32",
="084165","士電凱基4C購03","53,000","3","47,660","0.91","0.91","0.88","0.91","+","0.13","0.87","100","0.88","10","187.50",
="084166","海悅凱基51購01","0","0","0","--","--","--","--"," ","0.00","0.25","10","0.26","10","84.50",
="084167","佳能凱基4C購01","4,000","3","29,600","7.30","7.70","7.30","7.70","+","0.10","7.35","10","7.40","10","80.80",
="084168","技嘉凱基4C購04","62,000","3","46,600","0.76","0.76","0.75","0.75","-","0.03","0.70","100","0.71","10","281.00",
="084169","台光電凱基51購03","0","0","0","--","--","--","--"," ","0.00","3.46","100","3.56","10","1,250.00",
="08416P","鴻海凱基4A售17","0","0","0","--","--","--","--"," ","0.00","--","0","0.10","10","0.00",
="084170","京元電凱基4C購02","41,000","5","140,410","3.09","3.53","3.09","3.53","+","0.58","3.24","100","3.29","10","142.00",
="084171","聯發科凱基4C購12","24,000","1","32,400","1.35","1.35","1.35","1.35","-","0.13","1.35","100","1.36","10","1,385.00",
="084172","全新凱基4C購02","35,000","5","71,390","1.99","2.09","1.94","2.09","-","0.01","1.88","100","1.91","10","153.50",
="084173","星宇凱基51購01","0","0","0","--","--","--","--"," ","0.00","0.59","100","0.60","10","25.15",
="084174","奇鋐凱基4C購06","0","0","0","--","--","--","--"," ","0.00","3.36","100","3.46","10","1,015.00",
="084175","亞光凱基51購05","13,000","2","15,100","1.10","1.18","1.10","1.18","+","0.06","1.06","100","1.07","10","164.00",
="084176","群創凱基4C購02","1,545,000","92","2,424,380","1.60","1.60","0.36","1.58","+","0.42","0.32","156","--","0","14.15",
="084177","牧德凱基4C購02","778,000","10","402,120","0.52","0.53","0.46","0.52","+","0.09","0.57","10","0.58","10","594.00",
="084178","碩天凱基4C購02","32,000","4","23,360","0.73","0.74","0.72","0.73","-","0.03","0.72","10","0.73","10","225.50",
="084179","健策凱基53購01","5,000","1","16,050","3.21","3.21","3.21","3.21","-","0.04","3.43","100","3.46","10","1,905.00",
="08417P","台積電凱基4A售51","0","0","0","--","--","--","--"," ","0.00","--","0","0.10","10","0.00",
="084180","神達凱基51購04","184,000","18","856,030","4.53","4.97","4.46","4.53","+","0.74","4.60","22","4.70","10","95.90",
="084182","鴻海國票4B購01","0","0","0","--","--","--","--"," ","0.00","6.15","25","6.35","10","206.00",
="084183","達興凱基4C購02","147,000","19","1,034,700","7.15","7.80","6.50","6.85","-","0.20","7.10","50","7.25","1","387.00",
="084184","祥碩凱基4C購03","0","0","0","--","--","--","--"," ","0.00","0.33","10","0.41","10","1,665.00",
="084185","飛捷凱基51購02","77,000","3","40,040","0.52","0.52","0.52","0.52","-","0.03","0.52","100","0.53","10","112.50",
="084186","穎崴凱基4C購03","355,000","15","236,150","0.68","0.73","0.55","0.73","+","0.02","0.70","100","0.80","10","1,250.00",
="084187","緯穎凱基4C購08","0","0","0","--","--","--","--"," ","0.00","1.58","100","1.68","10","2,975.00",
="084188","致新凱基51購01","112,000","2","147,840","1.32","1.32","1.32","1.32","+","0.01","1.28","100","1.29","10","233.00",
="084189","順德國泰51購01","5,000","1","18,550","3.71","3.71","3.71","3.71","-","0.09","3.72","100","3.76","100","88.20",
="08418P","台積電凱基4B售12","0","0","0","--","--","--","--"," ","0.00","0.07","100","0.10","10","0.00",
="084190","鴻準國泰51購01","0","0","0","--","--","--","--"," ","0.00","2.84","499","2.86","100","71.70",
="084191","台光電國泰51購01","0","0","0","--","--","--","--"," ","0.00","4.31","10","--","0","1,250.00",
="084192","聯發科國泰51購03","0","0","0","--","--","--","--"," ","0.00","1.33","499","1.36","499","1,385.00",
="084193","辛耘國泰51購01","31,000","4","107,720","3.47","3.52","3.47","3.52","+","0.12","3.65","360","3.68","100","393.50",
="084194","富世達國泰51購05","0","0","0","--","--","--","--"," ","0.00","4.77","499","--","0","1,145.00",
="084195","英業達兆豐4C購01","104,000","6","78,420","0.73","0.76","0.73","0.75","-","0.03","0.74","10","0.75","10","41.35",
="084196","大立光兆豐51購01","0","0","0","--","--","--","--"," ","0.00","0.98","10","0.99","10","2,395.00",
="084197","日電貿兆豐56購01","50,000","3","52,800","1.06","1.06","1.04","1.04"," ","0.00","1.04","10","1.05","10","70.50",
="084198","T50正2元富4C購02","10,000","6","111,300","11.30","11.40","10.70","10.70","-","1.10","10.60","25","10.70","25","259.40",
="084199","SGBR2X元富4C購05","499,000","1","94,810","0.19","0.19","0.19","0.19","X","0.00","0.18","25","0.19","25","11.25",
="08419P","台積電凱基57售03","15,000","2","16,650","1.11","1.11","1.11","1.11","+","0.01","1.14","100","1.15","10","0.00",
="084200","順德元富4C購02","10,000","1","28,600","2.86","2.86","2.86","2.86","-","0.06","2.89","25","2.93","25","88.20",
="084201","順德元富4C購03","26,000","2","52,980","2.03","2.04","2.03","2.04","+","0.14","2.04","25","2.06","25","88.20",
="084202","佳能元富4C購02","0","0","0","--","--","--","--"," ","0.00","16.30","25","16.60","25","80.80",
="084203","一詮元富4C購01","4,000","1","12,040","3.01","3.01","3.01","3.01","-","0.12","2.99","25","3.09","10","80.20",
="084204","華航元富56購01","24,000","2","45,320","1.89","1.89","1.87","1.87","X","0.00","1.85","25","1.87","25","21.25",
="084205","慧洋元富51購01","211,000","4","124,370","0.59","0.60","0.58","0.60","+","0.03","0.55","33","0.56","25","61.80",
="084206","奇鋐元富4C購03","35,000","4","113,300","3.18","3.26","3.18","3.26","-","0.60","3.26","25","3.33","35","1,015.00",
="084207","亞光元富4C購03","17,000","4","25,820","1.56","1.56","1.39","1.39","-","0.06","1.32","25","1.42","10","164.00",
="084208","辛耘元富4C購02","12,000","1","27,000","2.25","2.25","2.25","2.25","+","0.09","2.37","25","2.41","25","393.50",
="084209","辛耘元富4C購03","194,000","18","548,440","2.78","2.94","2.59","2.81","+","0.15","2.96","25","2.97","25","393.50",
="08420P","台積電凱基5C售05","40,000","2","32,000","0.80","0.80","0.80","0.80","+","0.04","0.80","60","0.81","10","0.00",
="084210","世芯元富51購06","2,000","2","33,100","16.60","16.60","16.50","16.50","-","0.40","16.00","25","16.30","25","4,000.00",
="084211","貿聯元富4C購03","579,000","8","1,963,990","3.00","3.49","3.00","3.18","+","0.10","1.05","9","--","0","981.00",
="084212","神達元富56購01","2,000","2","10,300","5.15","5.15","5.15","5.15","+","0.86","5.15","25","5.65","25","95.90",
="084213","迎廣元富56購01","91,000","3","171,080","1.88","1.88","1.88","1.88","-","0.09","1.83","25","1.84","25","94.00",
="084214","台玻國票51購04","0","0","0","--","--","--","--"," ","0.00","8.45","25","--","0","34.55",
="084215","英業達國票51購02","23,000","2","25,730","1.11","1.12","1.11","1.12","X","0.00","1.08","25","1.09","10","41.35",
="084216","京元電國票52購01","0","0","0","--","--","--","--"," ","0.00","2.91","25","2.96","10","142.00",
="084217","國泰金國票51購04","10,000","2","8,080","0.82","0.82","0.80","0.80","-","0.04","0.78","25","0.79","10","62.30",
="084218","世芯國票51購02","0","0","0","--","--","--","--"," ","0.00","7.60","25","7.65","10","4,000.00",
="084219","世芯國票52購01","29,000","2","225,250","7.90","7.90","7.55","7.55"," ","0.00","7.30","25","7.40","10","4,000.00",
="08421P","景碩凱基4A售01","0","0","0","--","--","--","--"," ","0.00","--","0","0.10","10","0.00",
="084220","貿聯國票51購04","121,000","18","497,240","3.78","4.36","3.78","3.96","+","0.20","3.96","25","3.99","10","981.00",
="084221","神達國票53購01","90,000","9","766,500","8.20","8.75","8.20","8.35","+","2.00","8.20","25","8.35","10","95.90",
="084222","新唐國票51購01","185,000","4","69,200","0.37","0.38","0.37","0.38","+","0.02","0.36","25","0.37","10","61.70",
="084223","聯茂國票51購03","0","0","0","--","--","--","--"," ","0.00","7.00","25","--","0","125.00",
="084224","天虹國票51購01","0","0","0","--","--","--","--"," ","0.00","1.37","25","1.39","10","208.50",
="084225","元油反中信53購01","25,000","1","22,250","0.89","0.89","0.89","0.89","-","0.03","0.88","499","0.89","75","0.00",
="084226","順德中信4C購01","14,000","2","32,200","2.30","2.30","2.30","2.30"," ","0.00","2.27","10","2.29","10","0.00",
="084227","華城永豐53購01","18,000","2","58,280","3.26","3.26","3.16","3.16","-","0.12","3.10","33","3.17","10","618.00",
="084228","台光電永豐52購04","0","0","0","--","--","--","--"," ","0.00","8.15","499","8.35","10","1,250.00",
="084229","世芯永豐55購03","11,000","4","53,800","4.94","4.94","4.74","4.74","-","0.07","3.19","3","--","0","4,000.00",
="08422P","臺股指凱基51售10","0","0","0","--","--","--","--"," ","0.00","0.09","100","0.10","10","0.00",
="084230","世芯永豐56購03","18,000","5","85,490","4.77","4.77","4.67","4.67","-","0.10","4.59","10","4.62","10","4,000.00",
="084231","貿聯永豐51購03","79,000","5","204,450","2.61","2.67","2.51","2.51","+","0.18","2.54","10","2.57","10","981.00",
="084232","貿聯永豐52購04","117,000","13","540,420","4.08","4.77","4.08","4.77","+","0.55","1.94","5","--","0","981.00",
="084233","聯茂永豐4C購02","0","0","0","--","--","--","--"," ","0.00","2.98","10","--","0","125.00",
="084234","穎崴永豐51購02","27,000","1","29,430","1.09","1.09","1.09","1.09","X","0.00","0.49","1","--","0","1,250.00",
="084235","來億永豐4C購01","134,000","2","48,560","0.34","0.37","0.34","0.37","X","0.00","0.35","499","0.36","10","243.50",
="084236","世紀鋼永豐53購04","25,000","1","12,000","0.48","0.48","0.48","0.48","-","0.05","0.48","499","0.49","10","188.00",
="084237","臺股指永豐4C購07","839,000","8","772,160","0.97","0.97","0.85","0.85","-","0.23","0.85","10","0.86","10","0.00",
="084238","臺股指永豐53購06","0","0","0","--","--","--","--"," ","0.00","2.67","499","2.68","10","0.00",
="084239","和大統一56購01","349,000","16","277,310","0.72","0.92","0.72","0.91","+","0.19","0.92","20","1.07","20","72.90",
="08423P","台積電中信4A售05","0","0","0","--","--","--","--"," ","0.00","--","0","0.02","10","0.00",
="084240","華泰統一56購01","72,000","3","49,840","0.68","0.70","0.68","0.70","+","0.03","0.67","10","0.68","10","44.70",
="084241","聯茂統一56購03","10,000","1","10,700","1.07","1.07","1.07","1.07","+","0.02","1.02","7","--","0","125.00",
="084242","穎崴統一56購01","143,000","6","86,820","0.58","0.63","0.58","0.63","X","0.00","0.62","10","0.63","10","1,250.00",
="084243","來億統一56購02","1,000","1","420","0.42","0.42","0.42","0.42","X","0.00","0.41","10","0.42","10","243.50",
="084244","天虹統一56購01","0","0","0","--","--","--","--"," ","0.00","0.54","10","0.55","10","208.50",
="084245","世紀鋼統一56購02","20,000","1","10,400","0.52","0.52","0.52","0.52"," ","0.00","0.50","10","0.51","10","188.00",
="084246","A50正2凱基4C購01","0","0","0","--","--","--","--"," ","0.00","1.64","10","1.65","50","31.56",
="084247","國企2X凱基51購02","213,000","13","229,730","1.12","1.12","1.03","1.03","-","0.28","1.02","100","1.03","40","10.70",
="084248","SGBR2X凱基53購01","0","0","0","--","--","--","--"," ","0.00","0.83","100","0.84","10","11.25",
="084249","華城凱基4C購03","39,000","11","186,740","4.87","4.87","4.65","4.66","-","0.18","4.52","100","4.55","10","618.00",
="08424P","臺股指中信51售04","0","0","0","--","--","--","--"," ","0.00","0.01","499","0.02","10","0.00",
="084250","大成鋼凱基53購02","0","0","0","--","--","--","--"," ","0.00","1.23","100","1.33","10","38.60",
="084251","鴻海凱基54購07","0","0","0","--","--","--","--"," ","0.00","3.99","26","4.09","10","206.00",
="084252","廣宇凱基4C購02","0","0","0","--","--","--","--"," ","0.00","6.60","100","7.10","10","60.90",
="084253","台積電凱基4C購44","0","0","0","--","--","--","--"," ","0.00","1.12","100","1.13","10","1,160.00",
="084254","順德凱基4C購01","22,000","3","57,740","2.62","2.67","2.62","2.67","+","0.05","2.63","10","2.67","10","88.20",
="084255","鴻準凱基4C購03","0","0","0","--","--","--","--"," ","0.00","2.06","100","2.10","10","71.70",
="084256","正崴凱基4C購02","0","0","0","--","--","--","--"," ","0.00","0.62","10","0.63","30","48.40",
="084257","聯發科凱基4C購14","0","0","0","--","--","--","--"," ","0.00","1.34","100","1.36","10","1,385.00",
="084258","萬海凱基51購04","0","0","0","--","--","--","--"," ","0.00","0.33","100","0.34","50","84.10",
="084259","聯陽凱基4C購01","63,000","2","66,420","1.04","1.07","1.04","1.07","+","0.02","1.03","100","1.04","10","133.50",
="08425P","材料永豐4C售03","0","0","0","--","--","--","--"," ","0.00","1.10","499","1.13","10","0.00",
="084260","亞光凱基51購06","91,000","3","209,010","2.22","2.40","2.22","2.27","+","0.08","2.11","100","2.13","10","164.00",
="084261","緯創凱基4C購07","10,000","1","4,100","0.41","0.41","0.41","0.41","X","0.00","0.42","100","0.43","10","115.00",
="084262","新日興凱基4C購02","125,000","12","390,820","2.60","3.56","2.60","3.32","+","0.65","3.24","100","3.34","10","259.00",
="084263","辛耘凱基51購01","203,000","33","769,540","3.65","3.92","3.58","3.91","+","0.38","3.91","100","3.93","10","393.50",
="084264","世芯凱基54購03","3,000","1","12,720","4.24","4.24","4.24","4.24","+","0.20","4.02","100","4.05","10","4,000.00",
="084265","貿聯凱基4C購04","132,000","15","582,530","4.21","4.56","4.05","4.05","+","0.17","4.12","10","4.22","10","981.00",
="084266","神達凱基54購01","10,000","1","62,500","6.25","6.25","6.25","6.25","X","0.00","6.05","50","6.55","10","95.90",
="084267","精銳凱基4C購03","183,000","13","157,180","0.83","0.92","0.81","0.92","+","0.16","0.88","100","0.89","10","776.00",
="084268","聯茂凱基4C購04","0","0","0","--","--","--","--"," ","0.00","10.10","499","11.10","10","125.00",
="084269","穎崴凱基53購01","153,000","5","225,420","1.41","1.52","1.41","1.52","+","0.23","1.54","100","1.64","10","1,250.00",
="08426P","元債2X元大53售03","0","0","0","--","--","--","--"," ","0.00","0.58","100","0.59","50","0.00",
="084270","富世達凱基4C購05","0","0","0","--","--","--","--"," ","0.00","4.41","100","4.51","10","1,145.00",
="084271","來億凱基4C購01","0","0","0","--","--","--","--"," ","0.00","0.32","10","0.42","10","243.50",
="084272","臺股指凱基59購02","0","0","0","--","--","--","--"," ","0.00","4.82","10","4.83","10","0.00",
="084273","鴻海台新4C購01","0","0","0","--","--","--","--"," ","0.00","18.40","10","18.90","10","0.00",
="084274","奇鋐台新4C購03","4,000","1","62,800","15.70","15.70","15.70","15.70","X","0.00","15.20","10","15.70","10","0.00",
="084275","穎崴台新4C購01","12,000","2","17,040","1.32","1.44","1.32","1.44","X","0.00","1.43","20","1.48","10","0.00",
="084276","世紀鋼台新4C購01","0","0","0","--","--","--","--"," ","0.00","0.23","20","0.24","10","0.00",
="084277","T50正2元大4C購06","0","0","0","--","--","--","--"," ","0.00","2.64","100","2.71","10","259.40",
="084278","T50正2元大51購04","7,000","1","33,250","4.75","4.75","4.75","4.75","-","0.22","4.72","100","4.73","10","259.40",
="084279","T50反1元大51購01","0","0","0","--","--","--","--"," ","0.00","0.43","100","0.44","10","19.79",
="08427P","道瓊銀元大4B售02","589,000","8","159,930","0.28","0.28","0.27","0.27","-","0.04","0.27","100","0.28","100","0.00",
="084280","T50反1元大51購02","0","0","0","--","--","--","--"," ","0.00","0.10","499","0.11","10","19.79",
="084281","元油反元大4C購02","0","0","0","--","--","--","--"," ","0.00","0.79","499","0.80","100","6.68",
="084282","元油反元大53購01","0","0","0","--","--","--","--"," ","0.00","0.80","499","0.81","100","6.68",
="084283","道瓊銀元大4C購02","15,000","1","21,750","1.45","1.45","1.45","1.45","+","0.05","1.45","250","1.46","100","32.63",
="084284","道瓊銅元大53購01","28,000","2","7,560","0.27","0.27","0.27","0.27","X","0.00","0.27","250","--","0","24.91",
="084285","士電元大4C購07","0","0","0","--","--","--","--"," ","0.00","0.86","503","0.88","10","187.50",
="084286","亞力元大4C購02","20,000","1","4,800","0.24","0.24","0.24","0.24","X","0.00","0.22","499","0.24","10","110.50",
="084287","亞力元大4C購03","1,022,000","15","376,270","0.38","0.39","0.36","0.39","+","0.03","0.37","499","0.39","10","110.50",
="084288","華泰元大4C購02","115,000","11","137,790","1.14","1.23","1.14","1.21","+","0.05","1.16","25","1.17","10","44.70",
="084289","台積電元大51購43","14,000","3","14,020","1.02","1.02","1.00","1.00","-","0.06","0.95","10","--","0","1,160.00",
="08428P","鴻海元大4A售37","0","0","0","--","--","--","--"," ","0.00","--","0","0.10","10","0.00",
="084290","台積電元大54購08","0","0","0","--","--","--","--"," ","0.00","0.07","58","--","0","1,160.00",
="084291","鴻準元大4C購07","48,000","2","69,620","1.44","1.49","1.44","1.49","X","0.00","1.41","499","1.43","10","71.70",
="084292","技嘉元大4C購07","0","0","0","--","--","--","--"," ","0.00","0.57","25","0.58","10","281.00",
="084293","台光電元大51購03","47,000","6","158,140","3.43","3.43","3.11","3.38","-","0.24","1.62","6","--","0","1,250.00",
="084294","聯發科元大51購26","2,000","1","2,420","1.21","1.21","1.21","1.21"," ","0.00","0.51","39","--","0","1,385.00",
="084295","聯發科元大54購04","2,000","1","1,960","0.98","0.98","0.98","0.98","X","0.00","0.08","57","--","0","1,385.00",
="084297","奇鋐元大4C購14","598,000","9","1,536,910","2.92","2.92","2.50","2.50","-","0.55","2.66","250","2.73","10","1,015.00",
="084298","奇鋐元大4C購15","0","0","0","--","--","--","--"," ","0.00","2.31","300","2.36","10","1,015.00",
="084299","奇鋐元大4C購16","0","0","0","--","--","--","--"," ","0.00","2.47","250","2.55","10","1,015.00",
="08429P","鴻海元大4A售38","0","0","0","--","--","--","--"," ","0.00","--","0","0.10","10","0.00",
="084300","亞光元大51購03","338,000","5","370,990","1.08","1.15","1.04","1.04","-","0.03","1.02","25","1.05","10","164.00",
="084301","亞光元大54購01","120,000","3","121,240","1.01","1.08","1.00","1.08","+","0.06","0.98","25","1.01","10","164.00",
="084302","新日興元大4C購05","89,000","5","196,070","1.93","2.43","1.93","2.43","+","0.47","0.33","151","--","0","259.00",
="084303","群創元大4C購05","603,000","9","622,310","0.86","1.09","0.84","1.09","+","0.33","1.07","499","1.09","10","14.15",
="084304","嘉澤元大51購07","10,000","1","7,200","0.72","0.72","0.72","0.72","-","0.02","0.75","499","0.78","10","1,465.00",
="084305","達邁元大4C購02","202,000","16","407,080","2.09","2.09","1.91","1.91","-","0.15","1.90","350","1.91","10","73.80",
="084306","世芯元大51購20","11,000","8","34,030","3.14","3.14","3.01","3.01","-","0.13","2.95","250","2.97","10","4,000.00",
="084307","貿聯元大51購05","176,000","18","352,070","1.82","2.08","1.82","1.97","+","0.07","1.97","408","2.00","10","981.00",
="084308","貿聯元大54購06","348,000","22","694,730","1.83","2.06","1.83","1.96","+","0.06","1.95","400","1.98","10","981.00",
="084309","邁達特元大4C購03","250,000","2","213,000","0.87","0.87","0.84","0.84","-","0.05","0.83","499","0.84","10","55.50",
="08430P","台積電元大4A售59","0","0","0","--","--","--","--"," ","0.00","0.02","499","0.12","10","0.00",
="084310","聯茂元大4C購08","55,000","4","196,800","3.50","3.60","3.50","3.56","-","0.16","3.41","25","3.51","10","125.00",
="084311","穎崴元大51購04","196,000","9","121,260","0.63","0.63","0.61","0.61","-","0.04","0.09","111","--","0","1,250.00",
="084312","愛普元大4C購04","517,000","16","482,090","0.91","0.99","0.89","0.99","+","0.07","0.98","2","1.00","10","305.50",
="084313","緯穎元大51購11","0","0","0","--","--","--","--"," ","0.00","1.29","26","1.31","10","2,975.00",
="084314","AES元大4C購02","26,000","1","42,380","1.63","1.63","1.63","1.63","-","0.01","1.74","499","1.78","10","1,350.00",
="084315","泓德元大4C購03","0","0","0","--","--","--","--"," ","0.00","0.05","499","0.15","10","160.00",
="084316","昇陽半元大4C購05","414,000","18","292,790","0.68","0.76","0.68","0.76","+","0.05","0.75","499","0.78","10","152.50",
="084317","世紀鋼元大4C購04","10,000","1","1,700","0.17","0.17","0.17","0.17","X","0.00","0.16","499","0.17","10","188.00",
="084318","滬深2X群益4C購05","0","0","0","--","--","--","--"," ","0.00","0.26","4","--","0","18.32",
="084319","元石油群益52購01","0","0","0","--","--","--","--"," ","0.00","0.62","25","0.63","10","16.26",
="08431P","台積電元大4A售60","0","0","0","--","--","--","--"," ","0.00","0.06","499","0.07","499","0.00",
="084320","元日2X群益56購01","0","0","0","--","--","--","--"," ","0.00","0.66","25","0.67","10","5.97",
="084321","SGBR2X群益52購01","0","0","0","--","--","--","--"," ","0.00","0.45","25","0.46","10","11.25",
="084322","台塑群益4C購04","1,000","1","1,580","1.58","1.58","1.58","1.58","-","0.19","1.51","10","1.61","10","39.10",
="084323","華泰群益51購01","103,000","13","126,450","1.18","1.43","1.18","1.35","+","0.09","0.49","20","--","0","44.70",
="084325","佳能群益4C購03","5,000","3","27,250","5.20","5.55","5.20","5.55","-","0.75","5.25","10","5.75","10","80.80",
="084326","台光電群益52購02","63,000","5","241,940","3.92","3.92","3.62","3.92","-","0.26","1.69","5","--","0","1,250.00",
="084327","全新群益4C購02","62,000","4","195,120","3.30","3.30","3.10","3.22","-","0.09","1.42","7","--","0","153.50",
="084328","一詮群益53購01","10,000","1","7,400","0.74","0.74","0.74","0.74","X","0.00","0.29","30","--","0","80.20",
="084329","奇鋐群益4C購04","0","0","0","--","--","--","--"," ","0.00","--","0","--","0","1,015.00",
="08432P","聯發科元大4A售21","0","0","0","--","--","--","--"," ","0.00","--","0","--","0","0.00",
="084330","緯創群益4C購03","0","0","0","--","--","--","--"," ","0.00","--","0","--","0","115.00",
="084331","貿聯群益51購02","116,000","12","219,490","1.69","2.01","1.69","1.81","+","0.12","0.63","15","--","0","981.00",
="084332","神達群益4C購04","0","0","0","--","--","--","--"," ","0.00","--","0","12.00","10","95.90",
="084333","穎崴群益52購05","99,000","3","57,780","0.56","0.61","0.56","0.61","+","0.04","0.23","43","--","0","1,250.00",
="084334","緯穎群益4C購05","8,000","4","33,520","4.19","4.19","4.19","4.19","-","0.05","4.16","10","4.26","10","2,975.00",
="084335","洋基群益4C購01","5,000","3","20,990","4.41","4.41","3.87","3.87","-","0.55","1.38","7","--","0","476.00",
="084336","ITH群益4C購03","0","0","0","--","--","--","--"," ","0.00","0.41","10","0.51","10","45.10",
="084337","昇陽半群益4C購03","15,000","2","13,600","0.89","0.94","0.89","0.94","+","0.02","0.36","27","--","0","152.50",
="084338","臺股指群益4C購14","0","0","0","--","--","--","--"," ","0.00","3.06","499","3.07","199","0.00",
="084339","臺股指群益4C購15","2,000","1","9,580","4.79","4.79","4.79","4.79","X","0.00","4.78","499","4.79","499","0.00",
="08433P","緯創元大4A售08","0","0","0","--","--","--","--"," ","0.00","0.05","499","0.06","200","0.00",
="084340","臺股指群益4C購16","0","0","0","--","--","--","--"," ","0.00","5.60","499","5.65","499","0.00",
="084341","臺股指群益4C購17","0","0","0","--","--","--","--"," ","0.00","5.60","499","5.65","499","0.00",
="084342","臺股指群益4C購18","0","0","0","--","--","--","--"," ","0.00","5.20","499","5.25","499","0.00",
="084343","臺股指群益4C購19","0","0","0","--","--","--","--"," ","0.00","6.50","499","6.55","499","0.00",
="084344","臺股指群益4C購20","0","0","0","--","--","--","--"," ","0.00","6.70","499","6.75","499","0.00",
="084345","電子類群益4C購01","0","0","0","--","--","--","--"," ","0.00","2.36","499","2.37","499","0.00",
="084346","T50正2富邦56購01","0","0","0","--","--","--","--"," ","0.00","2.96","100","2.97","100","0.00",
="084347","道瓊銀富邦4C購01","0","0","0","--","--","--","--"," ","0.00","0.91","100","0.92","100","0.00",
="084348","川湖富邦51購02","0","0","0","--","--","--","--"," ","0.00","2.31","10","2.37","10","0.00",
="084349","順德富邦4C購01","167,000","14","201,120","1.23","1.23","1.18","1.20","+","0.01","1.20","10","1.21","10","0.00",
="08434P","緯創元大4A售09","0","0","0","--","--","--","--"," ","0.00","0.16","499","0.17","200","0.00",
="084350","技嘉富邦4C購02","298,000","10","213,440","0.71","0.73","0.69","0.69","-","0.06","0.70","30","0.71","10","0.00",
="084351","萬海富邦52購02","0","0","0","--","--","--","--"," ","0.00","0.31","10","0.32","10","0.00",
="084352","穎崴富邦53購02","272,000","31","215,150","0.79","0.87","0.73","0.87","+","0.06","0.86","10","0.87","10","0.00",
="084353","虎航富邦51購01","100,000","1","38,000","0.38","0.38","0.38","0.38","X","0.00","0.37","30","0.38","10","0.00",
="084354","永崴控中信51購01","65,000","2","11,550","0.18","0.18","0.17","0.17","X","0.00","0.17","10","0.18","10","0.00",
="084355","SGBR2X永豐52購01","0","0","0","--","--","--","--"," ","0.00","0.67","499","0.68","10","11.25",
="084356","中砂永豐53購02","88,000","11","154,340","1.68","1.86","1.68","1.86","+","0.22","1.74","10","1.84","10","347.00",
="084357","南亞科永豐54購01","0","0","0","--","--","--","--"," ","0.00","0.45","10","0.46","10","46.65",
="084359","貿聯永豐52購05","41,000","3","76,640","1.84","1.90","1.84","1.90","+","0.08","1.85","55","1.95","10","981.00",
="08435P","臺股指元大4A售51","0","0","0","--","--","--","--"," ","0.00","0.03","100","0.13","10","0.00",
="084360","勤誠永豐4C購02","60,000","6","364,500","6.10","6.10","6.05","6.05","+","0.05","6.05","10","6.55","10","613.00",
="084361","世紀鋼永豐54購01","0","0","0","--","--","--","--"," ","0.00","3.97","499","4.07","10","188.00",
="084362","元石油凱基4C購02","0","0","0","--","--","--","--"," ","0.00","0.36","100","0.37","10","16.26",
="084363","元油反凱基51購02","0","0","0","--","--","--","--"," ","0.00","0.74","100","0.75","50","6.68",
="084364","士電凱基51購01","79,000","6","85,580","1.09","1.10","1.04","1.10","+","0.13","1.05","100","1.07","10","187.50",
="084365","中興電凱基4C購03","119,000","9","96,910","0.81","0.84","0.79","0.82","+","0.08","0.83","100","0.91","150","167.00",
="084366","亞力凱基4C購02","123,000","5","78,090","0.63","0.64","0.63","0.64","+","0.01","0.64","100","0.66","10","110.50",
="084367","中砂凱基4C購06","18,000","1","25,200","1.40","1.40","1.40","1.40","X","0.00","1.46","100","1.47","10","347.00",
="084368","華泰凱基51購02","35,000","11","62,490","1.77","1.94","1.75","1.76","+","0.12","1.72","10","1.82","10","44.70",
="084369","台積電凱基53購11","0","0","0","--","--","--","--"," ","0.00","1.30","100","1.31","10","1,160.00",
="08436P","臺股指元大4A售52","0","0","0","--","--","--","--"," ","0.00","0.02","499","0.12","10","0.00",
="084370","順德凱基51購01","55,000","11","162,090","2.94","3.03","2.89","3.03","-","0.05","3.00","10","3.01","10","88.20",
="084371","佳能凱基4C購02","1,000","1","4,010","4.01","4.01","4.01","4.01","-","0.82","4.08","100","4.18","10","80.80",
="084372","技嘉凱基4C購05","0","0","0","--","--","--","--"," ","0.00","0.59","100","0.60","10","281.00",
="084373","台光電凱基4C購09","3,000","1","13,950","4.65","4.65","4.65","4.65","-","0.33","4.49","6","4.57","10","1,250.00",
="084374","南亞科凱基55購01","0","0","0","--","--","--","--"," ","0.00","0.65","100","0.66","40","46.65",
="084375","全新凱基4C購03","0","0","0","--","--","--","--"," ","0.00","1.74","100","1.84","10","153.50",
="084376","一詮凱基4C購02","1,000","1","1,180","1.18","1.18","1.18","1.18"," ","0.00","1.12","10","1.14","10","80.20",
="084377","奇鋐凱基4C購07","0","0","0","--","--","--","--"," ","0.00","5.60","50","6.10","10","1,015.00",
="084378","新日興凱基54購01","0","0","0","--","--","--","--"," ","0.00","6.20","100","6.70","10","259.00",
="084379","嘉澤凱基4C購06","40,000","2","46,700","1.16","1.18","1.16","1.18","X","0.00","1.14","100","1.19","10","1,465.00",
="08437P","廣宇群益4B售04","5,000","1","300","0.06","0.06","0.06","0.06","-","0.01","0.05","15","0.15","10","0.00",
="084380","牧德凱基4C購03","73,000","4","65,560","0.90","0.90","0.89","0.89","+","0.15","1.02","100","1.03","10","594.00",
="084381","新唐凱基51購01","0","0","0","--","--","--","--"," ","0.00","0.45","10","0.46","30","61.70",
="084382","緯穎凱基4C購09","0","0","0","--","--","--","--"," ","0.00","3.78","100","3.88","10","2,975.00",
="084383","洋基凱基4C購02","9,000","8","54,050","6.20","6.20","5.90","5.90","-","0.95","5.70","10","6.20","10","476.00",
="084384","AES凱基4C購04","4,000","3","15,390","3.79","3.92","3.79","3.92","X","0.00","3.84","100","3.94","10","1,350.00",
="084385","富世達凱基51購02","9,000","1","44,640","4.96","4.96","4.96","4.96","X","0.00","4.95","100","5.05","10","1,145.00",
="084386","泓德凱基4C購04","0","0","0","--","--","--","--"," ","0.00","0.11","10","0.12","50","160.00",
="084387","來億凱基4C購02","0","0","0","--","--","--","--"," ","0.00","0.12","10","0.22","10","243.50",
="084388","天虹凱基4C購01","13,000","4","15,110","1.15","1.18","1.15","1.16","-","0.02","1.14","10","1.17","10","208.50",
="084389","昇陽半凱基56購01","83,000","7","83,890","0.99","1.05","0.99","1.00","+","0.04","1.00","100","1.01","10","152.50",
="08438P","元黃金凱基58售01","0","0","0","--","--","--","--"," ","0.00","0.70","10","0.71","50","0.00",
="084390","勤誠凱基4C購04","100,000","11","406,550","4.12","4.15","3.87","4.12","-","0.20","4.04","25","4.14","10","613.00",
="084391","世紀鋼凱基56購01","31,000","5","30,140","0.98","0.98","0.96","0.96","-","0.07","0.93","100","0.94","10","188.00",
="084392","SGBR2X元富56購01","20,000","1","20,600","1.03","1.03","1.03","1.03","+","0.01","1.01","25","1.02","25","11.25",
="084393","為升元富4C購01","118,000","12","378,460","3.03","3.42","2.92","3.42","+","0.61","3.31","25","3.41","10","102.00",
="084394","台積電元富56購02","9,000","5","20,730","2.35","2.35","2.27","2.27","-","0.11","2.17","25","2.27","8","1,160.00",
="084395","台積電元富56購03","0","0","0","--","--","--","--"," ","0.00","1.74","25","1.84","10","1,160.00",
="084397","台積電元富56購04","0","0","0","--","--","--","--"," ","0.00","19.10","25","20.10","10","1,160.00",
="084398","台積電元富56購05","0","0","0","--","--","--","--"," ","0.00","13.90","25","14.90","10","1,160.00",
="084399","華晶科元富4C購01","1,000","1","2,120","2.12","2.12","2.12","2.12","X","0.00","2.15","25","2.42","1","50.30",
="08439P","元債2X凱基4C售04","0","0","0","--","--","--","--"," ","0.00","0.51","100","0.52","50","0.00",
="084400","牧德元富4C購01","10,000","1","10,600","1.06","1.06","1.06","1.06","X","0.00","1.10","25","1.11","25","594.00",
="084401","健策元富4C購04","0","0","0","--","--","--","--"," ","0.00","1.75","25","--","0","1,905.00",
="084402","神達元富4C購04","0","0","0","--","--","--","--"," ","0.00","6.15","25","6.65","10","95.90",
="084403","聯茂元富53購01","0","0","0","--","--","--","--"," ","0.00","2.50","8","--","0","125.00",
="084404","力成元富56購01","0","0","0","--","--","--","--"," ","0.00","1.28","25","1.30","25","118.50",
="084406","穎崴元富4C購02","221,000","33","212,960","1.00","1.11","0.85","1.11","+","0.07","0.33","30","--","0","1,250.00",
="084407","富世達元富56購01","0","0","0","--","--","--","--"," ","0.00","5.45","25","5.55","25","1,145.00",
="084408","來億元富4C購01","0","0","0","--","--","--","--"," ","0.00","0.21","25","0.22","25","243.50",
="08440P","聚陽凱基4A售01","0","0","0","--","--","--","--"," ","0.00","0.38","100","0.39","10","0.00",
="084411","南亞科兆豐56購01","10,000","1","6,800","0.68","0.68","0.68","0.68","X","0.00","0.68","40","--","0","46.65",
="084412","T50反1國泰51購02","0","0","0","--","--","--","--"," ","0.00","0.13","499","0.14","100","19.79",
="084413","新日興國泰51購01","0","0","0","--","--","--","--"," ","0.00","4.74","10","--","0","259.00",
="084414","貿聯國泰51購03","32,000","3","152,900","4.37","4.88","4.37","4.87","+","0.82","4.59","499","4.65","100","981.00",
="084415","世紀鋼國泰51購02","0","0","0","--","--","--","--"," ","0.00","0.52","499","0.53","100","188.00",
="084416","世紀鋼國泰51購03","0","0","0","--","--","--","--"," ","0.00","0.55","499","0.56","100","188.00",
="084417","聯電統一49購01","0","0","0","--","--","--","--"," ","0.00","--","0","--","0","40.60",
="084418","SGBR2X富邦54購01","0","0","0","--","--","--","--"," ","0.00","0.61","100","0.62","100","0.00",
="084419","道瓊銀富邦52購01","0","0","0","--","--","--","--"," ","0.00","1.01","100","1.02","100","0.00",
="08441P","華城凱基4B售03","0","0","0","--","--","--","--"," ","0.00","0.02","100","0.03","50","0.00",
="084420","士電富邦4C購02","475,000","29","458,970","0.99","1.02","0.93","0.95","+","0.05","0.94","30","0.95","10","0.00",
="084421","英業達富邦4C購01","0","0","0","--","--","--","--"," ","0.00","0.39","35","0.40","10","0.00",
="084422","德律富邦4C購01","0","0","0","--","--","--","--"," ","0.00","2.79","10","2.84","10","0.00",
="084427","鴻海統一49購04","1,000","1","1,560","1.56","1.56","1.56","1.56","X","0.00","1.54","10","1.55","10","206.00",
="084428","鴻海統一53購01","0","0","0","--","--","--","--"," ","0.00","1.27","10","1.28","10","206.00",
="08442P","鴻海凱基54售02","60,000","1","23,400","0.39","0.39","0.39","0.39","+","0.01","0.39","100","0.40","50","0.00",
="084430","台積電統一49購03","10,000","1","16,900","1.69","1.69","1.69","1.69","-","0.03","1.67","60","1.68","20","1,160.00",
="084431","台積電統一49購04","0","0","0","--","--","--","--"," ","0.00","0.76","100","0.77","30","1,160.00",
="084432","勤誠富邦54購01","0","0","0","--","--","--","--"," ","0.00","2.28","30","2.34","10","0.00",
="084433","勤誠富邦54購02","23,000","3","70,580","3.08","3.08","3.06","3.06","-","0.01","3.06","30","3.11","10","0.00",
="084434","一詮統一49購01","33,000","4","7,770","0.23","0.24","0.22","0.22","-","0.01","0.22","10","0.23","10","80.20",
="084435","台積電台新4C購05","0","0","0","--","--","--","--"," ","0.00","2.07","20","2.08","10","0.00",
="084436","T50正2元大51購05","7,000","2","13,970","2.00","2.00","1.97","1.97","-","0.06","1.91","100","1.92","10","259.40",
="084437","T50反1元大4C購07","0","0","0","--","--","--","--"," ","0.00","0.13","499","0.14","10","19.79",
="084438","臺指反元大4C購02","0","0","0","--","--","--","--"," ","0.00","0.32","100","0.34","10","3.20",
="08443P","廣宇凱基4A售03","1,000","1","20","0.02","0.02","0.02","0.02","X","0.00","--","0","0.02","50","0.00",
="084440","臺指反元大54購01","0","0","0","--","--","--","--"," ","0.00","0.18","100","0.19","10","3.20",
="084441","SGBR2X元大51購03","0","0","0","--","--","--","--"," ","0.00","0.84","250","0.85","100","11.25",
="084442","SGBR2X元大53購01","40,000","1","31,600","0.79","0.79","0.79","0.79","X","0.00","0.78","250","0.79","100","11.25",
="084444","士電元大4C購08","142,000","2","109,360","0.79","0.79","0.77","0.77","X","0.00","0.74","499","0.75","10","187.50",
="084446","中興電元大4C購06","348,000","8","179,260","0.51","0.52","0.50","0.52","+","0.05","0.52","499","0.53","10","167.00",
="084447","亞力元大4C購04","0","0","0","--","--","--","--"," ","0.00","0.27","499","0.28","10","110.50",
="084448","大成鋼元大4C購08","8,000","1","22,880","2.86","2.86","2.86","2.86","X","0.00","2.65","25","2.67","10","38.60",
="084449","上銀元大4C購01","0","0","0","--","--","--","--"," ","0.00","0.97","499","0.99","10","215.50",
="08444P","台積電凱基4A售54","0","0","0","--","--","--","--"," ","0.00","0.03","100","0.13","10","0.00",
="084450","川湖元大4C購02","25,000","3","50,270","2.03","2.06","2.00","2.06","+","0.04","2.03","350","2.06","10","2,925.00",
="084451","川湖元大4C購03","61,000","3","139,820","2.30","2.30","2.22","2.22"," ","0.00","2.19","350","2.22","10","2,925.00",
="084452","金寶元大4C購02","101,000","8","69,750","0.65","0.73","0.65","0.68","-","0.02","0.68","25","0.69","10","19.05",
="084453","仁寶元大4C購02","254,000","1","132,080","0.52","0.52","0.52","0.52","X","0.00","0.50","25","0.61","50","28.10",
="084454","華泰元大4C購03","63,000","9","141,220","2.03","2.33","2.03","2.24","+","0.16","2.08","25","2.10","10","44.70",
="084455","台積電元大4C購27","1,000","1","850","0.85","0.85","0.85","0.85","-","0.03","0.09","111","--","0","1,160.00",
="084456","台積電元大51購44","0","0","0","--","--","--","--"," ","0.00","0.09","111","--","0","1,160.00",
="084457","智邦元大4C購07","19,000","2","73,620","3.83","3.88","3.83","3.88","-","0.04","3.76","200","3.79","10","984.00",
="084458","金像電元大4C購12","0","0","0","--","--","--","--"," ","0.00","3.67","200","3.73","10","486.00",
="084459","技嘉元大4C購08","123,000","3","103,220","0.85","0.85","0.82","0.84","-","0.05","0.81","25","0.82","10","281.00",
="08445P","台積電凱基53售10","0","0","0","--","--","--","--"," ","0.00","0.35","100","0.36","10","0.00",
="084460","南亞科元大51購05","1,000","1","780","0.78","0.78","0.78","0.78","X","0.00","0.74","499","0.75","10","46.65",
="084461","南亞科元大54購01","0","0","0","--","--","--","--"," ","0.00","0.33","499","0.34","10","46.65",
="084462","聯發科元大4C購14","2,000","1","2,240","1.12","1.12","1.12","1.12","X","0.00","0.08","57","--","0","1,385.00",
="084463","聯發科元大51購27","4,000","2","5,590","1.39","1.42","1.39","1.42","X","0.00","0.06","7","--","0","1,385.00",
="084464","皇昌元大4C購01","702,000","19","716,480","0.90","1.04","0.82","0.82"," ","0.00","0.76","509","0.77","10","83.50",
="084465","皇昌元大4C購02","238,000","8","278,000","1.16","1.22","1.14","1.14","+","0.26","0.89","499","0.91","10","83.50",
="084466","長榮元大51購16","0","0","0","--","--","--","--"," ","0.00","0.24","499","0.25","10","188.00",
="084467","奇鋐元大4C購17","57,000","2","171,200","3.10","3.10","2.99","2.99","-","0.33","2.99","200","3.06","10","1,015.00",
="084468","奇鋐元大4C購19","6,000","1","36,600","6.10","6.10","6.10","6.10","-","0.15","5.60","100","5.75","10","1,015.00",
="084469","亞光元大51購04","71,000","3","92,300","1.30","1.35","1.29","1.35","+","0.06","1.23","25","1.27","10","164.00",
="08446P","技嘉凱基4A售01","0","0","0","--","--","--","--"," ","0.00","0.04","10","0.14","10","0.00",
="084470","德律元大4C購03","0","0","0","--","--","--","--"," ","0.00","2.95","250","3.01","10","206.00",
="084471","緯創元大4C購09","14,000","1","6,580","0.47","0.47","0.47","0.47","-","0.05","0.01","499","--","0","115.00",
="084472","新日興元大4C購06","199,000","16","526,300","2.54","3.05","2.45","3.05","+","0.50","1.27","39","--","0","259.00",
="084473","華擎元大4C購03","0","0","0","--","--","--","--"," ","0.00","1.95","350","1.98","10","281.00",
="084474","嘉澤元大51購08","181,000","5","185,410","1.03","1.05","1.01","1.01","-","0.09","1.12","499","1.16","10","1,465.00",
="084475","辛耘元大4C購03","0","0","0","--","--","--","--"," ","0.00","3.68","200","3.75","10","393.50",
="084476","健策元大4C購04","278,000","11","357,680","1.22","1.33","1.22","1.31","-","0.11","1.31","499","1.33","10","1,905.00",
="084477","貿聯元大51購06","337,000","32","1,375,940","3.57","4.23","3.57","4.04","+","0.30","3.91","200","3.97","10","981.00",
="084478","日月光元大4C購03","231,000","2","136,440","0.62","0.62","0.59","0.59","-","0.07","0.58","499","0.59","10","147.50",
="084479","鈞興元大4C購01","107,000","13","173,570","1.57","1.68","1.57","1.58","+","0.05","1.55","499","1.58","10","200.00",
="08447P","聯發科凱基4A售12","0","0","0","--","--","--","--"," ","0.00","0.13","10","0.14","30","0.00",
="084480","祥碩元大4C購01","162,000","1","50,220","0.31","0.31","0.31","0.31","-","0.03","0.30","499","0.31","10","1,665.00",
="084481","祥碩元大4C購02","13,000","1","7,280","0.56","0.56","0.56","0.56","-","0.05","0.56","25","0.57","10","1,665.00",
="084482","聯茂元大4C購09","0","0","0","--","--","--","--"," ","0.00","7.20","25","--","0","125.00",
="084483","穎崴元大56購01","180,000","14","348,920","2.00","2.06","1.87","2.06","+","0.11","1.23","16","--","0","1,250.00",
="084484","緯穎元大51購12","0","0","0","--","--","--","--"," ","0.00","0.93","25","0.94","10","2,975.00",
="084485","泓德元大4C購04","0","0","0","--","--","--","--"," ","0.00","0.12","499","0.22","10","160.00",
="084486","昇陽半元大4C購06","29,000","6","17,170","0.55","0.60","0.55","0.60","+","0.01","0.60","499","0.62","10","152.50",
="084487","勤誠元大4C購04","36,000","5","211,800","5.85","5.90","5.80","5.90","-","0.20","5.75","25","5.85","10","613.00",
="084488","美利達元大4C購01","0","0","0","--","--","--","--"," ","0.00","1.88","400","1.94","10","112.50",
="084489","世紀鋼元大4C購05","200,000","1","86,000","0.43","0.43","0.43","0.43","X","0.00","0.40","499","0.41","10","188.00",
="08448P","貿聯凱基4B售02","0","0","0","--","--","--","--"," ","0.00","0.01","100","0.11","10","0.00",
="084490","元石油國票4C購02","0","0","0","--","--","--","--"," ","0.00","0.92","25","0.93","10","16.26",
="084491","元石油國票52購02","0","0","0","--","--","--","--"," ","0.00","0.77","25","0.78","10","16.26",
="084492","元油反國票4C購02","0","0","0","--","--","--","--"," ","0.00","0.90","25","0.91","10","6.68",
="084493","元油反國票52購01","25,000","1","18,750","0.75","0.75","0.75","0.75","-","0.02","0.75","25","0.76","10","6.68",
="084494","SGBR2X國票51購02","0","0","0","--","--","--","--"," ","0.00","0.66","25","0.67","10","11.25",
="084495","SGBR2X國票52購03","0","0","0","--","--","--","--"," ","0.00","0.97","25","0.98","10","11.25",
="084496","道瓊銅國票56購01","2,000","1","4,980","2.49","2.49","2.49","2.49","-","0.05","2.47","25","2.48","10","24.91",
="084497","中砂國票51購03","207,000","4","534,770","2.42","2.59","2.42","2.59","+","0.19","2.59","25","2.61","10","347.00",
="084498","信錦國票51購01","3,000","2","4,240","1.41","1.42","1.41","1.42","X","0.00","1.43","25","1.44","10","72.00",
="084499","長榮航國票4C購03","4,000","1","8,240","2.06","2.06","2.06","2.06","+","0.11","1.96","25","1.99","10","39.05",
="08449P","臺股指凱基4A售37","0","0","0","--","--","--","--"," ","0.00","0.01","100","0.02","10","0.00",
="084500","融程電國票51購02","5,000","1","16,400","3.28","3.28","3.28","3.28","+","0.14","3.12","25","3.17","10","189.00",
="084501","宏致國票4C購01","60,000","7","199,100","3.48","3.48","3.16","3.20","X","0.00","3.13","25","3.19","10","73.90",
="084502","精銳國票51購01","65,000","7","73,130","1.04","1.13","1.04","1.13","+","0.25","1.06","25","1.07","10","776.00",
="084503","乙盛國票51購01","385,000","24","2,067,600","5.00","5.95","5.00","5.25","+","0.93","5.15","25","5.25","7","81.40",
="084504","來億國票51購02","659,000","5","192,110","0.29","0.30","0.29","0.30","X","0.00","0.26","25","0.27","10","243.50",
="084505","世紀鋼國票52購03","5,000","2","2,210","0.44","0.45","0.44","0.45","-","0.04","0.43","25","0.44","10","188.00",
="084506","喬山統一56購01","55,000","4","24,550","0.45","0.45","0.44","0.44","-","0.03","0.43","10","0.44","10","146.00",
="084507","華晶科統一56購01","31,000","1","38,440","1.24","1.24","1.24","1.24","-","0.04","1.23","10","1.25","10","50.30",
="084508","玉晶光統一56購04","42,000","1","35,280","0.84","0.84","0.84","0.84","-","0.01","0.84","10","0.85","10","461.50",
="084509","牧德統一55購02","128,000","5","73,920","0.56","0.60","0.56","0.56","-","0.01","0.62","10","0.63","10","594.00",
="08450P","滬深2X元富4A售08","0","0","0","--","--","--","--"," ","0.00","0.09","25","0.10","25","0.00",
="084510","貿聯統一56購02","97,000","4","111,570","1.16","1.17","1.11","1.12","+","0.05","1.11","10","1.12","10","981.00",
="084511","訊芯統一58購01","1,000","1","700","0.70","0.70","0.70","0.70","-","0.04","0.69","10","0.70","10","165.00",
="084512","訊芯統一5C購01","0","0","0","--","--","--","--"," ","0.00","0.66","10","0.67","10","165.00",
="084513","泓德統一56購02","0","0","0","--","--","--","--"," ","0.00","0.19","10","0.20","10","160.00",
="084514","勤誠統一56購02","207,000","7","253,130","1.24","1.24","1.21","1.24","-","0.03","1.22","10","1.23","10","613.00",
="084515","勤誠統一5C購02","420,000","8","608,130","1.45","1.46","1.43","1.46","-","0.01","1.45","10","1.46","10","613.00",
="084516","勤誠統一62購01","0","0","0","--","--","--","--"," ","0.00","1.12","10","1.13","10","613.00",
="084518","A50正2群益4C購01","0","0","0","--","--","--","--"," ","0.00","2.12","10","2.22","10","31.56",
="084519","國企2X群益4C購01","0","0","0","--","--","--","--"," ","0.00","1.75","25","1.76","10","10.70",
="08451P","南亞科元富4A售06","0","0","0","--","--","--","--"," ","0.00","0.15","25","0.16","25","0.00",
="084520","SGBR2X群益4C購01","0","0","0","--","--","--","--"," ","0.00","0.41","25","0.42","10","11.25",
="084521","士電群益51購01","0","0","0","--","--","--","--"," ","0.00","0.79","100","0.80","100","187.50",
="084522","華城群益4C購05","35,000","2","56,830","1.64","1.64","1.61","1.61","+","0.05","1.49","100","1.50","100","618.00",
="084523","中砂群益51購02","618,000","6","750,960","1.14","1.23","1.14","1.18","X","0.00","0.40","30","1.24","499","347.00",
="084524","大成鋼群益4C購04","3,000","1","12,510","4.17","4.17","4.17","4.17","-","0.75","0.88","11","--","0","38.60",
="084525","台積電群益56購02","33,000","4","40,940","1.24","1.26","1.24","1.24","-","0.07","0.45","22","1.26","1","1,160.00",
="084526","漢唐群益4C購04","0","0","0","--","--","--","--"," ","0.00","21.80","23","22.80","10","1,190.00",
="084527","南亞科群益4C購08","0","0","0","--","--","--","--"," ","0.00","0.43","100","0.44","100","46.65",
="084528","南亞科群益51購07","0","0","0","--","--","--","--"," ","0.00","0.33","100","0.34","100","46.65",
="084529","聯發科群益4C購10","0","0","0","--","--","--","--"," ","0.00","--","0","--","0","1,385.00",
="08452P","臺股指元富4A售21","0","0","0","--","--","--","--"," ","0.00","0.05","25","0.10","10","0.00",
="084531","奇鋐群益4C購05","0","0","0","--","--","--","--"," ","0.00","--","0","--","0","1,015.00",
="084532","亞光群益4C購07","0","0","0","--","--","--","--"," ","0.00","1.02","9","--","0","164.00",
="084533","緯創群益4C購04","46,000","1","27,600","0.60","0.60","0.60","0.60","+","0.05","0.16","62","--","0","115.00",
="084534","新日興群益4C購02","0","0","0","--","--","--","--"," ","0.00","--","0","--","0","259.00",
="084535","辛耘群益4C購02","334,000","37","1,364,700","4.11","4.42","3.80","4.41","+","0.43","4.43","10","4.53","10","393.50",
="084536","世芯群益4C購14","0","0","0","--","--","--","--"," ","0.00","--","0","7.65","10","4,000.00",
="084537","貿聯群益4C購06","0","0","0","--","--","--","--"," ","0.00","--","0","4.83","10","981.00",
="084538","神達群益4C購05","0","0","0","--","--","--","--"," ","0.00","--","0","--","0","95.90",
="084539","日月光群益4C購01","0","0","0","--","--","--","--"," ","0.00","0.75","100","0.77","100","147.50",
="08453P","臺股指元富4A售22","0","0","0","--","--","--","--"," ","0.00","0.01","25","0.11","10","0.00",
="084540","精銳群益4C購03","201,000","17","316,180","1.53","1.64","1.50","1.61","+","0.11","1.57","100","1.58","100","776.00",
="084541","聯茂群益4C購02","0","0","0","--","--","--","--"," ","0.00","9.75","10","--","0","125.00",
="084542","訊芯群益52購01","156,000","5","176,140","1.17","1.17","1.12","1.13","-","0.21","1.11","25","1.13","10","165.00",
="084543","穎崴群益52購06","49,000","1","27,930","0.57","0.57","0.57","0.57","-","0.02","0.22","45","--","0","1,250.00",
="084544","緯穎群益4C購06","0","0","0","--","--","--","--"," ","0.00","4.11","10","4.21","10","2,975.00",
="084545","世紀鋼群益52購01","0","0","0","--","--","--","--"," ","0.00","0.53","10","0.63","10","188.00",
="084546","臺股指群益53購08","0","0","0","--","--","--","--"," ","0.00","2.36","499","2.37","499","0.00",
="084547","臺股指群益53購09","8,000","1","28,720","3.59","3.59","3.59","3.59","-","0.11","3.55","499","3.56","499","0.00",
="084548","臺股指群益5B購01","62,000","2","218,540","3.53","3.53","3.45","3.45","-","0.14","3.43","499","3.44","499","0.00",
="084549","台達電統一56購02","0","0","0","--","--","--","--"," ","0.00","2.45","10","2.46","10","709.00",
="08454P","T50正2中信52售01","0","0","0","--","--","--","--"," ","0.00","0.20","100","0.21","100","0.00",
="084550","順德統一56購02","120,000","2","89,620","0.75","0.75","0.74","0.74","-","0.03","0.76","10","0.77","10","88.20",
="084551","矽統統一56購01","32,000","2","20,160","0.63","0.63","0.63","0.63","-","0.01","0.63","10","0.64","10","55.10",
="084552","技嘉統一56購01","100,000","1","54,000","0.54","0.54","0.54","0.54","-","0.01","0.52","10","0.53","10","281.00",
="084553","精成科統一54購01","0","0","0","--","--","--","--"," ","0.00","3.55","10","--","0","131.00",
="084554","達運光統一56購01","0","0","0","--","--","--","--"," ","0.00","1.65","10","1.66","10","126.00",
="084555","華城中信4C購01","80,000","3","90,400","1.13","1.13","1.13","1.13","+","0.03","1.04","10","1.05","10","0.00",
="084556","中砂中信4C購01","110,000","2","95,700","0.77","0.88","0.77","0.88","+","0.22","0.79","10","0.84","10","0.00",
="084557","辛耘中信4C購02","886,000","36","559,650","0.61","0.69","0.58","0.68","+","0.07","0.68","10","0.69","10","0.00",
="084558","臺股指中信54購01","0","0","0","--","--","--","--"," ","0.00","1.08","499","1.09","100","0.00",
="084559","T50反1永豐51購02","0","0","0","--","--","--","--"," ","0.00","0.13","10","0.14","10","19.79",
="08455P","台積電中信4C售07","0","0","0","--","--","--","--"," ","0.00","0.12","100","0.13","100","0.00",
="084560","士電永豐51購01","0","0","0","--","--","--","--"," ","0.00","0.93","499","0.94","10","187.50",
="084561","威盛永豐51購01","67,000","1","89,780","1.34","1.34","1.34","1.34","-","0.01","1.29","10","1.30","10","62.00",
="084562","凌陽永豐54購01","72,000","2","158,440","2.24","2.24","2.20","2.20","-","0.03","2.14","10","2.16","10","24.45",
="084563","辛耘永豐52購03","98,000","7","158,020","1.52","1.63","1.43","1.63","+","0.21","1.62","499","1.63","10","393.50",
="084564","達興永豐51購01","80,000","2","280,000","3.50","3.50","3.50","3.50","X","0.00","3.42","499","3.46","10","387.00",
="084565","精成科永豐4C購01","49,000","8","422,050","8.65","8.70","8.05","8.05","+","2.65","8.70","10","--","0","131.00",
="084566","穎崴永豐52購01","218,000","5","164,450","0.72","0.78","0.72","0.78","+","0.06","0.44","22","0.98","10","1,250.00",
="084567","富世達永豐52購03","40,000","6","151,500","3.77","3.90","3.65","3.90","X","0.00","3.77","499","3.87","10","1,145.00",
="084568","泓德永豐51購01","0","0","0","--","--","--","--"," ","0.00","0.17","10","0.18","10","160.00",
="084569","鈺齊永豐52購01","34,000","5","136,040","3.92","4.05","3.92","4.05","-","0.36","3.92","499","4.02","10","106.50",
="08456P","南亞科中信4A售02","0","0","0","--","--","--","--"," ","0.00","0.01","499","0.02","10","0.00",
="084570","中砂兆豐53購01","322,000","8","355,820","1.01","1.17","1.01","1.15","+","0.12","1.08","10","1.09","10","347.00",
="084571","碩天兆豐4C購01","200,000","3","100,000","0.50","0.50","0.50","0.50"," ","0.00","0.47","10","0.48","10","225.50",
="084572","世芯兆豐53購01","0","0","0","--","--","--","--"," ","0.00","1.78","10","--","0","4,000.00",
="084573","神達兆豐53購01","0","0","0","--","--","--","--"," ","0.00","3.36","10","3.37","10","95.90",
="084574","勤誠兆豐53購01","0","0","0","--","--","--","--"," ","0.00","2.45","10","2.46","10","613.00",
="084575","T50正2國泰51購02","0","0","0","--","--","--","--"," ","0.00","7.40","499","7.45","200","259.40",
="084576","華城國泰51購02","0","0","0","--","--","--","--"," ","0.00","3.78","499","3.85","100","618.00",
="084577","華城國泰51購03","40,000","3","116,470","2.96","2.96","2.83","2.83","-","0.15","2.83","486","2.87","100","618.00",
="084578","緯創國泰51購04","0","0","0","--","--","--","--"," ","0.00","0.15","30","--","0","115.00",
="084579","緯創國泰51購05","24,000","3","19,240","0.82","0.82","0.80","0.82","+","0.03","0.25","40","--","0","115.00",
="08457P","聯發科中信4C售04","0","0","0","--","--","--","--"," ","0.00","0.29","499","0.30","100","0.00",
="084580","穎崴國泰51購03","65,000","7","86,150","1.43","1.43","1.28","1.35","-","0.15","0.57","35","1.58","100","1,250.00",
="084582","慧洋富邦4C購02","411,000","18","327,210","0.76","0.81","0.76","0.76","-","0.02","0.75","10","0.76","10","0.00",
="084583","牧德富邦53購01","390,000","9","222,300","0.57","0.60","0.55","0.59","+","0.05","0.63","10","0.64","10","0.00",
="084584","精成科富邦52購03","0","0","0","--","--","--","--"," ","0.00","3.56","10","--","0","0.00",
="084585","采鈺富邦4C購01","408,000","32","628,170","1.41","1.60","1.41","1.60","+","0.27","1.56","10","1.57","10","0.00",
="084586","臺股指富邦51購13","6,000","6","15,250","2.58","2.58","2.50","2.50","-","0.09","2.46","499","2.47","10","0.00",
="084587","臺股指富邦56購05","0","0","0","--","--","--","--"," ","0.00","1.95","499","1.96","100","0.00",
="084588","T50反1元富4C購09","0","0","0","--","--","--","--"," ","0.00","0.35","25","0.36","25","19.79",
="084589","T50反1元富56購01","0","0","0","--","--","--","--"," ","0.00","0.49","25","0.50","25","19.79",
="08458P","緯創中信4A售05","0","0","0","--","--","--","--"," ","0.00","0.02","10","0.03","10","0.00",
="084591","T50反1元富56購02","0","0","0","--","--","--","--"," ","0.00","0.52","25","0.53","25","19.79",
="084592","FANG+元富4C購02","0","0","0","--","--","--","--"," ","0.00","1.76","25","1.77","25","110.85",
="084593","台塑元富4C購04","1,000","1","2,410","2.41","2.41","2.41","2.41","-","0.17","2.31","25","2.32","25","39.10",
="084594","中砂元富4C購01","45,000","7","176,410","3.80","4.11","3.71","4.11","+","0.59","3.83","25","3.93","10","347.00",
="084595","中砂元富56購01","71,000","10","252,350","3.49","3.68","3.49","3.68","+","0.31","3.57","25","3.67","10","347.00",
="084596","鴻海元富4C購08","0","0","0","--","--","--","--"," ","0.00","4.36","25","4.46","25","206.00",
="084597","鴻海元富4C購09","0","0","0","--","--","--","--"," ","0.00","22.80","25","23.50","25","206.00",
="084598","順德元富51購01","0","0","0","--","--","--","--"," ","0.00","1.36","25","1.37","25","88.20",
="084599","鴻準元富4C購04","1,000","1","2,650","2.65","2.65","2.65","2.65","-","0.01","2.55","25","2.60","25","71.70",
="08459P","臺股指中信51售06","0","0","0","--","--","--","--"," ","0.00","0.01","499","0.02","10","0.00",
="084600","華碩元富4C購02","68,000","3","42,840","0.63","0.63","0.63","0.63","-","0.01","0.61","25","0.71","10","634.00",
="084601","佳能元富4C購03","0","0","0","--","--","--","--"," ","0.00","15.40","25","15.70","25","80.80",
="084602","美律元富56購01","1,000","1","1,280","1.28","1.28","1.28","1.28","-","0.08","1.24","25","1.26","25","107.50",
="084603","聯發科元富51購10","0","0","0","--","--","--","--"," ","0.00","3.97","25","4.07","10","1,385.00",
="084604","新日興元富4C購01","0","0","0","--","--","--","--"," ","0.00","--","0","--","0","259.00",
="084605","新日興元富4C購02","47,000","6","167,340","3.05","4.21","3.00","3.92","+","0.89","1.12","8","--","0","259.00",
="084606","創意元富4C購09","0","0","0","--","--","--","--"," ","0.00","0.92","30","--","0","1,350.00",
="084607","辛耘元富4C購04","923,000","26","1,353,770","1.48","1.60","1.32","1.59","+","0.20","1.60","25","1.61","25","393.50",
="084608","世芯元富56購06","11,000","2","34,150","3.11","3.11","3.05","3.05","-","0.04","2.96","25","2.98","25","4,000.00",
="084609","神達元富4C購05","29,000","4","141,630","4.90","4.90","4.73","4.77","+","0.70","4.82","25","4.88","25","95.90",
="08460P","臺股指中信51售07","0","0","0","--","--","--","--"," ","0.00","0.28","499","0.29","100","0.00",
="084610","神達元富51購02","0","0","0","--","--","--","--"," ","0.00","4.64","25","4.74","25","95.90",
="084611","精成科元富4C購01","0","0","0","--","--","--","--"," ","0.00","3.59","25","--","0","131.00",
="084612","精成科元富4C購02","33,000","2","124,800","3.97","3.97","3.74","3.74","+","1.20","3.97","25","--","0","131.00",
="084613","聯茂元富4C購03","0","0","0","--","--","--","--"," ","0.00","--","0","--","0","125.00",
="084614","緯穎元富56購02","2,000","1","4,880","2.44","2.44","2.44","2.44","-","0.02","2.40","25","2.41","25","2,975.00",
="084615","連加元富4C購01","0","0","0","--","--","--","--"," ","0.00","0.74","25","0.75","25","615.00",
="084616","世紀鋼元富4C購04","0","0","0","--","--","--","--"," ","0.00","0.70","25","0.72","25","188.00",
="084617","臺股指元富51購11","3,000","3","12,410","4.17","4.17","4.10","4.10","-","0.15","3.98","25","3.99","25","0.00",
="084618","臺股指元富51購12","6,000","6","20,930","3.53","3.53","3.45","3.45","-","0.12","3.35","25","3.36","25","0.00",
="084619","臺股指元富51購13","11,000","7","36,710","3.38","3.38","3.31","3.31","-","0.12","3.18","25","3.19","25","0.00",
="08461P","聚陽國票4B售01","0","0","0","--","--","--","--"," ","0.00","0.12","25","0.13","10","0.00",
="084620","A50正2國票51購04","0","0","0","--","--","--","--"," ","0.00","2.74","25","2.75","10","31.56",
="084621","南亞國票51購02","0","0","0","--","--","--","--"," ","0.00","8.10","25","8.30","10","43.00",
="084622","台化國票4C購01","0","0","0","--","--","--","--"," ","0.00","3.75","25","3.85","10","29.90",
="084623","亞力國票4C購02","27,000","2","12,150","0.45","0.45","0.45","0.45","X","0.00","0.44","25","0.46","10","110.50",
="084624","華城國票51購02","1,000","1","4,450","4.45","4.45","4.45","4.45","+","0.08","4.20","25","4.25","10","618.00",
="084625","鴻海國票52購01","0","0","0","--","--","--","--"," ","0.00","4.06","25","4.16","10","206.00",
="084626","順德國票51購02","27,000","1","59,670","2.21","2.21","2.21","2.21","-","0.14","2.26","25","2.27","10","88.20",
="084627","毅嘉國票51購01","0","0","0","--","--","--","--"," ","0.00","7.25","25","7.35","10","60.80",
="084628","漢唐國票51購03","5,000","1","137,500","27.50","27.50","27.50","27.50","X","0.00","29.30","25","30.30","10","1,190.00",
="084629","全新國票4C購02","71,000","8","167,540","2.38","2.44","2.26","2.26","-","0.28","2.26","25","2.28","10","153.50",
="08462P","南亞科國票4C售01","1,000","1","130","0.13","0.13","0.13","0.13","X","0.00","0.13","25","0.14","10","0.00",
="084630","全新國票51購01","0","0","0","--","--","--","--"," ","0.00","2.44","25","2.47","10","153.50",
="084631","德律國票52購01","0","0","0","--","--","--","--"," ","0.00","4.15","25","4.20","10","206.00",
="084632","智原國票51購04","0","0","0","--","--","--","--"," ","0.00","0.48","25","0.49","10","158.00",
="084633","新日興國票51購01","0","0","0","--","--","--","--"," ","0.00","4.65","25","4.75","10","259.00",
="084634","玉晶光國票4C購02","1,000","1","3,590","3.59","3.59","3.59","3.59","+","0.33","3.59","25","3.60","10","461.50",
="084635","玉晶光國票51購01","1,000","1","3,530","3.53","3.53","3.53","3.53","+","0.34","3.51","25","3.52","10","461.50",
="084636","群創國票4C購02","20,000","1","37,000","1.85","1.85","1.85","1.85","X","0.00","1.79","25","1.89","10","14.15",
="084637","華擎國票51購02","1,000","1","2,770","2.77","2.77","2.77","2.77","-","0.20","2.73","25","2.78","10","281.00",
="084638","世芯國票53購01","0","0","0","--","--","--","--"," ","0.00","5.50","25","5.55","10","4,000.00",
="084639","迅得國票52購01","88,000","8","182,860","2.01","2.18","2.01","2.15","+","0.12","2.12","25","2.15","10","193.50",
="08463P","景碩國票4B售02","0","0","0","--","--","--","--"," ","0.00","0.01","25","0.05","80","0.00",
="084640","AES國票51購02","1,000","1","5,700","5.70","5.70","5.70","5.70","+","0.71","5.60","25","5.75","10","1,350.00",
="084641","聯發科第一56購04","305,000","5","289,520","0.95","0.96","0.94","0.96","-","0.01","0.94","10","0.95","10","0.00",
="084642","SGBR2X凱基53購02","0","0","0","--","--","--","--"," ","0.00","1.15","100","1.16","10","11.25",
="084643","中興電凱基4C購04","71,000","2","37,630","0.53","0.53","0.53","0.53","+","0.05","0.54","100","0.55","10","167.00",
="084644","華城凱基4C購04","38,000","2","82,840","2.18","2.18","2.18","2.18","+","0.02","2.02","100","2.03","10","618.00",
="084645","金寶凱基4C購02","627,000","26","375,510","0.59","0.66","0.59","0.66","+","0.04","0.62","100","0.72","10","19.05",
="084646","鴻海凱基51購08","1,000","1","2,150","2.15","2.15","2.15","2.15","-","0.22","2.21","100","2.23","10","206.00",
="084647","台積電凱基51購16","3,000","1","3,480","1.16","1.16","1.16","1.16","X","0.00","1.07","100","1.08","10","1,160.00",
="084648","鴻海凱基4B購02","0","0","0","--","--","--","--"," ","0.00","1.74","58","1.84","10","206.00",
="084649","台積電凱基53購13","0","0","0","--","--","--","--"," ","0.00","1.06","100","1.07","10","1,160.00",
="08464P","緯創國票52售01","2,000","1","1,360","0.68","0.68","0.68","0.68"," ","0.00","0.67","25","0.68","10","0.00",
="084650","順德凱基51購02","19,000","3","34,430","1.80","1.83","1.80","1.82","-","0.11","1.85","10","1.86","10","88.20",
="084651","漢唐凱基4C購04","0","0","0","--","--","--","--"," ","0.00","27.10","10","28.10","10","1,190.00",
="084652","南亞科凱基55購02","0","0","0","--","--","--","--"," ","0.00","0.92","100","0.93","30","46.65",
="084653","聯發科凱基51購08","2,000","2","2,620","1.27","1.35","1.27","1.35","X","0.00","1.26","100","1.27","10","1,385.00",
="084654","長榮凱基4C購05","0","0","0","--","--","--","--"," ","0.00","0.41","100","0.42","10","188.00",
="084655","長榮航凱基51購02","0","0","0","--","--","--","--"," ","0.00","1.20","100","1.21","10","39.05",
="084656","奇鋐凱基51購05","0","0","0","--","--","--","--"," ","0.00","2.40","100","2.45","10","1,015.00",
="084657","德律凱基4C購02","27,000","6","141,950","5.40","5.40","5.10","5.15","-","0.35","5.05","100","5.10","10","206.00",
="084658","緯創凱基51購01","9,000","1","6,570","0.73","0.73","0.73","0.73","X","0.00","0.72","100","0.73","10","115.00",
="084659","創意凱基53購01","403,000","25","876,820","2.03","2.22","2.03","2.13","+","0.09","2.10","100","2.13","10","1,350.00",
="08465P","穎崴國票4B售02","0","0","0","--","--","--","--"," ","0.00","0.01","25","0.05","10","0.00",
="084660","華擎凱基4C購03","66,000","6","114,880","1.76","1.76","1.72","1.72","-","0.10","1.65","10","1.66","10","281.00",
="084661","辛耘凱基4C購02","172,000","17","429,040","2.43","2.63","2.34","2.60","+","0.26","2.62","100","2.64","10","393.50",
="084662","健策凱基51購03","54,000","6","181,510","3.28","3.43","3.26","3.40","-","0.20","3.39","100","--","0","1,905.00",
="084663","世芯凱基51購10","0","0","0","--","--","--","--"," ","0.00","2.44","100","2.48","10","4,000.00",
="084664","貿聯凱基51購02","9,000","2","29,230","3.22","3.27","3.22","3.27","X","0.00","3.04","10","3.14","10","981.00",
="084665","神達凱基51購05","26,000","3","158,650","6.10","6.15","6.10","6.15","+","0.85","6.30","100","6.40","10","95.90",
="084666","精成科凱基4C購05","13,000","3","84,600","6.50","6.60","6.50","6.60","+","2.37","1.26","7","--","0","131.00",
="084667","緯穎凱基51購06","10,000","1","29,800","2.98","2.98","2.98","2.98","-","0.08","2.91","100","3.01","10","2,975.00",
="084668","臺股指凱基59購04","0","0","0","--","--","--","--"," ","0.00","3.19","100","3.20","10","0.00",
="084669","國喬群益4C購02","52,000","5","56,940","1.10","1.10","1.08","1.08","-","0.15","1.06","25","1.07","10","9.92",
="08466P","台積電元大4A售61","0","0","0","--","--","--","--"," ","0.00","--","0","0.10","10","0.00",
="084670","亞力群益4C購03","29,000","1","11,600","0.40","0.40","0.40","0.40","X","0.00","--","0","--","0","110.50",
="084671","台積電群益51購09","3,000","1","6,570","2.19","2.19","2.19","2.19","X","0.00","0.42","3","--","0","1,160.00",
="084672","智邦群益56購01","10,000","1","15,300","1.53","1.53","1.53","1.53","X","0.00","0.97","20","1.62","10","984.00",
="084673","順德群益51購02","19,000","1","27,930","1.47","1.47","1.47","1.47","-","0.05","0.57","17","--","0","88.20",
="084674","鴻準群益52購01","0","0","0","--","--","--","--"," ","0.00","--","0","2.37","10","71.70",
="084675","技嘉群益51購02","3,000","1","5,670","1.89","1.89","1.89","1.89","-","0.02","0.64","15","--","0","281.00",
="084676","台光電群益4C購07","48,000","1","181,440","3.78","3.78","3.78","3.78","-","0.04","1.30","7","--","0","1,250.00",
="084677","聯發科群益51購08","0","0","0","--","--","--","--"," ","0.00","0.21","30","--","0","1,385.00",
="084678","皇昌群益4C購03","297,000","25","720,130","2.37","2.65","2.14","2.14","-","0.10","2.00","10","2.10","10","83.50",
="084679","長榮群益51購01","0","0","0","--","--","--","--"," ","0.00","0.40","10","0.50","10","188.00",
="08467P","台積電元大4A售62","0","0","0","--","--","--","--"," ","0.00","0.01","499","0.11","10","0.00",
="084680","中信金群益4C購01","16,000","4","13,420","0.84","0.84","0.82","0.82","-","0.03","0.80","10","0.90","10","41.80",
="084681","奇鋐群益4C購06","0","0","0","--","--","--","--"," ","0.00","--","0","--","0","1,015.00",
="084682","創意群益4C購04","140,000","6","236,160","1.63","1.70","1.63","1.67","+","0.07","0.61","16","--","0","1,350.00",
="084683","嘉澤群益4C購06","154,000","6","102,770","0.65","0.69","0.65","0.69","+","0.01","0.20","50","--","0","1,465.00",
="084684","牧德群益4C購05","0","0","0","--","--","--","--"," ","0.00","0.34","100","0.35","100","594.00",
="084685","辛耘群益4C購03","135,000","11","228,310","1.63","1.75","1.53","1.73","+","0.19","1.76","10","1.86","10","393.50",
="084686","碩天群益52購01","20,000","2","13,700","0.69","0.69","0.68","0.68","X","0.00","0.67","10","0.77","10","225.50",
="084687","聯茂群益4C購03","0","0","0","--","--","--","--"," ","0.00","11.70","10","--","0","125.00",
="084688","緯穎群益52購05","46,000","2","62,560","1.36","1.36","1.36","1.36","X","0.00","1.34","10","1.44","10","2,975.00",
="084689","洋基群益4C購02","7,000","3","32,160","4.87","4.87","4.22","4.22","-","0.68","1.37","7","--","0","476.00",
="08468P","聯發科元大4A售23","0","0","0","--","--","--","--"," ","0.00","--","0","--","0","0.00",
="084690","泓德群益4C購01","0","0","0","--","--","--","--"," ","0.00","--","0","--","0","160.00",
="084691","來億群益4C購01","0","0","0","--","--","--","--"," ","0.00","--","0","--","0","243.50",
="084692","天虹群益4C購01","6,000","3","4,280","0.72","0.72","0.70","0.70"," ","0.00","0.70","25","0.72","10","208.50",
="084693","勤誠群益51購01","56,000","7","201,000","3.58","3.63","3.54","3.58","-","0.15","1.54","6","--","0","613.00",
="084694","鈺齊群益4C購02","128,000","4","49,920","0.39","0.39","0.39","0.39","X","0.00","--","0","--","0","106.50",
="084695","巨大群益4C購01","55,000","1","23,650","0.43","0.43","0.43","0.43","-","0.06","0.16","62","--","0","104.50",
="084696","元黃金元大53購02","0","0","0","--","--","--","--"," ","0.00","0.59","499","0.60","100","37.00",
="084697","中砂元大4C購01","106,000","6","197,290","1.84","1.97","1.80","1.97","+","0.14","1.95","400","1.98","10","347.00",
="084698","中砂元大4C購02","139,000","13","323,220","2.24","2.50","2.24","2.40","+","0.23","2.35","25","2.40","8","347.00",
="084699","中砂元大51購02","29,000","4","62,310","2.04","2.19","2.04","2.19","+","0.16","2.15","25","2.19","10","347.00",
="08469P","緯穎元大4A售17","0","0","0","--","--","--","--"," ","0.00","--","0","0.10","10","0.00",
="084700","光寶科元大4C購01","230,000","4","250,600","1.12","1.12","1.07","1.07","-","0.10","1.05","25","1.08","10","130.00",
="084701","台積電元大4C購28","1,000","1","740","0.74","0.74","0.74","0.74","-","0.03","0.07","142","--","0","1,160.00",
="084702","台積電元大51購45","1,000","1","900","0.90","0.90","0.90","0.90","-","0.03","0.09","111","--","0","1,160.00",
="084703","智邦元大4C購08","31,000","6","122,350","3.83","4.07","3.75","4.07","+","0.04","3.88","200","3.90","10","984.00",
="084704","技嘉元大4C購09","302,000","5","222,110","0.74","0.75","0.73","0.73","-","0.04","0.70","499","0.71","10","281.00",
="084705","台光電元大51購04","80,000","11","359,180","4.54","4.54","4.29","4.48","-","0.41","2.52","7","--","0","1,250.00",
="084706","台光電元大54購02","25,000","6","114,050","4.57","4.62","4.52","4.59","-","0.05","2.52","3","--","0","1,250.00",
="084707","南亞科元大51購06","0","0","0","--","--","--","--"," ","0.00","0.78","499","0.79","10","46.65",
="084708","聯發科元大51購28","2,000","1","2,400","1.20","1.20","1.20","1.20","X","0.00","0.08","57","--","0","1,385.00",
="084709","長榮元大51購17","0","0","0","--","--","--","--"," ","0.00","0.24","499","0.25","10","188.00",
="08470P","鴻海台新4A售07","0","0","0","--","--","--","--"," ","0.00","0.01","10","0.04","10","0.00",
="084710","華航元大4C購04","340,000","5","262,410","0.75","0.78","0.75","0.75","-","0.03","0.74","499","0.75","10","21.25",
="084712","奇鋐元大4C購20","794,000","40","964,560","1.43","1.43","1.13","1.22","-","0.21","1.18","499","1.22","9","1,015.00",
="084714","德律元大4C購04","0","0","0","--","--","--","--"," ","0.00","2.81","250","--","0","206.00",
="084717","鴻海統一4B購01","89,000","2","178,890","2.01","2.01","2.01","2.01","X","0.00","2.03","10","2.04","10","206.00",
="084718","鴻海統一53購02","3,000","2","4,830","1.61","1.61","1.61","1.61","-","0.04","1.61","10","1.63","10","206.00",
="084719","鴻海統一53購03","0","0","0","--","--","--","--"," ","0.00","2.36","10","2.37","10","206.00",
="08471P","台灣50中信51售02","0","0","0","--","--","--","--"," ","0.00","0.06","499","0.07","100","0.00",
="084720","日電貿元大4C購03","0","0","0","--","--","--","--"," ","0.00","1.07","499","1.08","10","70.50",
="084721","緯創元大4C購11","0","0","0","--","--","--","--"," ","0.00","0.29","499","--","0","115.00",
="084722","牧德元大4C購04","90,000","5","93,400","1.02","1.17","1.00","1.17","+","0.18","1.17","499","1.18","10","594.00",
="084724","辛耘元大4C購04","137,000","16","303,700","2.06","2.35","1.98","2.35","+","0.25","2.33","350","2.36","10","393.50",
="084726","世芯元大4C購07","12,000","2","51,170","4.27","4.27","4.20","4.20","+","0.06","4.01","150","4.04","10","4,000.00",
="084727","貿聯元大4C購08","51,000","4","115,150","2.05","2.32","2.05","2.32","+","0.17","2.24","350","2.28","10","981.00",
="08472P","群創中信4A售01","0","0","0","--","--","--","--"," ","0.00","0.11","499","0.12","10","0.00",
="084730","大銀元大4C購03","162,000","3","82,280","0.50","0.51","0.50","0.51"," ","0.00","0.47","499","0.48","10","126.00",
="084731","達興元大4C購05","1,000","1","5,000","5.00","5.00","5.00","5.00","+","0.29","4.71","150","4.78","10","387.00",
="084733","達興元大4C購06","113,000","14","520,080","4.47","4.92","4.23","4.78","+","0.68","4.45","200","4.50","10","387.00",
="084734","迎廣元大4C購02","0","0","0","--","--","--","--"," ","0.00","0.35","499","0.36","10","94.00",
="084735","精成科元大51購04","0","0","0","--","--","--","--"," ","0.00","7.30","25","--","0","131.00",
="084736","精成科元大54購01","78,000","7","480,900","6.45","6.45","6.10","6.15","+","1.47","6.45","50","--","0","131.00",
="084737","矽力元大4C購02","248,000","1","121,520","0.49","0.49","0.49","0.49","+","0.01","0.45","499","0.47","10","317.00",
="084738","訊芯元大4C購01","1,000","1","750","0.75","0.75","0.75","0.75","X","0.00","0.71","499","0.72","10","165.00",
="084739","訊芯元大4C購02","14,000","4","12,850","0.92","0.92","0.91","0.91","-","0.15","0.87","499","0.89","10","165.00",
="08473P","臺股指中信52售01","30,000","1","1,500","0.05","0.05","0.05","0.05","X","0.00","0.04","499","0.05","100","0.00",
="084740","保瑞元大4C購06","97,000","6","192,320","1.96","2.04","1.95","2.04","-","0.02","1.96","350","1.99","10","733.00",
="084741","穎崴元大56購02","218,000","23","251,500","1.09","1.16","1.06","1.16","+","0.12","0.66","15","--","0","1,250.00",
="084742","緯穎元大51購13","0","0","0","--","--","--","--"," ","0.00","1.09","2","1.10","10","2,975.00",
="084743","泓德元大4C購05","0","0","0","--","--","--","--"," ","0.00","0.03","499","0.13","10","160.00",
="084744","ITH元大4C購08","100,000","1","62,000","0.62","0.62","0.62","0.62","+","0.10","0.58","499","0.59","10","45.10",
="084745","南電元大4C購02","50,000","8","261,850","5.15","5.55","5.00","5.40","+","0.30","6.05","50","--","0","226.00",
="084746","勤誠元大4C購05","7,000","4","36,700","5.25","5.25","5.20","5.20","+","0.10","5.20","25","5.30","10","613.00",
="084747","台灣50中信53購01","0","0","0","--","--","--","--"," ","0.00","1.66","499","1.68","100","0.00",
="084748","SGBR2X中信52購01","0","0","0","--","--","--","--"," ","0.00","0.32","499","0.33","100","0.00",
="084749","南亞科中信4C購04","0","0","0","--","--","--","--"," ","0.00","0.11","10","0.12","10","0.00",
="08474P","南亞科群益54售02","0","0","0","--","--","--","--"," ","0.00","0.79","100","0.80","100","0.00",
="084750","南亞科中信51購01","0","0","0","--","--","--","--"," ","0.00","0.24","499","0.25","10","0.00",
="084751","南亞科中信52購02","0","0","0","--","--","--","--"," ","0.00","0.22","10","0.23","10","0.00",
="084752","聯發科中信51購03","22,000","1","29,700","1.35","1.35","1.35","1.35","-","0.05","1.31","499","1.33","10","0.00",
="084753","台灣50永豐52購04","0","0","0","--","--","--","--"," ","0.00","1.95","499","2.00","10","52.50",
="084754","台灣50永豐53購02","0","0","0","--","--","--","--"," ","0.00","5.80","499","5.90","10","52.50",
="084755","華城永豐52購03","105,000","7","170,080","1.60","1.64","1.60","1.62","+","0.02","1.54","10","1.55","10","618.00",
="084756","智邦永豐51購03","14,000","3","53,520","3.75","3.84","3.75","3.84","+","0.06","3.70","499","3.72","10","984.00",
="084757","南亞科永豐4C購05","0","0","0","--","--","--","--"," ","0.00","0.20","10","0.21","10","46.65",
="084758","南亞科永豐54購02","0","0","0","--","--","--","--"," ","0.00","0.34","499","0.35","10","46.65",
="084759","晶豪科永豐52購01","48,000","3","56,150","1.16","1.18","1.15","1.15","-","0.01","1.14","10","1.15","10","57.40",
="08475P","南亞科富邦4C售03","0","0","0","--","--","--","--"," ","0.00","0.32","10","0.33","10","0.00",
="084760","德律永豐52購02","0","0","0","--","--","--","--"," ","0.00","3.07","499","3.12","10","206.00",
="084761","新日興永豐52購01","167,000","13","838,000","4.67","5.30","4.67","5.30","+","0.95","1.83","29","--","0","259.00",
="084762","華擎永豐4C購02","33,000","4","54,430","1.67","1.68","1.61","1.61","+","0.03","1.58","499","1.59","10","281.00",
="084763","嘉澤永豐52購02","71,000","4","56,580","0.76","0.86","0.76","0.86","+","0.02","0.82","499","0.83","10","1,465.00",
="084764","神達永豐56購01","12,000","4","40,470","3.38","3.38","3.37","3.37","+","0.27","3.40","10","3.46","10","95.90",
="084765","精成科永豐4C購02","0","0","0","--","--","--","--"," ","0.00","9.10","499","--","0","131.00",
="084766","世紀鋼永豐51購02","10,000","1","3,900","0.39","0.39","0.39","0.39","-","0.05","0.38","10","0.40","10","188.00",
="084767","華城兆豐53購03","155,000","7","220,790","1.42","1.45","1.38","1.39","-","0.04","1.38","10","1.39","10","618.00",
="084768","健策兆豐53購02","6,000","2","10,600","1.76","1.78","1.76","1.78","-","0.01","1.79","10","1.80","10","1,905.00",
="084769","泓德兆豐53購01","18,000","1","3,420","0.19","0.19","0.19","0.19","-","0.05","0.18","10","0.19","10","160.00",
="08476P","台灣50凱基4A售23","0","0","0","--","--","--","--"," ","0.00","0.01","100","0.11","10","0.00",
="084770","亞力群益4C購04","153,000","5","129,490","0.84","0.87","0.79","0.87","+","0.07","0.24","41","--","0","110.50",
="084771","川湖群益4C購03","56,000","3","355,100","6.30","6.60","6.25","6.60","+","0.20","6.35","100","6.55","100","2,925.00",
="084772","台積電群益51購11","0","0","0","--","--","--","--"," ","0.00","0.41","10","1.60","10","1,160.00",
="084773","旺宏群益51購01","0","0","0","--","--","--","--"," ","0.00","0.22","25","0.23","10","20.10",
="084774","技嘉群益51購03","32,000","1","25,920","0.81","0.81","0.81","0.81","+","0.01","0.24","41","--","0","281.00",
="084775","南亞科群益4C購09","0","0","0","--","--","--","--"," ","0.00","0.14","100","0.15","100","46.65",
="084776","南亞科群益4C購10","0","0","0","--","--","--","--"," ","0.00","0.11","100","0.12","100","46.65",
="084777","聯發科群益53購01","0","0","0","--","--","--","--"," ","0.00","0.56","17","1.75","10","1,385.00",
="084778","可成群益4C購02","77,000","1","27,720","0.36","0.36","0.36","0.36","X","0.00","0.34","100","0.35","100","190.00",
="084779","長榮航群益4C購03","55,000","3","160,450","2.91","2.92","2.91","2.91","X","0.00","2.88","10","2.98","10","39.05",
="08477P","台灣50凱基4A售24","0","0","0","--","--","--","--"," ","0.00","0.01","100","0.11","10","0.00",
="084780","新日興群益4C購03","43,000","6","128,540","2.51","3.08","2.51","3.08","+","0.56","1.01","9","--","0","259.00",
="084781","世芯群益4C購15","24,000","5","100,370","4.22","4.22","3.95","4.00","-","0.11","3.91","10","4.01","10","4,000.00",
="084782","jpp群益51購03","404,000","18","1,089,350","2.60","2.79","2.51","2.68","+","0.20","1.08","9","--","0","276.00",
="084783","精成科群益4C購06","0","0","0","--","--","--","--"," ","0.00","3.50","5","--","0","131.00",
="084784","連加群益52購01","10,000","3","4,570","0.47","0.47","0.45","0.45","-","0.04","0.45","10","0.55","10","615.00",
="084785","昇陽半群益4C購04","180,000","6","179,050","0.89","1.02","0.89","0.97","+","0.03","0.32","31","--","0","152.50",
="084786","振樺電群益4C購01","0","0","0","--","--","--","--"," ","0.00","--","0","--","0","270.00",
="084787","台灣50元富4C購02","412,000","16","1,555,490","3.88","3.88","3.65","3.72","-","0.36","3.64","25","3.74","10","52.50",
="084788","台灣50元富4C購03","127,000","5","442,650","3.50","3.50","3.35","3.35","-","0.27","3.28","25","3.38","10","52.50",
="084789","台灣50元富4C購04","41,000","3","112,900","2.74","2.77","2.72","2.72","-","0.16","2.57","25","2.67","10","52.50",
="08478P","鴻海凱基4A售18","0","0","0","--","--","--","--"," ","0.00","--","0","0.10","10","0.00",
="084790","台灣50元富4C購05","22,000","1","50,380","2.29","2.29","2.29","2.29","-","0.13","2.12","25","2.13","25","52.50",
="084791","台灣50元富4C購06","2,795,000","7","4,641,700","1.68","1.68","1.66","1.66","X","0.00","1.61","25","1.62","25","52.50",
="084792","台灣50元富4C購07","2,995,000","9","3,296,500","1.12","1.12","1.10","1.10","-","0.13","1.07","25","--","0","52.50",
="084793","道瓊銀元富4C購02","0","0","0","--","--","--","--"," ","0.00","0.64","25","0.65","25","32.63",
="084794","華城元富4C購01","8,000","1","18,000","2.25","2.25","2.25","2.25","+","0.06","2.11","25","2.13","25","618.00",
="084795","華城元富4C購02","19,000","1","42,940","2.26","2.26","2.26","2.26","+","0.03","2.08","25","2.10","25","618.00",
="084796","台積電元富51購04","0","0","0","--","--","--","--"," ","0.00","16.40","25","17.40","10","1,160.00",
="084797","台積電元富51購05","0","0","0","--","--","--","--"," ","0.00","1.18","25","1.28","10","1,160.00",
="084798","台積電元富51購06","0","0","0","--","--","--","--"," ","0.00","1.54","25","1.64","10","1,160.00",
="084799","台積電元富51購07","0","0","0","--","--","--","--"," ","0.00","0.96","25","1.06","10","1,160.00",
="08479P","鴻海凱基54售03","0","0","0","--","--","--","--"," ","0.00","0.21","100","0.22","50","0.00",
="084800","台積電元富51購08","0","0","0","--","--","--","--"," ","0.00","17.40","25","18.40","10","1,160.00",
="084801","華碩元富4C購03","0","0","0","--","--","--","--"," ","0.00","0.58","25","0.59","10","634.00",
="084802","南亞科元富51購03","117,000","8","98,900","0.87","0.87","0.79","0.79","-","0.13","0.76","25","0.77","25","46.65",
="084803","偉詮電元富4C購01","188,000","4","131,220","0.69","0.72","0.69","0.72","+","0.02","0.68","25","0.69","25","49.95",
="084804","裕民元富4C購01","79,000","1","60,040","0.76","0.76","0.76","0.76","X","0.00","0.71","25","0.72","25","57.30",
="084805","奇鋐元富4C購05","0","0","0","--","--","--","--"," ","0.00","5.10","25","5.20","25","1,015.00",
="084806","德律元富4C購01","0","0","0","--","--","--","--"," ","0.00","6.90","25","7.00","25","206.00",
="084807","德律元富4C購02","27,000","4","167,500","6.20","6.25","5.90","6.25","-","0.10","5.85","25","5.90","25","206.00",
="084808","德律元富56購01","0","0","0","--","--","--","--"," ","0.00","1.94","25","2.04","25","206.00",
="084809","健鼎元富4C購01","0","0","0","--","--","--","--"," ","0.00","3.16","25","3.26","25","318.00",
="08480P","所羅門凱基4A售04","19,000","3","1,320","0.06","0.07","0.06","0.07","+","0.01","0.07","100","0.08","50","0.00",
="084810","健策元富56購01","32,000","6","685,400","21.50","21.70","20.80","21.20","X","0.00","21.40","25","21.50","25","1,905.00",
="084811","全訊元富4C購01","257,000","8","486,810","1.89","2.01","1.89","2.01","+","0.01","0.91","54","--","0","146.00",
="084812","聯茂元富4C購04","0","0","0","--","--","--","--"," ","0.00","--","0","--","0","125.00",
="084813","采鈺元富4C購01","45,000","3","103,030","2.29","2.29","2.28","2.28","X","0.00","2.22","25","2.26","25","264.00",
="084814","勤誠元富4C購01","9,000","1","47,250","5.25","5.25","5.25","5.25","-","0.10","5.15","25","5.25","25","613.00",
="084815","勤誠元富4C購02","19,000","6","97,200","5.10","5.20","5.05","5.20","-","0.05","5.00","25","5.50","10","613.00",
="084816","臺股指元富55購03","0","0","0","--","--","--","--"," ","0.00","2.35","25","2.36","25","0.00",
="084817","上証2X國票51購01","120,000","6","421,940","3.50","3.83","3.47","3.83","-","0.60","3.48","25","3.49","10","45.30",
="084818","美債2X國票56購02","0","0","0","--","--","--","--"," ","0.00","0.47","25","0.48","10","7.03",
="084819","台化國票51購01","0","0","0","--","--","--","--"," ","0.00","5.15","25","5.20","10","29.90",
="08481P","南亞科凱基4A售07","4,000","2","1,490","0.38","0.38","0.37","0.37"," ","0.00","0.40","10","0.41","50","0.00",
="084820","勤美國票51購01","2,000","1","840","0.42","0.42","0.42","0.42","X","0.00","0.41","25","0.42","10","24.90",
="084821","楠梓電國票51購01","1,000","1","17,600","17.60","17.60","17.60","17.60","-","3.20","--","0","17.60","10","109.50",
="084822","華邦電國票51購01","0","0","0","--","--","--","--"," ","0.00","0.76","25","0.77","10","19.60",
="084823","台光電國票51購05","1,000","1","9,350","9.35","9.35","9.35","9.35","+","0.05","9.50","25","9.65","10","1,250.00",
="084824","中工國票4C購01","41,000","3","39,590","0.94","0.99","0.94","0.99","X","0.00","0.93","25","0.94","10","11.25",
="084825","長榮航國票51購01","0","0","0","--","--","--","--"," ","0.00","1.75","25","1.78","10","39.05",
="084826","聯詠國票51購01","0","0","0","--","--","--","--"," ","0.00","0.50","25","0.51","10","435.00",
="084827","健鼎國票51購02","0","0","0","--","--","--","--"," ","0.00","5.60","25","5.65","10","318.00",
="084828","新日興國票51購02","62,000","5","229,780","3.83","3.83","3.61","3.61","X","0.00","3.57","25","3.62","10","259.00",
="084829","玉晶光國票4C購03","0","0","0","--","--","--","--"," ","0.00","3.16","25","3.21","10","461.50",
="08482P","長榮凱基4B售07","0","0","0","--","--","--","--"," ","0.00","0.72","10","0.73","10","0.00",
="084830","群創國票51購01","452,000","5","688,560","1.43","1.53","1.43","1.53","X","0.00","1.68","25","1.74","10","14.15",
="084831","上品國票51購01","139,000","8","242,660","1.75","1.76","1.72","1.72","-","0.10","1.73","25","1.74","10","284.00",
="084832","全訊國票52購01","0","0","0","--","--","--","--"," ","0.00","1.36","25","1.39","10","146.00",
="084833","迎廣國票4C購01","16,000","1","22,560","1.41","1.41","1.41","1.41","+","0.03","1.27","25","1.28","10","94.00",
="084834","洋基國票51購03","0","0","0","--","--","--","--"," ","0.00","4.90","25","4.97","10","476.00",
="084835","毅嘉國泰51購01","0","0","0","--","--","--","--"," ","0.00","6.85","499","--","0","60.80",
="084836","玉晶光國泰51購01","63,000","5","224,520","3.50","3.62","3.45","3.62","+","0.15","3.54","499","3.57","100","461.50",
="084837","采鈺國泰51購01","0","0","0","--","--","--","--"," ","0.00","3.62","499","3.65","100","264.00",
="084838","台灣50凱基4C購08","0","0","0","--","--","--","--"," ","0.00","5.20","100","5.25","25","52.50",
="084839","台灣50凱基54購03","0","0","0","--","--","--","--"," ","0.00","5.25","100","5.30","50","52.50",
="08483P","精銳凱基4A售03","0","0","0","--","--","--","--"," ","0.00","0.04","10","0.14","10","0.00",
="084840","T50反1凱基56購01","0","0","0","--","--","--","--"," ","0.00","0.42","100","0.43","10","19.79",
="084841","亞力凱基4C購03","46,000","2","18,060","0.40","0.40","0.39","0.39","+","0.03","0.38","100","0.39","10","110.50",
="084842","華城凱基51購04","8,000","1","15,840","1.98","1.98","1.98","1.98","-","0.02","1.86","100","1.88","10","618.00",
="084843","中砂凱基55購01","6,000","1","12,900","2.15","2.15","2.15","2.15","X","0.00","2.14","100","2.15","10","347.00",
="084844","台積電凱基53購14","0","0","0","--","--","--","--"," ","0.00","1.14","100","1.15","10","1,160.00",
="084845","台積電凱基54購12","0","0","0","--","--","--","--"," ","0.00","1.17","100","1.18","10","1,160.00",
="084846","旺宏凱基51購01","0","0","0","--","--","--","--"," ","0.00","0.28","10","0.29","10","20.10",
="084847","鴻準凱基4C購04","0","0","0","--","--","--","--"," ","0.00","3.10","100","3.14","10","71.70",
="084848","鴻海統一53購04","3,000","2","4,680","1.56","1.56","1.56","1.56","-","0.04","1.56","10","1.58","10","206.00",
="08484P","穎崴凱基4A售03","0","0","0","--","--","--","--"," ","0.00","--","0","0.10","10","0.00",
="084850","台光電凱基4C購10","0","0","0","--","--","--","--"," ","0.00","6.10","100","6.60","10","1,250.00",
="084851","南亞科凱基4C購09","0","0","0","--","--","--","--"," ","0.00","0.15","100","0.16","50","46.65",
="084852","聯發科統一49購03","0","0","0","--","--","--","--"," ","0.00","0.69","10","0.78","15","1,385.00",
="084853","南亞科凱基53購01","0","0","0","--","--","--","--"," ","0.00","0.41","100","0.42","50","46.65",
="084855","可成凱基4C購03","200,000","6","147,540","0.76","0.76","0.72","0.73","-","0.03","0.70","110","0.72","10","190.00",
="084856","陽明凱基4C購08","49,000","3","44,040","0.89","0.93","0.89","0.90","X","0.00","0.83","100","0.84","10","58.80",
="084857","中信金凱基4C購02","2,000","2","3,940","2.01","2.01","1.93","1.93","-","0.01","1.92","100","1.94","10","41.80",
="084858","新日興凱基4C購03","82,000","9","248,030","2.48","3.47","2.48","3.17","+","0.81","3.08","100","3.18","10","259.00",
="084859","玉晶光凱基4C購01","157,000","18","481,780","3.02","3.16","2.92","3.10","+","0.01","3.02","10","3.03","10","461.50",
="08485P","台灣50元富4A售21","0","0","0","--","--","--","--"," ","0.00","0.07","25","0.10","10","0.00",
="084860","嘉澤凱基51購04","30,000","1","32,100","1.07","1.07","1.07","1.07","+","0.01","1.11","100","1.13","10","1,465.00",
="084861","世芯凱基4C購07","0","0","0","--","--","--","--"," ","0.00","3.76","100","3.86","10","4,000.00",
="084862","矽力凱基4C購02","110,000","8","40,800","0.40","0.40","0.35","0.37","X","0.00","0.35","10","0.45","10","317.00",
="084863","訊芯凱基4C購03","102,000","6","145,970","1.44","1.44","1.37","1.37","-","0.28","1.37","10","1.39","10","165.00",
="084864","保瑞凱基4C購02","0","0","0","--","--","--","--"," ","0.00","2.16","10","2.20","10","733.00",
="084865","穎崴凱基51購02","0","0","0","--","--","--","--"," ","0.00","0.63","100","0.73","10","1,250.00",
="084866","采鈺凱基4C購01","119,000","10","321,470","2.71","2.86","2.57","2.86","+","0.51","2.71","10","2.76","10","264.00",
="084867","泓德凱基4C購05","0","0","0","--","--","--","--"," ","0.00","0.09","10","0.10","50","160.00",
="084868","南電凱基4C購01","1,000","1","8,850","8.85","8.85","8.85","8.85","X","0.00","9.10","499","--","0","226.00",
="084869","勤誠凱基51購01","0","0","0","--","--","--","--"," ","0.00","4.09","10","4.19","10","613.00",
="08486P","台灣50元富4A售22","0","0","0","--","--","--","--"," ","0.00","0.01","25","0.02","40","0.00",
="084870","台灣50富邦56購01","40,000","8","63,250","1.60","1.61","1.52","1.52","-","0.14","1.53","105","1.54","100","0.00",
="084871","華城富邦52購01","10,000","1","16,900","1.69","1.69","1.69","1.69","+","0.02","1.59","10","1.69","10","0.00",
="084872","中砂富邦53購01","295,000","16","353,230","1.12","1.28","1.12","1.28","+","0.14","1.21","10","1.22","10","0.00",
="084873","大成鋼富邦52購01","0","0","0","--","--","--","--"," ","0.00","1.41","10","1.51","10","0.00",
="084874","鴻準富邦52購01","0","0","0","--","--","--","--"," ","0.00","1.25","10","1.35","10","0.00",
="084875","大立光富邦53購01","215,000","7","140,840","0.68","0.68","0.65","0.66","-","0.03","0.67","10","0.68","10","0.00",
="084876","奇鋐富邦51購04","0","0","0","--","--","--","--"," ","0.00","2.29","10","2.39","10","0.00",
="084877","鴻海凱基49購01","0","0","0","--","--","--","--"," ","0.00","0.92","100","0.93","10","206.00",
="084878","鴻海凱基51購01","89,000","8","85,230","0.96","0.97","0.93","0.97","-","0.04","0.96","100","0.97","10","206.00",
="084879","新日興富邦52購01","0","0","0","--","--","--","--"," ","0.00","2.42","10","2.52","10","0.00",
="08487P","元日2X元富4A售02","0","0","0","--","--","--","--"," ","0.00","1.07","25","1.08","25","0.00",
="084880","嘉澤富邦53購01","893,000","43","718,530","0.80","0.85","0.76","0.85"," ","0.00","0.84","10","0.85","10","0.00",
="084881","辛耘富邦4C購03","865,000","51","903,590","1.01","1.13","0.96","1.11","+","0.09","1.12","30","1.13","10","0.00",
="084882","聯茂富邦51購01","0","0","0","--","--","--","--"," ","0.00","2.46","10","2.56","10","0.00",
="084883","愛普富邦4C購01","140,000","4","66,000","0.49","0.49","0.47","0.47","-","0.02","0.51","30","0.52","10","0.00",
="084884","世紀鋼富邦4C購03","0","0","0","--","--","--","--"," ","0.00","0.20","10","0.21","10","0.00",
="084885","華城統一56購03","150,000","5","101,700","0.69","0.69","0.66","0.66","-","0.02","0.65","10","0.66","10","618.00",
="084886","勤美統一56購01","0","0","0","--","--","--","--"," ","0.00","0.50","10","0.51","10","24.90",
="084887","勤美統一56購02","10,000","1","6,300","0.63","0.63","0.63","0.63","X","0.00","0.63","10","--","0","24.90",
="084888","宇隆統一56購02","0","0","0","--","--","--","--"," ","0.00","1.50","10","1.51","10","262.00",
="084889","旺宏統一5C購01","0","0","0","--","--","--","--"," ","0.00","0.54","10","0.55","10","20.10",
="08488P","元金2X元富54售04","110,000","3","77,000","0.70","0.70","0.70","0.70","-","0.03","0.69","25","0.70","25","0.00",
="084890","華邦電統一56購01","83,000","6","43,400","0.52","0.54","0.52","0.53"," ","0.00","0.50","10","0.51","10","19.60",
="084891","南亞科統一66購01","0","0","0","--","--","--","--"," ","0.00","0.36","10","0.37","10","46.65",
="084892","晶豪科統一66購01","0","0","0","--","--","--","--"," ","0.00","0.52","10","0.53","10","57.40",
="084893","健鼎統一56購01","54,000","2","71,280","1.32","1.32","1.32","1.32","-","0.04","1.28","10","1.29","10","318.00",
="084894","世紀鋼統一56購03","0","0","0","--","--","--","--"," ","0.00","0.26","10","0.27","10","188.00",
="084895","台灣50元大4C購03","515,000","8","1,250,680","2.48","2.48","2.38","2.38","-","0.19","2.36","400","2.38","10","52.50",
="084896","台灣50元大4C購04","0","0","0","--","--","--","--"," ","0.00","2.71","400","2.78","10","52.50",
="084897","台灣50元大4C購05","0","0","0","--","--","--","--"," ","0.00","3.11","75","3.18","10","52.50",
="084898","美指2X元大53購01","0","0","0","--","--","--","--"," ","0.00","0.34","308","0.35","100","20.48",
="084899","台化元大4C購03","0","0","0","--","--","--","--"," ","0.00","2.59","250","2.69","10","29.90",
="08489P","道瓊銀元富4A售03","0","0","0","--","--","--","--"," ","0.00","0.07","25","0.10","10","0.00",
="084900","士電元大4C購09","0","0","0","--","--","--","--"," ","0.00","0.40","499","0.41","10","187.50",
="084901","中興電元大4C購07","434,000","4","199,340","0.43","0.46","0.43","0.46","+","0.05","0.46","499","0.47","10","167.00",
="084902","亞力元大4C購05","895,000","10","286,280","0.32","0.34","0.31","0.34","+","0.03","0.32","499","0.35","10","110.50",
="084903","中砂元大4C購03","19,000","5","47,540","2.47","2.68","2.47","2.68","+","0.18","2.64","300","2.69","10","347.00",
="084904","中砂元大51購03","77,000","6","184,710","2.28","2.52","2.28","2.52","+","0.21","2.45","25","2.49","10","347.00",
="084905","台達電元大4C購02","0","0","0","--","--","--","--"," ","0.00","15.10","50","15.30","10","709.00",
="084906","華泰元大4C購04","5,000","3","12,720","2.38","2.59","2.38","2.59","X","0.00","2.43","25","2.45","10","44.70",
="084907","華泰元大4C購05","31,000","6","96,210","2.82","3.19","2.82","3.06","+","0.18","2.86","25","2.89","10","44.70",
="084908","台積電元大51購46","1,000","1","1,010","1.01","1.01","1.01","1.01","-","0.04","0.09","111","--","0","1,160.00",
="084909","台積電元大54購09","1,000","1","1,130","1.13","1.13","1.13","1.13","X","0.00","0.09","11","--","0","1,160.00",
="08490P","臺股指元富4A售24","0","0","0","--","--","--","--"," ","0.00","0.04","25","0.10","10","0.00",
="084910","華邦電元大4C購02","708,000","15","342,200","0.48","0.54","0.47","0.47","-","0.04","0.46","499","0.47","5","19.60",
="084911","智邦元大51購01","5,000","3","29,650","5.90","6.00","5.90","6.00","+","0.05","5.85","150","5.90","10","984.00",
="084912","順德元大4C購01","59,000","8","208,120","3.62","3.64","3.47","3.64","-","0.01","3.57","200","3.61","10","88.20",
="084913","台光電元大51購05","24,000","2","43,710","1.90","1.90","1.81","1.81","-","0.12","1.18","8","--","0","1,250.00",
="084914","漢唐元大4C購03","0","0","0","--","--","--","--"," ","0.00","24.40","50","--","0","1,190.00",
="084915","南亞科元大51購07","0","0","0","--","--","--","--"," ","0.00","0.52","499","0.53","10","46.65",
="084916","聯發科元大51購29","5,000","2","6,390","1.27","1.29","1.27","1.29","X","0.00","0.06","7","--","0","1,385.00",
="084917","陽明元大4C購03","371,000","9","524,050","1.35","1.47","1.35","1.44","+","0.04","1.31","499","1.33","10","58.80",
="084918","陽明元大4C購04","68,000","4","50,060","0.73","0.76","0.73","0.73","+","0.03","0.67","499","0.68","10","58.80",
="084919","陽明元大4C購05","0","0","0","--","--","--","--"," ","0.00","0.45","499","0.46","10","58.80",
="08491P","臺股指元富4A售25","0","0","0","--","--","--","--"," ","0.00","0.03","25","0.10","10","0.00",
="084920","萬海元大4C購18","95,000","2","61,750","0.65","0.65","0.65","0.65","X","0.00","0.59","499","0.60","10","84.10",
="084921","鴻海國票4A購01","5,000","1","10,300","2.06","2.06","2.06","2.06","X","0.00","2.06","25","2.15","10","206.00",
="084922","萬海元大4C購19","0","0","0","--","--","--","--"," ","0.00","0.17","499","0.18","10","84.10",
="084923","奇鋐元大4C購21","89,000","7","163,970","1.94","1.94","1.77","1.77","-","0.28","1.77","350","1.82","10","1,015.00",
="084924","緯創元大4C購12","192,000","2","71,040","0.37","0.37","0.37","0.37","-","0.03","0.37","499","--","0","115.00",
="084925","華擎元大4C購04","57,000","4","103,200","1.87","1.87","1.78","1.78","-","0.09","1.76","400","1.78","10","281.00",
="084926","辛耘元大4C購05","117,000","14","249,810","2.02","2.26","2.02","2.26","+","0.21","2.24","350","2.27","10","393.50",
="084927","健策元大4C購05","161,000","13","196,730","1.27","1.30","1.19","1.30","-","0.04","1.28","25","1.30","10","1,905.00",
="084928","健策元大4C購06","56,000","7","88,320","1.59","1.63","1.50","1.63","-","0.01","1.61","25","1.63","10","1,905.00",
="084929","健策元大4C購07","41,000","6","69,970","1.72","1.74","1.61","1.73","+","0.07","1.73","25","1.76","10","1,905.00",
="08492P","元金2X元大4C售02","328,000","11","360,810","1.10","1.11","1.10","1.10","-","0.05","1.09","264","1.10","250","0.00",
="084930","貿聯元大4C購09","348,000","25","954,040","2.39","2.91","2.39","2.61","+","0.11","2.65","300","2.70","10","981.00",
="084931","承業醫元大4C購01","326,000","27","298,570","0.77","1.04","0.77","1.03","X","0.00","1.00","499","1.01","10","51.70",
="084932","精銳元大4C購06","469,000","15","390,320","0.86","0.97","0.81","0.97","+","0.29","0.92","499","0.93","10","776.00",
="084933","jpp元大4C購06","6,000","2","16,420","2.63","2.79","2.63","2.79","+","0.15","2.79","25","2.83","10","276.00",
="084934","帆宣元大4C購02","0","0","0","--","--","--","--"," ","0.00","3.74","200","3.83","10","264.00",
="084935","台塑化元大4C購01","41,000","17","47,620","1.27","1.27","1.07","1.13","-","0.20","1.10","499","1.11","10","40.75",
="084936","穎崴元大55購01","320,000","8","326,280","1.05","1.09","0.96","1.09","+","0.10","0.27","37","--","0","1,250.00",
="084937","虎航元大4C購04","0","0","0","--","--","--","--"," ","0.00","0.45","499","0.46","10","82.60",
="084938","連加元大4C購01","168,000","2","94,080","0.56","0.56","0.56","0.56","-","0.05","0.53","499","0.54","10","615.00",
="084939","昇陽半元大4C購07","256,000","2","132,880","0.49","0.52","0.49","0.52","-","0.02","0.55","499","0.57","10","152.50",
="08493P","台積電元大4A售64","0","0","0","--","--","--","--"," ","0.00","--","0","0.09","30","0.00",
="084940","勤誠元大4C購06","13,000","2","45,500","3.50","3.50","3.50","3.50","-","0.19","3.47","25","3.52","10","613.00",
="084941","勤誠元大4C購07","30,000","6","132,720","4.44","4.50","4.40","4.42","-","0.14","4.37","25","4.42","10","613.00",
="084942","世紀鋼元大4C購08","0","0","0","--","--","--","--"," ","0.00","0.25","499","0.26","10","188.00",
="084943","臺股指元大53購01","2,000","1","1,780","0.89","0.89","0.89","0.89","X","0.00","0.87","499","0.88","10","0.00",
="084944","臺股指元大54購09","0","0","0","--","--","--","--"," ","0.00","2.68","100","2.70","10","0.00",
="084945","臺股指元大55購03","0","0","0","--","--","--","--"," ","0.00","1.16","499","1.17","10","0.00",
="084946","建準兆豐53購01","0","0","0","--","--","--","--"," ","0.00","--","0","--","0","137.00",
="084947","德律兆豐53購01","0","0","0","--","--","--","--"," ","0.00","2.82","10","2.83","10","206.00",
="084948","勤誠兆豐53購02","95,000","5","174,470","1.85","1.87","1.80","1.87","+","0.01","1.83","10","1.84","10","613.00",
="084949","台灣50凱基4C購11","30,000","1","55,800","1.86","1.86","1.86","1.86","-","0.17","1.81","100","1.82","50","52.50",
="08494P","台光電元大4A售06","0","0","0","--","--","--","--"," ","0.00","--","0","0.10","10","0.00",
="084950","台灣50凱基51購02","4,000","1","16,560","4.14","4.14","4.14","4.14","-","0.09","3.92","100","3.93","50","52.50",
="084951","台化凱基51購01","0","0","0","--","--","--","--"," ","0.00","3.25","100","3.35","10","29.90",
="084952","台達電凱基4C購03","8,000","6","150,900","18.60","19.10","18.50","19.00","-","0.80","18.60","100","19.60","10","709.00",
="084953","華泰凱基4C購01","34,000","7","60,010","1.71","1.95","1.71","1.85","+","0.14","1.73","10","1.83","10","44.70",
="084954","台積電凱基51購17","0","0","0","--","--","--","--"," ","0.00","1.07","100","1.08","10","1,160.00",
="084955","台積電凱基53購15","0","0","0","--","--","--","--"," ","0.00","1.19","100","1.20","10","1,160.00",
="084956","智邦凱基51購02","82,000","7","500,250","6.20","6.20","6.00","6.00","-","0.10","5.95","17","6.00","10","984.00",
="084957","鴻準凱基4C購05","100,000","1","148,000","1.48","1.48","1.48","1.48","-","0.14","1.52","100","1.62","10","71.70",
="084958","技嘉凱基51購01","53,000","4","58,680","1.14","1.14","1.09","1.09","-","0.07","1.05","100","1.06","10","281.00",
="084959","台光電凱基4C購11","0","0","0","--","--","--","--"," ","0.00","5.75","100","6.25","10","1,250.00",
="08495P","長榮元大4A售18","0","0","0","--","--","--","--"," ","0.00","0.48","499","0.49","200","0.00",
="084960","漢唐凱基4C購05","0","0","0","--","--","--","--"," ","0.00","31.40","10","32.40","10","1,190.00",
="084961","聯發科凱基51購09","8,000","3","5,280","0.65","0.67","0.65","0.67","-","0.02","0.62","100","0.63","10","1,385.00",
="084962","萬海凱基4C購03","0","0","0","--","--","--","--"," ","0.00","0.22","100","0.23","50","84.10",
="084963","奇鋐凱基4C購08","34,000","1","195,500","5.75","5.75","5.75","5.75","X","0.00","5.40","50","5.90","10","1,015.00",
="084964","德律凱基4C購03","0","0","0","--","--","--","--"," ","0.00","3.28","100","3.38","10","206.00",
="084965","聯詠凱基4C購01","63,000","5","41,830","0.66","0.67","0.66","0.66","+","0.01","0.64","10","0.74","10","435.00",
="084966","健鼎凱基51購02","4,000","2","27,300","6.85","6.85","6.80","6.80","-","0.45","6.45","10","6.50","10","318.00",
="084967","華擎凱基4C購04","67,000","7","175,680","2.67","2.71","2.56","2.56","-","0.04","2.50","10","2.52","10","281.00",
="08496P","緯創元大4A售10","0","0","0","--","--","--","--"," ","0.00","0.26","499","0.27","200","0.00",
="084971","辛耘凱基4C購03","246,000","25","626,180","2.46","2.66","2.25","2.66","+","0.30","2.68","100","--","0","393.50",
="084972","達興凱基4C購03","359,000","42","1,476,540","3.92","4.66","3.66","4.10","+","0.35","4.10","95","4.12","10","387.00",
="084973","精成科凱基51購02","0","0","0","--","--","--","--"," ","0.00","8.15","499","--","0","131.00",
="084974","穎崴凱基4C購05","306,000","11","250,770","0.85","0.94","0.72","0.94","+","0.03","0.90","100","1.00","10","1,250.00",
="084975","富世達凱基4C購06","1,000","1","6,300","6.30","6.30","6.30","6.30","X","0.00","6.55","100","7.05","10","1,145.00",
="084976","勤誠凱基4C購05","154,000","20","696,300","4.59","4.64","4.33","4.58","-","0.20","4.56","10","4.60","10","613.00",
="084977","世紀鋼凱基4C購02","40,000","1","11,200","0.28","0.28","0.28","0.28","-","0.02","0.26","100","0.27","30","188.00",
="084978","華邦電台新4C購01","0","0","0","--","--","--","--"," ","0.00","1.48","10","1.50","10","0.00",
="084979","新日興台新4C購01","0","0","0","--","--","--","--"," ","0.00","2.34","20","2.35","10","0.00",
="08497P","世芯元大4A售24","0","0","0","--","--","--","--"," ","0.00","--","0","0.10","10","0.00",
="084980","台灣50元富56購01","0","0","0","--","--","--","--"," ","0.00","6.50","25","6.55","25","52.50",
="084981","道瓊銀元富4C購03","0","0","0","--","--","--","--"," ","0.00","0.79","25","0.80","25","32.63",
="084982","台化元富4C購04","0","0","0","--","--","--","--"," ","0.00","5.50","25","5.65","25","29.90",
="084983","楠梓電元富4C購01","0","0","0","--","--","--","--"," ","0.00","13.30","25","15.40","1","109.50",
="084984","鴻準元富4C購05","3,000","1","36,600","12.20","12.20","12.20","12.20"," ","0.00","11.70","25","11.90","25","71.70",
="084985","台光電元富54購01","0","0","0","--","--","--","--"," ","0.00","2.19","25","2.29","25","1,250.00",
="084986","世芯元富4C購13","0","0","0","--","--","--","--"," ","0.00","13.80","25","14.10","25","4,000.00",
="084987","貿聯元富4C購04","16,000","3","87,500","5.35","5.75","5.35","5.65","+","0.55","5.45","25","5.55","25","981.00",
="084988","富世達元富4C購04","0","0","0","--","--","--","--"," ","0.00","20.20","25","21.10","25","1,145.00",
="084989","喬山國票51購01","19,000","1","13,680","0.72","0.72","0.72","0.72","-","0.04","0.71","25","0.72","10","146.00",
="08498P","緯穎元大4A售19","0","0","0","--","--","--","--"," ","0.00","0.02","499","0.12","10","0.00",
="084990","川湖國票51購01","0","0","0","--","--","--","--"," ","0.00","4.45","25","4.53","10","2,925.00",
="084991","宏碁國票51購01","0","0","0","--","--","--","--"," ","0.00","0.81","25","0.82","10","29.95",
="084992","南亞科國票51購05","5,000","1","2,250","0.45","0.45","0.45","0.45","X","0.00","0.43","25","0.44","10","46.65",
="084993","長榮國票51購05","0","0","0","--","--","--","--"," ","0.00","0.51","25","0.52","10","188.00",
="084994","漢翔國票51購01","10,000","1","71,000","7.10","7.10","7.10","7.10","+","2.05","7.30","25","--","0","60.00",
="084995","新日興國票52購01","0","0","0","--","--","--","--"," ","0.00","2.28","25","2.31","10","259.00",
="084996","牧德國票51購03","190,000","10","292,150","1.55","1.70","1.49","1.70","+","0.30","1.78","25","1.80","10","594.00",
="084997","精銳國票51購02","60,000","5","83,700","1.30","1.40","1.30","1.40","X","0.00","1.32","25","1.33","10","776.00",
="084998","富世達國票51購04","0","0","0","--","--","--","--"," ","0.00","6.70","25","6.90","10","1,145.00",
="084999","勤誠國票4C購03","0","0","0","--","--","--","--"," ","0.00","4.06","25","4.15","10","613.00",
="08499P","台灣50國票4A售06","0","0","0","--","--","--","--"," ","0.00","0.04","25","0.08","10","0.00",
="085000","勤誠國票51購01","12,000","7","53,310","4.45","4.52","4.41","4.52","-","0.10","4.45","25","4.50","10","613.00",
="085001","勤誠國票52購02","11,000","6","43,500","3.98","3.98","3.88","3.88","-","0.22","3.98","25","4.01","10","613.00",
="085002","SGBR2X國泰51購01","0","0","0","--","--","--","--"," ","0.00","0.58","499","0.59","499","11.25",
="085003","台光電國泰51購02","0","0","0","--","--","--","--"," ","0.00","6.65","10","6.95","10","1,250.00",
="085004","新日興國泰51購02","13,000","1","39,130","3.01","3.01","3.01","3.01","+","0.66","2.83","10","2.89","10","259.00",
="085005","jpp國泰51購02","45,000","9","70,880","1.50","1.67","1.50","1.57","+","0.09","1.59","10","1.61","10","276.00",
="085006","聯茂國泰51購01","0","0","0","--","--","--","--"," ","0.00","5.95","499","--","0","125.00",
="085007","勤誠國泰51購01","6,000","1","24,540","4.09","4.09","4.09","4.09","X","0.00","4.09","10","4.17","10","613.00",
="085008","台灣50富邦51購06","0","0","0","--","--","--","--"," ","0.00","2.67","100","2.71","10","0.00",
="085009","台灣50富邦53購04","0","0","0","--","--","--","--"," ","0.00","1.75","100","1.76","100","0.00",
="08500P","台灣50國票4B售04","0","0","0","--","--","--","--"," ","0.00","0.02","25","0.12","10","0.00",
="085010","帆宣富邦4C購01","0","0","0","--","--","--","--"," ","0.00","2.86","30","2.91","10","0.00",
="085011","瑞昱統一56購01","0","0","0","--","--","--","--"," ","0.00","0.38","10","0.39","10","545.00",
="085012","德律統一56購03","145,000","7","188,500","1.30","1.30","1.30","1.30","-","0.04","1.27","10","1.28","10","206.00",
="085013","健鼎統一56購02","203,000","8","204,580","1.01","1.01","0.99","0.99","-","0.05","0.97","10","0.98","10","318.00",
="085014","牧德統一56購02","36,000","1","18,000","0.50","0.50","0.50","0.50","+","0.02","0.55","10","0.56","10","594.00",
="085015","台灣50永豐53購03","0","0","0","--","--","--","--"," ","0.00","1.46","499","1.51","10","52.50",
="085016","中興電永豐52購02","36,000","2","39,600","1.10","1.10","1.10","1.10","+","0.05","1.17","499","1.18","10","167.00",
="085017","喬山永豐4C購01","0","0","0","--","--","--","--"," ","0.00","0.55","10","0.57","10","146.00",
="085018","華碩永豐51購01","10,000","2","7,300","0.73","0.73","0.73","0.73","+","0.01","0.70","10","0.71","10","634.00",
="085019","漢翔永豐4C購01","23,000","5","63,520","2.70","3.12","2.70","3.12","+","1.17","2.99","8","--","0","60.00",
="08501P","T50正2國票4A售08","0","0","0","--","--","--","--"," ","0.00","0.03","25","0.05","10","0.00",
="085020","新日興永豐53購01","102,000","8","256,520","2.48","2.73","2.48","2.66","X","0.00","--","0","--","0","259.00",
="085021","世芯永豐51購05","0","0","0","--","--","--","--"," ","0.00","4.17","499","4.19","10","4,000.00",
="085022","達興永豐53購01","2,000","1","5,500","2.75","2.75","2.75","2.75","+","0.20","2.75","499","2.85","10","387.00",
="085023","穎崴永豐53購01","83,000","7","92,970","1.19","1.19","1.07","1.11","-","0.15","0.65","15","--","0","1,250.00",
="085024","愛普永豐53購01","5,000","1","8,550","1.71","1.71","1.71","1.71","X","0.00","1.75","10","1.76","10","305.50",
="085025","長華永豐51購01","60,000","2","56,950","0.95","0.95","0.94","0.94","+","0.03","0.91","499","0.92","10","39.60",
="085026","世紀鋼永豐54購02","4,000","1","14,720","3.68","3.68","3.68","3.68","-","0.37","3.68","28","3.78","10","188.00",
="085027","中鴻群益52購01","217,000","7","297,990","1.39","1.39","1.37","1.37","-","0.05","0.54","92","--","0","16.15",
="085028","毅嘉群益4C購01","15,000","4","132,000","9.05","9.10","8.65","9.10","-","1.10","--","0","--","0","60.80",
="085029","晶豪科群益4C購01","0","0","0","--","--","--","--"," ","0.00","0.81","25","0.82","10","57.40",
="08502P","T50正2國票4B售01","0","0","0","--","--","--","--"," ","0.00","0.08","25","0.13","10","0.00",
="085030","德律群益4C購01","6,000","2","21,780","3.57","3.69","3.57","3.69","-","0.30","3.49","10","3.59","10","206.00",
="085031","新日興群益4C購04","95,000","7","182,210","1.84","2.37","1.84","2.37","+","0.47","0.70","14","--","0","259.00",
="085032","達興群益51購04","535,000","26","1,368,450","2.38","2.73","2.38","2.57","+","0.26","2.49","10","2.59","10","387.00",
="085033","矽格群益52購01","192,000","13","157,920","0.87","0.87","0.81","0.81","+","0.04","0.79","10","0.89","10","82.20",
="085034","美利達群益52購01","152,000","7","199,420","1.30","1.36","1.28","1.36","-","0.03","1.33","100","1.36","100","112.50",
="085035","世紀鋼群益54購02","0","0","0","--","--","--","--"," ","0.00","0.75","10","0.85","10","188.00",
="085036","T50反1元大4C購08","57,000","6","21,090","0.36","0.38","0.36","0.38","+","0.03","0.37","100","0.38","24","19.79",
="085037","T50反1元大51購03","0","0","0","--","--","--","--"," ","0.00","0.17","499","0.18","10","19.79",
="085038","T50反1元大53購01","0","0","0","--","--","--","--"," ","0.00","0.25","100","0.26","10","19.79",
="085039","T50反1元大54購01","345,000","10","150,500","0.43","0.46","0.42","0.46","+","0.03","0.45","100","0.46","10","19.79",
="08503P","上証2X國票4B售04","0","0","0","--","--","--","--"," ","0.00","0.15","25","0.16","10","0.00",
="085040","元黃金元大53購03","0","0","0","--","--","--","--"," ","0.00","0.52","499","0.53","100","37.00",
="085041","A50正2元大53購02","0","0","0","--","--","--","--"," ","0.00","2.98","499","3.03","10","31.56",
="085042","台泥元大4C購04","0","0","0","--","--","--","--"," ","0.00","0.23","499","0.24","10","22.80",
="085043","中砂元大4C購04","69,000","12","187,650","2.56","2.79","2.56","2.79","+","0.19","2.75","300","2.80","10","347.00",
="085044","中砂元大51購04","24,000","5","64,910","2.50","2.72","2.50","2.72","+","0.17","2.69","25","2.74","10","347.00",
="085045","川湖元大4C購04","66,000","6","169,800","2.55","2.69","2.55","2.58","+","0.04","2.55","300","2.58","10","2,925.00",
="085046","台達電元大4C購03","0","0","0","--","--","--","--"," ","0.00","14.70","50","14.90","10","709.00",
="085047","仁寶元大4C購03","148,000","1","131,720","0.89","0.89","0.89","0.89","X","0.00","0.86","25","--","0","28.10",
="085048","台積電元大51購47","0","0","0","--","--","--","--"," ","0.00","0.09","122","--","0","1,160.00",
="085049","順德元大4C購02","59,000","6","215,220","3.80","3.80","3.60","3.64","-","0.23","3.72","200","3.76","10","88.20",
="08504P","台積電國票4A售19","0","0","0","--","--","--","--"," ","0.00","--","0","--","0","0.00",
="085050","微星元大4C購02","245,000","2","110,250","0.45","0.45","0.45","0.45","-","0.01","0.43","499","0.44","10","136.50",
="085051","瑞昱元大4C購02","0","0","0","--","--","--","--"," ","0.00","0.35","499","0.36","10","545.00",
="085052","瑞昱元大4C購03","0","0","0","--","--","--","--"," ","0.00","0.39","499","0.40","10","545.00",
="085053","瑞昱元大4C購04","959,000","19","575,730","0.58","0.62","0.58","0.59"," ","0.00","0.57","25","0.58","10","545.00",
="085054","正崴元大4C購02","24,000","4","22,530","0.91","0.94","0.91","0.94","+","0.04","0.90","499","0.91","10","48.40",
="085055","聯發科元大51購30","2,000","1","2,540","1.27","1.27","1.27","1.27","X","0.00","0.06","7","--","0","1,385.00",
="085057","一詮元大4C購05","9,000","1","9,900","1.10","1.10","1.10","1.10","-","0.01","1.07","499","1.09","10","80.20",
="085058","長榮元大51購18","0","0","0","--","--","--","--"," ","0.00","0.76","499","0.78","10","188.00",
="085059","陽明元大4C購06","66,000","3","65,200","0.95","1.00","0.95","1.00"," ","0.00","0.92","499","0.93","10","58.80",
="08505P","台積電國票4B售08","0","0","0","--","--","--","--"," ","0.00","0.03","25","0.05","10","0.00",
="085060","萬海元大51購02","90,000","1","54,900","0.61","0.61","0.61","0.61","X","0.00","0.55","499","0.56","10","84.10",
="085061","亞光元大51購05","154,000","3","239,440","1.53","1.56","1.51","1.51","-","0.01","1.45","25","1.49","10","164.00",
="085062","德律元大4C購05","25,000","2","67,400","2.78","2.78","2.64","2.64","-","0.20","2.64","235","2.67","10","206.00",
="085063","辛耘元大4C購06","163,000","19","497,440","2.99","3.25","2.92","3.23","+","0.19","3.26","250","3.32","10","393.50",
="085064","世芯元大4C購09","0","0","0","--","--","--","--"," ","0.00","5.70","100","5.75","10","4,000.00",
="085065","世芯元大51購21","1,000","1","4,770","4.77","4.77","4.77","4.77","+","0.32","4.55","150","4.62","10","4,000.00",
="085066","世芯元大54購04","12,000","2","48,880","4.24","4.24","4.04","4.04","-","0.17","3.98","200","4.01","10","4,000.00",
="085067","精銳元大4C購07","728,000","27","778,760","1.07","1.14","0.98","1.10","+","0.22","1.11","499","1.12","10","776.00",
="085068","達興元大4C購07","250,000","9","1,050,490","4.30","4.30","4.09","4.20","+","0.59","4.25","200","4.34","10","387.00",
="085069","達興元大4C購08","160,000","20","617,450","3.83","4.09","3.50","3.96","+","0.48","3.79","200","3.84","10","387.00",
="08506P","智邦國票4B售02","0","0","0","--","--","--","--"," ","0.00","--","0","--","0","0.00",
="085070","達興元大4C購09","159,000","22","650,090","4.13","4.51","3.79","4.41","+","0.61","4.08","200","4.12","10","387.00",
="085071","瀚宇博元大4C購03","56,000","8","266,800","5.25","5.60","4.62","5.10","+","0.35","4.62","150","4.67","10","81.70",
="085072","迎廣元大4C購03","0","0","0","--","--","--","--"," ","0.00","0.36","499","0.37","10","94.00",
="085073","迅得元大4C購04","21,000","2","26,080","1.24","1.28","1.24","1.28","+","0.13","1.22","499","1.24","10","193.50",
="085074","台塑化元大4C購02","2,000","2","8,290","4.25","4.25","4.04","4.04","X","0.00","4.01","150","4.04","10","40.75",
="085075","台塑化元大4C購03","12,000","5","27,110","2.31","2.31","2.12","2.12","X","0.00","2.10","300","2.12","10","40.75",
="085076","穎崴元大55購02","77,000","10","257,690","3.44","3.44","3.19","3.41","-","0.18","2.02","9","3.66","5","1,250.00",
="085077","富世達元大51購01","4,000","2","21,400","5.35","5.35","5.35","5.35","+","0.05","2.66","3","--","0","1,145.00",
="085078","泓德元大4C購06","0","0","0","--","--","--","--"," ","0.00","0.13","499","0.22","5","160.00",
="085079","昇陽半元大51購01","420,000","10","351,900","0.83","0.91","0.82","0.88","+","0.02","0.86","499","0.89","10","152.50",
="08507P","南亞科國票4B售02","0","0","0","--","--","--","--"," ","0.00","0.29","25","0.30","10","0.00",
="085080","世紀鋼元大4C購09","0","0","0","--","--","--","--"," ","0.00","0.47","499","0.48","10","188.00",
="085081","元石油國票51購01","0","0","0","--","--","--","--"," ","0.00","0.42","25","0.43","10","16.26",
="085084","台泥國票51購02","0","0","0","--","--","--","--"," ","0.00","0.57","25","0.58","10","22.80",
="085085","東陽國票4C購02","34,000","5","22,820","0.63","0.70","0.63","0.66","X","0.00","0.66","25","0.68","10","101.00",
="085086","廣宇國票4C購04","0","0","0","--","--","--","--"," ","0.00","8.65","25","9.15","10","60.90",
="085087","智邦國票51購04","0","0","0","--","--","--","--"," ","0.00","8.15","25","8.25","10","984.00",
="085088","矽統國票51購01","20,000","3","58,840","2.86","2.98","2.86","2.98","+","0.05","2.92","25","2.93","10","55.10",
="085089","奇鋐國票51購06","0","0","0","--","--","--","--"," ","0.00","6.35","25","6.85","10","1,015.00",
="08508P","長榮國票4B售06","0","0","0","--","--","--","--"," ","0.00","0.17","25","0.18","10","0.00",
="085090","德律國票51購01","0","0","0","--","--","--","--"," ","0.00","3.23","25","3.30","10","206.00",
="085091","新日興國票4C購03","62,000","5","171,210","2.35","3.03","2.35","3.03","+","0.69","2.95","25","2.99","10","259.00",
="085092","創意國票51購03","55,000","5","86,150","1.51","1.61","1.51","1.61","+","0.09","1.54","25","1.57","10","1,350.00",
="085093","智易國票51購02","0","0","0","--","--","--","--"," ","0.00","1.97","25","2.00","10","236.00",
="085094","碩天國票51購01","0","0","0","--","--","--","--"," ","0.00","0.96","25","0.97","10","225.50",
="085095","世芯國票51購03","0","0","0","--","--","--","--"," ","0.00","6.00","25","6.10","10","4,000.00",
="085096","精銳國票51購03","58,000","7","54,470","0.90","0.98","0.90","0.98","+","0.18","0.95","25","0.97","10","776.00",
="085097","帆宣國票51購01","0","0","0","--","--","--","--"," ","0.00","4.08","25","4.18","10","264.00",
="085098","保瑞國票52購01","0","0","0","--","--","--","--"," ","0.00","2.09","25","2.13","10","733.00",
="085099","穎崴國票52購01","23,000","1","20,240","0.88","0.88","0.88","0.88","+","0.06","1.08","25","1.09","10","1,250.00",
="08509P","國泰金國票4B售01","30,000","1","1,800","0.06","0.06","0.06","0.06","+","0.01","0.05","35","0.06","10","0.00",
="085100","昇陽半國票52購02","54,000","4","75,660","1.34","1.44","1.34","1.41","+","0.03","1.41","25","1.42","10","152.50",
="085101","新日興兆豐53購01","597,000","25","675,620","1.04","1.37","1.01","1.37","+","0.34","1.27","10","1.28","10","259.00",
="085102","南亞科統一56購06","0","0","0","--","--","--","--"," ","0.00","0.21","110","0.22","10","46.65",
="085103","新日興統一56購03","121,000","5","90,450","0.69","0.77","0.69","0.77","+","0.09","0.81","10","0.82","10","259.00",
="085104","上品統一56購01","0","0","0","--","--","--","--"," ","0.00","0.68","10","0.69","10","284.00",
="085105","亞翔統一5C購01","0","0","0","--","--","--","--"," ","0.00","0.78","10","0.79","10","349.50",
="085106","華邦電永豐51購02","0","0","0","--","--","--","--"," ","0.00","0.42","10","0.43","10","19.60",
="085107","佳能永豐4C購01","0","0","0","--","--","--","--"," ","0.00","10.70","499","11.20","10","80.80",
="085108","漢唐永豐52購01","0","0","0","--","--","--","--"," ","0.00","24.50","499","25.40","10","1,190.00",
="085109","聯發科永豐59購01","43,000","2","81,270","1.89","1.89","1.89","1.89","-","0.02","1.92","499","1.94","10","1,385.00",
="08510P","奇鋐國票4B售04","0","0","0","--","--","--","--"," ","0.00","--","0","0.05","15","0.00",
="085110","長榮永豐52購03","0","0","0","--","--","--","--"," ","0.00","0.57","499","0.58","10","188.00",
="085111","長榮永豐57購01","16,000","1","15,200","0.95","0.95","0.95","0.95","X","0.00","0.91","10","0.92","10","188.00",
="085112","長榮航永豐52購01","32,000","3","127,360","3.98","3.98","3.98","3.98","X","0.00","3.86","10","3.90","10","39.05",
="085113","新日興永豐51購02","15,000","3","27,620","1.56","1.87","1.56","1.87","+","0.32","0.65","45","1.98","1","259.00",
="085114","玉晶光永豐53購01","14,000","5","142,200","10.10","10.50","9.90","10.50","+","0.40","10.20","10","10.30","10","461.50",
="085115","世芯永豐53購03","12,000","3","51,360","4.30","4.30","4.09","4.09","-","0.10","4.05","499","4.08","10","4,000.00",
="085116","亞翔永豐52購01","50,000","3","75,550","1.52","1.52","1.47","1.47","-","0.14","1.44","10","1.45","10","349.50",
="085117","T50正2元富4C購04","9,000","3","98,200","11.30","11.30","10.80","10.80","-","0.60","10.70","25","10.90","25","259.40",
="085118","T50反1元富4C購10","200,000","1","214,000","1.07","1.07","1.07","1.07","+","0.08","1.05","25","1.06","25","19.79",
="085119","T50反1元富4C購11","0","0","0","--","--","--","--"," ","0.00","0.33","25","0.34","25","19.79",
="08511P","欣興國票4B售04","0","0","0","--","--","--","--"," ","0.00","0.01","590","0.05","10","0.00",
="085120","T50反1元富51購01","0","0","0","--","--","--","--"," ","0.00","0.40","25","0.41","25","19.79",
="085121","台積電元富4C購14","0","0","0","--","--","--","--"," ","0.00","21.40","25","22.40","10","1,160.00",
="085122","大立光元富4C購01","52,000","6","218,190","4.20","4.20","4.09","4.09","-","0.26","4.09","25","4.19","10","2,395.00",
="085123","新日興元富4C購03","123,000","3","128,370","0.95","1.11","0.95","1.11","X","0.00","--","0","--","0","259.00",
="085124","新日興元富56購01","460,000","14","824,020","1.56","1.90","1.56","1.90","+","0.32","0.85","23","--","0","259.00",
="085125","玉晶光元富4C購03","71,000","6","230,590","3.26","3.32","3.19","3.32","+","0.01","3.26","25","3.27","25","461.50",
="085126","玉晶光元富51購04","22,000","4","188,250","8.50","8.75","8.40","8.70","+","0.10","8.60","25","8.70","25","461.50",
="085128","鴻海統一53購05","0","0","0","--","--","--","--"," ","0.00","1.71","10","1.72","10","206.00",
="085129","鴻海統一53購06","20,000","2","16,700","0.83","0.84","0.83","0.84","-","0.04","0.84","10","0.85","10","206.00",
="08512P","健策國票4B售04","0","0","0","--","--","--","--"," ","0.00","0.02","25","0.05","10","0.00",
="085130","台積電統一53購03","0","0","0","--","--","--","--"," ","0.00","4.16","10","4.23","10","1,160.00",
="085131","牧德元富4C購02","231,000","8","264,620","1.13","1.20","1.07","1.20","+","0.17","1.19","25","1.20","25","594.00",
="085132","世芯元富4C購14","12,000","10","189,900","15.80","16.20","15.50","15.50","-","0.70","15.30","25","15.40","25","4,000.00",
="085133","上品元富4C購02","0","0","0","--","--","--","--"," ","0.00","1.16","25","1.26","10","284.00",
="085134","上品元富51購01","0","0","0","--","--","--","--"," ","0.00","1.76","25","1.80","25","284.00",
="085136","精成科元富53購01","32,000","2","130,620","4.20","4.20","4.06","4.06","+","1.05","4.20","25","--","0","131.00",
="085139","T50反1群益52購01","0","0","0","--","--","--","--"," ","0.00","0.18","100","0.19","100","19.79",
="08513P","光聖國票4A售02","0","0","0","--","--","--","--"," ","0.00","0.01","25","0.05","10","0.00",
="085140","華城群益4C購06","53,000","6","159,480","3.00","3.02","2.98","2.98","+","0.01","2.80","100","2.82","100","618.00",
="085141","台達電群益4C購02","0","0","0","--","--","--","--"," ","0.00","14.30","35","15.30","10","709.00",
="085142","台積電群益53購03","0","0","0","--","--","--","--"," ","0.00","--","0","--","0","1,160.00",
="085143","智邦群益4C購04","14,000","4","87,300","6.25","6.30","6.10","6.10"," ","0.00","6.00","10","6.50","10","984.00",
="085144","技嘉群益4C購05","104,000","4","142,050","1.42","1.42","1.35","1.37","-","0.11","1.35","1","--","0","281.00",
="085145","台光電群益4C購08","32,000","1","149,760","4.68","4.68","4.68","4.68","-","0.10","1.75","11","--","0","1,250.00",
="085146","漢唐群益4C購05","0","0","0","--","--","--","--"," ","0.00","20.30","25","21.30","10","1,190.00",
="085147","聯發科群益4C購11","4,000","2","12,040","3.01","3.01","3.01","3.01","-","0.20","0.86","11","--","0","1,385.00",
="085148","陽明群益4C購07","24,000","1","24,960","1.04","1.04","1.04","1.04","X","0.00","0.94","10","1.04","10","58.80",
="085149","大立光群益51購02","0","0","0","--","--","--","--"," ","0.00","0.70","10","0.80","10","2,395.00",
="08514P","臺股指國票4A售13","0","0","0","--","--","--","--"," ","0.00","0.15","499","0.16","499","0.00",
="085150","奇鋐群益4C購07","0","0","0","--","--","--","--"," ","0.00","--","0","9.60","10","1,015.00",
="085151","新日興群益54購03","359,000","11","594,400","1.44","1.79","1.44","1.79","+","0.33","0.79","25","--","0","259.00",
="085152","玉晶光群益4C購01","34,000","5","65,160","1.88","2.01","1.88","2.01","+","0.11","1.91","10","2.01","10","461.50",
="085153","辛耘群益4C購04","905,000","64","2,289,890","2.42","2.64","2.22","2.61","+","0.28","2.63","10","2.73","10","393.50",
="085154","達興群益4C購03","16,000","4","45,350","2.77","2.92","2.77","2.90","+","0.20","1.58","6","2.95","5","387.00",
="085155","亞翔群益51購01","10,000","1","13,200","1.32","1.32","1.32","1.32","-","0.07","1.20","10","1.30","10","349.50",
="085156","精成科群益4C購07","0","0","0","--","--","--","--"," ","0.00","5.25","3","--","0","131.00",
="085157","聯茂群益4C購04","0","0","0","--","--","--","--"," ","0.00","--","0","--","0","125.00",
="085158","穎崴群益53購03","0","0","0","--","--","--","--"," ","0.00","--","0","--","0","1,250.00",
="085159","富世達群益4C購05","0","0","0","--","--","--","--"," ","0.00","--","0","6.15","10","1,145.00",
="08515P","臺股指國票4A售14","0","0","0","--","--","--","--"," ","0.00","0.06","499","0.07","499","0.00",
="085160","泓德群益4C購02","0","0","0","--","--","--","--"," ","0.00","--","0","--","0","160.00",
="085161","勤誠群益4C購01","505,000","12","1,228,570","2.49","2.51","2.38","2.46","-","0.23","1.00","20","--","0","613.00",
="085162","世紀鋼群益4C購08","51,000","2","51,630","1.05","1.05","0.99","0.99","-","0.15","1.01","10","1.11","10","188.00",
="085163","台灣50凱基55購04","88,000","2","293,040","3.33","3.33","3.33","3.33","-","0.19","3.24","100","3.25","50","52.50",
="085164","T50反1凱基53購01","0","0","0","--","--","--","--"," ","0.00","0.19","100","0.20","10","19.79",
="085165","T50反1凱基54購03","0","0","0","--","--","--","--"," ","0.00","0.24","100","0.25","10","19.79",
="085166","A50正2凱基53購01","0","0","0","--","--","--","--"," ","0.00","1.95","10","1.96","50","31.56",
="085167","台泥凱基51購02","0","0","0","--","--","--","--"," ","0.00","0.43","100","0.44","10","22.80",
="085168","喬山凱基51購01","0","0","0","--","--","--","--"," ","0.00","1.02","100","1.07","10","146.00",
="085169","中鴻凱基51購01","142,000","12","247,490","1.72","1.83","1.70","1.76","-","0.11","1.77","10","1.87","10","16.15",
="08516P","元金2X富邦4C售01","0","0","0","--","--","--","--"," ","0.00","0.52","100","0.53","10","0.00",
="085170","鴻海凱基53購04","0","0","0","--","--","--","--"," ","0.00","4.20","24","4.30","10","206.00",
="085171","台積電凱基51購18","0","0","0","--","--","--","--"," ","0.00","0.65","100","0.66","10","1,160.00",
="085172","宏碁凱基51購01","5,000","1","5,500","1.10","1.10","1.10","1.10","-","0.08","1.05","100","1.06","10","29.95",
="085173","瑞昱凱基4C購03","0","0","0","--","--","--","--"," ","0.00","0.45","100","0.46","10","545.00",
="085174","正崴凱基51購01","0","0","0","--","--","--","--"," ","0.00","1.08","10","1.09","10","48.40",
="085175","毅嘉凱基4C購02","5,000","2","45,700","9.20","9.20","9.05","9.05","X","0.00","8.85","10","9.00","10","60.80",
="085176","南亞科凱基51購06","0","0","0","--","--","--","--"," ","0.00","0.28","100","0.29","50","46.65",
="085177","聯發科凱基4C購15","0","0","0","--","--","--","--"," ","0.00","1.55","100","1.56","10","1,385.00",
="085178","長榮凱基53購02","71,000","4","66,860","0.92","0.96","0.90","0.90"," ","0.00","0.88","100","0.89","10","188.00",
="085179","漢翔凱基51購03","39,000","14","259,050","6.35","7.10","6.35","6.85","+","1.86","6.85","3","7.50","2","60.00",
="08517P","元黃金元富4A售02","0","0","0","--","--","--","--"," ","0.00","0.83","25","0.84","25","0.00",
="085180","晶豪科凱基4C購01","30,000","6","19,840","0.62","0.67","0.62","0.66","-","0.03","0.66","10","0.67","10","57.40",
="085181","緯創凱基4C購08","10,000","1","4,600","0.46","0.46","0.46","0.46","X","0.00","0.45","100","0.46","10","115.00",
="085182","新日興凱基4C購04","271,000","19","476,900","1.54","2.12","1.54","2.06","+","0.43","2.02","100","2.12","10","259.00",
="085183","玉晶光凱基51購01","115,000","7","353,270","3.02","3.19","2.95","3.19","+","0.04","3.05","10","3.07","10","461.50",
="085184","世芯凱基51購11","2,000","2","10,150","5.10","5.10","5.05","5.05","X","0.00","4.98","100","5.00","10","4,000.00",
="085185","達興凱基51購01","0","0","0","--","--","--","--"," ","0.00","5.60","50","6.10","10","387.00",
="085186","瀚宇博凱基4C購02","37,000","11","205,900","6.20","6.40","5.25","5.25","-","0.25","5.20","50","5.30","10","81.70",
="085187","亞翔凱基51購04","50,000","12","115,680","2.95","2.95","1.10","2.54","-","0.40","1.13","44","2.53","10","349.50",
="085188","矽格凱基51購01","173,000","23","403,090","2.27","2.43","2.27","2.34","+","0.14","2.28","10","2.29","10","82.20",
="085189","台塑化凱基4C購01","0","0","0","--","--","--","--"," ","0.00","2.62","10","2.72","10","40.75",
="08518P","元金2X元富4A售01","2,000","1","3,220","1.61","1.61","1.61","1.61","-","0.08","1.61","25","1.62","25","0.00",
="085190","穎崴凱基53購02","2,005,000","25","2,306,260","1.19","1.21","1.06","1.21","+","0.01","1.25","80","1.35","10","1,250.00",
="085191","緯穎凱基4C購10","2,000","1","6,020","3.01","3.01","3.01","3.01","X","0.00","2.97","100","2.99","10","2,975.00",
="085192","富世達凱基54購01","200,000","1","592,000","2.96","2.96","2.96","2.96","X","0.00","3.03","100","3.12","10","1,145.00",
="085193","勤誠凱基51購02","0","0","0","--","--","--","--"," ","0.00","4.11","100","4.21","10","613.00",
="085194","上証2X富邦52購02","0","0","0","--","--","--","--"," ","0.00","2.39","100","2.40","10","0.00",
="085195","元日2X富邦59購01","0","0","0","--","--","--","--"," ","0.00","0.34","100","0.35","100","0.00",
="085196","SGBR2X富邦53購01","1,000","1","510","0.51","0.51","0.51","0.51"," ","0.00","0.50","100","0.51","100","0.00",
="085197","國巨富邦51購01","0","0","0","--","--","--","--"," ","0.00","1.83","10","1.93","10","0.00",
="085198","漢翔富邦51購01","48,000","5","129,880","2.61","2.76","2.61","2.76","+","0.56","2.83","10","3.19","10","0.00",
="085199","神達富邦51購01","0","0","0","--","--","--","--"," ","0.00","3.55","10","3.59","10","0.00",
="08519P","上証2X國票4B售05","0","0","0","--","--","--","--"," ","0.00","0.18","25","0.19","10","0.00",
="085200","T50反1台新4C購02","0","0","0","--","--","--","--"," ","0.00","0.15","20","0.16","10","0.00",
="085201","南亞科台新4C購02","0","0","0","--","--","--","--"," ","0.00","0.31","20","0.32","10","0.00",
="085202","道瓊銀國泰51購01","0","0","0","--","--","--","--"," ","0.00","1.02","499","1.03","100","32.63",
="085203","中砂國泰51購02","0","0","0","--","--","--","--"," ","0.00","4.15","10","4.19","10","347.00",
="085204","華邦電國泰51購01","1,000","1","1,890","1.89","1.89","1.89","1.89","+","0.05","1.81","499","1.82","200","19.60",
="085205","鴻準國泰51購02","0","0","0","--","--","--","--"," ","0.00","2.75","499","2.78","100","71.70",
="085206","漢唐國泰51購03","0","0","0","--","--","--","--"," ","0.00","--","0","--","0","1,190.00",
="085207","長榮國泰51購03","0","0","0","--","--","--","--"," ","0.00","0.50","499","0.51","100","188.00",
="085208","長榮國泰51購04","0","0","0","--","--","--","--"," ","0.00","0.64","499","0.65","499","188.00",
="085209","辛耘國泰51購02","196,000","29","617,440","3.02","3.37","2.94","3.33","+","0.25","3.33","499","3.35","100","393.50",
="08520P","元黃金國票4B售02","0","0","0","--","--","--","--"," ","0.00","1.43","25","1.44","10","0.00",
="085210","達興國泰51購01","0","0","0","--","--","--","--"," ","0.00","5.95","499","--","0","387.00",
="085211","迎廣國泰51購02","21,000","1","34,650","1.65","1.65","1.65","1.65","-","0.02","1.54","499","1.55","100","94.00",
="085212","保瑞國泰51購04","11,000","1","29,480","2.68","2.68","2.68","2.68","-","0.11","2.65","499","2.70","100","733.00",
="085213","群臺2X元大4C購01","0","0","0","--","--","--","--"," ","0.00","3.56","100","3.64","10","92.60",
="085214","台泥元大51購04","0","0","0","--","--","--","--"," ","0.00","0.16","499","0.17","10","22.80",
="085215","中砂元大56購02","148,000","13","298,940","1.97","2.09","1.95","2.08","+","0.11","2.06","25","2.09","10","347.00",
="085216","台積電元大4C購29","0","0","0","--","--","--","--"," ","0.00","0.08","57","--","0","1,160.00",
="085217","華邦電元大4C購03","57,000","3","50,900","0.87","0.90","0.87","0.89","-","0.01","0.86","504","0.88","10","19.60",
="085218","鴻準元大4C購08","40,000","4","49,700","1.24","1.25","1.23","1.23","-","0.05","1.21","499","1.23","10","71.70",
="085219","鴻準元大4C購09","19,000","2","41,120","2.18","2.18","2.16","2.16","X","0.00","2.07","350","2.10","10","71.70",
="08521P","緯穎國票4B售06","0","0","0","--","--","--","--"," ","0.00","0.12","25","0.13","10","0.00",
="085220","鴻準元大4C購10","10,000","2","16,600","1.63","1.69","1.63","1.69","+","0.01","1.62","450","1.64","10","71.70",
="085221","技嘉元大4C購10","470,000","12","499,760","1.08","1.09","1.04","1.04","-","0.06","1.02","25","1.03","10","281.00",
="085222","台光電元大53購02","0","0","0","--","--","--","--"," ","0.00","--","0","--","0","1,250.00",
="085223","南亞科元大4C購08","0","0","0","--","--","--","--"," ","0.00","0.28","499","0.29","10","46.65",
="085224","南亞科元大53購03","0","0","0","--","--","--","--"," ","0.00","0.38","499","0.39","10","46.65",
="085225","南亞科元大55購03","0","0","0","--","--","--","--"," ","0.00","0.43","499","0.44","10","46.65",
="085226","聯發科元大56購01","6,000","2","5,780","0.96","0.97","0.96","0.97","X","0.00","--","0","--","0","1,385.00",
="085227","皇昌元大4C購03","177,000","6","157,640","0.89","0.90","0.87","0.87","+","0.14","0.70","499","0.71","10","83.50",
="085228","長榮元大4C購07","137,000","2","58,540","0.43","0.43","0.42","0.42","+","0.03","0.38","499","0.40","10","188.00",
="085229","陽明元大4C購07","17,000","1","10,710","0.63","0.63","0.63","0.63","X","0.00","0.55","499","0.56","10","58.80",
="08522P","鴻海群益4A售13","0","0","0","--","--","--","--"," ","0.00","0.01","10","0.11","10","0.00",
="085230","陽明元大55購01","206,000","7","235,140","1.11","1.16","1.08","1.08","-","0.04","1.08","5","1.09","10","58.80",
="085231","奇鋐元大4C購23","0","0","0","--","--","--","--"," ","0.00","--","0","--","0","1,015.00",
="085232","奇鋐元大53購02","25,000","4","69,700","2.83","2.83","2.76","2.76","-","0.15","2.65","250","2.70","10","1,015.00",
="085233","奇鋐元大56購01","188,000","19","534,660","2.91","2.92","2.67","2.74","-","0.24","2.74","270","2.78","10","1,015.00",
="085234","亞光元大4C購06","592,000","11","722,660","1.21","1.26","1.19","1.26","+","0.04","1.16","25","1.18","10","164.00",
="085235","德律元大4C購06","0","0","0","--","--","--","--"," ","0.00","2.99","250","3.05","10","206.00",
="085236","新日興元大4C購07","488,000","22","614,830","1.13","1.62","1.11","1.45","+","0.33","0.17","117","--","0","259.00",
="085237","新日興元大51購03","550,000","15","651,950","1.09","1.44","1.06","1.44","+","0.39","0.16","62","--","0","259.00",
="085238","新日興元大53購01","203,000","9","273,550","1.28","1.73","1.27","1.73","+","0.48","0.28","35","--","0","259.00",
="085239","玉晶光元大4C購02","142,000","9","222,760","1.58","1.68","1.51","1.68","+","0.11","1.59","450","1.61","10","461.50",
="08523P","南亞科群益53售01","0","0","0","--","--","--","--"," ","0.00","0.19","100","0.20","100","0.00",
="085240","玉晶光元大4C購03","0","0","0","--","--","--","--"," ","0.00","2.12","350","2.16","10","461.50",
="085241","嘉澤元大56購01","398,000","11","428,830","1.02","1.09","1.02","1.09","+","0.03","1.08","499","1.10","10","1,465.00",
="085242","辛耘元大4C購07","471,000","24","738,340","1.55","1.70","1.50","1.70","+","0.12","1.71","499","1.73","10","393.50",
="085243","世芯元大4C購10","1,000","1","3,030","3.03","3.03","3.03","3.03","+","0.13","2.97","250","3.02","10","4,000.00",
="085244","世芯元大51購22","17,000","2","47,990","2.92","2.92","2.81","2.81","-","0.11","2.74","250","2.76","10","4,000.00",
="085245","世芯元大53購02","63,000","6","127,840","2.05","2.07","1.95","2.02"," ","0.00","1.94","350","1.95","10","4,000.00",
="085246","貿聯元大4C購10","187,000","15","294,010","1.39","1.62","1.39","1.56","+","0.10","1.52","499","1.55","10","981.00",
="085247","貿聯元大4C購11","0","0","0","--","--","--","--"," ","0.00","2.12","350","2.16","10","981.00",
="085249","神達元大4C購10","161,000","14","894,450","5.55","5.65","5.30","5.65","+","0.91","5.55","150","5.60","10","95.90",
="08524P","智原群益4C售01","0","0","0","--","--","--","--"," ","0.00","0.96","100","0.97","100","0.00",
="085250","神達元大4C購11","0","0","0","--","--","--","--"," ","0.00","5.75","150","--","0","95.90",
="085251","神達元大51購08","71,000","15","372,660","5.10","5.50","4.99","5.15","+","0.75","5.20","150","5.25","10","95.90",
="085252","祥碩元大4C購03","4,000","1","1,920","0.48","0.48","0.48","0.48"," ","0.00","0.45","25","0.46","10","1,665.00",
="085253","jpp元大4C購07","147,000","13","274,280","1.83","1.91","1.79","1.87","+","0.20","1.88","25","1.91","10","276.00",
="085254","迎廣元大4C購04","100,000","1","57,000","0.57","0.57","0.57","0.57","-","0.06","0.57","499","0.58","10","94.00",
="085255","帆宣元大4C購03","0","0","0","--","--","--","--"," ","0.00","3.47","25","--","0","264.00",
="085257","聯茂元大4C購10","0","0","0","--","--","--","--"," ","0.00","5.85","25","--","0","125.00",
="085258","穎崴元大53購02","1,248,000","19","953,080","0.77","0.86","0.73","0.86","+","0.06","0.73","1","--","0","1,250.00",
="085259","愛普元大4C購05","128,000","12","97,340","0.76","0.83","0.73","0.83","+","0.07","0.81","499","0.83","3","305.50",
="08525P","鴻海永豐4A售15","0","0","0","--","--","--","--"," ","0.00","--","0","0.03","10","0.00",
="085260","泓德元大4C購07","0","0","0","--","--","--","--"," ","0.00","0.11","499","0.21","10","160.00",
="085261","勤誠元大4C購08","69,000","8","138,160","2.02","2.06","1.96","2.06","-","0.01","1.99","25","2.01","10","613.00",
="085262","勤誠元大4C購09","112,000","10","213,300","1.94","1.94","1.88","1.90","-","0.11","1.91","25","1.94","10","613.00",
="085263","勤誠元大4C購10","36,000","4","70,120","1.97","1.97","1.93","1.93","-","0.11","1.93","25","1.97","10","613.00",
="085264","世紀鋼元大53購01","419,000","8","197,720","0.48","0.48","0.47","0.47","-","0.02","0.45","499","0.46","10","188.00",
="085265","智邦台新4C購01","0","0","0","--","--","--","--"," ","0.00","4.55","20","4.56","10","0.00",
="085266","亞翔台新4C購01","0","0","0","--","--","--","--"," ","0.00","1.25","10","1.26","10","0.00",
="085267","亞翔台新4C購02","0","0","0","--","--","--","--"," ","0.00","1.59","20","1.60","10","0.00",
="085268","中砂國泰51購03","6,000","1","25,800","4.30","4.30","4.30","4.30","X","0.00","4.29","10","4.33","10","347.00",
="085269","智邦國泰51購02","0","0","0","--","--","--","--"," ","0.00","5.20","499","5.35","100","984.00",
="08526P","南亞科永豐4A售03","0","0","0","--","--","--","--"," ","0.00","0.08","499","0.09","10","0.00",
="085270","新日興國泰51購03","15,000","1","49,200","3.28","3.28","3.28","3.28","+","0.55","3.29","10","3.35","10","259.00",
="085271","帆宣國泰51購01","0","0","0","--","--","--","--"," ","0.00","7.60","10","8.10","10","264.00",
="085272","穎崴國泰51購04","0","0","0","--","--","--","--"," ","0.00","--","0","1.93","10","1,250.00",
="085273","勤誠國泰51購02","0","0","0","--","--","--","--"," ","0.00","4.04","10","4.10","10","613.00",
="085275","上品統一56購02","51,000","1","31,620","0.62","0.62","0.62","0.62","-","0.01","0.60","10","0.61","10","284.00",
="085276","亞翔統一56購02","0","0","0","--","--","--","--"," ","0.00","0.64","10","0.65","10","349.50",
="085277","亞翔統一62購01","10,000","2","7,200","0.72","0.72","0.72","0.72","-","0.02","0.70","10","0.71","10","349.50",
="085278","帆宣統一5C購01","136,000","4","146,720","1.09","1.09","1.07","1.07","-","0.01","1.08","10","1.09","10","264.00",
="085279","洋基統一56購01","71,000","4","78,460","1.11","1.11","1.04","1.04","-","0.07","1.03","10","1.04","10","476.00",
="08527P","世芯永豐4A售11","0","0","0","--","--","--","--"," ","0.00","--","0","0.03","10","0.00",
="085280","昇陽半統一56購01","195,000","5","143,970","0.72","0.76","0.72","0.73","+","0.01","0.74","10","0.75","10","152.50",
="085281","勤誠統一62購02","140,000","6","148,200","1.06","1.06","1.04","1.05","-","0.02","1.05","20","1.06","10","613.00",
="085282","台灣50永豐56購01","0","0","0","--","--","--","--"," ","0.00","7.25","499","7.35","10","52.50",
="085283","T50反1永豐4C購02","0","0","0","--","--","--","--"," ","0.00","0.20","499","0.21","10","19.79",
="085284","鴻海永豐56購01","0","0","0","--","--","--","--"," ","0.00","2.33","499","2.36","10","206.00",
="085285","奇鋐永豐4C購05","123,000","12","1,964,100","16.30","16.30","14.20","14.50","-","2.60","15.10","10","15.30","10","1,015.00",
="085286","德律永豐4C購01","2,000","2","4,910","2.44","2.47","2.44","2.47","X","0.00","2.40","499","2.46","10","206.00",
="085287","欣興永豐4C購04","0","0","0","--","--","--","--"," ","0.00","1.57","499","--","0","150.00",
="085288","欣興永豐51購02","0","0","0","--","--","--","--"," ","0.00","1.28","499","1.32","10","150.00",
="085289","亞翔永豐51購02","323,000","9","438,710","1.41","1.41","1.22","1.22","-","0.24","1.22","80","--","0","349.50",
="08528P","緯穎永豐4A售07","0","0","0","--","--","--","--"," ","0.00","0.11","499","0.12","10","0.00",
="085290","勤誠永豐56購01","15,000","2","56,500","3.77","3.77","3.76","3.76","-","0.04","3.71","10","3.81","10","613.00",
="085291","香港2X國票54購01","12,000","2","32,400","2.70","2.70","2.70","2.70","-","0.47","2.60","25","2.61","10","16.40",
="085292","楠梓電國票51購02","5,000","2","80,000","16.00","16.00","16.00","16.00"," ","0.00","17.50","25","18.50","10","109.50",
="085293","技嘉國票52購01","2,000","1","4,100","2.05","2.05","2.05","2.05","X","0.00","1.99","25","2.00","10","281.00",
="085294","陽明國票52購02","6,000","1","6,540","1.09","1.09","1.09","1.09","+","0.01","1.03","25","1.04","10","58.80",
="085295","欣興國票52購03","2,249,000","59","5,037,790","2.09","2.41","2.07","2.27","-","0.09","2.25","25","2.28","10","150.00",
="085296","時碩國票4C購01","70,000","3","132,500","1.72","1.93","1.72","1.93","+","0.27","1.84","25","1.85","10","64.20",
="085297","亞翔國票4C購03","0","0","0","--","--","--","--"," ","0.00","1.64","25","1.65","10","349.50",
="085298","穎崴國票52購02","212,000","5","174,900","0.86","0.93","0.78","0.93","+","0.21","0.97","25","0.98","10","1,250.00",
="085299","洋基國票51購04","3,000","2","18,100","6.05","6.05","6.00","6.00","-","0.95","5.80","25","5.85","10","476.00",
="08529P","T50正2元大4A售15","0","0","0","--","--","--","--"," ","0.00","0.08","499","0.18","10","0.00",
="085300","勤誠國票53購01","15,000","7","59,160","3.98","3.98","3.89","3.89","-","0.23","3.98","25","4.03","10","613.00",
="085302","勤誠國票56購01","31,000","14","117,240","3.80","3.84","3.66","3.84","+","0.01","3.80","25","3.82","10","613.00",
="085303","美利達國票4C購03","29,000","3","79,730","2.75","2.81","2.70","2.81","-","0.06","2.75","25","2.85","10","112.50",
="085304","T50反1元富51購02","0","0","0","--","--","--","--"," ","0.00","0.09","25","0.10","25","19.79",
="085305","T50反1元富51購03","0","0","0","--","--","--","--"," ","0.00","0.11","25","0.12","25","19.79",
="085306","楠梓電元富51購01","0","0","0","--","--","--","--"," ","0.00","8.75","25","9.25","25","109.50",
="085307","鴻海元富4C購12","0","0","0","--","--","--","--"," ","0.00","22.80","25","23.50","25","206.00",
="085308","鴻準元富4C購06","0","0","0","--","--","--","--"," ","0.00","9.05","25","9.20","25","71.70",
="085309","漢唐元富4C購03","0","0","0","--","--","--","--"," ","0.00","--","0","--","0","1,190.00",
="08530P","元黃金元大4A售02","0","0","0","--","--","--","--"," ","0.00","0.88","100","0.89","100","0.00",
="085310","漢唐元富4C購04","0","0","0","--","--","--","--"," ","0.00","20.20","25","21.20","25","1,190.00",
="085311","全新元富4C購03","10,000","1","35,400","3.54","3.54","3.54","3.54","-","0.13","3.25","25","3.35","10","153.50",
="085312","大立光元富4C購03","62,000","5","121,690","1.97","1.97","1.94","1.94","-","0.09","1.91","25","2.01","10","2,395.00",
="085313","欣興元富56購01","0","0","0","--","--","--","--"," ","0.00","3.65","25","3.73","25","150.00",
="085314","亞翔元富4C購01","0","0","0","--","--","--","--"," ","0.00","2.36","25","2.37","25","349.50",
="085315","亞翔元富4C購02","0","0","0","--","--","--","--"," ","0.00","1.42","25","1.43","25","349.50",
="085316","同欣電元富4C購01","70,000","6","151,100","2.17","2.22","1.97","2.02","-","0.10","1.97","25","2.07","10","112.50",
="085317","南亞科富邦53購02","0","0","0","--","--","--","--"," ","0.00","0.15","10","0.16","10","0.00",
="085318","聯發科富邦52購02","5,000","4","4,380","0.90","0.90","0.86","0.86","-","0.04","0.86","30","0.87","10","0.00",
="085319","長榮航富邦4C購03","53,000","3","41,790","0.78","0.81","0.78","0.81","X","0.00","0.75","30","0.76","10","0.00",
="08531P","A50正2元大4C售02","0","0","0","--","--","--","--"," ","0.00","0.17","100","0.18","100","0.00",
="085323","鴻海統一4C購01","40,000","3","42,400","1.07","1.07","1.05","1.05","X","0.00","1.06","10","1.07","10","206.00",
="085327","貿聯富邦4C購03","391,000","24","613,910","1.41","1.64","1.41","1.56","+","0.12","1.51","10","1.53","10","0.00",
="085328","洋基富邦4C購01","10,000","1","22,900","2.29","2.29","2.29","2.29","-","0.10","2.00","10","2.04","10","0.00",
="085329","聯發科第一56購05","46,000","1","44,160","0.96","0.96","0.96","0.96","-","0.01","0.95","10","0.96","10","0.00",
="08532P","元金2X元大4A售03","250,000","7","254,840","1.02","1.03","1.01","1.01","-","0.09","1.01","270","1.02","250","0.00",
="085330","SGBR2X凱基4C購04","0","0","0","--","--","--","--"," ","0.00","0.35","160","0.36","10","11.25",
="085332","統一凱基4C購01","155,000","7","236,220","1.47","1.57","1.47","1.57","+","0.12","1.48","1","1.56","10","77.70",
="085335","中砂凱基4C購07","313,000","22","748,650","2.29","2.54","2.29","2.40","+","0.20","2.39","100","--","0","347.00",
="085336","東聯凱基4C購01","0","0","0","--","--","--","--"," ","0.00","1.16","10","1.19","10","12.40",
="085337","廣宇凱基4C購03","2,000","1","11,400","5.70","5.70","5.70","5.70","-","0.10","5.95","100","6.45","10","60.90",
="085338","台積電凱基4C購46","0","0","0","--","--","--","--"," ","0.00","0.78","100","0.79","10","1,160.00",
="085339","鴻準凱基4C購06","100,000","1","252,000","2.52","2.52","2.52","2.52","X","0.00","2.60","100","2.70","10","71.70",
="08533P","台積電元大4A售65","0","0","0","--","--","--","--"," ","0.00","0.06","499","0.07","499","0.00",
="085340","矽統凱基51購01","165,000","18","526,460","3.18","3.28","3.06","3.21","-","0.06","3.18","10","3.21","9","55.10",
="085341","技嘉凱基4C購06","26,000","1","48,880","1.88","1.88","1.88","1.88","-","0.02","1.77","100","1.79","10","281.00",
="085342","台光電凱基54購01","0","0","0","--","--","--","--"," ","0.00","4.74","50","4.84","10","1,250.00",
="085343","漢唐凱基53購03","0","0","0","--","--","--","--"," ","0.00","15.30","10","16.30","10","1,190.00",
="085344","大立光凱基51購06","0","0","0","--","--","--","--"," ","0.00","1.05","100","1.06","10","2,395.00",
="085345","奇鋐凱基53購03","0","0","0","--","--","--","--"," ","0.00","3.30","100","3.40","10","1,015.00",
="085346","德律凱基4C購04","0","0","0","--","--","--","--"," ","0.00","5.30","100","5.80","10","206.00",
="085347","欣興凱基51購02","0","0","0","--","--","--","--"," ","0.00","3.36","100","3.43","10","150.00",
="085348","玉晶光凱基51購02","66,000","10","204,960","3.12","3.23","3.03","3.12","-","0.01","3.12","9","3.14","10","461.50",
="085349","創意凱基4C購05","38,000","4","106,390","2.76","2.83","2.73","2.83","+","0.16","2.73","100","2.78","10","1,350.00",
="08534P","華碩元大4A售01","0","0","0","--","--","--","--"," ","0.00","0.14","499","0.15","200","0.00",
="085350","辛耘凱基51購02","222,000","26","720,490","3.21","3.41","2.97","3.41","+","0.32","3.42","100","--","0","393.50",
="085351","世芯凱基51購12","1,000","1","4,730","4.73","4.73","4.73","4.73","+","0.14","4.34","100","4.42","10","4,000.00",
="085352","貿聯凱基51購04","93,000","8","232,060","2.26","2.63","2.26","2.63","+","0.39","2.43","10","2.53","10","981.00",
="085353","神達凱基51購06","0","0","0","--","--","--","--"," ","0.00","6.50","100","7.00","10","95.90",
="085354","亞翔凱基4C購02","0","0","0","--","--","--","--"," ","0.00","1.36","100","1.37","10","349.50",
="085355","精成科凱基51購03","10,000","1","101,000","10.10","10.10","10.10","10.10","+","1.75","11.00","10","--","0","131.00",
="085356","帆宣凱基4C購03","0","0","0","--","--","--","--"," ","0.00","4.45","100","4.55","10","264.00",
="085357","保瑞凱基4C購03","0","0","0","--","--","--","--"," ","0.00","0.87","10","0.89","10","733.00",
="085358","長榮凱基4B購01","0","0","0","--","--","--","--"," ","0.00","0.32","100","0.33","10","188.00",
="085359","長榮凱基4B購02","0","0","0","--","--","--","--"," ","0.00","0.39","100","0.40","10","188.00",
="08535P","漢唐元大4A售08","0","0","0","--","--","--","--"," ","0.00","--","0","0.10","10","0.00",
="085360","長榮凱基4B購03","102,000","2","79,560","0.79","0.79","0.77","0.77","+","0.03","0.71","100","0.73","10","188.00",
="085361","長榮凱基4B購04","0","0","0","--","--","--","--"," ","0.00","1.01","3","1.40","10","188.00",
="085362","愛普凱基4C購03","22,000","3","34,180","1.53","1.62","1.53","1.62","+","0.22","1.63","10","1.64","10","305.50",
="085363","洋基凱基51購01","1,000","1","6,050","6.05","6.05","6.05","6.05","X","0.00","5.80","10","6.30","10","476.00",
="085364","SGBR2X元大4C購05","0","0","0","--","--","--","--"," ","0.00","0.47","499","0.48","100","11.25",
="085365","SGBR2X元大4C購06","0","0","0","--","--","--","--"," ","0.00","0.40","499","0.41","100","11.25",
="085366","SGBR2X元大53購03","0","0","0","--","--","--","--"," ","0.00","0.66","250","0.67","100","11.25",
="085367","道瓊銅元大4C購01","5,000","1","3,900","0.78","0.78","0.78","0.78","X","0.00","0.78","499","0.88","100","24.91",
="085368","東陽元大4C購01","971,000","9","662,330","0.64","0.69","0.64","0.69","X","0.00","0.67","25","0.70","10","101.00",
="085369","中興電元大4C購08","691,000","10","535,640","0.80","0.80","0.76","0.80","+","0.07","0.80","499","0.81","10","167.00",
="08536P","長榮元大4A售19","0","0","0","--","--","--","--"," ","0.00","0.28","499","0.29","200","0.00",
="085370","亞力元大4C購06","506,000","18","286,830","0.60","0.60","0.55","0.58","+","0.03","0.56","499","0.57","1","110.50",
="085371","華城元大4C購03","62,000","3","110,540","1.82","1.82","1.77","1.77","-","0.01","1.71","400","1.73","10","618.00",
="085372","中砂元大56購03","21,000","5","40,580","1.87","1.97","1.87","1.97","+","0.07","1.95","25","1.98","10","347.00",
="085373","台積電元大4C購30","0","0","0","--","--","--","--"," ","0.00","0.10","10","--","0","1,160.00",
="085374","華邦電元大4C購04","2,000","1","1,400","0.70","0.70","0.70","0.70","-","0.03","0.66","499","0.68","10","19.60",
="085375","鴻準元大4C購11","0","0","0","--","--","--","--"," ","0.00","1.48","499","1.52","10","71.70",
="085376","技嘉元大4C購11","109,000","6","156,160","1.43","1.44","1.43","1.44","-","0.03","1.38","25","1.39","10","281.00",
="085377","台光電元大53購03","100,000","7","577,500","5.90","5.90","5.55","5.85","-","0.05","3.78","5","--","0","1,250.00",
="085378","漢唐元大4C購04","0","0","0","--","--","--","--"," ","0.00","6.60","25","--","0","1,190.00",
="085379","南亞科元大4C購09","0","0","0","--","--","--","--"," ","0.00","0.38","499","0.39","10","46.65",
="08537P","創意元大4A售07","0","0","0","--","--","--","--"," ","0.00","0.02","499","0.12","10","0.00",
="085380","南亞科元大4C購10","0","0","0","--","--","--","--"," ","0.00","0.15","499","0.16","10","46.65",
="085381","南亞科元大55購04","0","0","0","--","--","--","--"," ","0.00","0.57","499","0.58","10","46.65",
="085382","聯發科元大4C購15","232,000","1","299,280","1.29","1.29","1.29","1.29","-","0.06","0.11","90","--","0","1,385.00",
="085383","皇昌元大4C購04","156,000","20","254,580","1.67","1.70","1.41","1.42","+","0.03","1.33","499","1.35","10","83.50",
="085384","長榮元大4C購08","0","0","0","--","--","--","--"," ","0.00","0.24","499","0.25","10","188.00",
="085385","陽明元大4C購08","241,000","4","224,010","0.91","0.95","0.91","0.93","X","0.00","0.86","499","0.87","10","58.80",
="085386","陽明元大55購02","134,000","8","183,900","1.30","1.40","1.30","1.37","+","0.04","1.27","499","1.29","10","58.80",
="085387","奇鋐元大53購03","30,000","6","136,800","4.66","4.66","4.33","4.33","-","0.46","4.36","150","4.43","10","1,015.00",
="085388","欣興元大4C購01","40,000","11","63,730","1.61","1.71","1.52","1.69","-","0.01","1.62","450","1.66","10","150.00",
="085389","欣興元大4C購02","58,000","13","89,290","1.55","1.63","1.45","1.60","-","0.01","1.55","450","1.58","10","150.00",
="08538P","緯穎元大4A售21","0","0","0","--","--","--","--"," ","0.00","0.07","499","0.08","200","0.00",
="085390","緯創元大4C購13","0","0","0","--","--","--","--"," ","0.00","0.43","499","--","0","115.00",
="085391","新日興元大4C購08","333,000","21","528,000","1.40","1.96","1.34","1.76","+","0.34","0.22","45","--","0","259.00",
="085392","新日興元大4C購09","28,000","3","38,220","1.33","1.68","1.33","1.68","X","0.00","--","0","--","0","259.00",
="085393","新日興元大4C購10","41,000","11","64,430","1.39","1.73","1.39","1.73","+","0.34","0.40","1","1.68","5","259.00",
="085394","世芯元大4C購11","0","0","0","--","--","--","--"," ","0.00","2.45","300","2.49","10","4,000.00",
="085395","世芯元大4C購12","1,000","1","2,220","2.22","2.22","2.22","2.22","+","0.05","2.12","350","2.15","10","4,000.00",
="085396","世芯元大53購03","2,000","1","7,140","3.57","3.57","3.57","3.57","-","0.07","3.48","200","3.50","10","4,000.00",
="085397","神達元大4C購12","7,000","6","47,800","6.70","7.15","6.60","6.60","+","0.95","6.70","150","6.75","10","95.90",
="085398","祥碩元大4C購04","0","0","0","--","--","--","--"," ","0.00","0.30","499","0.31","10","1,665.00",
="085399","亞翔元大4C購04","31,000","7","24,080","0.80","0.80","0.76","0.76","-","0.12","0.74","499","0.75","10","349.50",
="08539P","元金2X凱基51售06","0","0","0","--","--","--","--"," ","0.00","1.59","100","1.60","10","0.00",
="085400","亞翔元大4C購05","0","0","0","--","--","--","--"," ","0.00","0.94","499","0.95","10","349.50",
="085401","亞翔元大4C購06","0","0","0","--","--","--","--"," ","0.00","1.01","499","1.02","10","349.50",
="085402","亞翔元大4C購07","7,000","1","8,330","1.19","1.19","1.19","1.19","-","0.14","1.16","499","1.17","10","349.50",
="085403","亞翔元大4C購08","76,000","3","113,350","1.50","1.50","1.43","1.44","-","0.16","1.38","499","1.39","10","349.50",
="085404","亞翔元大4C購09","20,000","2","26,700","1.35","1.35","1.32","1.32","-","0.09","1.27","499","1.28","10","349.50",
="085405","聯茂元大4C購11","15,000","1","62,250","4.15","4.15","4.15","4.15","X","0.00","4.11","25","--","0","125.00",
="085406","穎崴元大53購03","458,000","11","259,430","0.59","0.59","0.53","0.56","-","0.04","0.36","27","--","0","1,250.00",
="085407","勤誠元大4C購11","40,000","4","64,000","1.59","1.63","1.58","1.60","-","0.05","1.57","25","--","0","613.00",
="085408","勤誠元大4C購12","113,000","9","215,460","1.94","1.97","1.88","1.97","-","0.02","1.90","25","1.93","10","613.00",
="085409","勤誠元大4C購13","199,000","8","346,990","1.74","1.77","1.71","1.77","-","0.02","1.73","25","1.75","10","613.00",
="08540P","鴻海凱基4B售13","0","0","0","--","--","--","--"," ","0.00","0.01","100","0.11","10","0.00",
="085410","臺股指元大4C購33","1,000","1","2,940","2.94","2.94","2.94","2.94","-","0.08","2.84","100","2.85","10","0.00",
="085411","臺股指元大51購11","3,000","3","14,450","4.90","4.90","4.73","4.82","-","0.33","4.75","499","4.76","10","0.00",
="085412","臺股指元大51購12","1,000","1","2,410","2.41","2.41","2.41","2.41","X","0.00","2.33","499","2.34","10","0.00",
="085413","臺股指元大51購13","0","0","0","--","--","--","--"," ","0.00","2.77","499","2.78","10","0.00",
="085414","臺股指元大53購03","0","0","0","--","--","--","--"," ","0.00","3.69","100","3.70","10","0.00",
="085415","T50正2群益4C購06","0","0","0","--","--","--","--"," ","0.00","8.50","25","8.55","10","259.40",
="085416","T50反1群益52購02","0","0","0","--","--","--","--"," ","0.00","0.32","100","0.33","100","19.79",
="085417","臺指2X群益4C購01","0","0","0","--","--","--","--"," ","0.00","3.08","10","3.19","10","33.84",
="085418","台泥群益52購03","0","0","0","--","--","--","--"," ","0.00","0.22","100","0.23","100","22.80",
="085419","台積電群益52購04","0","0","0","--","--","--","--"," ","0.00","0.67","14","--","0","1,160.00",
="08541P","台積電凱基4A售58","0","0","0","--","--","--","--"," ","0.00","--","0","0.10","10","0.00",
="085420","台光電群益4C購09","206,000","24","516,510","2.58","2.60","2.40","2.54","-","0.17","1.80","10","--","0","1,250.00",
="085421","長榮群益4C購06","82,000","1","35,260","0.43","0.43","0.43","0.43","-","0.03","0.42","10","0.52","10","188.00",
="085422","奇鋐群益4C購09","0","0","0","--","--","--","--"," ","0.00","--","0","5.65","10","1,015.00",
="085423","欣興群益51購03","5,000","1","18,550","3.71","3.71","3.71","3.71","X","0.00","3.61","25","3.71","10","150.00",
="085424","緯創群益4C購06","137,000","9","153,750","1.04","1.14","1.04","1.14","+","0.01","0.29","34","1.15","3","115.00",
="085425","新日興群益4C購06","554,000","31","1,235,330","2.01","2.53","1.95","2.52","+","0.50","0.82","12","--","0","259.00",
="085426","玉晶光群益4C購02","51,000","6","266,700","5.20","5.50","5.15","5.50","+","0.15","5.25","10","5.75","10","461.50",
="085427","世芯群益4C購16","2,000","1","14,900","7.45","7.45","7.45","7.45","+","0.40","6.95","10","7.45","10","4,000.00",
="085428","亞翔群益4C購03","0","0","0","--","--","--","--"," ","0.00","0.95","10","1.05","10","349.50",
="085429","亞翔群益51購02","0","0","0","--","--","--","--"," ","0.00","1.23","10","1.33","10","349.50",
="08542P","智邦凱基4B售04","0","0","0","--","--","--","--"," ","0.00","--","0","0.10","120","0.00",
="085430","穎崴群益52購07","49,000","1","41,650","0.85","0.85","0.85","0.85","-","0.03","0.36","27","--","0","1,250.00",
="085431","愛普群益4C購04","23,000","4","34,150","1.42","1.51","1.42","1.51","-","0.02","1.52","100","1.53","100","305.50",
="085432","泓德群益4C購03","0","0","0","--","--","--","--"," ","0.00","--","0","--","0","160.00",
="085433","世紀鋼群益4C購09","0","0","0","--","--","--","--"," ","0.00","0.69","10","0.79","10","188.00",
="085434","零壹中信4C購01","322,000","24","317,940","0.95","1.03","0.95","0.96","+","0.07","0.93","10","0.95","10","0.00",
="085435","亞翔中信51購01","0","0","0","--","--","--","--"," ","0.00","0.68","499","0.69","10","0.00",
="085436","愛普中信4C購01","73,000","5","34,650","0.45","0.49","0.45","0.49","+","0.03","0.48","499","0.49","10","0.00",
="085437","AES中信4C購02","160,000","16","216,810","1.31","1.45","1.28","1.41","+","0.16","1.38","20","1.41","10","0.00",
="085438","來億中信4C購01","1,000","1","180","0.18","0.18","0.18","0.18","X","0.00","0.18","10","0.19","10","0.00",
="085439","羅昇中信4C購02","106,000","5","91,950","0.85","0.88","0.83","0.88","-","0.04","0.87","10","--","0","0.00",
="08543P","玉晶光凱基4A售02","0","0","0","--","--","--","--"," ","0.00","0.08","10","0.09","10","0.00",
="085440","台達電永豐4C購02","0","0","0","--","--","--","--"," ","0.00","15.40","10","--","0","709.00",
="085441","廣宇永豐4C購02","22,000","3","102,000","4.70","4.70","4.56","4.56","-","0.25","4.38","499","4.44","10","60.90",
="085442","漢唐永豐51購04","0","0","0","--","--","--","--"," ","0.00","8.20","499","8.45","10","1,190.00",
="085443","神達永豐53購02","62,000","2","489,800","7.90","7.90","7.90","7.90","+","1.30","7.70","10","7.80","10","95.90",
="085444","帆宣永豐52購01","0","0","0","--","--","--","--"," ","0.00","20.20","499","21.20","10","264.00",
="085445","世紀鋼永豐52購05","8,000","1","5,920","0.74","0.74","0.74","0.74","-","0.05","0.69","499","0.79","10","188.00",
="085446","上証2X國票52購01","0","0","0","--","--","--","--"," ","0.00","2.62","25","2.63","10","45.30",
="085447","華通國票51購03","0","0","0","--","--","--","--"," ","0.00","4.74","25","4.80","10","79.30",
="085448","台亞國票51購01","170,000","8","197,190","1.12","1.18","1.12","1.16","-","0.05","1.14","25","1.15","10","22.85",
="085449","華邦電國票52購02","0","0","0","--","--","--","--"," ","0.00","0.55","25","0.56","10","19.60",
="08544P","智易凱基4A售02","0","0","0","--","--","--","--"," ","0.00","0.50","10","0.60","10","0.00",
="085450","金像電國票51購03","0","0","0","--","--","--","--"," ","0.00","14.40","25","14.60","10","486.00",
="085451","佳能國票51購03","14,000","4","109,700","7.45","8.00","7.40","8.00","-","0.05","7.80","25","7.85","10","80.80",
="085452","凌陽國票51購01","52,000","17","116,250","2.19","2.33","2.15","2.21"," ","0.00","2.16","25","2.18","10","24.45",
="085453","漢唐國票51購04","0","0","0","--","--","--","--"," ","0.00","24.30","25","25.00","10","1,190.00",
="085454","敦泰國票51購01","104,000","10","145,690","1.38","1.42","1.22","1.22","+","0.01","1.21","25","1.22","10","69.90",
="085455","中磊國票51購01","33,000","4","22,750","0.67","0.69","0.67","0.69","-","0.02","0.66","25","0.68","10","105.50",
="085456","亞翔國票51購02","0","0","0","--","--","--","--"," ","0.00","1.63","25","1.64","10","349.50",
="085457","精誠國票4C購01","50,000","5","59,920","1.13","1.22","1.13","1.13","-","0.06","1.11","25","1.14","10","117.50",
="085458","同欣電國票51購01","477,000","9","329,780","0.72","0.76","0.66","0.70","-","0.01","0.69","25","0.70","10","112.50",
="085459","富世達國票52購01","1,000","1","4,310","4.31","4.31","4.31","4.31","X","0.00","4.18","25","4.28","10","1,145.00",
="08545P","世芯凱基53售01","118,000","2","21,060","0.17","0.18","0.17","0.18","-","0.03","0.17","30","0.21","60","0.00",
="085460","昇陽半國票51購03","0","0","0","--","--","--","--"," ","0.00","1.04","25","1.05","10","152.50",
="085461","廣宇統一58購01","284,000","40","294,530","1.04","1.06","0.99","1.03","+","0.01","1.01","10","1.02","10","60.90",
="085462","華邦電統一56購02","0","0","0","--","--","--","--"," ","0.00","0.54","10","0.55","10","19.60",
="085463","致茂統一56購01","655,000","18","890,290","1.37","1.42","1.32","1.42","-","0.02","1.41","10","1.42","10","556.00",
="085464","群光統一56購01","62,000","3","36,140","0.58","0.59","0.58","0.59","+","0.05","0.57","10","0.58","10","137.00",
="085465","全新統一58購01","98,000","2","72,000","0.75","0.75","0.72","0.72","-","0.04","0.71","10","0.72","10","153.50",
="085466","亞光統一56購01","21,000","1","19,740","0.94","0.94","0.94","0.94","X","0.00","0.91","10","0.92","10","164.00",
="085467","零壹統一56購01","155,000","6","115,020","0.75","0.76","0.72","0.72","+","0.01","0.72","10","0.73","10","126.50",
="085468","京鼎統一58購01","132,000","2","68,320","0.51","0.52","0.51","0.52","-","0.02","0.52","10","0.53","10","290.00",
="085469","定穎控統一56購02","2,000","2","6,210","3.15","3.15","3.06","3.06","X","0.00","3.05","10","3.06","9","106.00",
="08546P","精銳凱基4A售04","0","0","0","--","--","--","--"," ","0.00","0.01","10","0.11","10","0.00",
="085470","亞翔統一56購03","12,000","2","7,800","0.65","0.65","0.65","0.65","-","0.02","0.63","10","0.64","10","349.50",
="085471","帆宣統一56購01","21,000","1","27,510","1.31","1.31","1.31","1.31","+","0.04","1.29","10","1.31","10","264.00",
="085472","帆宣統一56購02","0","0","0","--","--","--","--"," ","0.00","1.38","10","1.41","10","264.00",
="085473","鈺邦統一58購01","0","0","0","--","--","--","--"," ","0.00","1.00","10","1.02","10","178.00",
="085474","天虹統一56購02","0","0","0","--","--","--","--"," ","0.00","0.52","10","0.53","10","208.50",
="085475","智邦兆豐53購01","0","0","0","--","--","--","--"," ","0.00","2.37","10","2.38","10","984.00",
="085476","亞翔兆豐53購01","10,000","1","9,400","0.94","0.94","0.94","0.94","-","0.10","0.93","10","0.94","10","349.50",
="085477","台化富邦52購01","5,000","1","11,550","2.31","2.31","2.31","2.31","-","0.15","2.24","10","2.34","10","0.00",
="085478","華城富邦53購01","759,000","37","992,150","1.33","1.34","1.27","1.27","-","0.05","1.24","10","1.26","10","0.00",
="085479","鴻海富邦52購01","0","0","0","--","--","--","--"," ","0.00","5.65","30","5.95","10","0.00",
="08547P","臺股指富邦4A售12","0","0","0","--","--","--","--"," ","0.00","0.05","499","0.06","100","0.00",
="085480","台積電富邦54購02","0","0","0","--","--","--","--"," ","0.00","1.71","30","1.78","10","0.00",
="085481","鴻準富邦52購02","10,000","3","13,890","1.38","1.41","1.38","1.41","X","0.00","1.34","10","1.35","10","0.00",
="085482","漢唐富邦53購01","0","0","0","--","--","--","--"," ","0.00","7.50","10","8.00","10","0.00",
="085483","長榮富邦52購05","0","0","0","--","--","--","--"," ","0.00","0.25","10","0.26","10","0.00",
="085484","辛耘富邦51購01","800,000","49","925,660","1.10","1.23","1.05","1.22","+","0.11","1.21","30","1.22","10","0.00",
="085485","世芯富邦51購02","0","0","0","--","--","--","--"," ","0.00","2.72","10","2.82","10","0.00",
="085486","ITH富邦51購01","110,000","11","58,340","0.53","0.55","0.52","0.52","+","0.06","0.51","10","0.52","10","0.00",
="085487","T50反1元富4C購12","1,601,000","9","1,118,730","0.70","0.73","0.69","0.73","X","0.00","0.71","25","0.72","25","19.79",
="085488","滬深2X元富4C購03","141,000","7","548,540","3.86","4.08","3.85","4.00","-","0.50","3.71","25","3.81","10","18.32",
="085489","國巨元富56購01","22,000","7","185,100","8.55","8.55","8.15","8.15","-","0.05","8.10","2","8.15","25","137.00",
="08548P","臺股指富邦4C售10","0","0","0","--","--","--","--"," ","0.00","0.16","499","0.17","100","0.00",
="085490","致茂元富4C購01","1,000","1","4,000","4.00","4.00","4.00","4.00","+","0.04","4.05","25","4.15","25","556.00",
="085491","漢唐元富4C購05","0","0","0","--","--","--","--"," ","0.00","77.00","25","82.00","25","1,190.00",
="085492","偉訓元富4C購01","0","0","0","--","--","--","--"," ","0.00","4.09","25","4.19","10","110.00",
="085493","緯創元富4C購04","26,000","1","179,400","6.90","6.90","6.90","6.90","+","0.05","6.60","25","6.75","25","115.00",
="085494","帆宣元富4C購01","0","0","0","--","--","--","--"," ","0.00","4.80","25","4.90","10","264.00",
="085495","穎崴元富51購02","433,000","2","439,720","0.84","1.03","0.84","1.03","+","0.24","0.37","27","--","0","1,250.00",
="085496","天虹元富4C購01","1,000","1","830","0.83","0.83","0.83","0.83","-","0.05","0.82","25","0.85","25","208.50",
="085497","華邦電台新4C購02","17,000","2","17,350","1.07","1.07","1.01","1.01","-","0.12","1.02","20","1.03","10","0.00",
="085498","中興電國泰51購01","42,000","2","65,940","1.57","1.57","1.57","1.57","+","0.12","1.59","499","1.61","499","167.00",
="085499","中砂國泰51購04","83,000","5","191,200","2.26","2.36","2.26","2.34","+","0.21","0.86","58","--","0","347.00",
="08549P","臺股指富邦51售08","0","0","0","--","--","--","--"," ","0.00","0.19","499","0.20","100","0.00",
="085500","廣宇國泰51購02","0","0","0","--","--","--","--"," ","0.00","5.80","499","5.90","100","60.90",
="085501","南亞科國泰51購02","0","0","0","--","--","--","--"," ","0.00","0.62","499","0.63","100","46.65",
="085502","奇鋐國泰51購04","0","0","0","--","--","--","--"," ","0.00","4.96","10","5.30","10","1,015.00",
="085503","亞光國泰51購03","25,000","2","64,070","2.55","2.71","2.55","2.71","-","0.10","2.50","499","2.52","100","164.00",
="085504","德律國泰51購01","0","0","0","--","--","--","--"," ","0.00","5.80","499","6.30","10","206.00",
="085505","亞翔國泰51購01","30,000","1","66,300","2.21","2.21","2.21","2.21","X","0.00","2.19","499","2.20","100","349.50",
="085506","亞翔國泰51購02","10,000","1","17,900","1.79","1.79","1.79","1.79","-","0.17","1.72","499","1.73","400","349.50",
="085507","虎航國泰51購01","80,000","1","140,000","1.75","1.75","1.75","1.75"," ","0.00","1.75","539","1.77","100","82.60",
="085508","台泥凱基53購01","0","0","0","--","--","--","--"," ","0.00","0.25","100","0.26","10","22.80",
="085509","東陽凱基4C購02","308,000","12","224,680","0.67","0.76","0.67","0.76","X","0.00","0.72","100","0.74","30","101.00",
="08550P","鴻海台新4A售08","0","0","0","--","--","--","--"," ","0.00","0.01","20","0.02","10","0.00",
="085510","士電凱基4C購04","33,000","3","30,800","0.96","0.96","0.90","0.90","+","0.10","0.87","100","0.88","10","187.50",
="085511","華城凱基4C購05","25,000","3","60,020","2.42","2.42","2.38","2.38","-","0.04","2.23","100","2.25","10","618.00",
="085512","中砂凱基51購01","27,000","3","44,250","1.61","1.67","1.61","1.67","+","0.07","1.73","100","1.74","10","347.00",
="085513","信錦凱基51購01","12,000","3","17,300","1.44","1.45","1.43","1.43","X","0.00","1.45","10","1.46","10","72.00",
="085514","川湖凱基51購02","3,000","1","14,130","4.71","4.71","4.71","4.71","X","0.00","4.57","100","4.60","10","2,925.00",
="085515","廣宇凱基4C購04","57,000","8","279,230","4.92","5.20","4.59","4.89","+","0.16","4.82","21","4.92","10","60.90",
="085516","群光凱基4C購02","69,000","7","83,260","1.19","1.24","1.18","1.18","+","0.06","1.14","100","1.17","10","137.00",
="085517","群光凱基51購01","35,000","2","35,400","1.01","1.06","1.01","1.06","X","0.00","0.96","100","1.06","10","137.00",
="085518","南亞科凱基53購03","0","0","0","--","--","--","--"," ","0.00","0.29","100","0.30","50","46.65",
="085519","聯發科凱基54購03","30,000","3","49,800","1.66","1.66","1.66","1.66","-","0.08","1.64","100","1.65","10","1,385.00",
="08551P","漢唐群益4C售02","0","0","0","--","--","--","--"," ","0.00","--","0","0.05","66","0.00",
="085520","長榮凱基4C購06","0","0","0","--","--","--","--"," ","0.00","0.83","100","0.85","10","188.00",
="085521","鴻海凱基51購02","5,000","2","14,820","2.96","2.98","2.96","2.98","-","0.13","2.98","100","3.02","10","206.00",
="085522","陽明凱基51購01","2,000","1","1,540","0.77","0.77","0.77","0.77","X","0.00","0.75","100","0.76","10","58.80",
="085523","德律凱基4C購05","36,000","4","103,140","2.78","2.93","2.78","2.84","-","0.36","2.72","100","--","0","206.00",
="085524","緯創凱基4C購10","0","0","0","--","--","--","--"," ","0.00","0.37","100","0.38","10","115.00",
="085525","世芯凱基4C購08","0","0","0","--","--","--","--"," ","0.00","5.90","100","6.40","10","4,000.00",
="085526","祥碩凱基4C購04","40,000","1","26,400","0.66","0.66","0.66","0.66","X","0.00","0.66","100","0.76","10","1,665.00",
="085528","聯茂凱基4C購06","0","0","0","--","--","--","--"," ","0.00","8.80","499","9.30","10","125.00",
="085529","AES凱基4C購05","293,000","20","460,350","1.38","1.67","1.38","1.60","+","0.28","1.59","100","1.61","10","1,350.00",
="08552P","S&P正2中信51售02","0","0","0","--","--","--","--"," ","0.00","0.21","100","0.22","100","0.00",
="085530","矽創凱基4C購01","52,000","6","93,590","1.72","1.85","1.72","1.79","+","0.07","1.81","10","1.85","10","211.50",
="085531","美利達凱基4C購02","113,000","7","150,850","1.27","1.38","1.27","1.30","-","0.10","1.32","100","1.35","10","112.50",
="085532","臺股指凱基4C購23","0","0","0","--","--","--","--"," ","0.00","3.01","100","3.02","10","0.00",
="085533","台灣50元大4C購09","1,311,000","30","3,387,070","2.66","2.66","2.51","2.52","-","0.29","2.49","100","2.50","10","52.50",
="085534","台灣50元大53購01","12,000","1","55,920","4.66","4.66","4.66","4.66","X","0.00","4.46","50","4.48","10","52.50",
="085535","台灣50元大54購01","0","0","0","--","--","--","--"," ","0.00","1.47","100","1.48","10","52.50",
="085536","台灣50元大54購02","0","0","0","--","--","--","--"," ","0.00","4.71","200","4.78","10","52.50",
="085537","元石油元大4C購01","0","0","0","--","--","--","--"," ","0.00","0.61","499","0.62","100","16.26",
="085538","元石油元大4C購02","0","0","0","--","--","--","--"," ","0.00","0.88","250","0.89","100","16.26",
="085539","元油反元大4C購03","0","0","0","--","--","--","--"," ","0.00","1.18","499","1.19","100","6.68",
="08553P","南亞科中信4A售04","0","0","0","--","--","--","--"," ","0.00","0.03","499","0.04","10","0.00",
="085540","SGBR2X元大4C購08","0","0","0","--","--","--","--"," ","0.00","0.71","499","0.72","100","11.25",
="085541","東陽元大4C購02","1,027,000","7","474,510","0.43","0.49","0.43","0.47","+","0.07","0.44","25","0.47","10","101.00",
="085542","中砂元大54購01","48,000","7","144,450","2.79","3.13","2.79","3.13","+","0.32","2.95","250","2.99","10","347.00",
="085543","合機元大4C購02","0","0","0","--","--","--","--"," ","0.00","1.11","499","1.12","10","48.45",
="085544","美時元大4C購03","218,000","10","152,140","0.70","0.71","0.66","0.66","-","0.05","0.66","497","0.67","10","193.50",
="085545","大成鋼元大4C購09","20,000","2","51,300","2.52","2.61","2.52","2.61","-","0.69","2.44","300","2.47","10","38.60",
="085546","台達電元大4C購04","1,000","1","14,800","14.80","14.80","14.80","14.80","+","1.50","14.70","10","14.90","10","709.00",
="085547","致茂元大4C購01","45,000","7","473,200","10.40","10.70","10.10","10.70","+","0.10","10.60","10","10.80","10","556.00",
="085548","金像電元大4C購13","0","0","0","--","--","--","--"," ","0.00","7.10","100","--","0","486.00",
="085549","技嘉元大4C購12","93,000","4","109,910","1.18","1.19","1.15","1.15","-","0.09","1.13","25","1.14","10","281.00",
="08554P","臺股指中信51售08","0","0","0","--","--","--","--"," ","0.00","0.15","499","0.16","100","0.00",
="085550","台光電元大4C購21","71,000","6","354,280","5.15","5.15","4.92","5.05","-","0.55","2.24","22","--","0","1,250.00",
="085551","漢唐元大4C購05","1,000","1","17,300","17.30","17.30","17.30","17.30","-","0.90","17.50","10","18.00","10","1,190.00",
="085552","美律元大4C購01","143,000","1","393,250","2.75","2.75","2.75","2.75","X","0.00","2.60","250","2.69","10","107.50",
="085553","美律元大4C購02","5,000","1","1,900","0.38","0.38","0.38","0.38","X","0.00","0.38","499","0.39","10","107.50",
="085554","聯發科元大51購31","2,000","1","2,540","1.27","1.27","1.27","1.27","X","0.00","0.06","7","--","0","1,385.00",
="085555","長榮元大51購19","0","0","0","--","--","--","--"," ","0.00","0.61","499","0.64","10","188.00",
="085556","裕民元大4C購04","42,000","5","74,160","1.77","1.87","1.70","1.71","-","0.08","1.74","450","1.76","10","57.30",
="085557","陽明元大51購02","50,000","1","102,500","2.05","2.05","2.05","2.05","X","0.00","1.93","400","1.95","10","58.80",
="085558","國泰金元大4C購05","0","0","0","--","--","--","--"," ","0.00","0.41","499","0.42","10","62.30",
="085559","晶豪科元大4C購01","10,000","2","14,060","1.43","1.43","1.40","1.40","-","0.08","1.43","499","1.46","10","57.40",
="08555P","T50正2凱基4A售10","0","0","0","--","--","--","--"," ","0.00","0.10","100","0.11","10","0.00",
="085560","奇鋐元大51購12","380,000","10","579,400","1.55","1.58","1.39","1.39","-","0.25","1.47","450","1.52","10","1,015.00",
="085561","德律元大4C購07","17,000","2","41,690","2.45","2.49","2.45","2.49","-","0.30","2.35","300","2.37","10","206.00",
="085562","德律元大4C購08","0","0","0","--","--","--","--"," ","0.00","2.45","300","2.50","10","206.00",
="085563","緯創元大54購03","1,000,000","7","550,230","0.55","0.58","0.55","0.57"," ","0.00","0.56","499","0.58","10","115.00",
="085564","玉晶光元大4C購05","389,000","20","456,840","1.16","1.23","1.14","1.20","-","0.02","1.18","499","1.19","10","461.50",
="085565","嘉澤元大54購03","238,000","6","169,040","0.72","0.76","0.70","0.74"," ","0.00","0.75","499","0.78","10","1,465.00",
="085566","辛耘元大4C購08","97,000","11","221,130","2.24","2.51","2.20","2.51","+","0.23","2.50","350","2.52","10","393.50",
="085567","宏致元大4C購01","0","0","0","--","--","--","--"," ","0.00","3.36","200","3.38","10","73.90",
="085568","世芯元大51購23","0","0","0","--","--","--","--"," ","0.00","5.65","100","5.70","10","4,000.00",
="085569","貿聯元大4C購12","122,000","4","140,940","1.12","1.19","1.12","1.19","+","0.15","1.11","499","1.13","10","981.00",
="08556P","鴻海凱基4C售06","0","0","0","--","--","--","--"," ","0.00","0.02","100","0.12","10","0.00",
="085570","日月光元大4C購04","0","0","0","--","--","--","--"," ","0.00","0.45","499","0.46","10","147.50",
="085571","精銳元大4C購08","440,000","21","765,430","1.70","1.82","1.63","1.77","+","0.18","1.77","450","1.78","10","776.00",
="085572","精成科元大55購01","30,000","2","177,000","5.85","6.00","5.85","6.00","+","1.37","6.00","50","--","0","131.00",
="085573","穎崴元大51購05","455,000","15","216,470","0.51","0.53","0.46","0.53","+","0.01","0.09","111","--","0","1,250.00",
="085574","虎航元大4C購05","0","0","0","--","--","--","--"," ","0.00","1.05","499","1.06","10","82.60",
="085575","富世達元大54購01","77,000","8","371,000","4.86","4.87","4.75","4.81","-","0.12","2.98","3","--","0","1,145.00",
="085576","昇陽半元大4C購08","713,000","5","749,020","1.05","1.09","1.04","1.09"," ","0.00","1.09","499","1.12","10","152.50",
="085577","T50反1群益4C購08","0","0","0","--","--","--","--"," ","0.00","0.38","100","0.39","100","19.79",
="085578","T50反1群益51購02","0","0","0","--","--","--","--"," ","0.00","0.32","100","0.33","100","19.79",
="085579","SGBR2X群益4C購02","0","0","0","--","--","--","--"," ","0.00","0.92","25","0.93","10","11.25",
="08557P","華碩凱基4A售04","0","0","0","--","--","--","--"," ","0.00","0.07","10","0.17","10","0.00",
="085580","中砂群益51購03","6,000","1","7,440","1.24","1.24","1.24","1.24","+","0.19","0.03","333","--","0","347.00",
="085581","華新群益4C購02","155,000","6","156,130","0.97","1.06","0.97","1.06","+","0.06","1.01","10","1.11","10","23.35",
="085582","台積電群益53購04","0","0","0","--","--","--","--"," ","0.00","--","0","--","0","1,160.00",
="085583","技嘉群益53購01","22,000","1","29,480","1.34","1.34","1.34","1.34","-","0.03","0.45","22","--","0","281.00",
="085584","台光電群益4C購10","301,000","12","651,670","2.23","2.23","2.01","2.21","-","0.14","2.01","5","--","0","1,250.00",
="085585","群光群益4C購01","209,000","11","172,480","0.82","0.85","0.80","0.80","+","0.04","0.26","192","--","0","137.00",
="085586","大立光群益4C購06","122,000","5","145,420","1.21","1.22","1.17","1.22","-","0.01","1.17","10","1.27","10","2,395.00",
="085587","零壹群益51購01","210,000","12","266,700","1.29","1.30","1.23","1.25","+","0.07","1.22","100","1.25","100","126.50",
="085588","欣興群益4C購02","304,000","22","1,095,570","3.40","3.79","3.31","3.57","-","0.19","3.55","100","3.59","100","150.00",
="085589","創意群益4C購05","82,000","5","183,920","2.20","2.27","2.18","2.18","+","0.03","0.74","27","--","0","1,350.00",
="08558P","長榮凱基4B售08","0","0","0","--","--","--","--"," ","0.00","0.24","10","0.25","10","0.00",
="085591","辛耘群益4C購05","749,000","32","1,240,330","1.61","1.76","1.45","1.76","+","0.25","1.76","10","1.86","10","393.50",
="085592","世芯群益4C購17","5,000","3","38,250","7.80","7.80","7.40","7.40","-","0.30","7.40","10","7.90","10","4,000.00",
="085593","定穎控群益4C購01","0","0","0","--","--","--","--"," ","0.00","15.10","34","16.10","10","106.00",
="085596","迎廣群益51購01","0","0","0","--","--","--","--"," ","0.00","0.48","10","0.58","10","94.00",
="085597","保瑞群益4C購05","0","0","0","--","--","--","--"," ","0.00","2.06","100","2.08","100","733.00",
="085598","富邦金中信4C購01","1,000","1","510","0.51","0.51","0.51","0.51","-","0.06","0.51","10","0.52","10","0.00",
="085599","喬山永豐4C購02","0","0","0","--","--","--","--"," ","0.00","0.17","499","0.19","10","146.00",
="08559P","緯穎凱基4A售12","0","0","0","--","--","--","--"," ","0.00","0.02","100","0.12","10","0.00",
="085600","光寶科永豐51購01","71,000","6","96,560","1.36","1.36","1.36","1.36","-","0.05","1.32","499","1.35","10","130.00",
="085602","台積電永豐66購02","25,000","1","72,250","2.89","2.89","2.89","2.89","-","0.07","2.85","5","2.89","10","1,160.00",
="085606","大立光永豐4C購01","0","0","0","--","--","--","--"," ","0.00","0.72","10","0.75","10","2,395.00",
="085607","晶技永豐4C購01","20,000","2","17,500","0.84","0.91","0.84","0.91","+","0.02","0.87","10","0.88","10","88.60",
="085609","緯創永豐53購02","346,000","9","170,280","0.47","0.50","0.47","0.50","-","0.01","0.48","10","0.49","10","115.00",
="08560P","台灣50元富4A售23","0","0","0","--","--","--","--"," ","0.00","0.02","25","0.10","10","0.00",
="085610","創意永豐53購01","10,000","1","64,000","6.40","6.40","6.40","6.40","+","0.35","6.10","17","6.40","10","1,350.00",
="085611","辛耘永豐53購01","516,000","5","1,332,640","2.49","2.60","2.49","2.60","+","0.23","2.64","10","2.65","10","393.50",
="085613","定穎控永豐51購01","0","0","0","--","--","--","--"," ","0.00","19.70","499","20.40","10","106.00",
="085614","達興永豐54購01","2,000","2","6,830","3.35","3.48","3.35","3.48","+","0.44","3.28","499","3.38","10","387.00",
="085616","台郡永豐53購01","16,000","4","71,030","4.42","4.51","4.38","4.38","+","0.05","1.91","5","--","0","68.00",
="085617","緯穎永豐4C購09","0","0","0","--","--","--","--"," ","0.00","1.73","10","1.74","10","2,975.00",
="085618","天虹永豐51購01","0","0","0","--","--","--","--"," ","0.00","1.34","10","1.38","10","208.50",
="08561P","台積電元富4A售34","0","0","0","--","--","--","--"," ","0.00","--","0","0.10","25","0.00",
="085620","昇陽半永豐51購02","22,000","2","21,660","0.98","1.03","0.98","1.03","+","0.04","1.03","10","1.04","10","152.50",
="085623","皇昌國泰51購02","45,000","6","88,010","1.99","2.04","1.94","2.01","+","0.21","1.94","499","1.97","100","83.50",
="085624","長榮航國泰51購01","14,000","1","30,800","2.20","2.20","2.20","2.20","X","0.00","2.13","499","2.16","100","39.05",
="085626","中砂台新4C購01","63,000","5","121,100","1.72","1.95","1.72","1.95","+","0.22","1.87","20","1.88","10","0.00",
="085627","玉晶光台新4C購01","27,000","3","69,260","2.47","2.66","2.47","2.66","+","0.15","2.55","20","2.56","10","0.00",
="085628","廣宇統一56購01","111,000","3","144,770","1.33","1.33","1.27","1.27","-","0.03","1.26","10","1.27","10","60.90",
="085629","零壹統一56購02","492,000","17","518,940","1.04","1.07","1.03","1.03","+","0.01","1.03","10","1.04","10","126.50",
="08562P","台積電元富4A售35","0","0","0","--","--","--","--"," ","0.00","--","0","0.10","25","0.00",
="085630","零壹統一5C購01","22,000","1","15,400","0.70","0.70","0.70","0.70","+","0.02","0.69","10","0.70","10","126.50",
="085631","緯創統一56購03","70,000","2","23,900","0.35","0.35","0.34","0.34","-","0.01","0.35","10","0.36","10","115.00",
="085632","緯創統一5C購01","20,000","1","8,400","0.42","0.42","0.42","0.42","X","0.00","0.41","10","0.42","10","115.00",
="085633","京鼎統一56購02","153,000","6","79,710","0.50","0.53","0.50","0.53","+","0.01","0.51","10","0.52","10","290.00",
="085634","定穎控統一4C購01","0","0","0","--","--","--","--"," ","0.00","6.00","10","6.15","10","106.00",
="085635","鴻海群益4B購01","239,000","7","262,560","1.09","1.10","1.09","1.10","-","0.05","1.09","100","1.11","100","206.00",
="085636","定穎控統一5A購02","0","0","0","--","--","--","--"," ","0.00","2.59","10","2.67","10","106.00",
="085637","精銳統一56購04","31,000","1","14,880","0.48","0.48","0.48","0.48","X","0.00","0.46","10","0.47","10","776.00",
="085638","立積統一56購05","326,000","21","379,290","1.11","1.29","1.09","1.29","+","0.19","1.31","1","1.35","3","158.00",
="085639","立積統一5C購01","214,000","11","170,470","0.77","0.82","0.77","0.82","+","0.05","0.88","10","--","0","158.00",
="08563P","台積電元富4A售36","0","0","0","--","--","--","--"," ","0.00","0.02","25","0.10","10","0.00",
="085640","台郡統一56購01","113,000","5","126,630","1.11","1.15","1.11","1.15","+","0.04","1.09","10","1.10","10","68.00",
="085641","台郡統一56購02","0","0","0","--","--","--","--"," ","0.00","1.01","10","1.02","10","68.00",
="085642","亞光兆豐53購01","327,000","18","634,170","1.83","2.01","1.83","1.92","+","0.09","1.78","10","1.79","10","164.00",
="085643","創意兆豐51購02","183,000","11","300,810","1.59","1.65","1.59","1.61","+","0.06","1.66","10","1.67","10","1,350.00",
="085644","矽創兆豐56購01","356,000","14","355,740","0.99","1.02","0.98","1.01","+","0.03","1.00","10","--","0","211.50",
="085645","華新富邦53購01","754,000","30","855,470","1.11","1.18","1.11","1.14","+","0.04","1.14","30","1.15","10","0.00",
="085646","台玻富邦4C購02","0","0","0","--","--","--","--"," ","0.00","7.90","30","8.40","10","0.00",
="085647","第一銅富邦51購01","31,000","4","28,110","0.91","0.91","0.90","0.91","-","0.06","0.94","30","0.95","10","0.00",
="085648","台達電富邦54購01","0","0","0","--","--","--","--"," ","0.00","4.94","30","5.00","10","0.00",
="085649","台光電富邦4C購05","0","0","0","--","--","--","--"," ","0.00","2.40","10","2.46","10","0.00",
="08564P","台灣50國票4B售05","0","0","0","--","--","--","--"," ","0.00","0.14","25","0.20","10","0.00",
="085650","緯創富邦4C購02","75,000","5","23,650","0.31","0.32","0.31","0.32","-","0.02","0.32","10","0.33","10","0.00",
="085651","達興富邦53購01","546,000","39","1,068,560","2.00","2.15","1.85","2.04","+","0.19","1.98","10","2.08","10","0.00",
="085652","亞翔富邦4C購01","66,000","5","44,710","0.71","0.71","0.63","0.63","-","0.09","0.63","10","0.64","10","0.00",
="085653","穎崴富邦53購03","283,000","24","192,850","0.66","0.70","0.64","0.70","+","0.04","0.69","10","0.70","10","0.00",
="085654","緯穎富邦51購01","23,000","3","26,440","1.18","1.18","1.14","1.15","-","0.06","1.13","10","1.15","10","0.00",
="085655","士電元富4C購01","15,000","3","23,860","1.58","1.60","1.56","1.56","+","0.14","1.54","25","1.56","25","187.50",
="085656","中砂元富4C購02","0","0","0","--","--","--","--"," ","0.00","2.57","25","2.67","10","347.00",
="085657","楠梓電元富4C購02","1,000","1","9,850","9.85","9.85","9.85","9.85","-","0.15","10.50","25","--","0","109.50",
="085658","智邦元富4C購02","3,000","2","56,400","18.60","18.90","18.60","18.90","-","0.90","18.90","25","19.00","25","984.00",
="085659","偉訓元富4C購02","109,000","5","307,310","2.93","2.93","2.76","2.77","-","0.27","2.72","25","2.82","10","110.00",
="08565P","華通國票4B售01","0","0","0","--","--","--","--"," ","0.00","0.05","25","0.06","10","0.00",
="085660","智原元富51購04","53,000","2","147,020","2.72","2.83","2.72","2.83","+","0.16","2.75","25","2.79","25","158.00",
="085661","緯創元富56購01","47,000","1","78,020","1.66","1.66","1.66","1.66","X","0.00","1.62","25","1.64","25","115.00",
="085662","世芯元富4C購15","7,000","7","92,700","13.20","13.50","12.90","12.90","-","0.60","12.70","25","12.80","25","4,000.00",
="085663","貿聯元富51購02","49,000","3","137,510","2.54","2.89","2.54","2.87","+","0.28","1.02","9","--","0","981.00",
="085664","達興元富56購01","692,000","34","2,832,060","3.95","4.39","3.84","4.29","+","0.69","4.10","25","4.12","25","387.00",
="085665","亞翔元富4C購04","0","0","0","--","--","--","--"," ","0.00","0.58","25","0.59","25","349.50",
="085666","緯穎元富4C購04","0","0","0","--","--","--","--"," ","0.00","1.73","25","1.74","25","2,975.00",
="085667","AES元富4C購01","156,000","11","416,110","2.47","2.96","2.47","2.96","+","0.57","2.92","9","2.96","5","1,350.00",
="085668","天虹元富53購01","0","0","0","--","--","--","--"," ","0.00","1.13","25","1.16","25","208.50",
="085669","昇陽半元富4C購02","0","0","0","--","--","--","--"," ","0.00","1.47","25","1.49","25","152.50",
="08566P","威盛國票4B售02","0","0","0","--","--","--","--"," ","0.00","1.01","25","1.02","10","0.00",
="085670","道瓊銅國票59購01","0","0","0","--","--","--","--"," ","0.00","2.58","25","2.59","10","24.91",
="085671","喬山國票51購02","0","0","0","--","--","--","--"," ","0.00","0.43","25","0.44","10","146.00",
="085672","光寶科國票53購01","488,000","8","623,820","1.25","1.28","1.25","1.27","-","0.04","1.27","25","1.29","10","130.00",
="085673","楠梓電國票53購01","1,000","1","15,800","15.80","15.80","15.80","15.80","X","0.00","17.20","25","18.20","10","109.50",
="085674","光罩國票51購01","49,000","8","135,540","2.84","2.84","2.70","2.70","-","0.40","2.67","26","2.71","10","41.45",
="085675","致茂國票51購03","2,000","1","14,400","7.20","7.20","7.20","7.20"," ","0.00","7.35","25","7.45","10","556.00",
="085676","群光國票51購01","56,000","3","51,080","0.89","0.93","0.89","0.91","+","0.10","0.88","25","0.89","10","137.00",
="085677","零壹國票51購01","3,000","1","3,600","1.20","1.20","1.20","1.20","+","0.06","1.18","25","1.19","10","126.50",
="085678","德律國票53購01","39,000","8","134,510","3.52","3.54","3.38","3.40","-","0.15","3.36","25","3.38","10","206.00",
="085679","晶技國票51購01","0","0","0","--","--","--","--"," ","0.00","0.79","25","0.81","10","88.60",
="08567P","牧德國票4B售03","0","0","0","--","--","--","--"," ","0.00","0.13","25","0.14","10","0.00",
="085680","緯創國票53購01","0","0","0","--","--","--","--"," ","0.00","0.42","25","0.43","10","115.00",
="085681","京鼎國票51購01","2,000","1","1,900","0.95","0.95","0.95","0.95","X","0.00","0.95","25","0.96","10","290.00",
="085682","創意國票53購01","25,000","2","33,200","1.34","1.34","1.32","1.32","-","0.01","1.29","25","1.30","10","1,350.00",
="085683","貿聯國票51購07","73,000","11","296,480","3.78","4.33","3.78","3.94","+","0.14","3.92","25","3.95","10","981.00",
="085684","上品國票51購02","15,000","1","30,450","2.03","2.03","2.03","2.03","-","0.12","2.00","25","2.01","10","284.00",
="085685","jpp國票51購06","11,000","2","24,710","2.21","2.25","2.21","2.25","X","0.00","2.24","25","2.28","10","276.00",
="085686","亞翔國票53購01","3,000","2","5,350","1.78","1.79","1.78","1.79","-","0.19","1.76","25","1.77","10","349.50",
="085687","台郡國票51購01","176,000","14","495,460","2.97","3.05","2.70","2.70","-","0.17","2.77","25","2.80","10","68.00",
="085688","緯穎國票51購04","0","0","0","--","--","--","--"," ","0.00","2.40","25","2.42","10","2,975.00",
="085689","AES國票53購01","1,000","1","1,960","1.96","1.96","1.96","1.96","X","0.00","2.12","25","2.16","10","1,350.00",
="08568P","碩天國票4B售01","0","0","0","--","--","--","--"," ","0.00","0.96","25","0.99","10","0.00",
="085690","台灣50凱基54購06","1,000","1","1,500","1.50","1.50","1.50","1.50","-","0.07","1.40","100","1.41","50","52.50",
="085691","元油反凱基53購01","0","0","0","--","--","--","--"," ","0.00","0.65","100","0.66","50","6.68",
="085692","SGBR2X凱基4C購05","0","0","0","--","--","--","--"," ","0.00","1.29","100","1.30","10","11.25",
="085693","台達電凱基4C購04","0","0","0","--","--","--","--"," ","0.00","14.00","20","15.00","10","709.00",
="085694","鴻海凱基53購05","0","0","0","--","--","--","--"," ","0.00","3.14","100","3.18","10","206.00",
="085695","國巨凱基4C購03","18,000","9","68,610","4.02","4.02","3.71","3.71","-","0.12","3.73","100","3.80","10","137.00",
="085696","台積電凱基51購19","0","0","0","--","--","--","--"," ","0.00","0.60","100","0.61","10","1,160.00",
="085697","鴻準凱基53購01","12,000","4","37,400","3.03","3.25","3.00","3.25","+","0.06","3.07","100","3.11","10","71.70",
="085698","致茂凱基4C購02","68,000","12","695,400","9.90","10.80","9.60","10.60","+","0.30","10.60","10","10.70","10","556.00",
="085699","技嘉凱基4C購07","58,000","4","79,580","1.38","1.38","1.34","1.34","-","0.06","1.29","100","1.30","10","281.00",
="08569P","智原國泰4B售01","206,000","3","308,060","1.50","1.51","1.49","1.49","-","0.05","1.49","499","1.50","100","0.00",
="085700","台光電凱基4C購13","0","0","0","--","--","--","--"," ","0.00","4.43","100","4.53","10","1,250.00",
="085701","漢唐凱基4C購07","0","0","0","--","--","--","--"," ","0.00","24.70","10","25.70","10","1,190.00",
="085702","長榮航凱基53購02","0","0","0","--","--","--","--"," ","0.00","1.02","100","1.03","10","39.05",
="085703","零壹凱基51購01","254,000","12","318,820","1.29","1.31","1.20","1.20","+","0.05","1.21","100","1.23","10","126.50",
="085704","晶技凱基51購01","0","0","0","--","--","--","--"," ","0.00","1.65","10","1.68","10","88.60",
="085705","緯創凱基54購01","0","0","0","--","--","--","--"," ","0.00","0.71","100","0.72","10","115.00",
="085706","創意凱基51購02","391,000","11","592,900","1.43","1.54","1.43","1.49","+","0.12","1.43","100","1.46","10","1,350.00",
="085707","定穎控凱基4C購01","0","0","0","--","--","--","--"," ","0.00","16.50","100","17.50","10","106.00",
="085708","中磊凱基51購01","184,000","8","142,470","0.77","0.79","0.76","0.77","-","0.03","0.75","100","0.77","10","105.50",
="085709","亞翔凱基51購05","0","0","0","--","--","--","--"," ","0.00","1.66","100","1.68","10","349.50",
="08570P","華城元大4A售09","0","0","0","--","--","--","--"," ","0.00","0.03","499","0.13","10","0.00",
="085710","精成科凱基56購01","0","0","0","--","--","--","--"," ","0.00","6.85","499","--","0","131.00",
="085711","精誠凱基4C購01","51,000","5","57,900","1.14","1.15","1.13","1.15","+","0.02","1.08","10","1.10","10","117.50",
="085712","台郡凱基51購01","33,000","6","167,750","5.05","5.20","4.91","4.91","-","0.01","4.77","10","4.80","10","68.00",
="085713","緯穎凱基51購07","0","0","0","--","--","--","--"," ","0.00","1.53","100","1.63","10","2,975.00",
="085714","力智凱基4C購01","177,000","5","116,570","0.68","0.68","0.63","0.63","-","0.05","0.65","10","0.66","10","188.50",
="085715","富世達凱基54購02","4,000","3","11,040","2.74","2.80","2.70","2.80","+","0.03","2.76","100","2.84","10","1,145.00",
="085716","泓德凱基4C購06","3,000","1","1,320","0.44","0.44","0.44","0.44","-","0.12","0.41","10","0.42","10","160.00",
="085717","上証2X元大4C購03","9,000","5","19,080","2.10","2.17","2.10","2.15","-","0.52","2.08","250","2.09","100","45.30",
="085718","臺指反元大4C購03","25,000","1","4,500","0.18","0.18","0.18","0.18","+","0.01","0.18","100","0.19","10","3.20",
="085719","華城元大51購09","92,000","7","266,830","2.96","2.99","2.87","2.87","-","0.01","2.78","250","2.81","10","618.00",
="08571P","鴻海元大4A售39","0","0","0","--","--","--","--"," ","0.00","--","0","0.10","10","0.00",
="085720","中砂元大4C購05","65,000","7","113,660","1.60","1.85","1.60","1.78","+","0.15","1.72","25","1.75","10","347.00",
="085721","中砂元大54購02","113,000","3","207,220","1.79","1.91","1.79","1.91","+","0.15","1.86","400","1.89","10","347.00",
="085722","川湖元大4C購05","11,000","3","27,350","2.43","2.50","2.42","2.42","X","0.00","2.39","300","2.42","10","2,925.00",
="085723","楠梓電元大4C購01","1,000","1","13,700","13.70","13.70","13.70","13.70","X","0.00","14.40","10","--","0","109.50",
="085724","鴻海元大51購14","100,000","2","179,000","1.79","1.79","1.79","1.79","-","0.12","1.78","400","1.80","10","206.00",
="085725","廣宇元大4C購08","5,000","3","18,980","3.75","3.93","3.75","3.80","+","0.13","3.70","200","3.74","10","60.90",
="085726","廣宇元大4C購09","74,000","8","186,930","2.43","2.63","2.39","2.40","+","0.03","2.40","300","2.43","10","60.90",
="085727","台積電元大51購48","0","0","0","--","--","--","--"," ","0.00","0.60","5","--","0","1,160.00",
="085728","華邦電元大51購03","251,000","3","146,780","0.60","0.60","0.58","0.58","-","0.01","0.57","499","0.58","10","19.60",
="085729","鴻準元大4C購12","11,000","2","23,180","2.10","2.12","2.10","2.12","+","0.01","2.00","350","2.03","10","71.70",
="08572P","台積電元大4A售67","0","0","0","--","--","--","--"," ","0.00","0.03","499","0.13","10","0.00",
="085730","技嘉元大4C購13","52,000","2","112,320","2.16","2.16","2.16","2.16","-","0.14","2.05","350","2.07","10","281.00",
="085731","台光電元大4C購22","26,000","4","51,890","2.02","2.02","1.99","2.02","-","0.03","0.94","53","--","0","1,250.00",
="085732","漢唐元大4C購06","0","0","0","--","--","--","--"," ","0.00","15.40","50","--","0","1,190.00",
="085733","聯發科元大51購32","0","0","0","--","--","--","--"," ","0.00","0.08","57","--","0","1,385.00",
="085734","長榮元大51購20","0","0","0","--","--","--","--"," ","0.00","0.94","499","0.96","10","188.00",
="085735","陽明元大51購03","75,000","1","131,250","1.75","1.75","1.75","1.75","X","0.00","1.64","450","1.67","10","58.80",
="085736","萬海元大51購03","0","0","0","--","--","--","--"," ","0.00","0.48","499","0.49","10","84.10",
="085737","德律元大4C購09","68,000","5","157,370","2.41","2.41","2.28","2.33","-","0.14","2.28","300","2.31","10","206.00",
="085738","偉訓元大4C購01","242,000","11","1,078,520","4.51","4.58","4.23","4.23","-","0.41","4.16","150","4.26","10","110.00",
="085739","緯創元大54購04","14,000","1","9,940","0.71","0.71","0.71","0.71","-","0.03","0.06","166","1.04","5","115.00",
="08573P","長榮元大4A售20","0","0","0","--","--","--","--"," ","0.00","0.49","499","0.50","200","0.00",
="085740","辛耘元大4C購09","421,000","28","453,640","1.01","1.15","0.95","1.15","+","0.13","1.14","499","1.15","9","393.50",
="085741","智易元大4C購03","66,000","4","90,630","1.57","1.57","1.34","1.34","-","0.36","1.29","25","1.31","10","236.00",
="085742","健策元大4C購08","5,000","1","8,150","1.63","1.63","1.63","1.63","+","0.09","1.64","450","1.66","10","1,905.00",
="085743","世芯元大4C購13","0","0","0","--","--","--","--"," ","0.00","5.75","100","5.80","10","4,000.00",
="085744","世芯元大51購24","0","0","0","--","--","--","--"," ","0.00","5.90","100","5.95","10","4,000.00",
="085745","世芯元大54購05","3,000","1","11,100","3.70","3.70","3.70","3.70","+","0.02","3.47","200","3.50","10","4,000.00",
="085746","精銳元大4C購09","1,175,000","34","1,067,300","0.91","1.00","0.84","1.00","+","0.23","0.95","499","0.96","10","776.00",
="085747","亞翔元大4C購10","9,000","2","10,710","1.19","1.19","1.19","1.19","-","0.18","1.14","499","1.15","10","349.50",
="085748","亞翔元大54購01","30,000","3","49,600","1.74","1.74","1.61","1.61","-","0.20","1.60","400","1.61","10","349.50",
="085749","精成科元大55購02","8,000","1","50,400","6.30","6.30","6.30","6.30","+","1.44","6.30","50","--","0","131.00",
="08574P","緯創元大4A售11","0","0","0","--","--","--","--"," ","0.00","0.02","499","0.12","10","0.00",
="085750","矽力元大4C購03","103,000","5","94,160","0.92","0.92","0.86","0.86","-","0.12","0.88","499","0.89","10","317.00",
="085751","迅得元大4C購06","179,000","5","176,910","0.98","0.99","0.98","0.99","+","0.05","0.96","499","0.97","10","193.50",
="085752","鈺邦元大4C購01","7,000","1","16,660","2.38","2.38","2.38","2.38","-","0.48","2.38","250","2.48","10","178.00",
="085753","愛普元大4C購06","250,000","6","302,310","1.18","1.26","1.18","1.26","-","0.02","1.27","499","1.30","10","305.50",
="085754","富世達元大54購02","10,000","4","22,080","2.22","2.22","2.19","2.19","-","0.16","1.43","6","--","0","1,145.00",
="085755","台泥群益53購02","15,000","1","2,550","0.17","0.17","0.17","0.17","X","0.00","0.16","100","0.17","100","22.80",
="085756","華城群益4C購07","68,000","5","186,650","2.76","2.76","2.73","2.73","+","0.02","2.55","100","2.57","100","618.00",
="085757","中砂群益4C購06","8,000","4","27,320","3.14","3.54","3.14","3.54","+","0.51","1.01","9","--","0","347.00",
="085758","川湖群益4C購05","3,000","1","5,850","1.95","1.95","1.95","1.95","X","0.00","1.88","100","1.93","100","2,925.00",
="085759","台達電群益51購02","0","0","0","--","--","--","--"," ","0.00","4.48","1","--","0","709.00",
="08575P","創意元大4A售08","0","0","0","--","--","--","--"," ","0.00","0.08","499","0.09","200","0.00",
="085760","廣宇群益4C購04","78,000","6","266,850","3.36","3.58","3.30","3.42","+","0.15","3.30","10","3.40","10","60.90",
="085761","群光群益4C購02","0","0","0","--","--","--","--"," ","0.00","--","0","--","0","137.00",
="085762","群光群益56購01","91,000","5","63,700","0.69","0.71","0.69","0.70","+","0.05","0.25","40","--","0","137.00",
="085763","南亞科群益4C購11","100,000","1","97,000","0.97","0.97","0.97","0.97","-","0.01","0.85","100","0.86","100","46.65",
="085764","聯發科群益4C購12","20,000","5","44,270","2.18","2.28","2.17","2.17","-","0.12","0.48","20","2.70","40","1,385.00",
="085765","長榮群益4C購07","45,000","2","40,370","0.89","0.91","0.89","0.91","+","0.09","0.78","10","0.88","10","188.00",
="085766","德律群益4C購02","0","0","0","--","--","--","--"," ","0.00","4.19","10","4.29","10","206.00",
="085767","緯創群益4C購07","110,000","2","58,300","0.53","0.53","0.53","0.53","-","0.06","0.14","71","--","0","115.00",
="085768","創意群益4C購06","96,000","5","176,640","1.84","1.84","1.84","1.84","+","0.11","0.09","111","--","0","1,350.00",
="085769","世芯群益4C購18","13,000","3","91,400","7.10","7.10","6.65","6.65","-","0.20","6.60","10","7.10","10","4,000.00",
="08576P","緯穎元大4A售23","0","0","0","--","--","--","--"," ","0.00","0.01","499","0.11","10","0.00",
="085770","祥碩群益4C購04","0","0","0","--","--","--","--"," ","0.00","--","0","--","0","1,665.00",
="085771","矽創群益4C購02","227,000","17","350,680","1.47","1.58","1.47","1.55","+","0.08","1.54","25","1.61","10","211.50",
="085772","微星富邦4C購01","258,000","4","135,650","0.52","0.53","0.52","0.53","-","0.02","0.52","10","0.53","10","0.00",
="085773","萬海富邦4C購03","0","0","0","--","--","--","--"," ","0.00","0.37","10","0.38","10","0.00",
="085774","台泥兆豐56購01","0","0","0","--","--","--","--"," ","0.00","0.61","10","0.62","10","22.80",
="085775","鴻海兆豐56購01","35,000","7","89,240","2.54","2.57","2.54","2.57","-","0.11","2.56","10","2.57","10","206.00",
="085776","智邦兆豐53購02","34,000","3","65,500","1.91","2.01","1.91","2.01","+","0.01","1.93","10","1.94","10","984.00",
="085777","大同兆豐4C購01","18,000","2","29,070","1.60","1.63","1.60","1.63","-","0.09","1.63","10","1.64","10","40.75",
="085778","大立光兆豐53購01","0","0","0","--","--","--","--"," ","0.00","1.03","10","1.04","10","2,395.00",
="085779","牧德兆豐53購01","234,000","7","194,500","0.83","0.91","0.81","0.91","+","0.11","0.95","10","0.96","10","594.00",
="08577P","臺股指群益4A售34","0","0","0","--","--","--","--"," ","0.00","0.07","499","0.08","499","0.00",
="085780","達興兆豐53購01","0","0","0","--","--","--","--"," ","0.00","2.35","10","2.36","10","387.00",
="085781","帆宣兆豐53購01","0","0","0","--","--","--","--"," ","0.00","2.84","10","2.85","10","264.00",
="085782","聯茂兆豐4C購01","0","0","0","--","--","--","--"," ","0.00","3.94","10","3.95","10","125.00",
="085783","緯穎兆豐4C購02","30,000","6","36,120","1.24","1.24","1.18","1.18","-","0.01","1.17","10","1.18","5","2,975.00",
="085784","致茂統一56購02","257,000","8","239,460","0.94","0.97","0.92","0.97","+","0.03","0.97","10","0.98","10","556.00",
="085785","友達統一56購02","847,000","24","560,670","0.63","0.67","0.62","0.67","+","0.04","0.65","10","0.66","10","13.05",
="085786","盟立統一56購01","268,000","10","180,570","0.66","0.69","0.66","0.67","+","0.02","0.65","10","0.66","10","70.00",
="085787","玉晶光統一56購05","641,000","19","522,150","0.80","0.84","0.79","0.80","-","0.01","0.81","10","0.82","60","461.50",
="085788","T50反1中信5C購01","0","0","0","--","--","--","--"," ","0.00","1.05","100","1.06","100","0.00",
="085789","元債反中信53購01","1,000","1","1,080","1.08","1.08","1.08","1.08","X","0.00","1.07","499","1.08","100","0.00",
="08578P","華邦電元富4A售08","0","0","0","--","--","--","--"," ","0.00","0.18","25","0.19","25","0.00",
="085790","台積電中信54購03","0","0","0","--","--","--","--"," ","0.00","0.80","499","0.83","10","0.00",
="085791","台灣50永豐54購01","0","0","0","--","--","--","--"," ","0.00","4.21","499","4.31","10","52.50",
="085792","宇隆永豐4C購01","0","0","0","--","--","--","--"," ","0.00","2.14","10","2.24","10","262.00",
="085793","亞光永豐53購01","32,000","1","30,400","0.95","0.95","0.95","0.95","-","0.03","0.96","10","0.99","10","164.00",
="085794","上品永豐54購01","40,000","2","49,400","1.25","1.25","1.23","1.23","X","0.00","1.21","509","1.25","10","284.00",
="085795","致伸永豐52購01","26,000","3","42,460","1.64","1.66","1.63","1.63","X","0.00","1.62","10","1.63","10","82.30",
="085797","創意台新4C購01","0","0","0","--","--","--","--"," ","0.00","1.97","20","1.98","10","0.00",
="085798","元黃金元富4C購01","34,000","2","39,440","1.16","1.16","1.16","1.16","+","0.04","1.15","25","1.16","25","37.00",
="085799","未來車元富4C購01","0","0","0","--","--","--","--"," ","0.00","3.78","25","3.80","25","33.71",
="08579P","祥碩元富4A售06","124,000","6","90,350","0.70","0.75","0.70","0.75","+","0.03","0.74","25","0.75","25","0.00",
="085800","中砂元富4C購03","5,000","1","10,000","2.00","2.00","2.00","2.00","+","0.35","1.92","25","2.02","10","347.00",
="085804","鴻海統一4C購02","0","0","0","--","--","--","--"," ","0.00","0.53","10","0.54","10","206.00",
="085805","鴻海統一53購07","3,000","1","3,840","1.28","1.28","1.28","1.28","-","0.04","1.28","10","1.29","10","206.00",
="085808","宇隆元富4C購01","0","0","0","--","--","--","--"," ","0.00","5.50","25","6.00","25","262.00",
="085809","宇隆元富4C購02","21,000","2","82,530","3.93","3.93","3.93","3.93","+","0.07","3.60","25","3.70","10","262.00",
="08580P","華城國票4C售01","0","0","0","--","--","--","--"," ","0.00","0.10","25","0.11","10","0.00",
="085810","華泰元富4C購02","78,000","4","92,790","1.13","1.22","1.13","1.22","+","0.12","1.09","25","1.10","25","44.70",
="085811","台積電元富4C購15","0","0","0","--","--","--","--"," ","0.00","0.69","25","0.79","10","1,160.00",
="085812","台積電元富52購04","0","0","0","--","--","--","--"," ","0.00","1.13","25","1.23","10","1,160.00",
="085815","台積電元富56購08","0","0","0","--","--","--","--"," ","0.00","2.73","25","2.83","10","1,160.00",
="085816","緯創元富4C購05","0","0","0","--","--","--","--"," ","0.00","0.41","25","0.42","25","115.00",
="085818","創意元富56購01","29,000","3","29,120","1.05","1.05","1.00","1.00"," ","0.00","0.48","20","--","0","1,350.00",
="08581P","中砂國票4C售01","0","0","0","--","--","--","--"," ","0.00","0.11","25","0.12","10","0.00",
="085822","牧德元富4C購03","0","0","0","--","--","--","--"," ","0.00","1.12","25","1.13","25","594.00",
="085823","承業醫元富4C購01","1,050,000","44","2,010,070","1.58","2.16","1.58","2.13","+","0.51","2.11","10","2.18","10","51.70",
="085824","SGBR2X國泰52購01","0","0","0","--","--","--","--"," ","0.00","1.03","499","1.04","499","11.25",
="085825","中砂國泰52購02","71,000","4","155,280","2.20","2.20","2.18","2.18","+","0.13","2.21","10","2.22","10","347.00",
="085827","鴻海國泰52購02","0","0","0","--","--","--","--"," ","0.00","5.85","499","6.20","10","206.00",
="085829","長榮國泰52購02","0","0","0","--","--","--","--"," ","0.00","0.89","499","0.90","499","188.00",
="08582P","智原國票4C售01","0","0","0","--","--","--","--"," ","0.00","0.77","25","0.78","10","0.00",
="085830","創意國泰52購02","163,000","8","375,710","2.30","2.36","2.21","2.36","+","0.17","0.93","10","2.38","1","1,350.00",
="085831","上品國泰52購01","29,000","18","65,540","2.28","2.31","2.24","2.26","-","0.07","2.24","499","2.26","103","284.00",
="085832","緯穎國泰52購01","52,000","2","123,240","2.37","2.37","2.37","2.37","-","0.06","2.36","499","2.38","100","2,975.00",
="085834","台聚國票52購01","211,000","4","282,610","1.36","1.36","1.31","1.34","-","0.25","1.34","25","1.35","10","10.55",
="085835","八貫國票52購01","14,000","4","19,050","1.35","1.40","1.35","1.35","+","0.06","1.32","25","1.33","10","90.00",
="085836","聚陽國票52購01","50,000","1","104,000","2.08","2.08","2.08","2.08","+","0.10","2.03","25","2.04","10","265.00",
="085837","華城國票52購01","0","0","0","--","--","--","--"," ","0.00","3.13","25","3.18","10","618.00",
="085838","宇隆國票52購01","188,000","18","743,650","4.00","4.09","3.89","3.89","-","0.17","3.86","25","3.89","10","262.00",
="085839","智邦國票52購01","20,000","1","110,000","5.50","5.50","5.50","5.50","X","0.00","5.55","25","5.75","10","984.00",
="08583P","京鼎國票4C售01","0","0","0","--","--","--","--"," ","0.00","0.19","25","0.20","10","0.00",
="085840","中興電元富4B購01","0","0","0","--","--","--","--"," ","0.00","0.18","25","0.19","25","167.00",
="085841","偉詮電國票52購01","7,000","3","9,790","1.37","1.41","1.37","1.41","+","0.20","1.35","25","1.38","10","49.95",
="085842","普安國票52購01","50,000","1","56,500","1.13","1.13","1.13","1.13","-","0.05","1.16","25","1.18","10","21.85",
="085843","神基國票54購01","564,000","32","1,104,620","1.91","2.16","1.80","1.98","+","0.29","1.95","25","1.97","10","157.00",
="085844","偉訓國票52購01","20,000","3","76,080","4.08","4.08","3.64","3.64","-","0.41","3.64","25","3.72","10","110.00",
="085845","定穎控國票52購01","0","0","0","--","--","--","--"," ","0.00","30.50","25","31.50","10","106.00",
="085846","時碩國票53購01","5,000","1","8,100","1.62","1.62","1.62","1.62","X","0.00","1.74","25","1.75","10","64.20",
="085847","時碩國票54購01","0","0","0","--","--","--","--"," ","0.00","1.93","25","1.94","10","64.20",
="085848","東科國票53購01","0","0","0","--","--","--","--"," ","0.00","2.60","25","2.65","10","112.00",
="085849","長榮元富4B購01","169,000","4","113,980","0.64","0.68","0.64","0.67","+","0.04","0.61","25","0.62","25","188.00",
="08584P","瑞鼎國票4C售01","0","0","0","--","--","--","--"," ","0.00","0.36","25","0.37","10","0.00",
="085850","東科國票54購01","48,000","5","147,280","3.02","3.10","3.02","3.10","X","0.00","3.07","25","3.10","42","112.00",
="085851","虹堡國票52購01","0","0","0","--","--","--","--"," ","0.00","2.59","25","2.64","10","77.10",
="085852","GIS國票52購01","0","0","0","--","--","--","--"," ","0.00","4.40","25","4.48","10","59.90",
="085853","力智國票52購01","0","0","0","--","--","--","--"," ","0.00","0.92","25","0.93","10","188.50",
="085854","視陽國票52購01","71,000","4","96,100","1.39","1.39","1.27","1.27","-","0.09","1.29","25","1.31","10","207.50",
="085855","台灣50群益54購04","0","0","0","--","--","--","--"," ","0.00","3.66","100","3.69","100","52.50",
="085856","SGBR2X群益53購02","13,000","2","20,350","1.57","1.57","1.55","1.55","X","0.00","1.53","25","1.54","10","11.25",
="085857","喬山群益4C購01","131,000","5","53,670","0.41","0.43","0.39","0.39","-","0.03","0.38","100","--","0","146.00",
="085858","上銀群益4C購06","301,000","21","544,520","1.70","1.98","1.70","1.79","+","0.01","1.78","10","1.88","10","215.50",
="085859","川湖群益4C購06","2,000","1","16,600","8.30","8.30","8.30","8.30","X","0.00","--","0","8.50","10","2,925.00",
="08585P","材料國票4C售01","0","0","0","--","--","--","--"," ","0.00","1.32","25","1.33","10","0.00",
="085860","國巨群益53購01","6,000","2","7,430","1.28","1.28","1.23","1.23","+","0.01","1.20","100","1.23","100","137.00",
="085861","台積電群益52購05","0","0","0","--","--","--","--"," ","0.00","1.96","2","--","0","1,160.00",
="085862","致茂群益4C購02","201,000","13","584,480","2.85","2.98","2.81","2.95","+","0.06","1.28","39","--","0","556.00",
="085863","技嘉群益52購01","0","0","0","--","--","--","--"," ","0.00","0.86","2","--","0","281.00",
="085864","台光電群益4C購11","148,000","9","360,200","2.54","2.54","2.37","2.37","-","0.28","0.98","51","--","0","1,250.00",
="085866","鴻海凱基4B購03","0","0","0","--","--","--","--"," ","0.00","1.01","100","1.02","10","206.00",
="085867","漢唐群益52購02","0","0","0","--","--","--","--"," ","0.00","9.60","30","--","0","1,190.00",
="085868","全新群益4C購03","174,000","6","247,520","1.40","1.47","1.40","1.43","-","0.18","0.93","10","--","0","153.50",
="085869","冠德群益4C購01","0","0","0","--","--","--","--"," ","0.00","--","0","--","0","36.30",
="08586P","中租國票4C售01","20,000","2","6,550","0.32","0.33","0.32","0.33","X","0.00","0.32","25","0.33","10","0.00",
="085870","皇昌群益4C購04","51,000","4","130,950","2.74","2.74","2.26","2.26","-","0.02","2.10","10","2.20","10","83.50",
="085871","裕民群益4C購02","174,000","10","282,790","1.59","1.69","1.56","1.56","-","0.05","1.56","100","1.57","100","57.30",
="085872","長榮航群益4C購04","31,000","1","30,380","0.98","0.98","0.98","0.98","X","0.00","0.97","10","1.07","10","39.05",
="085873","奇鋐群益4C購10","0","0","0","--","--","--","--"," ","0.00","--","0","9.20","10","1,015.00",
="085874","德律群益4C購03","0","0","0","--","--","--","--"," ","0.00","4.49","10","4.59","10","206.00",
="085875","緯創群益4C購08","86,000","3","68,120","0.76","0.82","0.76","0.82","-","0.01","0.15","66","--","0","115.00",
="085876","華擎群益4C購03","574,000","22","991,870","1.73","1.79","1.68","1.68","-","0.09","1.68","100","1.69","100","281.00",
="085877","嘉澤群益4C購07","140,000","4","355,020","2.41","2.59","2.41","2.59","-","0.03","0.85","11","--","0","1,465.00",
="085878","辛耘群益4C購06","131,000","10","248,380","1.83","1.95","1.83","1.91","+","0.07","1.97","10","2.07","10","393.50",
="085879","健策群益4C購03","45,000","5","329,900","7.30","7.85","7.15","7.65","-","1.10","7.70","10","8.20","10","1,905.00",
="08587P","帆宣國票4C售02","0","0","0","--","--","--","--"," ","0.00","0.03","25","0.05","10","0.00",
="085880","世芯群益4C購19","0","0","0","--","--","--","--"," ","0.00","6.50","10","7.00","10","4,000.00",
="085881","神達群益4C購06","0","0","0","--","--","--","--"," ","0.00","--","0","--","0","95.90",
="085882","精成科群益4C購08","23,000","4","196,150","8.85","8.85","8.15","8.85","+","2.95","8.80","10","--","0","131.00",
="085883","台郡群益52購01","271,000","16","482,470","1.85","1.91","1.67","1.74","-","0.05","0.75","13","1.74","10","68.00",
="085884","矽力群益4C購01","0","0","0","--","--","--","--"," ","0.00","0.57","10","0.67","10","317.00",
="085885","迅得群益4C購02","673,000","26","1,299,990","1.83","2.00","1.79","1.95","+","0.12","1.94","10","2.04","10","193.50",
="085886","緯穎群益4C購09","47,000","8","211,510","4.62","4.62","4.43","4.46","-","0.06","4.40","10","4.50","10","2,975.00",
="085887","虎航群益4C購02","0","0","0","--","--","--","--"," ","0.00","0.94","100","0.98","100","82.60",
="085888","AES群益52購01","79,000","6","238,900","2.96","3.04","2.96","3.01","+","0.10","1.29","27","--","0","1,350.00",
="085889","富世達群益52購03","0","0","0","--","--","--","--"," ","0.00","8.00","63","8.50","10","1,145.00",
="08588P","洋基國票4C售01","0","0","0","--","--","--","--"," ","0.00","0.14","25","0.15","10","0.00",
="085890","ITH群益4C購04","170,000","3","91,800","0.54","0.54","0.54","0.54","+","0.10","0.50","10","0.60","10","45.10",
="085891","上証2X凱基4C購02","17,000","4","45,280","2.57","2.93","2.57","2.73","-","0.70","2.55","10","2.56","30","45.30",
="085892","勤美凱基52購01","0","0","0","--","--","--","--"," ","0.00","0.58","10","0.59","30","24.90",
="085893","川湖凱基4C購06","0","0","0","--","--","--","--"," ","0.00","5.95","100","6.45","10","2,925.00",
="085894","宇隆凱基52購01","44,000","5","178,780","4.14","4.14","3.90","4.06","-","0.08","3.72","100","3.82","10","262.00",
="085895","光寶科凱基4C購03","231,000","11","262,950","1.17","1.17","1.11","1.14","-","0.07","1.09","92","1.11","10","130.00",
="085896","智邦凱基4C購06","0","0","0","--","--","--","--"," ","0.00","8.70","100","8.80","10","984.00",
="085897","致茂凱基52購01","87,000","7","239,830","2.65","2.92","2.62","2.85","-","0.24","2.90","35","2.92","10","556.00",
="085898","凌陽凱基52購01","24,000","6","51,750","2.14","2.23","2.13","2.13","-","0.06","2.11","100","2.12","10","24.45",
="085899","南亞科凱基4C購12","0","0","0","--","--","--","--"," ","0.00","0.44","100","0.45","40","46.65",
="08589P","鴻海中信51售02","0","0","0","--","--","--","--"," ","0.00","0.29","499","0.30","10","0.00",
="085900","美律凱基52購01","83,000","7","97,430","1.19","1.19","1.14","1.14","X","0.00","1.15","100","1.18","10","107.50",
="085901","聯發科凱基56購01","0","0","0","--","--","--","--"," ","0.00","1.15","100","1.16","10","1,385.00",
="085902","亞光凱基52購02","50,000","1","100,000","2.00","2.00","2.00","2.00","+","0.02","1.89","100","--","0","164.00",
="085903","智原凱基52購03","0","0","0","--","--","--","--"," ","0.00","0.26","499","0.27","40","158.00",
="085904","緯創凱基54購02","58,000","2","65,260","1.12","1.15","1.12","1.15","+","0.02","1.14","100","1.16","10","115.00",
="085905","玉晶光凱基52購01","28,000","6","80,840","2.89","3.00","2.88","2.91","-","0.07","2.91","9","2.93","10","461.50",
="085906","京鼎凱基52購01","50,000","6","57,760","1.16","1.20","1.12","1.20","-","0.02","1.17","10","1.18","10","290.00",
="085907","敦泰凱基52購01","44,000","2","84,920","1.93","1.93","1.93","1.93","+","0.20","1.70","100","1.71","10","69.90",
="085908","智易凱基52購01","0","0","0","--","--","--","--"," ","0.00","2.89","100","2.99","10","236.00",
="085909","健策凱基4C購04","10,000","1","33,400","3.34","3.34","3.34","3.34","-","0.42","3.43","100","--","0","1,905.00",
="08590P","台積電中信53售02","0","0","0","--","--","--","--"," ","0.00","0.13","499","0.14","100","0.00",
="085910","世芯凱基4C購09","0","0","0","--","--","--","--"," ","0.00","6.65","100","7.15","10","4,000.00",
="085911","精銳凱基4C購04","146,000","7","71,440","0.46","0.51","0.43","0.51","+","0.13","0.50","10","0.51","10","776.00",
="085912","上品凱基52購01","313,000","14","622,600","2.03","2.03","1.93","1.95","-","0.14","1.94","100","1.99","10","284.00",
="085913","緯穎凱基54購04","118,000","7","292,590","2.52","2.52","2.46","2.46","-","0.06","2.42","100","2.44","10","2,975.00",
="085914","虎航凱基4C購03","0","0","0","--","--","--","--"," ","0.00","1.28","10","1.29","10","82.60",
="085915","AES凱基4C購06","217,000","17","410,770","1.81","1.99","1.81","1.96","+","0.37","1.95","100","1.98","10","1,350.00",
="085916","緯穎第一56購02","117,000","8","93,360","0.79","0.80","0.79","0.80","-","0.01","0.78","10","0.80","10","0.00",
="085917","台灣50元大4C購12","90,000","3","381,900","4.30","4.30","4.20","4.23","-","0.33","4.17","50","4.18","10","52.50",
="085918","士電元大53購02","2,000","2","1,720","0.86","0.86","0.86","0.86","X","0.00","0.82","499","0.83","10","187.50",
="085919","中興電元大4C購09","537,000","9","224,520","0.42","0.42","0.39","0.42","+","0.05","0.42","499","0.43","10","167.00",
="08591P","聯發科中信51售01","0","0","0","--","--","--","--"," ","0.00","0.37","10","0.38","10","0.00",
="085920","華城元大4C購04","47,000","7","90,860","1.96","1.96","1.88","1.88","+","0.01","1.82","400","1.85","10","618.00",
="085921","華城元大4C購05","88,000","7","169,860","1.98","1.98","1.91","1.91","+","0.02","1.82","400","1.84","10","618.00",
="085922","華城元大4C購06","292,000","11","330,160","1.15","1.15","1.10","1.10","+","0.01","1.06","529","1.07","10","618.00",
="085923","中砂元大4C購06","691,000","14","609,520","0.81","0.92","0.81","0.92","+","0.11","0.88","10","0.89","10","347.00",
="085924","華泰元大4C購06","114,000","6","126,240","1.08","1.16","1.03","1.04","-","0.01","1.04","25","1.05","10","44.70",
="085925","華邦電元大4C購05","0","0","0","--","--","--","--"," ","0.00","0.34","499","0.35","10","19.60",
="085926","智邦元大4C購09","27,000","2","69,630","2.59","2.59","2.56","2.56","X","0.00","2.56","20","2.57","10","984.00",
="085927","鴻準元大4C購13","15,000","2","23,000","1.56","1.56","1.48","1.48","-","0.05","1.46","499","1.48","10","71.70",
="085928","技嘉元大4C購14","749,000","11","557,560","0.76","0.76","0.72","0.72","-","0.03","0.70","25","0.71","10","281.00",
="085929","微星元大4C購03","578,000","8","255,080","0.43","0.45","0.43","0.45"," ","0.00","0.43","499","0.44","10","136.50",
="08592P","長榮中信51售02","10,000","1","7,600","0.76","0.76","0.76","0.76","X","0.00","0.76","10","0.77","10","0.00",
="085930","台光電元大4C購23","0","0","0","--","--","--","--"," ","0.00","--","0","--","0","1,250.00",
="085931","台光電元大53購04","17,000","2","41,950","2.48","2.48","2.45","2.45","-","0.04","1.49","6","--","0","1,250.00",
="085932","京元電元大4C購07","0","0","0","--","--","--","--"," ","0.00","2.06","400","--","0","142.00",
="085933","萬海元大4C購20","101,000","3","44,460","0.46","0.46","0.43","0.43"," ","0.00","0.42","499","0.43","10","84.10",
="085934","萬海元大4C購21","0","0","0","--","--","--","--"," ","0.00","0.53","499","0.54","10","84.10",
="085935","神基元大4C購01","56,000","16","121,880","2.07","2.40","2.07","2.24","+","0.30","2.24","399","2.31","10","157.00",
="085936","奇鋐元大4C購25","50,000","1","90,000","1.80","1.80","1.80","1.80","-","0.20","1.85","350","--","0","1,015.00",
="085937","亞光元大53購01","1,023,000","14","1,157,590","1.12","1.20","1.11","1.12","-","0.01","1.09","25","1.11","10","164.00",
="085938","德律元大4C購10","0","0","0","--","--","--","--"," ","0.00","2.22","300","2.24","10","206.00",
="085939","緯創元大4C購14","0","0","0","--","--","--","--"," ","0.00","0.27","499","--","0","115.00",
="08593P","健策中信4A售02","0","0","0","--","--","--","--"," ","0.00","--","0","0.02","10","0.00",
="085940","緯創元大4C購15","0","0","0","--","--","--","--"," ","0.00","0.32","499","--","0","115.00",
="085941","玉晶光元大4C購06","162,000","5","281,310","1.71","1.77","1.68","1.77","-","0.05","1.73","450","1.74","10","461.50",
="085942","嘉澤元大4C購07","323,000","6","223,710","0.65","0.71","0.63","0.71","-","0.01","0.70","499","0.73","10","1,465.00",
="085943","牧德元大4C購07","38,000","4","29,460","0.75","0.80","0.75","0.77","+","0.05","0.86","499","0.87","10","594.00",
="085944","辛耘元大4C購10","472,000","21","578,650","1.20","1.33","1.13","1.31","+","0.10","1.34","499","1.35","10","393.50",
="085945","辛耘元大4C購11","644,000","26","488,150","0.77","0.85","0.71","0.84","+","0.07","0.84","499","0.85","10","393.50",
="085946","世芯元大4C購15","20,000","1","49,400","2.47","2.47","2.47","2.47","+","0.10","2.39","300","2.43","10","4,000.00",
="085947","世芯元大4C購16","60,000","6","132,900","2.27","2.27","2.16","2.22","+","0.04","2.09","350","2.12","10","4,000.00",
="085948","神達元大4C購13","56,000","9","318,550","5.90","6.40","5.60","6.40","+","1.43","5.95","150","6.05","10","95.90",
="085949","神達元大4C購14","109,000","9","584,500","5.40","5.45","5.30","5.30","+","0.73","5.40","150","5.45","10","95.90",
="08594P","臺股指中信4C售05","30,000","1","3,300","0.11","0.11","0.11","0.11","X","0.00","0.11","499","0.12","100","0.00",
="085950","神達元大4C購15","100,000","1","535,000","5.35","5.35","5.35","5.35","X","0.00","5.35","150","--","0","95.90",
="085951","精成科元大53購02","0","0","0","--","--","--","--"," ","0.00","3.77","250","--","0","131.00",
="085952","聯茂元大4C購12","0","0","0","--","--","--","--"," ","0.00","3.35","25","--","0","125.00",
="085953","緯穎元大4C購20","246,000","4","256,490","1.07","1.07","1.04","1.05","+","0.01","1.00","25","1.01","10","2,975.00",
="085954","緯穎元大4C購22","12,000","2","8,960","0.75","0.75","0.73","0.73","-","0.01","0.72","25","0.73","10","2,975.00",
="085955","力積電元大4C購02","0","0","0","--","--","--","--"," ","0.00","0.69","499","0.71","10","16.05",
="085956","世紀鋼元大53購02","0","0","0","--","--","--","--"," ","0.00","0.26","499","0.27","10","188.00",
="085957","全新兆豐54購01","28,000","4","50,280","1.81","1.81","1.79","1.79","-","0.10","1.71","10","1.72","10","153.50",
="085958","智原兆豐54購01","14,000","1","5,180","0.37","0.37","0.37","0.37"," ","0.00","0.37","10","0.38","10","158.00",
="085959","健鼎兆豐54購01","10,000","1","23,900","2.39","2.39","2.39","2.39","-","0.09","2.30","10","2.31","10","318.00",
="08595P","臺股指中信4C售06","2,000","2","170","0.08","0.09","0.08","0.09","+","0.01","0.08","499","0.09","100","0.00",
="085960","AES兆豐54購01","165,000","11","265,330","1.56","1.66","1.56","1.66","+","0.20","1.63","10","1.64","10","1,350.00",
="085961","廣宇富邦53購01","0","0","0","--","--","--","--"," ","0.00","3.42","30","3.46","10","0.00",
="085962","聯發科富邦51購06","0","0","0","--","--","--","--"," ","0.00","1.51","30","1.59","10","0.00",
="085963","全新富邦53購01","0","0","0","--","--","--","--"," ","0.00","1.44","10","1.54","10","0.00",
="085964","皇昌富邦54購01","2,000","2","1,920","0.96","0.96","0.96","0.96","X","0.00","0.81","10","0.82","10","0.00",
="085965","陽明富邦53購02","0","0","0","--","--","--","--"," ","0.00","0.49","10","0.50","10","0.00",
="085966","奇鋐富邦53購02","0","0","0","--","--","--","--"," ","0.00","2.28","10","2.38","10","0.00",
="085967","嘉澤富邦52購01","0","0","0","--","--","--","--"," ","0.00","1.08","10","1.18","10","0.00",
="085968","AES富邦53購01","1,000","1","1,730","1.73","1.73","1.73","1.73","+","0.16","1.66","10","1.76","16","0.00",
="085969","鴻海群益53購01","54,000","3","112,760","2.09","2.09","2.07","2.09","-","0.07","2.08","25","2.09","10","206.00",
="08596P","皇昌永豐4A售03","700,000","4","69,000","0.09","0.11","0.09","0.11","X","0.00","0.10","10","0.11","10","0.00",
="085970","鴻海群益53購02","0","0","0","--","--","--","--"," ","0.00","2.00","115","2.01","100","206.00",
="085971","采鈺富邦51購01","1,621,000","60","1,519,920","0.86","0.99","0.86","0.92","+","0.13","0.93","10","0.94","10","0.00",
="085972","振樺電富邦53購01","641,000","24","528,270","0.78","0.85","0.78","0.78","-","0.02","0.76","10","0.77","10","0.00",
="085973","世紀鋼富邦52購01","0","0","0","--","--","--","--"," ","0.00","0.13","10","0.14","10","0.00",
="085974","華邦電統一57購01","0","0","0","--","--","--","--"," ","0.00","0.42","10","0.43","10","19.60",
="085975","華碩統一57購01","79,000","2","41,590","0.52","0.53","0.52","0.53","-","0.01","0.51","10","0.52","10","634.00",
="085976","威盛統一57購01","0","0","0","--","--","--","--"," ","0.00","0.49","10","0.50","10","62.00",
="085977","聯鈞統一57購01","55,000","8","28,640","0.54","0.54","0.50","0.50","-","0.05","0.48","10","0.49","10","202.00",
="085978","群創統一57購02","1,048,000","50","990,720","0.91","1.04","0.90","1.04","+","0.19","1.01","10","1.02","10","14.15",
="085979","敦泰統一57購01","467,000","5","375,820","0.80","0.83","0.80","0.81","+","0.06","0.76","10","0.77","10","69.90",
="08597P","台灣50富邦4A售06","0","0","0","--","--","--","--"," ","0.00","0.15","100","0.16","98","0.00",
="085980","碩天統一53購02","0","0","0","--","--","--","--"," ","0.00","0.43","10","0.44","10","225.50",
="085981","采鈺統一57購02","46,000","2","35,420","0.77","0.77","0.77","0.77","+","0.10","0.76","10","0.77","10","264.00",
="085982","創意中信51購01","10,000","1","6,200","0.62","0.62","0.62","0.62"," ","0.00","0.61","10","0.63","10","0.00",
="085983","華友聯永豐56購01","0","0","0","--","--","--","--"," ","0.00","0.51","499","0.52","10","71.30",
="085984","中砂永豐52購04","51,000","7","61,440","1.14","1.24","1.12","1.24","+","0.12","1.18","499","1.28","10","347.00",
="085985","中華永豐52購01","3,000","2","4,270","1.42","1.43","1.42","1.43","+","0.03","1.37","10","1.47","10","58.50",
="085986","星宇永豐54購01","28,000","4","20,160","0.72","0.72","0.72","0.72","X","0.00","0.70","499","0.71","10","25.15",
="085987","創意永豐54購02","0","0","0","--","--","--","--"," ","0.00","0.23","43","--","0","1,350.00",
="085988","聯鈞永豐53購01","51,000","3","37,480","0.78","0.78","0.73","0.73","-","0.14","0.74","499","0.75","10","202.00",
="085989","聯鈞永豐54購01","5,000","1","34,500","6.90","6.90","6.90","6.90","-","0.75","6.60","10","6.65","10","202.00",
="08598P","台灣50富邦51售05","0","0","0","--","--","--","--"," ","0.00","0.13","100","0.14","98","0.00",
="085990","世芯永豐52購05","78,000","24","903,700","12.10","12.10","11.00","11.10","-","0.60","10.90","10","11.00","10","4,000.00",
="085991","新唐永豐53購01","100,000","1","73,000","0.73","0.73","0.73","0.73","+","0.03","0.75","10","0.76","10","61.70",
="085992","GIS永豐53購01","19,000","5","119,900","6.30","6.40","6.25","6.25","+","0.05","6.30","499","6.35","10","59.90",
="085993","晶心科永豐52購01","4,000","1","2,600","0.65","0.65","0.65","0.65","X","0.00","0.63","499","0.64","10","283.00",
="085994","晶心科永豐54購01","0","0","0","--","--","--","--"," ","0.00","0.78","499","0.79","10","283.00",
="085995","力智永豐53購01","42,000","2","53,760","1.28","1.28","1.28","1.28","+","0.01","1.25","10","1.26","10","188.50",
="085996","AES永豐54購01","25,000","8","75,520","2.20","3.18","2.20","3.18","+","0.25","3.12","10","3.18","9","1,350.00",
="085997","采鈺永豐54購01","46,000","5","93,130","1.98","2.05","1.98","2.05","+","0.29","1.99","499","2.03","10","264.00",
="085998","巨大永豐56購01","31,000","3","34,630","1.11","1.13","1.11","1.13","-","0.03","1.10","10","1.12","10","104.50",
="085999","中砂元富57購01","44,000","31","202,320","4.42","4.92","4.28","4.72","+","0.35","4.63","25","4.73","10","347.00",
="08599P","台灣50富邦53售03","0","0","0","--","--","--","--"," ","0.00","0.15","100","0.16","98","0.00",
="086000","新光鋼元富57購01","42,000","3","137,360","3.26","3.28","3.25","3.28","+","0.20","3.30","25","3.31","25","44.65",
="086001","致茂元富57購01","180,000","16","729,480","4.05","4.16","3.88","4.13","+","0.03","4.12","25","4.15","25","556.00",
="086002","偉詮電元富57購01","12,000","3","23,720","2.00","2.00","1.96","1.96","-","0.06","1.97","25","1.99","25","49.95",
="086003","昇貿元富51購01","11,000","6","199,600","20.00","20.00","17.00","17.00","+","1.00","18.00","25","20.30","10","129.00",
="086004","宏致元富51購01","0","0","0","--","--","--","--"," ","0.00","2.77","25","2.80","25","73.90",
="086005","宏致元富51購02","24,000","2","41,360","1.73","1.73","1.69","1.69","+","0.02","1.53","25","1.54","25","73.90",
="086006","世芯元富51購07","0","0","0","--","--","--","--"," ","0.00","--","0","--","0","4,000.00",
="086007","世芯元富51購08","10,000","1","33,100","3.31","3.31","3.31","3.31","+","0.20","1.32","7","--","0","4,000.00",
="086008","世芯元富54購05","10,000","1","37,500","3.75","3.75","3.75","3.75","+","0.05","1.84","5","3.82","5","4,000.00",
="086009","世芯元富57購01","10,000","1","28,600","2.86","2.86","2.86","2.86","+","0.07","2.71","25","2.72","25","4,000.00",
="08600P","台灣50凱基4C售07","0","0","0","--","--","--","--"," ","0.00","0.23","100","0.24","50","0.00",
="086010","時碩元富51購01","0","0","0","--","--","--","--"," ","0.00","1.42","25","1.52","10","64.20",
="086011","時碩元富51購02","49,000","2","36,510","0.78","0.78","0.69","0.69","X","0.00","0.65","25","0.66","25","64.20",
="086012","四維航元富57購01","0","0","0","--","--","--","--"," ","0.00","3.91","25","3.94","10","18.15",
="086013","振樺電元富54購01","150,000","5","133,720","0.88","0.90","0.87","0.89","+","0.09","0.80","25","0.81","25","270.00",
="086014","FB臺反國票54購01","0","0","0","--","--","--","--"," ","0.00","0.48","25","0.49","10","10.87",
="086015","第一銅國票51購01","0","0","0","--","--","--","--"," ","0.00","1.41","25","1.42","10","34.50",
="086016","聯電國票51購02","0","0","0","--","--","--","--"," ","0.00","0.65","25","0.66","10","40.60",
="086017","廣宇國票52購01","0","0","0","--","--","--","--"," ","0.00","6.80","25","7.15","10","60.90",
="086018","華邦電國票54購01","109,000","9","73,990","0.67","0.70","0.65","0.65"," ","0.00","0.63","29","0.64","10","19.60",
="086019","海悅國票52購01","30,000","3","23,920","0.80","0.80","0.76","0.76","-","0.01","0.75","28","0.76","10","84.50",
="08601P","元黃金凱基4C售02","5,000","1","2,800","0.56","0.56","0.56","0.56","-","0.03","0.55","10","0.56","45","0.00",
="086020","微星國票54購01","71,000","3","57,650","0.80","0.85","0.80","0.83","-","0.02","0.85","25","0.86","10","136.50",
="086021","健和興國票53購01","0","0","0","--","--","--","--"," ","0.00","0.95","25","0.96","10","53.50",
="086022","聯鈞國票52購01","0","0","0","--","--","--","--"," ","0.00","1.27","25","1.28","10","202.00",
="086023","碩天國票52購01","0","0","0","--","--","--","--"," ","0.00","1.01","25","1.03","10","225.50",
="086024","精銳國票52購02","24,000","3","32,510","1.24","1.37","1.24","1.37","+","0.32","1.31","25","1.34","10","776.00",
="086025","瀚宇博國票51購01","3,000","1","15,600","5.20","5.20","5.20","5.20","X","0.00","5.20","25","5.25","10","81.70",
="086026","瀚宇博國票52購01","26,000","23","130,620","5.05","5.35","4.41","4.41","-","0.19","4.42","25","4.43","10","81.70",
="086027","四維航國票53購01","11,000","4","15,050","1.35","1.39","1.30","1.30","-","0.05","1.29","25","1.30","10","18.15",
="086028","中租國票52購02","10,000","1","6,800","0.68","0.68","0.68","0.68","X","0.00","0.69","25","0.71","10","115.50",
="086029","台塑化國票52購01","0","0","0","--","--","--","--"," ","0.00","3.31","25","3.32","10","40.75",
="08602P","華通凱基4C售01","10,000","1","400","0.04","0.04","0.04","0.04","X","0.00","0.04","100","0.14","10","0.00",
="086030","晶心科國票52購01","3,000","1","3,750","1.25","1.25","1.25","1.25","+","0.08","1.19","25","1.20","10","283.00",
="086031","晶心科國票53購01","10,000","1","11,000","1.10","1.10","1.10","1.10","+","0.05","1.07","25","1.08","10","283.00",
="086032","世紀鋼國票51購02","0","0","0","--","--","--","--"," ","0.00","0.31","25","0.32","10","188.00",
="086034","世紀鋼國票54購01","0","0","0","--","--","--","--"," ","0.00","0.68","25","0.69","10","188.00",
="086035","上銀國泰52購02","46,000","7","83,770","1.74","1.89","1.74","1.75","+","0.05","1.75","499","1.77","100","215.50",
="086036","華碩國泰52購01","197,000","3","265,230","1.34","1.36","1.33","1.33","-","0.02","0.46","21","1.33","10","634.00",
="086037","致茂國泰52購01","21,000","1","80,430","3.83","3.83","3.83","3.83","X","0.00","4.07","499","4.12","100","556.00",
="086038","聯鈞國泰52購01","54,000","4","69,180","1.32","1.32","1.20","1.20","-","0.26","1.22","499","1.24","100","202.00",
="086039","牧德國泰52購01","390,000","26","484,420","1.27","1.31","1.19","1.31","+","0.16","1.36","499","1.38","100","594.00",
="08603P","漢唐凱基4A售04","0","0","0","--","--","--","--"," ","0.00","--","0","0.06","323","0.00",
="086040","碩天國泰52購01","44,000","3","29,480","0.67","0.67","0.67","0.67","-","0.05","0.65","499","0.66","100","225.50",
="086041","世芯國泰52購02","2,000","1","5,920","2.96","2.96","2.96","2.96","X","0.00","2.86","499","2.90","100","4,000.00",
="086042","jpp國泰52購01","14,000","2","78,900","5.40","5.70","5.40","5.70","+","0.30","5.45","10","5.50","10","276.00",
="086043","昇陽半國泰52購01","0","0","0","--","--","--","--"," ","0.00","1.90","499","--","0","152.50",
="086044","上証2X群益51購01","0","0","0","--","--","--","--"," ","0.00","1.99","10","2.09","10","45.30",
="086047","八貫群益53購01","12,000","5","8,530","0.69","0.72","0.69","0.71","+","0.04","0.66","2","0.77","5","90.00",
="086048","宇隆群益51購02","0","0","0","--","--","--","--"," ","0.00","2.45","4","--","0","262.00",
="086049","鴻海群益51購07","125,000","7","1,264,600","10.80","10.80","9.80","10.10","-","0.70","10.10","100","10.20","100","206.00",
="08604P","緯創凱基4A售09","6,000","1","120","0.02","0.02","0.02","0.02","X","0.00","0.02","100","0.03","50","0.00",
="086050","鴻海群益52購04","10,000","3","76,250","7.60","7.70","7.55","7.70","X","0.00","7.70","100","7.75","100","206.00",
="086052","仁寶群益51購01","0","0","0","--","--","--","--"," ","0.00","0.06","9","--","0","28.10",
="086053","台積電群益51購12","1,000","1","10,300","10.30","10.30","10.30","10.30","X","0.00","2.01","1","--","0","1,160.00",
="086054","智邦群益51購03","5,000","1","15,600","3.12","3.12","3.12","3.12","-","0.13","3.15","10","3.25","10","984.00",
="086055","致茂群益52購03","48,000","5","138,170","2.87","2.97","2.81","2.94","+","0.12","1.08","46","--","0","556.00",
="086056","偉詮電群益52購01","11,000","2","10,070","0.91","0.93","0.91","0.93","+","0.12","0.89","10","0.99","10","49.95",
="086057","美律群益51購01","57,000","4","40,750","0.73","0.73","0.68","0.68","-","0.10","0.26","38","--","0","107.50",
="086058","聯發科群益52購03","17,000","6","152,400","9.10","9.25","8.85","9.25","-","0.30","2.22","4","--","0","1,385.00",
="086059","智原群益51購04","0","0","0","--","--","--","--"," ","0.00","0.42","100","0.43","100","158.00",
="08605P","富世達凱基4A售04","0","0","0","--","--","--","--"," ","0.00","--","0","0.02","50","0.00",
="086060","緯創群益51購03","122,000","8","99,510","0.79","0.86","0.79","0.84","-","0.01","0.75","40","--","0","115.00",
="086061","京鼎群益51購01","3,000","1","1,560","0.52","0.52","0.52","0.52","-","0.05","0.53","100","0.54","100","290.00",
="086062","創意群益51購02","275,000","7","223,050","0.79","0.82","0.79","0.81","+","0.05","0.60","99","--","0","1,350.00",
="086063","創意群益51購03","136,000","3","114,240","0.84","0.84","0.84","0.84","+","0.07","0.13","76","--","0","1,350.00",
="086064","聯鈞群益52購01","25,000","2","28,400","1.16","1.16","1.10","1.10","-","0.13","0.46","21","--","0","202.00",
="086065","群創群益52購01","0","0","0","--","--","--","--"," ","0.00","0.99","100","1.02","100","14.15",
="086066","敦泰群益52購01","34,000","3","70,940","2.09","2.09","2.08","2.09","+","0.22","1.84","10","1.94","10","69.90",
="086067","世芯群益51購03","5,000","4","33,600","6.95","6.95","6.55","6.55","-","0.25","6.50","10","7.00","10","4,000.00",
="086068","時碩群益51購01","364,000","12","424,330","1.01","1.31","1.01","1.10","+","0.08","0.35","28","--","0","64.20",
="086069","上品群益53購01","45,000","2","101,750","2.23","2.28","2.23","2.28","-","0.01","1.08","46","--","0","284.00",
="08606P","FBNQ2X元大4C售06","0","0","0","--","--","--","--"," ","0.00","0.25","100","0.26","50","0.00",
="086070","東科群益51購01","143,000","6","341,060","2.24","2.53","2.24","2.53","+","0.21","1.24","38","--","0","112.00",
="086071","晶心科群益51購01","26,000","2","21,100","0.81","0.83","0.81","0.83","-","0.09","0.84","10","0.94","10","283.00",
="086072","力智群益52購01","0","0","0","--","--","--","--"," ","0.00","0.71","25","0.75","10","188.50",
="086073","AES群益52購02","398,000","24","675,410","1.65","1.81","1.65","1.73","+","0.21","0.54","37","--","0","1,350.00",
="086074","采鈺群益51購01","71,000","9","136,760","1.94","2.08","1.81","2.08","+","0.40","1.93","10","2.03","10","264.00",
="086075","滬深2X元大51購05","0","0","0","--","--","--","--"," ","0.00","2.69","499","2.75","10","18.32",
="086076","滬深2X元大53購06","0","0","0","--","--","--","--"," ","0.00","2.45","250","2.46","100","18.32",
="086077","聚陽元大51購01","111,000","3","131,040","1.18","1.24","1.18","1.24","-","0.01","1.20","499","1.22","10","265.00",
="086078","華城元大52購04","15,000","2","15,900","1.06","1.06","1.06","1.06","+","0.01","0.99","499","1.01","10","618.00",
="086079","鴻海元大52購07","0","0","0","--","--","--","--"," ","0.00","2.08","350","2.11","10","206.00",
="08607P","FBNQ2X元大51售02","0","0","0","--","--","--","--"," ","0.00","0.43","100","0.44","50","0.00",
="086080","鴻海元大55購02","3,000","1","4,620","1.54","1.54","1.54","1.54","-","0.09","1.56","450","1.57","10","206.00",
="086081","台積電元大51購51","5,000","1","3,350","0.67","0.67","0.67","0.67","X","0.00","0.62","5","--","0","1,160.00",
="086082","台積電元大52購08","0","0","0","--","--","--","--"," ","0.00","0.73","5","--","0","1,160.00",
="086083","華邦電元大51購04","393,000","5","148,290","0.38","0.38","0.37","0.37","-","0.02","0.35","499","0.36","10","19.60",
="086084","瑞昱元大51購01","21,000","2","18,640","0.88","0.89","0.88","0.89","+","0.01","0.86","25","0.87","10","545.00",
="086085","台光電元大55購01","279,000","3","454,680","1.63","1.63","1.54","1.63"," ","0.00","0.88","11","--","0","1,250.00",
="086086","漢唐元大51購02","0","0","0","--","--","--","--"," ","0.00","13.00","50","--","0","1,190.00",
="086087","聯發科元大51購33","0","0","0","--","--","--","--"," ","0.00","0.06","51","--","0","1,385.00",
="086088","長榮元大51購21","234,000","5","145,290","0.58","0.63","0.58","0.60","+","0.03","0.54","499","0.56","10","188.00",
="086089","陽明元大55購03","175,000","9","388,760","2.15","2.30","2.15","2.23","+","0.06","2.08","350","2.10","10","58.80",
="08608P","聚陽元大4A售01","0","0","0","--","--","--","--"," ","0.00","0.70","499","0.71","200","0.00",
="086090","萬海元大51購04","197,000","4","155,890","0.78","0.80","0.78","0.79","+","0.02","0.74","499","0.75","10","84.10",
="086091","德律元大51購01","68,000","4","153,120","2.33","2.33","2.20","2.20","-","0.38","2.18","300","2.21","10","206.00",
="086092","德律元大51購02","0","0","0","--","--","--","--"," ","0.00","1.99","350","2.02","10","206.00",
="086093","德律元大51購03","0","0","0","--","--","--","--"," ","0.00","2.25","300","2.29","10","206.00",
="086094","緯創元大51購05","0","0","0","--","--","--","--"," ","0.00","0.29","499","--","0","115.00",
="086095","玉晶光元大51購02","83,000","6","194,920","2.29","2.41","2.29","2.41","+","0.08","2.32","300","2.34","10","461.50",
="086096","聯鈞元大51購01","729,000","32","456,830","0.70","0.70","0.59","0.59","-","0.13","0.58","500","0.59","9","202.00",
="086099","聯鈞元大51購02","101,000","8","72,630","0.75","0.75","0.69","0.69","-","0.11","0.62","499","0.63","10","202.00",
="08609P","台積電元大4A售69","0","0","0","--","--","--","--"," ","0.00","0.08","50","--","0","0.00",
="086100","聯鈞元大51購03","353,000","17","375,890","1.13","1.13","0.99","0.99","-","0.18","0.99","499","1.00","10","202.00",
="086101","健策元大51購01","0","0","0","--","--","--","--"," ","0.00","1.33","25","--","0","1,905.00",
="086102","世芯元大51購26","41,000","8","185,840","4.72","4.72","4.38","4.38","-","0.19","4.30","150","4.35","10","4,000.00",
="086103","世芯元大52購07","8,000","1","46,000","5.75","5.75","5.75","5.75","+","0.15","5.40","150","5.45","10","4,000.00",
="086104","世芯元大55購01","1,000","1","1,580","1.58","1.58","1.58","1.58","+","0.05","1.56","450","1.58","10","4,000.00",
="086105","海華元大51購01","0","0","0","--","--","--","--"," ","0.00","8.30","25","--","0","100.00",
="086106","日月光元大51購01","500,000","3","197,000","0.41","0.41","0.39","0.39","-","0.06","0.38","499","0.39","10","147.50",
="086107","精銳元大51購02","703,000","29","618,220","0.89","0.99","0.83","0.89","+","0.07","0.93","499","0.94","10","776.00",
="086108","精成科元大51購05","43,000","5","320,150","7.20","7.85","7.20","7.85","+","2.85","7.85","50","--","0","131.00",
="086109","精成科元大55購03","94,000","6","702,300","7.45","7.55","7.35","7.55","+","1.75","7.95","25","--","0","131.00",
="08610P","金像電元大4A售04","0","0","0","--","--","--","--"," ","0.00","--","0","0.10","10","0.00",
="086110","緯穎元大51購14","8,000","2","16,590","2.10","2.10","2.03","2.03","-","0.07","1.98","25","2.01","10","2,975.00",
="086111","虎航元大51購01","0","0","0","--","--","--","--"," ","0.00","0.81","499","0.82","10","82.60",
="086112","富世達元大51購02","0","0","0","--","--","--","--"," ","0.00","--","0","--","0","1,145.00",
="086113","昇陽半元大51購02","10,000","1","16,500","1.65","1.65","1.65","1.65","+","0.11","1.64","450","1.69","10","152.50",
="086114","緯穎台新51購01","18,000","3","40,280","2.24","2.24","2.22","2.22","X","0.00","2.19","20","2.20","10","0.00",
="086115","統一凱基51購01","7,000","2","7,310","1.03","1.05","1.03","1.05","X","0.00","1.13","100","1.15","10","77.70",
="086116","台聚凱基52購01","33,000","7","47,400","1.49","1.49","1.40","1.45","-","0.12","1.45","8","1.48","10","10.55",
="086117","華城凱基51購05","45,000","8","139,230","3.14","3.14","2.92","2.92","-","0.19","1.03","9","5.85","30","618.00",
="086118","中華凱基52購01","15,000","2","23,100","1.54","1.54","1.54","1.54","+","0.09","1.45","1","1.52","10","58.50",
="086119","鴻準凱基52購01","0","0","0","--","--","--","--"," ","0.00","2.97","100","3.01","10","71.70",
="08611P","台光電元大4A售08","0","0","0","--","--","--","--"," ","0.00","--","0","0.02","3","0.00",
="086120","微星凱基52購01","400,000","11","323,010","0.79","0.82","0.79","0.81","-","0.02","0.79","100","0.81","11","136.50",
="086121","台光電凱基51購04","0","0","0","--","--","--","--"," ","0.00","3.30","100","3.40","10","1,250.00",
="086122","長榮凱基51購08","0","0","0","--","--","--","--"," ","0.00","0.49","100","0.50","10","188.00",
="086123","雄獅凱基51購03","113,000","3","128,820","1.14","1.14","1.14","1.14","X","0.00","1.17","100","1.19","10","159.00",
="086124","神基凱基52購01","119,000","20","371,350","2.97","3.47","2.82","3.00","+","0.41","3.12","33","3.18","10","157.00",
="086125","德律凱基52購01","1,000","1","4,750","4.75","4.75","4.75","4.75","-","0.70","4.58","100","4.65","10","206.00",
="086126","創意凱基52購01","148,000","9","126,540","0.80","0.88","0.79","0.87","+","0.06","0.81","100","0.83","10","1,350.00",
="086127","聯鈞凱基52購01","10,000","1","10,600","1.06","1.06","1.06","1.06","X","0.00","0.93","100","0.94","10","202.00",
="086128","聯鈞凱基52購02","0","0","0","--","--","--","--"," ","0.00","1.53","100","1.54","10","202.00",
="086129","聯鈞凱基52購03","44,000","7","78,840","1.88","1.89","1.73","1.73","-","0.27","1.70","100","1.72","10","202.00",
="08612P","長榮元大4A售21","0","0","0","--","--","--","--"," ","0.00","0.18","499","0.19","200","0.00",
="086130","聯鈞凱基52購04","0","0","0","--","--","--","--"," ","0.00","1.17","100","1.18","10","202.00",
="086131","碩天凱基52購01","33,000","1","15,510","0.47","0.47","0.47","0.47","-","0.02","0.46","10","0.47","10","225.50",
="086133","世芯凱基55購01","5,000","2","19,710","3.99","3.99","3.75","3.75","-","0.12","3.71","100","3.74","10","4,000.00",
="086134","神達凱基51購07","0","0","0","--","--","--","--"," ","0.00","11.80","100","12.80","10","95.90",
="086135","精成科凱基56購02","15,000","2","81,000","5.40","5.40","5.40","5.40","+","1.40","5.80","499","--","0","131.00",
="086136","矽力凱基52購01","64,000","4","64,940","1.01","1.03","1.01","1.01","-","0.02","0.96","10","1.06","10","317.00",
="086137","晶心科凱基52購01","21,000","1","21,210","1.01","1.01","1.01","1.01","+","0.05","0.93","10","0.94","10","283.00",
="086138","采鈺凱基51購01","599,000","15","783,710","1.30","1.47","1.19","1.41","+","0.34","1.35","10","1.36","10","264.00",
="086139","長華凱基52購01","0","0","0","--","--","--","--"," ","0.00","1.45","10","1.46","10","39.60",
="08613P","陽明元大4A售11","0","0","0","--","--","--","--"," ","0.00","0.62","499","0.63","200","0.00",
="086140","振樺電凱基51購01","87,000","3","89,460","0.98","1.03","0.98","1.03","X","0.00","0.90","100","0.91","10","270.00",
="086141","巨大凱基52購02","21,000","3","17,120","0.82","0.82","0.81","0.81","-","0.14","0.80","100","0.82","10","104.50",
="086142","創意兆豐53購01","106,000","9","108,670","0.99","1.06","0.97","1.03","+","0.04","1.06","10","1.07","10","1,350.00",
="086143","高力國票49購01","10,000","1","400","0.04","0.04","0.04","0.04","-","0.02","0.04","115","0.14","10","380.00",
="086144","世芯兆豐54購01","53,000","7","109,400","2.12","2.12","2.01","2.01","-","0.05","1.96","9","2.03","9","4,000.00",
="086145","晶心科兆豐54購01","413,000","16","301,030","0.74","0.74","0.72","0.73","-","0.01","0.72","10","0.73","10","283.00",
="086146","亞光富邦51購01","222,000","8","330,150","1.45","1.51","1.45","1.45","-","0.03","1.42","15","1.43","10","0.00",
="086147","創意富邦53購01","108,000","2","119,700","1.10","1.11","1.10","1.11","-","0.01","1.10","30","1.11","10","0.00",
="086148","晶心科富邦53購01","822,000","14","453,020","0.58","0.58","0.54","0.55","-","0.03","0.55","10","0.56","10","0.00",
="086149","元石油凱基52購01","0","0","0","--","--","--","--"," ","0.00","0.61","100","0.62","10","16.26",
="08614P","奇鋐元大4A售10","0","0","0","--","--","--","--"," ","0.00","0.01","499","0.11","10","0.00",
="086150","華友聯凱基52購01","0","0","0","--","--","--","--"," ","0.00","0.49","10","0.50","10","71.30",
="086151","名軒凱基52購01","0","0","0","--","--","--","--"," ","0.00","0.21","10","0.22","50","51.90",
="086152","第一銅凱基51購01","1,000","1","1,190","1.19","1.19","1.19","1.19","X","0.00","1.18","10","1.19","10","34.50",
="086153","聯電凱基51購01","8,000","1","7,200","0.90","0.90","0.90","0.90","-","0.10","0.87","100","0.88","10","40.60",
="086154","鴻海凱基55購03","0","0","0","--","--","--","--"," ","0.00","3.99","100","4.00","10","206.00",
="086155","國巨凱基52購02","0","0","0","--","--","--","--"," ","0.00","1.47","100","1.51","10","137.00",
="086158","敬鵬凱基52購01","235,000","21","805,330","2.91","3.80","2.81","3.80","+","0.89","4.21","24","--","0","40.70",
="086159","金像電凱基52購02","10,000","3","61,900","5.90","6.35","5.90","6.35","+","0.20","6.30","10","6.40","10","486.00",
="08615P","緯創元大4A售13","0","0","0","--","--","--","--"," ","0.00","0.03","499","0.13","10","0.00",
="086160","聯發科凱基55購01","0","0","0","--","--","--","--"," ","0.00","1.24","100","1.25","10","1,385.00",
="086161","晟銘電凱基52購01","70,000","5","109,000","1.62","1.64","1.40","1.40","+","0.11","1.22","100","1.24","10","133.00",
="086162","威健凱基52購01","66,000","6","46,550","0.72","0.72","0.68","0.69","-","0.01","0.70","10","0.80","10","28.40",
="086163","欣興凱基52購02","221,000","7","419,310","1.73","1.95","1.73","1.90","+","0.03","0.74","13","1.86","10","150.00",
="086164","緯創凱基52購03","0","0","0","--","--","--","--"," ","0.00","0.39","100","0.40","10","115.00",
="086165","創意凱基51購03","93,000","6","96,160","0.96","1.06","0.96","1.04","+","0.05","0.99","100","1.01","10","1,350.00",
="086166","群創凱基51購03","939,000","114","1,884,020","1.72","2.15","1.72","2.12","+","0.51","2.09","102","2.14","10","14.15",
="086167","華擎凱基52購01","42,000","2","60,900","1.45","1.45","1.45","1.45","-","0.01","1.35","10","1.36","10","281.00",
="086168","世芯凱基54購04","0","0","0","--","--","--","--"," ","0.00","4.04","100","4.09","10","4,000.00",
="086169","貿聯凱基52購01","141,000","9","260,980","1.69","1.98","1.69","1.98","+","0.33","1.81","10","1.91","10","981.00",
="08616P","台積電永豐4B售12","0","0","0","--","--","--","--"," ","0.00","0.09","499","0.10","10","0.00",
="086170","精成科凱基55購01","0","0","0","--","--","--","--"," ","0.00","6.60","499","--","0","131.00",
="086171","晶心科凱基52購02","107,000","4","100,040","0.94","0.94","0.93","0.93","-","0.09","0.94","10","0.95","10","283.00",
="086172","鼎基凱基52購01","60,000","4","67,100","1.04","1.21","1.00","1.21","+","0.37","1.21","100","--","0","111.50",
="086173","緯穎凱基54購05","0","0","0","--","--","--","--"," ","0.00","1.73","100","1.83","10","2,975.00",
="086174","世紀鋼凱基51購03","0","0","0","--","--","--","--"," ","0.00","0.39","100","0.40","10","188.00",
="086175","世紀鋼台新51購01","0","0","0","--","--","--","--"," ","0.00","0.39","20","0.40","10","0.00",
="086176","得力群益52購01","97,000","3","77,600","0.80","0.80","0.80","0.80","-","0.01","0.50","10","--","0","11.20",
="086177","華城群益51購01","63,000","7","159,910","2.53","2.55","2.49","2.51"," ","0.00","2.33","100","2.35","100","618.00",
="086178","勤美群益52購01","10,000","1","10,900","1.09","1.09","1.09","1.09","+","0.06","1.06","25","1.08","10","24.90",
="086179","華榮群益52購01","93,000","18","283,700","3.18","3.22","2.71","2.72","-","0.27","1.14","8","--","0","29.85",
="08617P","奇鋐永豐4B售03","0","0","0","--","--","--","--"," ","0.00","0.01","499","0.03","10","0.00",
="086180","東聯群益52購01","31,000","2","28,230","0.89","0.93","0.89","0.93","X","0.00","0.90","25","0.92","10","12.40",
="086181","台亞群益51購01","1,000","1","2,600","2.60","2.60","2.60","2.60"," ","0.00","2.44","25","2.46","10","22.85",
="086182","金像電群益52購03","3,000","1","12,210","4.07","4.07","4.07","4.07","-","0.31","4.38","100","4.48","10","486.00",
="086183","微星群益51購01","71,000","3","50,210","0.69","0.71","0.69","0.71","-","0.01","0.70","100","0.71","100","136.50",
="086184","元日2X元富49購01","0","0","0","--","--","--","--"," ","0.00","0.01","25","0.10","10","5.97",
="086185","台光電群益51購05","33,000","2","101,150","3.07","3.07","2.91","2.91","-","0.29","1.08","9","--","0","1,250.00",
="086186","聯電元富4C購01","6,000","1","1,080","0.18","0.18","0.18","0.18","+","0.06","0.09","102","0.18","77","40.60",
="086187","長榮群益51購02","16,000","2","22,090","1.54","1.54","1.37","1.37","-","0.10","1.34","10","1.44","10","188.00",
="086188","星宇群益53購01","0","0","0","--","--","--","--"," ","0.00","1.04","100","1.05","100","25.15",
="086189","晟銘電群益52購02","445,000","45","404,460","0.92","1.05","0.80","0.80","-","0.05","0.79","100","0.80","100","133.00",
="08618P","台灣50中信4C售03","0","0","0","--","--","--","--"," ","0.00","0.10","100","0.11","100","0.00",
="086190","聯鈞群益52購02","63,000","3","67,080","1.16","1.16","1.05","1.05","-","0.15","0.49","20","--","0","202.00",
="086191","世芯群益51購04","1,000","1","6,550","6.55","6.55","6.55","6.55","+","0.20","6.45","10","6.95","10","4,000.00",
="086192","台光電元富49購04","0","0","0","--","--","--","--"," ","0.00","5.35","25","5.45","25","1,250.00",
="086193","貿聯群益52購03","0","0","0","--","--","--","--"," ","0.00","--","0","--","0","981.00",
="086194","時碩群益52購01","123,000","9","132,670","0.97","1.19","0.97","1.06","+","0.17","0.34","29","--","0","64.20",
="086195","精成科群益51購02","73,000","5","406,700","6.00","6.00","5.35","5.65","+","2.09","0.65","15","--","0","131.00",
="086196","奇鋐元富49購04","0","0","0","--","--","--","--"," ","0.00","1.45","25","1.51","25","1,015.00",
="086197","奇鋐元富49購05","0","0","0","--","--","--","--"," ","0.00","1.90","25","--","0","1,015.00",
="086198","佳必琪群益51購01","379,000","16","1,245,590","3.20","3.41","3.20","3.20","+","0.08","3.08","10","3.18","10","178.50",
="086199","盛群群益52購01","0","0","0","--","--","--","--"," ","0.00","0.85","25","0.86","10","39.70",
="08619P","T50正2中信53售01","0","0","0","--","--","--","--"," ","0.00","0.15","100","0.16","100","0.00",
="086200","矽力群益56購01","0","0","0","--","--","--","--"," ","0.00","0.38","10","0.48","10","317.00",
="086201","瑞祺群益53購01","20,000","1","20,600","1.03","1.03","1.03","1.03","+","0.01","1.01","25","1.03","10","87.50",
="086202","台達電統一57購01","10,000","1","25,000","2.50","2.50","2.50","2.50","-","0.10","2.46","10","2.47","10","709.00",
="086203","致茂統一56購03","876,000","20","1,082,950","1.22","1.27","1.22","1.26","-","0.02","1.26","10","1.27","10","556.00",
="086204","金像電統一57購02","0","0","0","--","--","--","--"," ","0.00","2.10","10","2.11","10","486.00",
="086205","聯發科統一57購05","223,000","3","170,210","0.76","0.77","0.76","0.77","-","0.03","0.77","10","0.78","10","1,385.00",
="086206","聯發科統一67購01","11,000","2","10,780","0.98","0.98","0.98","0.98","X","0.00","0.97","10","0.98","10","1,385.00",
="086207","晟銘電統一57購01","30,000","1","14,700","0.49","0.49","0.49","0.49","-","0.01","0.48","10","0.49","10","133.00",
="086208","德律統一55購01","7,000","1","9,380","1.34","1.34","1.34","1.34","X","0.00","1.31","10","1.33","10","206.00",
="086209","德律統一57購01","111,000","6","149,750","1.36","1.37","1.33","1.33","-","0.05","1.31","10","1.32","10","206.00",
="08620P","鴻海中信52售01","0","0","0","--","--","--","--"," ","0.00","0.02","499","0.03","10","0.00",
="086210","聯詠統一57購01","21,000","2","5,670","0.27","0.27","0.27","0.27"," ","0.00","0.26","10","0.27","10","435.00",
="086211","融程電統一59購01","269,000","12","279,000","1.05","1.07","1.03","1.05","+","0.02","1.01","10","1.03","10","189.00",
="086212","融程電統一5B購01","727,000","40","700,600","0.95","1.00","0.92","0.92"," ","0.00","0.91","10","0.92","10","189.00",
="086213","創意統一57購01","98,000","2","70,070","0.71","0.72","0.71","0.72","+","0.05","0.70","10","0.71","10","1,350.00",
="086214","創意統一57購02","869,000","20","570,880","0.64","0.68","0.63","0.65","+","0.02","0.66","10","0.67","10","1,350.00",
="086215","聯鈞統一57購02","0","0","0","--","--","--","--"," ","0.00","0.52","10","0.53","10","202.00",
="086216","華擎統一55購03","29,000","1","17,980","0.62","0.62","0.62","0.62","+","0.01","0.59","10","0.60","10","281.00",
="086217","華擎統一57購01","0","0","0","--","--","--","--"," ","0.00","0.60","10","0.61","10","281.00",
="086218","敦泰統一57購02","180,000","8","125,900","0.68","0.73","0.65","0.65","-","0.01","0.64","10","0.65","10","69.90",
="086219","樺漢統一57購01","1,267,000","72","879,280","0.68","0.72","0.67","0.68","+","0.03","0.68","10","0.70","10","326.00",
="08621P","台積電中信51售02","0","0","0","--","--","--","--"," ","0.00","0.09","30","0.10","30","0.00",
="086220","緯穎統一57購01","37,000","1","30,340","0.82","0.82","0.82","0.82","-","0.03","0.79","10","0.80","10","2,975.00",
="086221","采鈺統一57購03","588,000","13","494,230","0.79","0.86","0.79","0.86","+","0.11","0.84","10","0.85","10","264.00",
="086222","天虹統一57購02","0","0","0","--","--","--","--"," ","0.00","0.45","10","0.46","10","208.50",
="086223","世紀鋼統一57購01","0","0","0","--","--","--","--"," ","0.00","0.28","10","0.29","10","188.00",
="086224","中華中信51購01","169,000","3","135,200","0.80","0.80","0.80","0.80","X","0.00","0.75","499","0.79","10","0.00",
="086225","長榮中信51購05","0","0","0","--","--","--","--"," ","0.00","0.16","499","0.17","10","0.00",
="086226","星宇中信51購01","0","0","0","--","--","--","--"," ","0.00","0.26","10","0.27","10","0.00",
="086227","晟銘電中信51購01","276,000","20","132,460","0.47","0.53","0.41","0.41","-","0.03","0.40","11","0.41","10","0.00",
="086228","材料中信51購01","48,000","1","49,920","1.04","1.04","1.04","1.04","X","0.00","1.00","499","1.01","10","0.00",
="086229","中砂永豐54購01","13,000","2","23,730","1.77","1.89","1.77","1.89","+","0.17","1.89","10","1.90","10","347.00",
="08622P","台積電中信52售01","0","0","0","--","--","--","--"," ","0.00","0.12","499","0.13","100","0.00",
="086230","新光鋼永豐52購01","79,000","8","100,640","1.28","1.32","1.24","1.24","+","0.03","1.32","499","1.33","10","44.65",
="086231","金像電永豐53購01","1,000","1","4,440","4.44","4.44","4.44","4.44","-","0.17","4.69","499","4.74","10","486.00",
="086232","台光電永豐52購05","2,000","1","5,460","2.73","2.73","2.73","2.73","-","0.12","2.61","10","2.71","10","1,250.00",
="086233","晟銘電永豐51購02","0","0","0","--","--","--","--"," ","0.00","0.63","499","0.66","10","133.00",
="086234","玉晶光永豐53購02","5,000","2","22,170","4.45","4.45","4.43","4.43","+","0.01","4.50","10","4.53","10","461.50",
="086235","融程電永豐53購01","55,000","12","136,490","2.49","2.58","2.44","2.47","+","0.13","2.32","5","2.48","11","189.00",
="086236","融程電永豐54購01","88,000","21","408,420","4.55","4.89","4.32","4.35","+","0.06","2.44","30","5.90","1","189.00",
="086237","晶睿永豐54購01","10,000","1","6,900","0.69","0.69","0.69","0.69","+","0.04","0.68","499","0.69","10","99.50",
="086238","華擎永豐51購01","43,000","2","23,580","0.56","0.56","0.54","0.54","-","0.04","0.55","10","0.56","10","281.00",
="086239","華擎永豐52購01","36,000","4","21,900","0.63","0.63","0.60","0.60","-","0.04","0.57","10","0.59","10","281.00",
="08623P","臺股指中信53售03","0","0","0","--","--","--","--"," ","0.00","0.15","499","0.16","100","0.00",
="086240","貿聯永豐52購06","0","0","0","--","--","--","--"," ","0.00","1.41","499","1.43","10","981.00",
="086241","材料永豐53購03","0","0","0","--","--","--","--"," ","0.00","0.68","499","0.69","10","67.70",
="086242","材料永豐54購02","0","0","0","--","--","--","--"," ","0.00","0.79","499","0.80","10","67.70",
="086243","材料永豐54購03","0","0","0","--","--","--","--"," ","0.00","1.43","499","1.44","10","67.70",
="086244","材料永豐55購01","100,000","2","496,000","4.97","4.97","4.95","4.95","X","0.00","4.86","499","4.96","10","67.70",
="086245","鼎基永豐53購01","17,000","2","15,320","0.86","0.93","0.86","0.93","+","0.21","1.01","10","--","0","111.50",
="086246","連加永豐57購01","0","0","0","--","--","--","--"," ","0.00","0.27","499","0.28","10","615.00",
="086247","達運光永豐54購01","0","0","0","--","--","--","--"," ","0.00","4.77","499","--","0","126.00",
="086248","世紀鋼永豐52購06","27,000","2","24,770","0.91","0.93","0.91","0.93","-","0.15","0.89","499","0.99","10","188.00",
="086249","直得元富51購02","66,000","9","104,500","1.48","1.71","1.45","1.50","+","0.06","1.48","25","1.49","25","89.20",
="08624P","臺股指中信53售04","20,000","2","600","0.03","0.03","0.03","0.03","X","0.00","0.02","677","0.03","10","0.00",
="086250","直得元富51購03","579,000","9","763,780","1.29","1.50","1.26","1.26","+","0.05","1.25","35","1.26","15","89.20",
="086251","上銀元富51購01","71,000","7","144,280","1.95","2.14","1.95","1.99","+","0.14","1.90","25","1.92","25","215.50",
="086252","金像電元富54購01","0","0","0","--","--","--","--"," ","0.00","11.20","25","12.20","25","486.00",
="086253","大同元富51購01","13,000","2","58,260","4.39","4.56","4.39","4.56","-","0.03","4.50","25","4.53","25","40.75",
="086254","京元電元富57購01","214,000","12","722,190","3.17","3.47","3.10","3.47","+","0.32","3.28","25","3.38","10","142.00",
="086255","晟銘電元富51購02","387,000","15","478,210","1.37","1.37","1.11","1.11","-","0.07","1.08","25","1.10","25","133.00",
="086256","晟銘電元富57購01","244,000","7","447,760","2.03","2.03","1.75","1.75","-","0.07","1.71","25","1.73","25","133.00",
="086257","時碩元富54購01","420,000","5","460,000","1.09","1.20","1.09","1.20","X","0.00","1.11","25","1.12","25","64.20",
="086258","材料元富51購03","32,000","4","50,330","1.55","1.59","1.51","1.51","X","0.00","1.48","25","1.49","25","67.70",
="086259","立積元富57購01","209,000","11","518,610","2.40","2.80","2.33","2.80","+","0.46","3.10","1","3.25","1","158.00",
="08625P","T50正2富邦52售01","0","0","0","--","--","--","--"," ","0.00","0.23","100","0.24","98","0.00",
="086260","虹堡元富51購01","0","0","0","--","--","--","--"," ","0.00","3.12","25","3.22","10","77.10",
="086261","虹堡元富51購02","118,000","7","239,370","2.02","2.14","2.02","2.07","-","0.02","2.03","25","2.05","10","77.10",
="086262","巨大元富54購01","51,000","2","54,060","1.06","1.06","1.06","1.06","-","0.04","1.04","25","1.06","25","104.50",
="086263","元金2X國票54購03","3,000","1","3,450","1.15","1.15","1.15","1.15","+","0.04","1.15","25","1.16","10","58.65",
="086264","華友聯國票53購01","0","0","0","--","--","--","--"," ","0.00","0.35","25","0.36","10","71.30",
="086265","名軒國票53購01","0","0","0","--","--","--","--"," ","0.00","0.13","25","0.14","10","51.90",
="086266","中砂國票52購01","40,000","2","117,900","2.76","3.01","2.76","3.01","+","0.36","2.96","25","2.97","10","347.00",
="086267","華榮國票53購01","885,000","20","1,653,170","2.01","2.01","1.67","1.67","-","0.15","1.67","25","1.68","10","29.85",
="086268","東聯國票53購01","0","0","0","--","--","--","--"," ","0.00","0.65","25","0.66","10","12.40",
="086269","科妍國票53購01","0","0","0","--","--","--","--"," ","0.00","0.68","21","0.76","10","91.40",
="08626P","金像電凱基4B售01","0","0","0","--","--","--","--"," ","0.00","--","0","0.02","50","0.00",
="086270","中華國票53購01","6,000","2","7,290","1.21","1.22","1.21","1.22","X","0.00","1.15","25","1.18","10","58.50",
="086271","致茂國票52購01","1,000","1","6,050","6.05","6.05","6.05","6.05","+","0.05","6.05","25","6.20","10","556.00",
="086272","金像電國票52購01","0","0","0","--","--","--","--"," ","0.00","13.10","25","13.20","10","486.00",
="086273","晟銘電國票52購03","21,000","2","28,450","1.36","1.36","1.25","1.25","+","0.03","1.17","25","1.18","10","133.00",
="086274","華擎國票52購01","14,000","3","20,860","1.49","1.49","1.49","1.49","-","0.11","1.47","25","1.49","10","281.00",
="086275","精成科國票53購03","314,000","18","1,682,200","5.60","5.60","5.20","5.60","+","1.43","5.60","25","6.55","1","131.00",
="086276","盛群國票53購01","0","0","0","--","--","--","--"," ","0.00","0.47","25","0.48","10","39.70",
="086277","連加國票53購01","0","0","0","--","--","--","--"," ","0.00","0.64","25","0.65","10","615.00",
="086278","鴻準國泰52購01","0","0","0","--","--","--","--"," ","0.00","2.36","499","2.38","100","71.70",
="086279","晟銘電國泰52購01","0","0","0","--","--","--","--"," ","0.00","1.58","499","1.61","350","133.00",
="08627P","道瓊銀元大4B售03","120,000","2","34,800","0.29","0.29","0.29","0.29","-","0.03","0.28","170","0.29","100","0.00",
="086280","玉晶光國泰52購01","33,000","2","107,120","3.20","3.28","3.20","3.28","+","0.08","3.28","480","3.30","100","461.50",
="086281","創意國泰52購03","22,000","1","34,100","1.55","1.55","1.55","1.55","X","0.00","1.55","20","--","0","1,350.00",
="086282","華擎國泰52購01","0","0","0","--","--","--","--"," ","0.00","1.15","499","1.17","499","281.00",
="086283","達邁國泰52購01","198,000","14","605,010","3.14","3.22","2.91","2.91","-","0.35","2.88","499","2.90","100","73.80",
="086284","時碩國泰52購01","36,000","3","60,390","1.67","1.70","1.67","1.68","X","0.00","1.58","499","1.59","100","64.20",
="086285","連加國泰52購01","0","0","0","--","--","--","--"," ","0.00","0.81","499","0.82","100","615.00",
="086286","中興電元大51購04","287,000","9","180,410","0.63","0.63","0.62","0.63","+","0.05","0.63","509","0.64","10","167.00",
="086287","華城元大51購10","80,000","6","136,150","1.75","1.75","1.63","1.63","-","0.06","1.63","445","1.65","10","618.00",
="086288","台達電元大51購01","0","0","0","--","--","--","--"," ","0.00","8.85","100","9.05","10","709.00",
="086289","鴻海元大51購15","0","0","0","--","--","--","--"," ","0.00","2.41","300","2.44","10","206.00",
="08628P","台積電元大4B售15","0","0","0","--","--","--","--"," ","0.00","0.02","499","0.12","10","0.00",
="086290","台積電元大51購52","15,000","1","11,400","0.76","0.76","0.76","0.76","-","0.01","0.07","142","0.76","16","1,160.00",
="086291","華邦電元大54購01","221,000","8","169,410","0.73","0.77","0.73","0.77","+","0.01","0.72","499","0.73","10","19.60",
="086292","華邦電元大56購01","17,000","2","13,640","0.82","0.82","0.80","0.80","-","0.02","0.79","499","0.80","10","19.60",
="086293","智邦元大54購01","183,000","15","514,290","2.80","2.91","2.74","2.85","-","0.03","2.80","250","2.81","10","984.00",
="086294","鴻準元大51購02","29,000","10","53,030","1.82","1.86","1.77","1.77","-","0.06","1.76","400","1.79","10","71.70",
="086295","鴻準元大54購01","111,000","9","191,220","1.73","1.76","1.64","1.68","-","0.04","1.68","450","1.70","10","71.70",
="086296","華碩元大51購01","0","0","0","--","--","--","--"," ","0.00","0.54","25","0.55","10","634.00",
="086297","華碩元大51購02","191,000","5","190,800","0.99","1.00","0.99","1.00","-","0.02","0.99","25","1.01","10","634.00",
="086298","金像電元大51購03","446,000","28","1,873,070","4.10","4.43","4.04","4.42","+","0.31","4.41","200","4.44","10","486.00",
="086299","金像電元大51購04","460,000","34","1,552,370","3.36","3.44","3.27","3.42","+","0.02","3.58","200","3.60","10","486.00",
="08629P","華碩元大4B售01","0","0","0","--","--","--","--"," ","0.00","0.46","25","0.47","10","0.00",
="086300","大同元大51購01","0","0","0","--","--","--","--"," ","0.00","1.05","499","1.07","10","40.75",
="086301","技嘉元大51購01","211,000","7","208,770","1.00","1.01","0.97","0.97","-","0.05","0.95","25","0.96","10","281.00",
="086302","台光電元大54購03","0","0","0","--","--","--","--"," ","0.00","0.91","10","--","0","1,250.00",
="086303","漢唐元大51購03","0","0","0","--","--","--","--"," ","0.00","9.45","25","--","0","1,190.00",
="086304","聯發科元大57購01","5,000","1","7,100","1.42","1.42","1.42","1.42","-","0.03","0.08","125","--","0","1,385.00",
="086305","萬海元大51購05","455,000","9","436,380","0.91","0.98","0.91","0.95","+","0.06","0.89","499","0.90","10","84.10",
="086306","晟銘電元大51購01","243,000","20","147,060","0.64","0.68","0.56","0.56","-","0.03","0.55","499","0.56","10","133.00",
="086307","鴻海凱基51購03","20,000","2","17,500","0.87","0.88","0.87","0.88","-","0.07","0.90","100","0.91","10","206.00",
="086308","晟銘電元大56購01","9,000","2","7,620","0.86","0.86","0.82","0.82","+","0.03","0.75","499","0.77","10","133.00",
="086309","亞光元大54購02","346,000","6","409,060","1.16","1.23","1.16","1.19","+","0.04","1.12","2","1.13","10","164.00",
="08630P","陽明元大4B售03","0","0","0","--","--","--","--"," ","0.00","0.93","499","0.94","200","0.00",
="086310","德律元大51購04","64,000","4","120,120","1.93","1.93","1.82","1.86","-","0.09","1.82","400","1.85","10","206.00",
="086311","緯創元大51購07","160,000","8","58,600","0.36","0.37","0.36","0.37","-","0.02","0.37","499","--","0","115.00",
="086312","玉晶光元大51購03","315,000","6","477,900","1.52","1.56","1.49","1.56","+","0.03","1.53","499","1.54","10","461.50",
="086313","聯鈞元大51購04","39,000","7","26,110","0.72","0.72","0.62","0.62","-","0.13","0.61","499","0.63","10","202.00",
="086314","華擎元大51購01","469,000","5","349,670","0.79","0.79","0.74","0.74","-","0.05","0.74","499","0.75","10","281.00",
="086315","華擎元大51購02","0","0","0","--","--","--","--"," ","0.00","0.89","499","0.90","10","281.00",
="086316","嘉澤元大51購09","100,000","2","73,000","0.73","0.73","0.73","0.73","-","0.03","0.74","499","0.77","10","1,465.00",
="086318","牧德元大51購02","776,000","16","471,020","0.59","0.65","0.58","0.65","+","0.09","0.67","499","0.68","10","594.00",
="086319","辛耘元大51購01","1,196,000","38","1,253,600","1.03","1.14","0.97","1.14","+","0.10","1.14","504","1.15","10","393.50",
="08631P","奇鋐元大4B售05","0","0","0","--","--","--","--"," ","0.00","--","0","0.10","10","0.00",
="086320","世芯元大51購27","23,000","4","95,490","4.31","4.31","4.12","4.12","-","0.05","3.92","200","3.96","10","4,000.00",
="086321","世芯元大51購28","0","0","0","--","--","--","--"," ","0.00","2.07","350","2.10","10","4,000.00",
="086322","世芯元大51購29","54,000","4","82,890","1.48","1.55","1.48","1.54","X","0.00","1.46","450","1.48","10","4,000.00",
="086323","貿聯元大51購07","779,000","32","767,630","0.85","1.03","0.85","0.95","+","0.10","0.95","3","0.97","10","981.00",
="086324","神達元大51購10","258,000","23","1,071,160","4.21","4.33","4.01","4.33","+","1.04","4.13","200","4.17","10","95.90",
="086325","jpp元大51購01","117,000","11","240,580","2.11","2.11","2.03","2.05","+","0.16","2.11","25","2.14","10","276.00",
="086326","精成科元大51購06","50,000","1","140,000","2.80","2.80","2.80","2.80","+","0.83","2.80","300","--","0","131.00",
="086327","精成科元大54購02","27,000","6","68,920","2.60","2.70","2.48","2.65","+","0.65","2.63","5","--","0","131.00",
="086328","精成科元大57購01","213,000","12","443,720","1.98","2.19","1.98","2.19","+","0.41","2.22","40","2.30","1","131.00",
="086329","愛普元大51購01","98,000","3","79,080","0.78","0.81","0.78","0.81","-","0.05","0.86","499","0.88","10","305.50",
="08632P","緯創元大4B售05","0","0","0","--","--","--","--"," ","0.00","0.07","499","0.08","200","0.00",
="086330","緯穎元大51購15","497,000","8","521,180","1.03","1.06","1.00","1.00","-","0.02","1.00","20","1.01","10","2,975.00",
="086331","世紀鋼元大54購01","418,000","2","188,100","0.45","0.45","0.45","0.45","-","0.02","0.43","499","0.44","10","188.00",
="086332","瑞昱兆豐52購01","48,000","5","38,820","0.81","0.83","0.79","0.79","-","0.01","0.80","10","0.81","10","545.00",
="086333","華擎兆豐53購01","104,000","6","58,760","0.60","0.60","0.55","0.55","-","0.04","0.56","10","0.57","10","281.00",
="086334","貿聯兆豐57購01","280,000","14","425,370","1.48","1.57","1.47","1.47","+","0.07","1.49","10","1.50","10","981.00",
="086335","臻鼎兆豐57購01","0","0","0","--","--","--","--"," ","0.00","5.65","10","5.70","10","194.00",
="086336","保瑞兆豐52購01","0","0","0","--","--","--","--"," ","0.00","1.47","10","1.48","10","733.00",
="086337","愛普兆豐52購01","35,000","2","29,400","0.84","0.84","0.84","0.84","X","0.00","0.84","10","0.85","10","305.50",
="086338","天虹兆豐57購01","7,000","2","6,470","0.91","0.93","0.91","0.93","+","0.01","0.90","10","0.91","10","208.50",
="086339","台光電富邦52購01","60,000","6","128,700","2.20","2.20","2.10","2.15","-","0.03","2.12","10","2.15","10","0.00",
="08633P","創意元大4B售04","0","0","0","--","--","--","--"," ","0.00","--","0","--","0","0.00",
="086340","宏達電富邦51購01","5,000","1","22,150","4.43","4.43","4.43","4.43","+","1.01","4.41","30","4.51","10","0.00",
="086341","宏達電富邦53購01","24,000","2","98,080","4.11","4.11","4.07","4.07","+","0.86","4.05","30","4.15","10","0.00",
="086342","聯詠富邦51購01","0","0","0","--","--","--","--"," ","0.00","0.16","30","0.17","10","0.00",
="086343","緯創富邦52購02","59,000","6","17,110","0.29","0.29","0.29","0.29","-","0.02","0.30","10","0.31","10","0.00",
="086344","新日興富邦54購01","1,516,000","66","1,515,210","0.92","1.23","0.88","1.16","+","0.24","1.12","10","1.13","10","0.00",
="086345","聯鈞富邦52購01","226,000","12","129,120","0.60","0.61","0.55","0.55","-","0.08","0.53","30","0.54","10","0.00",
="086346","華擎富邦51購01","625,000","16","423,140","0.69","0.70","0.65","0.66","-","0.03","0.66","30","0.67","10","0.00",
="086347","潤泰新富邦51購01","183,000","5","125,830","0.65","0.70","0.65","0.70","+","0.01","0.69","30","0.70","10","0.00",
="086348","富邦金台新51購01","0","0","0","--","--","--","--"," ","0.00","1.26","20","1.27","10","0.00",
="086349","勤誠台新51購01","2,000","1","5,860","2.93","2.93","2.93","2.93","-","0.11","2.88","20","2.89","10","0.00",
="08634P","川湖國票4C售01","0","0","0","--","--","--","--"," ","0.00","--","0","0.45","47","0.00",
="086350","世芯第一57購01","8,000","7","9,330","1.21","1.21","1.15","1.15","-","0.02","1.14","10","1.16","10","0.00",
="086351","大成凱基51購01","0","0","0","--","--","--","--"," ","0.00","0.36","100","0.37","10","53.40",
="086352","卜蜂凱基52購01","115,000","7","115,320","1.02","1.02","0.93","0.93","-","0.07","0.93","10","0.97","10","133.50",
="086353","儒鴻凱基51購01","18,000","2","28,160","1.56","1.58","1.56","1.58","-","0.03","1.54","10","1.64","10","407.50",
="086354","宏泰凱基51購01","494,000","16","854,090","1.77","1.79","1.69","1.74","-","0.05","1.72","10","1.73","10","38.25",
="086355","士紙凱基51購01","0","0","0","--","--","--","--"," ","0.00","1.13","10","1.15","10","53.60",
="086356","智邦凱基52購01","0","0","0","--","--","--","--"," ","0.00","6.25","10","6.30","10","984.00",
="086357","創見凱基51購01","22,000","2","26,620","1.21","1.21","1.21","1.21","-","0.01","1.18","100","1.28","10","100.50",
="086358","聯發科凱基52購06","2,000","1","2,320","1.16","1.16","1.16","1.16","X","0.00","1.14","100","1.15","10","1,385.00",
="086359","宏達電凱基51購01","0","0","0","--","--","--","--"," ","0.00","3.41","33","--","0","66.50",
="08635P","智易國票4C售02","0","0","0","--","--","--","--"," ","0.00","0.59","25","0.60","10","0.00",
="086360","宏達電凱基52購01","0","0","0","--","--","--","--"," ","0.00","8.00","10","--","0","66.50",
="086361","宏達電凱基54購01","0","0","0","--","--","--","--"," ","0.00","7.30","10","7.80","10","66.50",
="086362","宏達電凱基55購01","3,000","3","25,550","8.90","8.90","8.05","8.05","+","0.55","7.95","10","8.45","10","66.50",
="086363","宏達電凱基57購01","0","0","0","--","--","--","--"," ","0.00","7.80","10","8.30","10","66.50",
="086364","長榮太凱基52購01","0","0","0","--","--","--","--"," ","0.00","7.85","100","8.35","10","180.00",
="086365","晟銘電凱基52購02","425,000","17","439,530","1.15","1.20","0.90","0.91","-","0.05","0.89","100","0.90","10","133.00",
="086366","偉訓凱基52購01","160,000","16","580,340","3.69","3.81","3.45","3.51","-","0.34","1.59","31","--","0","110.00",
="086367","文曄凱基51購01","96,000","5","59,210","0.60","0.64","0.60","0.62","-","0.01","0.60","100","0.61","10","123.00",
="086368","華擎凱基51購01","0","0","0","--","--","--","--"," ","0.00","0.52","10","0.53","10","281.00",
="086369","世芯凱基52購05","0","0","0","--","--","--","--"," ","0.00","2.51","100","2.54","10","4,000.00",
="08636P","緯穎國票4C售02","0","0","0","--","--","--","--"," ","0.00","0.01","25","0.05","10","0.00",
="086370","TPK凱基51購01","7,000","2","35,130","4.98","5.25","4.98","5.25","X","0.00","5.25","10","5.35","10","41.20",
="086371","大聯大凱基51購01","82,000","6","95,750","1.12","1.21","1.12","1.19","+","0.06","1.12","100","1.22","10","67.00",
="086372","永信凱基51購01","0","0","0","--","--","--","--"," ","0.00","1.60","10","1.62","10","56.10",
="086373","瑞智凱基51購01","15,000","2","21,300","1.38","1.44","1.38","1.44","X","0.00","1.40","100","1.42","10","25.05",
="086374","智伸科凱基51購01","44,000","8","171,810","3.73","4.09","3.73","3.90","+","0.31","4.05","10","4.15","10","168.50",
="086375","和碩凱基51購01","91,000","6","69,140","0.76","0.76","0.75","0.75","+","0.01","0.70","100","0.71","10","70.60",
="086376","天鈺凱基51購01","8,000","1","3,120","0.39","0.39","0.39","0.39","X","0.00","0.37","100","0.38","10","178.50",
="086377","豐藝凱基51購01","0","0","0","--","--","--","--"," ","0.00","0.63","10","0.73","10","52.80",
="086378","台郡凱基52購01","14,000","2","26,860","1.91","1.94","1.91","1.94","+","0.01","1.81","10","1.82","10","68.00",
="086379","群電凱基51購01","143,000","9","118,640","0.79","0.86","0.79","0.86","+","0.05","0.81","100","0.83","10","106.50",
="08637P","T50正2群益4B售03","0","0","0","--","--","--","--"," ","0.00","0.06","25","0.07","10","0.00",
="086380","元債2X元富49購01","0","0","0","--","--","--","--"," ","0.00","--","0","0.10","25","7.05",
="086381","穎崴凱基57購01","244,000","9","230,630","0.93","1.03","0.84","1.00","+","0.03","0.96","100","1.06","10","1,250.00",
="086382","勤誠凱基51購03","40,000","5","132,810","3.34","3.36","3.27","3.32","-","0.08","3.27","31","3.37","10","613.00",
="086383","東哥凱基51購01","34,000","6","53,310","1.55","1.61","1.54","1.60","-","0.09","1.56","10","1.61","10","198.00",
="086384","香港2X元富51購02","11,000","1","25,300","2.30","2.30","2.30","2.30","-","0.35","2.16","25","2.26","10","16.40",
="086385","卜蜂元富51購01","26,000","2","35,720","1.37","1.39","1.37","1.39","X","0.00","1.27","25","1.32","25","133.50",
="086386","宏泰元富51購01","103,000","5","146,240","1.42","1.44","1.40","1.44","+","0.02","1.39","25","1.40","25","38.25",
="086387","宏泰元富51購02","14,000","7","20,080","1.46","1.46","1.41","1.45","-","0.04","1.43","25","1.44","25","38.25",
="086388","億泰元富51購01","33,000","5","57,460","1.81","1.81","1.71","1.71","-","0.11","1.71","5","1.81","10","38.70",
="086389","金像電元富54購02","1,000","1","6,700","6.70","6.70","6.70","6.70","+","0.10","6.90","25","7.40","25","486.00",
="08638P","T50正2群益51售02","0","0","0","--","--","--","--"," ","0.00","0.16","25","0.17","10","0.00",
="086390","金像電元富57購01","0","0","0","--","--","--","--"," ","0.00","7.20","25","7.25","25","486.00",
="086391","宏達電元富51購03","20,000","1","112,000","5.60","5.60","5.60","5.60","+","0.50","5.40","25","--","0","66.50",
="086392","宏達電元富51購04","0","0","0","--","--","--","--"," ","0.00","--","0","--","0","66.50",
="086393","宏達電元富51購05","1,000","1","18,000","18.00","18.00","18.00","18.00","X","0.00","9.90","1","--","0","66.50",
="086394","宏達電元富57購01","0","0","0","--","--","--","--"," ","0.00","--","0","--","0","66.50",
="086395","豐達科元富51購01","1,334,000","75","1,367,560","0.81","1.20","0.80","1.20","+","0.37","1.20","10","1.48","1","143.50",
="086396","豐達科元富51購02","288,000","41","419,280","1.25","1.68","1.25","1.68","+","0.53","1.63","25","--","0","143.50",
="086397","智原元富51購05","0","0","0","--","--","--","--"," ","0.00","0.15","25","0.16","25","158.00",
="086398","聯鈞元富51購01","29,000","4","31,340","1.12","1.12","1.01","1.01","-","0.24","1.00","25","1.01","20","202.00",
="086399","聯鈞元富51購02","0","0","0","--","--","--","--"," ","0.00","0.52","25","0.53","25","202.00",
="08639P","臺股指群益4C售05","0","0","0","--","--","--","--"," ","0.00","0.12","499","0.17","3","0.00",
="086400","世芯元富55購03","11,000","2","22,910","2.09","2.09","2.01","2.01","-","0.04","1.98","25","2.00","25","4,000.00",
="086401","神達元富51購03","0","0","0","--","--","--","--"," ","0.00","5.80","25","6.30","10","95.90",
="086402","智伸科元富51購01","14,000","1","58,800","4.20","4.20","4.20","4.20","X","0.00","--","0","--","0","168.50",
="086403","智伸科元富57購01","129,000","20","516,960","3.81","4.37","3.81","4.37","+","0.49","2.36","21","--","0","168.50",
="086404","材料元富51購04","148,000","7","166,840","1.11","1.15","1.11","1.11"," ","0.00","1.09","25","1.10","25","67.70",
="086405","精成科元富51購01","27,000","1","118,530","4.39","4.39","4.39","4.39","+","1.78","4.78","25","--","0","131.00",
="086406","帆宣元富51購01","0","0","0","--","--","--","--"," ","0.00","5.70","25","6.20","10","264.00",
="086407","帆宣元富51購02","0","0","0","--","--","--","--"," ","0.00","4.38","25","4.48","10","264.00",
="086408","和椿元富51購01","0","0","0","--","--","--","--"," ","0.00","2.64","39","--","0","147.00",
="086409","愛普元富51購01","31,000","2","36,560","1.16","1.18","1.16","1.18","X","0.00","1.18","25","1.19","25","305.50",
="08640P","臺股指群益4C售06","0","0","0","--","--","--","--"," ","0.00","0.09","499","0.14","6","0.00",
="086410","帝寶元富51購01","10,000","1","3,500","0.35","0.35","0.35","0.35","X","0.00","0.34","27","0.35","25","146.00",
="086411","富威電元富51購01","0","0","0","--","--","--","--"," ","0.00","0.76","25","0.79","25","91.70",
="086412","勤誠元富51購03","7,000","5","16,610","2.37","2.42","2.35","2.42","+","0.14","2.33","25","2.43","10","613.00",
="086413","勤誠元富51購04","23,000","7","61,480","2.67","2.73","2.64","2.65","-","0.07","2.62","25","2.72","10","613.00",
="086414","潤泰新元富51購01","2,000","1","2,760","1.38","1.38","1.38","1.38","+","0.07","0.31","32","1.91","20","29.60",
="086415","潤泰新元富51購02","44,000","1","53,680","1.22","1.22","1.22","1.22","-","0.13","0.31","32","--","0","29.60",
="086416","A50正2國票54購01","0","0","0","--","--","--","--"," ","0.00","1.96","25","1.97","10","31.56",
="086417","大成國票52購01","0","0","0","--","--","--","--"," ","0.00","0.22","25","0.23","10","53.40",
="086418","卜蜂國票52購01","0","0","0","--","--","--","--"," ","0.00","0.66","25","0.67","10","133.50",
="086419","遠東新國票52購01","30,000","2","16,650","0.55","0.56","0.55","0.56","-","0.02","0.53","25","0.54","10","27.15",
="08641P","台灣50中信51售04","0","0","0","--","--","--","--"," ","0.00","0.19","499","0.20","100","0.00",
="086420","億泰國票53購01","916,000","18","1,699,870","1.94","1.95","1.79","1.79","-","0.09","1.79","25","1.80","10","38.70",
="086421","佳能國票52購01","0","0","0","--","--","--","--"," ","0.00","4.87","25","4.93","10","80.80",
="086422","群光國票53購01","22,000","2","15,400","0.70","0.70","0.70","0.70","X","0.00","0.69","25","0.70","10","137.00",
="086423","台新金國票51購01","417,000","7","544,070","1.30","1.31","1.30","1.31"," ","0.00","1.31","25","1.32","10","16.35",
="086424","豐達科國票53購01","148,000","23","148,410","0.79","1.20","0.79","1.20","+","0.37","1.20","23","1.68","6","143.50",
="086425","華立國票52購01","32,000","7","50,040","1.57","1.58","1.55","1.55","-","0.07","1.55","25","1.56","10","99.40",
="086426","奇鋐國票52購01","0","0","0","--","--","--","--"," ","0.00","6.95","25","7.25","10","1,015.00",
="086427","瑞智國票52購01","16,000","3","13,320","0.81","0.88","0.81","0.88","X","0.00","0.87","25","0.88","10","25.05",
="086428","天鈺國票51購01","3,000","3","2,690","0.91","0.91","0.88","0.88","-","0.02","0.87","25","0.89","10","178.50",
="086429","天鈺國票52購01","0","0","0","--","--","--","--"," ","0.00","0.83","25","0.84","10","178.50",
="08642P","道瓊2X中信53售01","0","0","0","--","--","--","--"," ","0.00","0.51","499","0.52","100","0.00",
="086430","台郡國票52購01","0","0","0","--","--","--","--"," ","0.00","2.80","25","2.83","10","68.00",
="086431","群電國票52購01","9,000","1","4,230","0.47","0.47","0.47","0.47","X","0.00","0.48","25","0.49","10","106.50",
="086432","富威電國票52購01","0","0","0","--","--","--","--"," ","0.00","0.44","25","0.45","10","91.70",
="086433","可寧衛國票52購01","76,000","5","85,260","1.10","1.13","1.10","1.12","+","0.05","1.10","25","1.12","10","199.00",
="086434","億豐國票52購01","0","0","0","--","--","--","--"," ","0.00","2.04","25","2.08","10","450.00",
="086435","統一實國票52購01","0","0","0","--","--","--","--"," ","0.00","0.63","25","0.64","10","18.35",
="086436","世紀鋼國票54購02","37,000","3","36,010","0.99","0.99","0.93","0.95","-","0.08","0.94","25","0.95","10","188.00",
="086437","儒鴻國泰52購01","24,000","2","51,640","2.11","2.21","2.11","2.21","-","0.06","2.20","10","2.21","8","407.50",
="086438","金像電國泰52購01","0","0","0","--","--","--","--"," ","0.00","8.50","499","--","0","486.00",
="086439","金像電國泰52購02","3,000","1","27,450","9.15","9.15","9.15","9.15","+","0.10","9.70","499","9.80","100","486.00",
="08643P","臺股指中信53售06","43,000","2","9,460","0.22","0.22","0.22","0.22","X","0.00","0.23","499","0.24","100","0.00",
="086440","永信國泰52購01","72,000","2","92,280","1.28","1.29","1.28","1.29","X","0.00","1.26","499","1.28","100","56.10",
="086441","和碩國泰52購01","168,000","12","198,140","1.16","1.19","1.16","1.16"," ","0.00","1.14","499","1.15","100","70.60",
="086442","大成統一57購01","0","0","0","--","--","--","--"," ","0.00","0.33","10","0.34","10","53.40",
="086443","卜蜂統一57購01","92,000","3","57,700","0.63","0.64","0.62","0.62","-","0.01","0.61","10","0.62","10","133.50",
="086444","創見統一57購01","77,000","5","61,420","0.80","0.80","0.79","0.79","-","0.01","0.79","10","0.80","10","100.50",
="086445","創見統一57購02","0","0","0","--","--","--","--"," ","0.00","0.53","10","0.54","10","100.50",
="086446","宏達電統一57購01","21,000","4","46,830","2.25","2.25","2.19","2.19","X","0.00","2.19","10","2.20","10","66.50",
="086447","長榮航統一55購03","61,000","3","44,930","0.74","0.74","0.73","0.73","X","0.00","0.70","10","0.71","10","39.05",
="086448","大立光統一67購01","43,000","2","27,520","0.64","0.64","0.64","0.64","-","0.01","0.63","10","0.64","10","2,395.00",
="086449","全漢統一57購01","0","0","0","--","--","--","--"," ","0.00","0.68","10","0.69","10","57.10",
="08644P","台灣50永豐4B售04","10,000","1","3,200","0.32","0.32","0.32","0.32","+","0.02","0.33","10","0.34","10","0.00",
="086450","偉訓統一5B購01","264,000","10","298,380","1.14","1.14","1.10","1.13","-","0.02","1.10","10","1.11","10","110.00",
="086451","文曄統一57購01","63,000","3","36,340","0.57","0.58","0.57","0.58"," ","0.00","0.57","10","0.58","10","123.00",
="086452","文曄統一57購02","53,000","1","24,910","0.47","0.47","0.47","0.47","X","0.00","0.46","10","0.47","10","123.00",
="086453","文曄統一57購03","55,000","1","24,200","0.44","0.44","0.44","0.44","-","0.01","0.44","10","0.45","10","123.00",
="086454","文曄統一59購01","53,000","1","32,330","0.61","0.61","0.61","0.61","X","0.00","0.60","10","0.61","10","123.00",
="086455","新日興統一57購02","328,000","12","334,950","0.94","1.06","0.94","1.06","+","0.19","1.05","10","--","0","259.00",
="086456","華擎統一57購02","21,000","1","12,180","0.58","0.58","0.58","0.58","X","0.00","0.57","10","0.58","10","281.00",
="086457","華擎統一61購01","0","0","0","--","--","--","--"," ","0.00","0.70","10","0.71","10","281.00",
="086458","華擎統一61購02","61,000","1","35,380","0.58","0.58","0.58","0.58"," ","0.00","0.56","10","0.57","10","281.00",
="086459","永信統一59購01","0","0","0","--","--","--","--"," ","0.00","0.76","10","0.77","10","56.10",
="08645P","T50正2凱基51售05","0","0","0","--","--","--","--"," ","0.00","0.19","10","0.20","10","0.00",
="086460","神達統一61購01","527,000","44","637,440","1.18","1.24","1.16","1.19","+","0.11","1.18","12","1.19","10","95.90",
="086461","拓凱統一57購01","80,000","2","59,600","0.74","0.76","0.74","0.76","+","0.02","0.75","10","0.76","10","188.00",
="086462","智伸科統一56購01","0","0","0","--","--","--","--"," ","0.00","1.45","10","1.47","10","168.50",
="086463","智伸科統一57購01","719,000","23","917,100","1.19","1.36","1.19","1.31","+","0.09","1.33","10","1.34","10","168.50",
="086464","智伸科統一57購02","721,000","25","825,620","1.08","1.19","1.08","1.19","+","0.05","1.17","10","1.18","10","168.50",
="086465","智伸科統一61購01","51,000","3","56,150","1.05","1.13","1.05","1.13","+","0.06","1.11","10","1.12","10","168.50",
="086466","智伸科統一61購02","0","0","0","--","--","--","--"," ","0.00","0.87","10","0.88","10","168.50",
="086467","群電統一56購01","208,000","5","110,810","0.52","0.55","0.52","0.55","+","0.02","0.53","10","0.54","10","106.50",
="086468","晶心科統一57購02","0","0","0","--","--","--","--"," ","0.00","0.54","10","0.55","10","283.00",
="086469","晶心科統一57購03","0","0","0","--","--","--","--"," ","0.00","0.42","10","0.43","10","283.00",
="08646P","華碩凱基4B售02","0","0","0","--","--","--","--"," ","0.00","0.61","10","0.71","10","0.00",
="086470","龍德船統一59購01","64,000","10","65,530","1.02","1.07","1.01","1.04","+","0.02","1.00","10","1.01","10","146.00",
="086471","勤誠統一57購01","211,000","13","197,370","0.93","0.94","0.91","0.92","-","0.03","0.92","20","--","0","613.00",
="086472","勤誠統一57購02","242,000","4","201,040","0.84","0.84","0.83","0.83","-","0.02","0.82","10","0.83","10","613.00",
="086473","東哥統一57購01","0","0","0","--","--","--","--"," ","0.00","0.61","10","0.62","10","198.00",
="086474","東哥統一57購02","22,000","1","14,080","0.64","0.64","0.64","0.64","-","0.03","0.63","10","0.64","10","198.00",
="086475","台灣50中信55購02","11,000","3","4,850","0.45","0.45","0.43","0.43","-","0.06","0.42","100","0.43","95","0.00",
="086476","元黃金中信53購02","0","0","0","--","--","--","--"," ","0.00","0.91","499","0.92","100","0.00",
="086477","臺指反中信5A購01","200,000","1","104,000","0.52","0.52","0.52","0.52","X","0.00","0.53","100","0.54","100","0.00",
="086478","卜蜂中信51購01","178,000","3","154,860","0.87","0.89","0.86","0.86","+","0.08","0.78","10","0.83","10","0.00",
="086479","創見中信51購01","43,000","4","32,220","0.76","0.76","0.74","0.75","+","0.01","0.70","10","0.72","10","0.00",
="08647P","元日2X元大53售02","0","0","0","--","--","--","--"," ","0.00","0.54","100","0.55","100","0.00",
="086480","宏達電中信51購01","4,000","3","22,650","5.75","5.75","5.60","5.60","+","0.10","5.75","1","6.20","1","0.00",
="086481","第一金中信51購01","322,000","5","142,460","0.44","0.45","0.44","0.45","+","0.02","0.42","10","0.43","10","0.00",
="086482","新日興中信51購01","426,000","26","698,310","1.47","2.33","1.40","2.12","+","0.56","2.14","499","2.16","10","0.00",
="086483","創意中信52購01","117,000","2","54,990","0.45","0.48","0.45","0.48","-","0.01","0.44","499","0.45","10","0.00",
="086484","大聯大中信52購01","10,000","1","3,000","0.30","0.30","0.30","0.30","X","0.00","0.28","499","0.29","10","0.00",
="086485","T50反1永豐57購01","0","0","0","--","--","--","--"," ","0.00","0.35","10","0.36","10","19.79",
="086486","大成永豐51購01","0","0","0","--","--","--","--"," ","0.00","0.46","499","0.48","10","53.40",
="086487","卜蜂永豐51購01","7,000","1","18,270","2.61","2.61","2.61","2.61","+","0.17","2.34","499","2.44","10","133.50",
="086488","儒鴻永豐51購01","0","0","0","--","--","--","--"," ","0.00","1.40","72","1.50","10","407.50",
="086489","大亞永豐51購01","122,000","6","318,330","2.57","2.75","2.54","2.61","+","0.08","2.55","499","2.56","10","43.00",
="08648P","鴻海元大4B售08","0","0","0","--","--","--","--"," ","0.00","0.01","499","0.11","10","0.00",
="086490","宏泰永豐53購01","56,000","5","204,420","3.68","3.68","3.64","3.64","-","0.07","3.61","499","3.63","10","38.25",
="086491","士紙永豐53購01","0","0","0","--","--","--","--"," ","0.00","1.39","499","1.49","10","53.60",
="086492","南港永豐52購01","0","0","0","--","--","--","--"," ","0.00","1.19","8","--","0","40.95",
="086493","廣宇永豐53購01","0","0","0","--","--","--","--"," ","0.00","10.30","10","10.70","10","60.90",
="086494","精英永豐51購01","217,000","12","198,620","0.88","0.95","0.88","0.92","+","0.05","0.91","10","0.93","10","19.95",
="086495","創見永豐51購01","66,000","5","40,950","0.62","0.63","0.62","0.63","+","0.04","0.59","10","0.61","10","100.50",
="086496","聯發科永豐65購01","69,000","7","254,690","3.73","3.73","3.64","3.64","-","0.12","3.63","10","3.73","10","1,385.00",
="086497","宏達電永豐51購01","0","0","0","--","--","--","--"," ","0.00","6.25","10","7.20","2","66.50",
="086498","宏達電永豐53購01","1,000","1","14,500","14.50","14.50","14.50","14.50","X","0.00","--","0","--","0","66.50",
="086499","國產永豐52購01","10,000","1","6,500","0.65","0.65","0.65","0.65"," ","0.00","0.68","499","0.69","10","37.75",
="08649P","台積電元大4B售17","0","0","0","--","--","--","--"," ","0.00","--","0","0.10","10","0.00",
="086500","長榮太永豐51購01","2,000","2","14,350","7.15","7.20","7.15","7.20","+","0.50","--","0","--","0","180.00",
="086501","偉訓永豐53購01","57,000","4","294,100","5.30","5.30","5.05","5.20","X","0.00","5.10","499","5.30","10","110.00",
="086502","文曄永豐52購01","25,000","1","18,250","0.73","0.73","0.73","0.73","+","0.03","0.70","10","0.72","10","123.00",
="086503","文曄永豐53購01","42,000","2","133,140","3.17","3.17","3.17","3.17","-","0.08","3.11","33","3.21","10","123.00",
="086504","辛耘永豐54購01","31,000","5","35,020","1.10","1.18","1.10","1.18","+","0.08","1.18","10","1.19","10","393.50",
="086505","世芯永豐51購07","6,000","1","15,360","2.56","2.56","2.56","2.56","+","0.23","0.83","12","--","0","4,000.00",
="086506","大聯大永豐51購01","13,000","1","14,950","1.15","1.15","1.15","1.15","X","0.00","1.09","10","1.19","10","67.00",
="086507","永信永豐51購01","0","0","0","--","--","--","--"," ","0.00","0.96","499","0.97","10","56.10",
="086508","瑞智永豐51購01","51,000","7","35,880","0.65","0.77","0.65","0.77","+","0.15","0.76","499","0.77","10","25.05",
="086509","拓凱永豐52購01","150,000","2","196,000","1.30","1.32","1.30","1.32","X","0.00","1.27","10","1.29","10","188.00",
="08650P","亞光元大4B售02","4,000","1","400","0.10","0.10","0.10","0.10","X","0.00","0.11","499","0.12","200","0.00",
="086510","智伸科永豐52購01","0","0","0","--","--","--","--"," ","0.00","1.63","6","--","0","168.50",
="086511","南寶永豐53購01","11,000","2","67,350","6.35","6.35","6.10","6.10","-","0.20","6.50","10","6.65","10","376.00",
="086512","和碩永豐52購01","15,000","2","12,150","0.81","0.81","0.81","0.81","-","0.02","0.80","10","0.81","5","70.60",
="086513","精成科永豐54購01","0","0","0","--","--","--","--"," ","0.00","36.10","499","--","0","131.00",
="086514","台郡永豐53購02","59,000","2","101,480","1.72","1.72","1.72","1.72","-","0.07","1.74","499","1.78","10","68.00",
="086515","群電永豐51購01","101,000","5","97,960","0.96","1.00","0.96","1.00","+","0.07","0.93","499","0.96","10","106.50",
="086516","帝寶永豐53購01","41,000","14","38,860","0.88","0.99","0.88","0.94","+","0.02","0.91","10","0.92","10","146.00",
="086517","可寧衛永豐52購01","72,000","5","89,140","1.23","1.27","1.23","1.27","+","0.04","1.25","10","1.28","10","199.00",
="086518","東哥永豐51購01","30,000","1","27,300","0.91","0.91","0.91","0.91","-","0.06","0.91","10","0.94","10","198.00",
="086519","東哥永豐52購01","45,000","2","37,350","0.83","0.83","0.83","0.83","-","0.05","0.82","10","0.87","10","198.00",
="08651P","臺股指元大4B售20","0","0","0","--","--","--","--"," ","0.00","0.10","499","0.20","10","0.00",
="086520","統一實永豐53購01","27,000","3","52,110","1.93","1.93","1.93","1.93","-","0.12","1.88","54","1.93","10","18.35",
="086521","潤泰新永豐52購01","0","0","0","--","--","--","--"," ","0.00","1.68","499","1.78","10","29.60",
="086522","台灣50元大51購04","28,000","1","54,880","1.96","1.96","1.96","1.96","-","0.15","1.83","100","1.84","10","52.50",
="086523","台灣50元大51購05","574,000","12","1,305,590","2.33","2.33","2.23","2.23","-","0.22","2.18","100","2.19","10","52.50",
="086524","台灣50元大51購06","160,000","4","476,400","3.01","3.01","2.93","2.96","-","0.21","2.91","75","2.93","10","52.50",
="086525","大成元大51購01","251,000","5","74,400","0.29","0.30","0.29","0.30"," ","0.00","0.28","499","0.29","10","53.40",
="086526","卜蜂元大52購01","2,000","2","2,100","1.05","1.05","1.05","1.05","+","0.06","0.98","28","1.02","10","133.50",
="086527","儒鴻元大51購01","271,000","5","127,570","0.48","0.48","0.47","0.48","-","0.02","0.47","499","0.48","10","407.50",
="086528","華城元大51購11","64,000","7","152,200","2.41","2.43","2.33","2.33","-","0.07","2.26","300","2.29","10","618.00",
="086529","中砂元大51購05","1,000","1","1,950","1.95","1.95","1.95","1.95","+","0.11","1.94","25","1.98","10","347.00",
="08652P","旺宏元富4B售01","0","0","0","--","--","--","--"," ","0.00","0.60","25","0.61","25","0.00",
="086530","中砂元大51購06","121,000","6","266,700","2.10","2.38","2.10","2.38","+","0.34","2.21","25","2.25","10","347.00",
="086531","億泰元大51購01","71,000","8","61,520","0.92","0.92","0.85","0.85","-","0.07","0.84","529","0.86","10","38.70",
="086532","宇隆元大51購01","9,000","3","31,340","3.61","3.61","3.40","3.51","+","0.02","3.15","200","3.24","10","262.00",
="086533","台積電元大51購55","0","0","0","--","--","--","--"," ","0.00","0.05","62","--","0","1,160.00",
="086534","金像電元大54購03","17,000","4","103,400","6.05","6.20","6.00","6.20","+","0.15","6.40","100","6.45","10","486.00",
="086535","台光電元大54購04","0","0","0","--","--","--","--"," ","0.00","0.82","12","--","0","1,250.00",
="086536","聯發科元大57購02","0","0","0","--","--","--","--"," ","0.00","--","0","--","0","1,385.00",
="086537","宏達電元大51購01","137,000","8","746,550","5.70","5.85","5.40","5.40","+","0.43","5.40","28","6.95","1","66.50",
="086538","宏達電元大51購02","5,000","1","32,000","6.40","6.40","6.40","6.40","X","0.00","6.20","25","--","0","66.50",
="086539","宏達電元大51購03","70,000","4","387,400","5.65","5.70","5.50","5.50","+","0.05","5.35","25","--","0","66.50",
="08653P","漢唐國票4C售01","0","0","0","--","--","--","--"," ","0.00","--","0","--","0","0.00",
="086540","豐達科元大51購01","1,560,000","44","854,180","0.40","0.99","0.40","0.99","+","0.56","0.80","5","0.90","99","143.50",
="086541","晟銘電元大51購02","155,000","13","131,350","0.90","1.00","0.78","0.78","+","0.01","0.75","499","0.76","10","133.00",
="086542","奇鋐元大51購13","347,000","6","552,110","1.70","1.70","1.50","1.50","-","0.27","1.55","400","1.60","10","1,015.00",
="086543","德律元大51購05","0","0","0","--","--","--","--"," ","0.00","2.43","300","--","0","206.00",
="086544","文曄元大51購01","431,000","6","190,450","0.43","0.45","0.43","0.44","+","0.01","0.43","499","0.44","10","123.00",
="086545","玉晶光元大51購04","91,000","7","241,840","2.59","2.81","2.53","2.81","+","0.18","2.62","300","2.64","10","461.50",
="086546","創意元大51購06","588,000","10","319,150","0.52","0.56","0.51","0.55","+","0.04","0.42","4","--","0","1,350.00",
="086547","創意元大51購07","1,997,000","39","1,341,770","0.65","0.71","0.65","0.67","+","0.02","0.67","2","0.85","10","1,350.00",
="086548","聯鈞元大51購05","365,000","14","294,740","0.89","0.89","0.76","0.76","-","0.16","0.75","499","0.76","10","202.00",
="086549","華擎元大51購03","287,000","3","209,510","0.73","0.73","0.73","0.73","-","0.04","0.71","499","0.72","10","281.00",
="08654P","大立光國票4C售02","0","0","0","--","--","--","--"," ","0.00","0.47","25","0.49","10","0.00",
="086550","華擎元大51購04","320,000","13","300,010","0.98","1.00","0.92","0.94","-","0.08","0.92","499","0.93","10","281.00",
="086551","華擎元大51購05","1,000","1","1,620","1.62","1.62","1.62","1.62","+","0.02","1.53","450","1.55","10","281.00",
="086552","神達元大51購11","260,000","38","3,198,900","8.00","13.70","8.00","12.50","+","2.10","12.50","100","12.60","10","95.90",
="086553","神達元大51購12","51,000","2","321,200","6.30","6.30","6.20","6.20","X","0.00","6.25","150","6.30","10","95.90",
="086554","神達元大51購13","739,000","32","2,213,600","2.82","3.30","2.82","3.02","+","0.39","3.02","296","3.05","10","95.90",
="086555","智伸科元大51購01","6,000","2","14,040","2.34","2.34","2.34","2.34","X","0.00","2.38","25","2.43","10","168.50",
="086556","和碩元大51購01","0","0","0","--","--","--","--"," ","0.00","0.24","25","0.25","10","70.60",
="086557","天鈺元大51購01","389,000","2","150,580","0.40","0.40","0.38","0.38","-","0.02","0.37","499","0.38","10","178.50",
="086558","精成科元大51購07","1,000","1","4,360","4.36","4.36","4.36","4.36","+","1.37","4.53","200","--","0","131.00",
="086559","和椿元大51購01","82,000","15","128,560","1.44","1.63","1.44","1.60","+","0.10","1.57","25","1.60","2","147.00",
="08655P","創意國票4C售01","0","0","0","--","--","--","--"," ","0.00","0.22","25","0.23","10","0.00",
="086560","穎崴元大51購06","2,907,000","26","899,550","0.33","0.36","0.28","0.36"," ","0.00","0.29","62","--","0","1,250.00",
="086561","晶心科元大51購01","759,000","18","577,410","0.82","0.83","0.75","0.75","-","0.08","0.76","499","0.77","10","283.00",
="086562","東哥元大51購01","204,000","8","170,260","0.82","0.84","0.82","0.84","-","0.02","0.82","499","0.85","10","198.00",
="086563","東哥元大51購02","20,000","2","16,600","0.83","0.83","0.83","0.83","-","0.03","0.83","499","0.85","10","198.00",
="086564","世紀鋼元大54購02","791,000","16","773,840","1.02","1.02","0.95","0.97","-","0.06","0.95","499","0.96","10","188.00",
="086565","台灣50群益53購03","0","0","0","--","--","--","--"," ","0.00","1.76","100","1.78","100","52.50",
="086566","卜蜂群益51購01","89,000","8","72,080","0.84","0.85","0.76","0.76","-","0.06","0.76","25","0.83","10","133.50",
="086567","宏泰群益51購01","10,000","1","12,300","1.23","1.23","1.23","1.23","-","0.05","1.22","25","1.24","10","38.25",
="086568","億泰群益51購01","40,000","1","50,400","1.26","1.26","1.26","1.26","X","0.00","1.19","10","1.29","10","38.70",
="086569","億泰群益51購02","50,000","1","58,000","1.16","1.16","1.16","1.16","-","0.06","1.14","10","1.24","10","38.70",
="08656P","嘉澤國票4C售01","0","0","0","--","--","--","--"," ","0.00","0.52","25","0.53","10","0.00",
="086570","第一銅群益51購01","0","0","0","--","--","--","--"," ","0.00","0.93","25","0.94","10","34.50",
="086571","台達電群益51購03","0","0","0","--","--","--","--"," ","0.00","3.81","2","9.50","10","709.00",
="086572","國巨群益53購02","2,000","1","2,100","1.05","1.05","1.05","1.05","+","0.04","0.99","100","1.01","100","137.00",
="086573","仲琦群益51購01","58,000","3","60,500","1.02","1.07","1.02","1.07","+","0.06","1.03","10","1.13","10","23.80",
="086574","聯發科群益57購01","0","0","0","--","--","--","--"," ","0.00","--","0","--","0","1,385.00",
="086575","長榮群益51購03","0","0","0","--","--","--","--"," ","0.00","0.77","10","0.87","10","188.00",
="086576","陽明群益51購03","32,000","1","30,080","0.94","0.94","0.94","0.94","X","0.00","0.84","10","0.94","10","58.80",
="086577","長榮太群益51購01","1,000","1","6,400","6.40","6.40","6.40","6.40","X","0.00","--","0","--","0","180.00",
="086578","豐達科群益51購01","509,000","17","496,630","0.77","1.40","0.77","1.40","+","0.59","1.19","10","1.47","3","143.50",
="086579","欣興群益51購04","216,000","10","659,710","2.81","3.18","2.77","3.14"," ","0.00","2.98","100","3.04","100","150.00",
="08657P","日月光國票4C售02","0","0","0","--","--","--","--"," ","0.00","0.27","25","0.28","10","0.00",
="086580","台灣大群益51購01","0","0","0","--","--","--","--"," ","0.00","0.47","100","0.48","100","106.00",
="086581","緯創群益51購04","147,000","10","179,190","1.17","1.24","1.17","1.24","+","0.01","0.34","29","--","0","115.00",
="086582","新日興群益51購01","186,000","25","865,940","4.41","5.65","4.34","5.60","+","1.12","1.80","27","5.80","2","259.00",
="086583","玉晶光群益51購01","75,000","8","120,480","1.58","1.63","1.58","1.58","-","0.05","1.60","10","1.70","10","461.50",
="086584","創意群益51購04","730,000","25","821,000","1.12","1.20","1.09","1.13","+","0.01","0.98","20","--","0","1,350.00",
="086585","晶睿群益53購01","0","0","0","--","--","--","--"," ","0.00","0.57","50","0.58","10","99.50",
="086586","華擎群益53購01","0","0","0","--","--","--","--"," ","0.00","0.66","100","0.67","100","281.00",
="086587","世芯群益51購05","0","0","0","--","--","--","--"," ","0.00","5.40","10","5.90","10","4,000.00",
="086588","正文群益51購01","6,000","2","8,010","1.35","1.35","1.32","1.32","-","0.49","1.34","10","1.44","10","26.00",
="086589","豐藝群益51購01","32,000","1","11,520","0.36","0.36","0.36","0.36","+","0.02","0.11","90","--","0","52.80",
="08658P","富世達國票4C售01","0","0","0","--","--","--","--"," ","0.00","0.01","524","0.05","10","0.00",
="086590","和椿群益51購01","0","0","0","--","--","--","--"," ","0.00","2.62","10","2.72","10","147.00",
="086591","和椿群益52購01","10,000","2","21,300","2.13","2.13","2.13","2.13","X","0.00","2.15","100","2.25","50","147.00",
="086593","台郡群益51購01","258,000","9","251,380","0.97","1.00","0.95","0.95","+","0.02","0.89","10","0.99","10","68.00",
="086594","群電群益51購01","0","0","0","--","--","--","--"," ","0.00","0.01","499","--","0","106.50",
="086595","緯穎群益51購01","0","0","0","--","--","--","--"," ","0.00","5.00","10","5.50","10","2,975.00",
="086596","東哥群益51購01","0","0","0","--","--","--","--"," ","0.00","0.95","10","1.05","10","198.00",
="086597","東哥群益51購02","128,000","3","105,960","0.82","0.84","0.82","0.82","-","0.09","0.82","10","0.92","10","198.00",
="086598","統一實群益51購01","0","0","0","--","--","--","--"," ","0.00","0.67","10","0.77","10","18.35",
="086599","潤泰新群益51購01","32,000","1","27,520","0.86","0.86","0.86","0.86","-","0.01","0.23","43","--","0","29.60",
="08659P","羅昇國票4C售01","0","0","0","--","--","--","--"," ","0.00","0.18","25","0.19","10","0.00",
="086600","奇鋐中信51購02","44,000","6","170,740","4.09","4.09","3.50","3.50","-","0.64","3.66","499","3.74","10","0.00",
="086601","元黃金永豐52購01","0","0","0","--","--","--","--"," ","0.00","0.54","499","0.55","10","37.00",
="086602","華城永豐53購02","10,000","1","16,700","1.67","1.67","1.67","1.67","-","0.01","1.57","10","1.58","10","618.00",
="086603","中工永豐53購01","0","0","0","--","--","--","--"," ","0.00","1.19","10","1.21","10","11.25",
="086604","華固永豐52購01","102,000","7","118,010","1.08","1.21","1.08","1.21","X","0.00","1.21","10","1.23","10","103.00",
="086605","零壹永豐51購01","69,000","4","86,400","1.25","1.27","1.24","1.26","+","0.08","1.19","10","1.22","10","126.50",
="086606","創意永豐54購03","104,000","7","983,900","8.85","9.65","8.85","9.25","+","0.35","9.00","5","--","0","1,350.00",
="086607","神達永豐53購03","0","0","0","--","--","--","--"," ","0.00","7.90","499","8.15","10","95.90",
="086608","矽創永豐52購01","64,000","6","91,500","1.38","1.44","1.38","1.44","+","0.07","1.43","499","1.46","10","211.50",
="086609","鴻海兆豐57購01","15,000","7","40,110","2.69","2.69","2.66","2.69","-","0.12","2.68","10","2.69","10","206.00",
="08660P","FBNQ2X國票4B售03","0","0","0","--","--","--","--"," ","0.00","0.24","25","0.25","10","0.00",
="086610","國巨兆豐53購01","22,000","3","35,620","1.66","1.66","1.57","1.57","X","0.00","1.57","10","1.58","10","137.00",
="086611","聯鈞兆豐53購01","158,000","6","115,950","0.78","0.78","0.71","0.71","-","0.12","0.70","10","0.71","10","202.00",
="086612","日月光兆豐54購01","0","0","0","--","--","--","--"," ","0.00","0.82","10","0.83","10","147.50",
="086613","愛普兆豐51購01","53,000","6","44,400","0.80","0.84","0.80","0.84","-","0.01","0.83","10","0.84","10","305.50",
="086614","鴻海群益51購08","3,000","2","11,530","3.85","3.85","3.84","3.84","-","0.22","3.85","100","3.91","100","206.00",
="086615","智邦群益53購02","0","0","0","--","--","--","--"," ","0.00","1.38","5","1.41","10","984.00",
="086616","宏達電群益51購01","0","0","0","--","--","--","--"," ","0.00","4.33","2","--","0","66.50",
="086617","宏達電群益52購01","0","0","0","--","--","--","--"," ","0.00","6.40","100","--","0","66.50",
="086618","晟銘電群益52購03","607,000","9","771,490","1.40","1.40","1.13","1.16","-","0.05","1.14","100","1.16","99","133.00",
="086619","文曄群益51購01","179,000","9","121,520","0.67","0.71","0.67","0.68","-","0.03","0.21","238","1.50","110","123.00",
="08661P","中砂國票4C售02","0","0","0","--","--","--","--"," ","0.00","0.02","25","0.05","10","0.00",
="086620","文曄群益52購01","108,000","3","63,600","0.58","0.61","0.58","0.61","+","0.01","0.19","52","--","0","123.00",
="086621","世芯群益51購06","42,000","3","227,000","5.70","5.70","5.30","5.30","-","0.20","5.30","10","5.80","10","4,000.00",
="086622","智伸科群益51購01","328,000","23","1,148,130","3.10","3.82","3.10","3.63","+","0.43","1.37","36","4.50","1","168.50",
="086623","和碩群益51購02","0","0","0","--","--","--","--"," ","0.00","0.60","10","0.70","10","70.60",
="086624","穎崴群益53購04","235,000","3","73,050","0.33","0.33","0.31","0.31","-","0.04","0.35","30","--","0","1,250.00",
="086625","愛普群益51購03","1,000","1","1,410","1.41","1.41","1.41","1.41","X","0.00","1.43","100","1.44","100","305.50",
="086626","勤誠群益51購03","53,000","2","118,750","2.24","2.25","2.24","2.25","-","0.08","0.83","12","--","0","613.00",
="086627","鴻海富邦51購06","0","0","0","--","--","--","--"," ","0.00","2.27","30","2.34","10","0.00",
="086628","鴻海富邦53購02","0","0","0","--","--","--","--"," ","0.00","2.03","30","2.07","10","0.00",
="086629","欣興富邦51購01","60,000","7","116,400","1.95","1.95","1.89","1.95","-","0.11","2.01","10","2.06","10","0.00",
="08662P","長榮國票4C售03","0","0","0","--","--","--","--"," ","0.00","0.59","25","0.60","10","0.00",
="086630","辛耘富邦52購01","314,000","29","256,560","0.79","0.89","0.76","0.89","+","0.09","0.88","30","0.89","19","0.00",
="086631","智伸科富邦53購01","0","0","0","--","--","--","--"," ","0.00","2.26","10","2.36","10","0.00",
="086632","宏達電台新51購01","0","0","0","--","--","--","--"," ","0.00","11.00","20","--","0","0.00",
="086633","上証2X凱基51購03","122,000","6","419,650","3.13","3.56","3.13","3.32","-","0.90","3.13","10","3.14","50","45.30",
="086634","華城凱基51購06","0","0","0","--","--","--","--"," ","0.00","3.68","100","3.74","10","618.00",
="086635","中砂凱基55購02","12,000","2","22,300","1.80","1.94","1.80","1.94","+","0.16","1.89","100","1.90","10","347.00",
="086636","宇隆凱基51購01","0","0","0","--","--","--","--"," ","0.00","4.49","100","4.59","10","262.00",
="086637","金像電凱基55購01","0","0","0","--","--","--","--"," ","0.00","4.15","100","4.25","10","486.00",
="086638","台光電凱基55購01","10,000","1","40,000","4.00","4.00","4.00","4.00","-","0.33","4.16","100","4.22","10","1,250.00",
="086639","億光凱基51購01","144,000","8","182,380","1.23","1.29","1.23","1.25","-","0.01","1.25","10","1.26","10","68.30",
="08663P","信邦國票4C售01","0","0","0","--","--","--","--"," ","0.00","0.38","25","0.40","10","0.00",
="086640","長榮凱基51購10","0","0","0","--","--","--","--"," ","0.00","0.39","100","0.40","10","188.00",
="086641","陽明凱基52購02","44,000","3","44,520","0.96","1.03","0.96","1.03","+","0.01","0.35","28","0.97","10","58.80",
="086642","台新金凱基51購01","380,000","8","524,360","1.33","1.39","1.33","1.38","+","0.03","1.38","73","1.40","10","16.35",
="086643","奇鋐凱基52購01","0","0","0","--","--","--","--"," ","0.00","7.10","100","7.60","10","1,015.00",
="086644","欣興凱基52購03","277,000","22","828,410","2.88","3.04","2.85","2.96","-","0.07","2.92","35","2.96","10","150.00",
="086645","新日興凱基51購02","68,000","8","196,130","2.47","3.24","2.39","3.09","+","0.61","3.01","100","3.11","10","259.00",
="086646","聯鈞凱基52購05","22,000","1","31,680","1.44","1.44","1.44","1.44","-","0.08","1.30","100","1.31","10","202.00",
="086647","世芯凱基55購02","140,000","13","635,980","4.64","4.64","4.45","4.48","-","0.16","4.42","23","4.45","10","4,000.00",
="086648","神達凱基52購01","142,000","22","849,500","5.65","6.45","5.60","5.95","+","0.95","5.95","17","6.00","10","95.90",
="086649","日月光凱基51購01","11,000","1","10,010","0.91","0.91","0.91","0.91","-","0.10","0.89","100","0.90","10","147.50",
="08664P","矽創國票4C售01","0","0","0","--","--","--","--"," ","0.00","0.37","25","0.38","10","0.00",
="086650","精成科凱基51購04","58,000","7","240,960","4.13","4.50","3.88","4.50","+","1.30","4.41","31","5.50","2","131.00",
="086651","啟碁凱基51購02","47,000","9","57,560","1.24","1.26","1.19","1.19","-","0.05","1.14","100","1.19","8","127.00",
="086652","AES凱基52購01","668,000","32","1,599,180","2.20","2.52","2.20","2.44","+","0.38","2.41","100","2.44","10","1,350.00",
="086653","可寧衛凱基52購01","88,000","4","84,760","0.95","0.97","0.95","0.97","+","0.02","0.98","10","0.99","10","199.00",
="086654","億豐凱基52購01","158,000","5","335,160","2.14","2.15","2.09","2.09","-","0.05","2.08","100","2.09","10","450.00",
="086655","東哥凱基52購01","0","0","0","--","--","--","--"," ","0.00","1.09","10","1.12","10","198.00",
="086656","東哥凱基52購02","0","0","0","--","--","--","--"," ","0.00","1.12","10","1.15","10","198.00",
="086657","統一實凱基52購01","0","0","0","--","--","--","--"," ","0.00","0.89","10","0.91","10","18.35",
="086658","中砂統一57購01","0","0","0","--","--","--","--"," ","0.00","0.65","10","0.66","10","347.00",
="086659","喬山統一54購02","0","0","0","--","--","--","--"," ","0.00","0.39","10","0.40","10","146.00",
="08665P","大立光群益53售01","0","0","0","--","--","--","--"," ","0.00","0.18","10","--","0","0.00",
="086660","台積電統一67購01","0","0","0","--","--","--","--"," ","0.00","0.69","10","0.70","10","1,160.00",
="086661","智邦統一55購02","0","0","0","--","--","--","--"," ","0.00","1.36","10","1.39","10","984.00",
="086662","鴻準統一57購02","158,000","6","134,360","0.83","0.86","0.83","0.83","-","0.01","0.82","13","0.83","10","71.70",
="086663","宏達電統一57購02","32,000","6","76,310","2.25","2.40","2.25","2.26","X","0.00","2.39","10","2.40","10","66.50",
="086664","長榮航統一57購01","195,000","4","125,920","0.67","0.67","0.64","0.64","+","0.01","0.62","10","0.63","10","39.05",
="086665","奇鋐統一57購01","1,076,000","33","1,269,390","1.23","1.24","1.11","1.16","-","0.10","0.84","23","1.16","20","1,015.00",
="086666","偉訓統一55購01","243,000","7","313,140","1.27","1.31","1.25","1.25","-","0.08","1.24","10","1.26","10","110.00",
="086667","文曄統一55購01","177,000","5","89,340","0.50","0.53","0.50","0.53","+","0.01","0.51","10","0.52","10","123.00",
="086668","新日興統一57購03","387,000","7","416,650","0.97","1.14","0.97","1.12","+","0.20","1.10","10","1.11","10","259.00",
="086669","華擎統一57購03","0","0","0","--","--","--","--"," ","0.00","0.50","10","0.51","10","281.00",
="08666P","光聖群益4B售01","2,000","1","700","0.35","0.35","0.35","0.35","X","0.00","0.01","5","0.29","21","0.00",
="086670","世芯統一55購03","10,000","1","11,900","1.19","1.19","1.19","1.19","+","0.03","1.17","10","1.18","10","4,000.00",
="086671","世芯統一58購03","0","0","0","--","--","--","--"," ","0.00","1.06","10","1.07","10","4,000.00",
="086672","神達統一57購01","0","0","0","--","--","--","--"," ","0.00","1.45","10","1.46","10","95.90",
="086673","智伸科統一55購01","461,000","20","681,740","1.37","1.57","1.37","1.53","+","0.08","1.53","10","1.54","10","168.50",
="086674","精成科統一55購03","803,000","16","1,423,830","1.68","1.86","1.68","1.86","+","0.40","1.85","30","1.94","1","131.00",
="086675","台郡統一57購01","18,000","1","14,580","0.81","0.81","0.81","0.81","-","0.01","0.78","10","0.79","10","68.00",
="086676","矽力統一57購01","0","0","0","--","--","--","--"," ","0.00","0.45","10","0.46","10","317.00",
="086677","晶心科統一55購03","137,000","5","92,950","0.69","0.69","0.66","0.66","-","0.03","0.66","10","0.67","10","283.00",
="086678","緯穎統一58購01","0","0","0","--","--","--","--"," ","0.00","0.94","10","0.95","10","2,975.00",
="086679","至上統一57購01","10,000","1","5,800","0.58","0.58","0.58","0.58","+","0.02","0.57","10","0.58","10","44.35",
="08667P","元日2X凱基52售01","0","0","0","--","--","--","--"," ","0.00","0.81","100","0.82","50","0.00",
="086680","勤誠統一54購02","875,000","24","1,141,330","1.32","1.33","1.26","1.31","-","0.03","1.29","10","1.30","10","613.00",
="086681","東哥統一56購01","26,000","1","14,300","0.55","0.55","0.55","0.55","-","0.02","0.53","10","0.54","10","198.00",
="086682","潤泰新統一57購01","60,000","3","34,350","0.56","0.59","0.56","0.56"," ","0.00","0.55","10","0.57","10","29.60",
="086683","台灣50元富51購01","0","0","0","--","--","--","--"," ","0.00","6.95","25","7.00","25","52.50",
="086684","台灣50元富51購02","0","0","0","--","--","--","--"," ","0.00","6.15","25","6.20","25","52.50",
="086685","聚陽元富51購01","26,000","1","50,960","1.96","1.96","1.96","1.96"," ","0.00","1.98","25","1.99","25","265.00",
="086686","富邦金元富51購01","0","0","0","--","--","--","--"," ","0.00","1.72","25","1.82","10","85.20",
="086687","聯鈞元富54購01","60,000","8","71,400","1.23","1.23","1.12","1.12","-","0.16","1.10","25","1.11","25","202.00",
="086688","華擎元富51購01","0","0","0","--","--","--","--"," ","0.00","1.02","25","1.03","25","281.00",
="086689","世芯元富51購09","10,000","9","114,200","11.50","11.70","11.20","11.20","-","0.50","11.00","25","11.10","25","4,000.00",
="08668P","川湖凱基4B售03","0","0","0","--","--","--","--"," ","0.00","0.01","100","0.11","22","0.00",
="086690","神達元富52購01","102,000","2","754,400","7.20","7.40","7.20","7.40","+","1.35","7.30","25","7.80","10","95.90",
="086691","精成科元富51購02","0","0","0","--","--","--","--"," ","0.00","3.61","25","--","0","131.00",
="086692","精成科元富57購01","7,000","1","34,650","4.95","4.95","4.95","4.95","+","1.20","5.15","25","--","0","131.00",
="086693","緯穎元富51購06","41,000","7","416,500","10.20","10.20","10.10","10.10","-","0.20","10.00","25","10.10","25","2,975.00",
="086694","東哥元富51購01","27,000","1","34,020","1.26","1.26","1.26","1.26","-","0.05","1.28","25","1.31","25","198.00",
="086695","儒鴻國票51購01","138,000","13","253,950","1.87","1.89","1.80","1.88","-","0.05","1.88","5","1.90","10","407.50",
="086696","聚陽國票52購02","0","0","0","--","--","--","--"," ","0.00","1.51","25","1.52","10","265.00",
="086697","士紙國票51購01","0","0","0","--","--","--","--"," ","0.00","1.12","25","1.14","10","53.60",
="086698","佳能國票52購02","0","0","0","--","--","--","--"," ","0.00","4.06","25","4.16","10","80.80",
="086699","仲琦國票51購01","316,000","8","354,020","1.14","1.14","1.07","1.14","+","0.05","1.12","25","--","0","23.80",
="08669P","台積電凱基51售11","20,000","1","8,600","0.43","0.43","0.43","0.43","+","0.02","0.45","100","0.46","10","0.00",
="086700","宏達電國票51購02","0","0","0","--","--","--","--"," ","0.00","12.70","25","13.70","10","66.50",
="086701","宏達電國票52購01","4,000","1","52,400","13.10","13.10","13.10","13.10","X","0.00","12.50","25","12.70","10","66.50",
="086702","宏達電國票53購01","0","0","0","--","--","--","--"," ","0.00","11.50","25","--","0","66.50",
="086703","長榮國票55購01","0","0","0","--","--","--","--"," ","0.00","0.71","25","0.72","10","188.00",
="086704","智原國票53購01","0","0","0","--","--","--","--"," ","0.00","0.32","25","0.33","10","158.00",
="086705","永信國票52購01","0","0","0","--","--","--","--"," ","0.00","0.67","25","0.68","10","56.10",
="086706","和椿國票51購01","0","0","0","--","--","--","--"," ","0.00","3.35","25","3.45","10","147.00",
="086707","和椿國票51購02","0","0","0","--","--","--","--"," ","0.00","3.45","25","3.55","10","147.00",
="086708","和椿國票52購02","1,000","1","3,170","3.17","3.17","3.17","3.17","X","0.00","3.20","25","3.30","10","147.00",
="086709","和椿國票53購01","85,000","13","253,570","2.90","3.12","2.86","2.99","+","0.11","3.02","5","3.09","10","147.00",
="08670P","萬海凱基4B售02","5,000","1","3,550","0.71","0.71","0.71","0.71","X","0.00","0.78","10","0.79","10","0.00",
="086710","東哥國票51購03","0","0","0","--","--","--","--"," ","0.00","1.47","25","1.50","10","198.00",
="086711","東哥國票53購01","0","0","0","--","--","--","--"," ","0.00","1.77","25","1.78","10","198.00",
="086712","東哥國票54購01","0","0","0","--","--","--","--"," ","0.00","1.81","25","1.82","10","198.00",
="086713","東哥國票55購01","0","0","0","--","--","--","--"," ","0.00","1.77","25","1.78","10","198.00",
="086714","元黃金國泰52購01","0","0","0","--","--","--","--"," ","0.00","1.82","499","1.83","100","37.00",
="086715","台泥國泰52購01","5,000","1","3,600","0.72","0.72","0.72","0.72","X","0.00","0.69","499","0.71","499","22.80",
="086716","士電國泰52購01","39,000","4","374,650","9.55","9.80","9.45","9.50","+","1.05","9.35","499","9.45","100","187.50",
="086717","台積電國泰52購02","30,000","2","33,900","1.13","1.13","1.13","1.13","-","0.13","1.10","499","1.13","469","1,160.00",
="086718","智原國泰52購01","0","0","0","--","--","--","--"," ","0.00","0.51","499","0.52","100","158.00",
="086719","鴻海元富49購01","8,000","1","14,160","1.77","1.77","1.77","1.77","-","0.24","1.81","25","1.84","25","206.00",
="08671P","世芯凱基51售05","0","0","0","--","--","--","--"," ","0.00","0.13","10","0.14","50","0.00",
="086720","精成科國泰52購01","22,000","2","121,450","5.50","5.95","5.50","5.95","X","0.00","5.95","498","--","0","131.00",
="086721","緯穎國泰52購02","0","0","0","--","--","--","--"," ","0.00","3.52","499","3.58","10","2,975.00",
="086722","T50反1元大51購04","0","0","0","--","--","--","--"," ","0.00","0.24","499","0.25","10","19.79",
="086723","T50反1元大53購02","0","0","0","--","--","--","--"," ","0.00","0.30","100","0.31","10","19.79",
="086724","元石油元大52購01","30,000","1","26,100","0.87","0.87","0.87","0.87","X","0.00","0.87","250","0.88","100","16.26",
="086725","臺指反元大52購02","0","0","0","--","--","--","--"," ","0.00","0.10","499","0.11","10","3.20",
="086726","臺指反元大55購01","0","0","0","--","--","--","--"," ","0.00","0.17","100","0.18","10","3.20",
="086727","元金2X元大51購02","5,000","1","3,000","0.60","0.60","0.60","0.60","+","0.01","0.60","250","0.61","100","58.65",
="086728","士電元大52購01","0","0","0","--","--","--","--"," ","0.00","1.46","499","1.49","10","187.50",
="086729","中砂元大51購07","113,000","8","250,620","2.19","2.31","2.16","2.30","+","0.12","2.28","25","2.33","10","347.00",
="08672P","台積電元富4B售12","0","0","0","--","--","--","--"," ","0.00","0.15","25","0.16","25","0.00",
="086730","光寶科元大51購01","270,000","8","292,580","1.08","1.10","1.06","1.08","-","0.07","1.04","25","1.07","10","130.00",
="086731","台達電元大51購02","0","0","0","--","--","--","--"," ","0.00","13.30","50","13.40","10","709.00",
="086732","台達電元大51購03","1,000","1","13,000","13.00","13.00","13.00","13.00","+","0.90","12.80","10","12.90","10","709.00",
="086733","鴻海元大51購17","23,000","1","49,220","2.14","2.14","2.14","2.14","X","0.00","2.12","350","2.15","10","206.00",
="086734","台積電元大52購09","0","0","0","--","--","--","--"," ","0.00","0.09","111","--","0","1,160.00",
="086735","智邦元大55購01","101,000","8","347,960","3.36","3.52","3.36","3.45","-","0.04","3.39","200","3.41","10","984.00",
="086736","技嘉元大52購01","47,000","6","171,750","3.65","3.67","3.65","3.65","-","0.13","3.52","25","3.55","10","281.00",
="086737","台光電元大55購02","18,000","3","28,640","1.63","1.63","1.56","1.56","-","0.07","1.50","10","--","0","1,250.00",
="086738","漢唐元大51購04","0","0","0","--","--","--","--"," ","0.00","8.40","100","--","0","1,190.00",
="086739","友達元大52購01","4,000","4","2,520","0.63","0.63","0.63","0.63","+","0.03","0.64","499","0.66","10","13.05",
="08673P","台灣50中信55售01","0","0","0","--","--","--","--"," ","0.00","0.86","499","0.87","100","0.00",
="086740","長榮元大51購23","29,000","2","25,310","0.87","0.89","0.87","0.89","X","0.00","0.76","499","0.79","10","188.00",
="086741","萬海元大52購02","167,000","3","145,510","0.86","0.88","0.86","0.87","+","0.02","0.82","499","0.83","10","84.10",
="086742","神基元大51購01","344,000","24","882,890","2.48","3.09","2.33","2.70","+","0.53","2.68","350","2.74","10","157.00",
="086743","晟銘電元大51購03","70,000","1","35,700","0.51","0.51","0.51","0.51","X","0.00","0.50","499","0.51","10","133.00",
="086744","晟銘電元大51購04","206,000","11","134,360","0.70","0.72","0.62","0.62","-","0.02","0.61","499","0.62","10","133.00",
="086745","奇鋐元大51購14","107,000","8","408,210","4.05","4.05","3.45","3.45","-","0.80","3.67","200","3.76","10","1,015.00",
="086746","亞光元大55購01","116,000","4","222,680","1.88","1.98","1.88","1.92","-","0.05","1.80","25","1.83","10","164.00",
="086747","健鼎元大51購01","169,000","15","542,290","3.23","3.30","3.14","3.17","-","0.24","3.02","200","3.05","10","318.00",
="086748","健鼎元大51購02","0","0","0","--","--","--","--"," ","0.00","3.36","200","3.43","10","318.00",
="086749","緯創元大52購03","0","0","0","--","--","--","--"," ","0.00","0.85","499","--","0","115.00",
="08674P","臺股指中信53售08","0","0","0","--","--","--","--"," ","0.00","0.27","499","0.28","101","0.00",
="086750","新日興元大52購01","12,000","2","28,240","2.23","2.60","2.23","2.60","X","0.00","--","0","--","0","259.00",
="086751","玉晶光元大51購05","648,000","23","840,860","1.31","1.38","1.26","1.35","-","0.03","1.32","499","1.33","10","461.50",
="086752","創意元大51購09","797,000","6","472,840","0.58","0.65","0.58","0.65","+","0.07","0.65","20","--","0","1,350.00",
="086753","創意元大52購01","1,000","1","610","0.61","0.61","0.61","0.61","+","0.03","0.01","499","0.65","30","1,350.00",
="086754","聯鈞元大51購06","196,000","4","184,040","1.05","1.05","0.93","0.94","-","0.16","0.91","499","0.92","10","202.00",
="086755","牧德元大51購03","393,000","12","364,970","0.87","0.98","0.87","0.98","+","0.16","0.99","499","1.00","10","594.00",
="086756","宏致元大51購01","11,000","2","38,590","3.50","3.59","3.50","3.59","+","0.04","3.27","200","3.29","10","73.90",
="086757","達邁元大51購01","177,000","20","502,500","2.94","2.98","2.67","2.68","-","0.36","2.67","250","2.69","10","73.80",
="086758","世芯元大52購08","41,000","8","184,620","4.53","4.53","4.35","4.37","-","0.19","4.30","150","4.35","10","4,000.00",
="086759","日月光元大51購02","0","0","0","--","--","--","--"," ","0.00","0.52","499","0.53","10","147.50",
="08675P","川湖元大4B售04","0","0","0","--","--","--","--"," ","0.00","0.02","499","0.12","10","0.00",
="086760","精銳元大51購03","267,000","12","216,060","0.79","0.86","0.76","0.84","+","0.12","0.82","499","0.83","10","776.00",
="086761","邁達特元大51購01","30,000","2","34,900","1.19","1.19","1.15","1.15","-","0.06","1.10","499","1.11","10","55.50",
="086762","邁達特元大51購02","13,000","8","19,850","1.56","1.57","1.50","1.51","-","0.07","1.48","499","1.49","10","55.50",
="086763","精成科元大52購01","58,000","6","366,200","6.55","6.55","6.05","6.55","+","2.12","6.55","50","--","0","131.00",
="086764","帆宣元大51購01","79,000","6","275,210","3.54","3.54","3.37","3.37","+","0.01","3.37","20","3.42","10","264.00",
="086765","愛普元大51購02","395,000","11","366,510","0.93","1.01","0.88","1.01","+","0.03","0.98","499","1.01","10","305.50",
="086766","緯穎元大55購01","240,000","1","297,600","1.24","1.24","1.24","1.24","-","0.01","1.22","25","1.23","10","2,975.00",
="086767","洋基元大51購01","70,000","9","328,700","5.20","5.20","4.48","4.48","-","0.82","4.26","150","4.29","10","476.00",
="086768","勤誠元大51購02","16,000","3","39,540","2.46","2.52","2.46","2.52","X","0.00","2.44","25","2.47","10","613.00",
="086769","東哥元大51購03","398,000","8","262,040","0.64","0.67","0.64","0.65","-","0.05","0.64","499","0.67","10","198.00",
="08676P","鴻海元大4B售09","0","0","0","--","--","--","--"," ","0.00","--","0","0.10","10","0.00",
="086770","世紀鋼元大51購04","0","0","0","--","--","--","--"," ","0.00","0.53","499","0.54","10","188.00",
="086771","台灣50永豐53購04","60,000","5","94,800","1.60","1.60","1.55","1.55","-","0.10","1.51","10","1.52","10","52.50",
="086772","台達電永豐53購01","0","0","0","--","--","--","--"," ","0.00","4.87","499","4.97","10","709.00",
="086773","智邦永豐52購02","66,000","12","209,020","3.07","3.23","3.02","3.23","+","0.05","3.05","499","3.06","10","984.00",
="086774","智邦永豐52購03","4,000","4","94,400","23.60","24.20","23.00","24.20","+","0.10","23.50","499","23.60","10","984.00",
="086775","聯強永豐51購01","26,000","10","42,530","1.68","1.85","1.31","1.85","+","1.12","1.64","11","--","0","65.50",
="086776","台光電永豐54購01","0","0","0","--","--","--","--"," ","0.00","1.43","499","1.51","10","1,250.00",
="086777","美律永豐53購01","0","0","0","--","--","--","--"," ","0.00","10.80","499","11.30","10","107.50",
="086778","志聖永豐51購01","30,000","7","62,250","1.86","2.15","1.86","2.00","+","0.36","1.74","10","1.79","10","201.50",
="086779","奇鋐永豐51購04","36,000","3","143,420","4.15","4.15","3.92","3.92","-","0.47","3.86","26","3.96","10","1,015.00",
="08677P","台積電元大4C售17","0","0","0","--","--","--","--"," ","0.00","--","0","--","0","0.00",
="086780","欣興永豐51購03","20,000","5","21,150","0.99","1.13","0.99","1.06","-","0.04","1.04","10","1.06","10","150.00",
="086781","碩天永豐51購01","77,000","3","42,350","0.55","0.55","0.55","0.55","-","0.01","0.54","10","0.55","10","225.50",
="086782","定穎控永豐53購01","0","0","0","--","--","--","--"," ","0.00","8.45","499","8.75","10","106.00",
="086783","亞翔永豐53購01","120,000","4","251,000","2.09","2.12","2.06","2.06","-","0.22","2.06","10","2.07","10","349.50",
="086784","穎崴永豐51購03","430,000","4","209,100","0.57","0.57","0.48","0.48","-","0.05","0.19","52","--","0","1,250.00",
="086785","力積電永豐52購01","66,000","5","35,000","0.53","0.55","0.53","0.55","+","0.01","0.54","1","0.55","9","16.05",
="086786","昇陽半永豐52購02","0","0","0","--","--","--","--"," ","0.00","0.99","10","1.00","10","152.50",
="086787","台虹永豐52購01","33,000","4","78,980","2.43","2.43","2.36","2.36","-","0.03","2.36","2","2.38","10","51.80",
="086788","南電永豐53購01","0","0","0","--","--","--","--"," ","0.00","4.74","499","--","0","226.00",
="086789","世紀鋼永豐53購05","0","0","0","--","--","--","--"," ","0.00","0.48","499","0.49","10","188.00",
="08678P","聯發科元大4B售10","0","0","0","--","--","--","--"," ","0.00","0.01","499","--","0","0.00",
="086790","世芯第一57購02","7,000","4","20,230","2.95","2.95","2.82","2.82","-","0.06","2.80","10","2.82","10","0.00",
="086791","T50反1凱基54購04","2,000","1","1,800","0.90","0.90","0.90","0.90","X","0.00","0.92","100","0.93","10","19.79",
="086792","士電凱基54購01","21,000","1","35,490","1.69","1.69","1.69","1.69","+","0.25","1.58","100","1.59","10","187.50",
="086793","美時凱基52購01","61,000","2","36,600","0.60","0.60","0.60","0.60","-","0.01","0.56","100","0.57","10","193.50",
="086794","台達電凱基51購02","17,000","4","210,700","12.70","12.70","12.30","12.30","-","1.20","12.40","10","13.40","10","709.00",
="086795","鴻海凱基52購03","4,000","2","16,280","4.03","4.11","4.03","4.11","X","0.00","4.05","100","4.11","10","206.00",
="086796","智邦凱基55購01","17,000","4","60,900","3.54","3.72","3.54","3.72","+","0.03","3.60","100","3.61","10","984.00",
="086797","聯強凱基51購01","18,000","2","36,000","2.00","2.00","2.00","2.00","+","1.07","2.00","33","--","0","65.50",
="086798","微星凱基54購01","9,000","1","6,840","0.76","0.76","0.76","0.76","-","0.06","0.76","100","0.78","10","136.50",
="086799","友達凱基51購02","547,000","26","543,030","0.95","1.03","0.95","1.03","+","0.11","1.01","100","1.03","10","13.05",
="08679P","萬海元大4B售03","10,000","1","5,400","0.54","0.54","0.54","0.54","-","0.06","0.57","499","0.58","200","0.00",
="086800","創見凱基52購01","4,000","1","2,560","0.64","0.64","0.64","0.64","+","0.01","0.63","100","0.73","10","100.50",
="086801","台積電凱基4C購01","0","0","0","--","--","--","--"," ","0.00","5.15","20","5.80","3","1,160.00",
="086802","長榮航凱基51購03","10,000","1","11,300","1.13","1.13","1.13","1.13","X","0.00","1.02","10","1.03","10","39.05",
="086803","元大金凱基51購01","39,000","4","77,010","1.95","1.99","1.95","1.99","X","0.00","1.92","100","1.96","10","32.65",
="086804","亞光凱基56購01","138,000","7","296,100","2.10","2.29","2.07","2.07","-","0.08","2.05","100","--","0","164.00",
="086805","文曄凱基52購01","0","0","0","--","--","--","--"," ","0.00","0.39","100","0.40","10","123.00",
="086806","新日興凱基54購02","65,000","10","179,230","2.36","3.20","2.29","2.90","+","0.55","2.83","100","2.93","10","259.00",
="086807","世芯凱基52購06","0","0","0","--","--","--","--"," ","0.00","4.01","100","4.05","10","4,000.00",
="086808","緯穎凱基51購09","0","0","0","--","--","--","--"," ","0.00","3.49","100","3.52","10","2,975.00",
="086809","洋基凱基51購02","3,000","2","16,300","5.45","5.45","5.40","5.40","-","0.90","5.10","10","5.60","10","476.00",
="08680P","世芯元大4B售06","0","0","0","--","--","--","--"," ","0.00","0.01","499","0.11","10","0.00",
="086810","力積電凱基51購01","5,000","1","2,650","0.53","0.53","0.53","0.53","+","0.01","0.54","100","0.55","10","16.05",
="086811","來億凱基51購01","60,000","2","25,200","0.42","0.42","0.42","0.42","X","0.00","0.42","10","0.52","10","243.50",
="086812","南電凱基51購02","12,000","3","100,650","7.05","8.60","7.05","8.60","X","0.00","8.60","60","--","0","226.00",
="086813","鈺齊凱基51購01","0","0","0","--","--","--","--"," ","0.00","0.36","100","0.37","10","106.50",
="086814","潤泰新凱基51購01","133,000","8","184,810","1.33","1.42","1.33","1.39","-","0.07","1.34","10","1.44","10","29.60",
="086815","楠梓電元富51購02","0","0","0","--","--","--","--"," ","0.00","20.10","25","21.10","25","109.50",
="086816","智邦元富51購03","0","0","0","--","--","--","--"," ","0.00","3.52","25","3.57","25","984.00",
="086817","志聖元富51購01","246,000","16","483,420","2.10","2.20","1.87","1.87","+","0.13","1.71","25","1.74","25","201.50",
="086818","欣興元富52購03","123,000","12","562,630","4.40","4.81","4.34","4.81","+","0.03","4.64","25","4.69","25","150.00",
="086819","世芯元富51購10","0","0","0","--","--","--","--"," ","0.00","2.31","25","2.33","25","4,000.00",
="08681P","元債2X永豐52售01","20,000","1","13,600","0.68","0.68","0.68","0.68","X","0.00","0.67","10","0.68","10","0.00",
="086820","世芯元富58購02","0","0","0","--","--","--","--"," ","0.00","2.71","25","2.72","25","4,000.00",
="086821","神達元富51購04","3,000","3","10,350","3.37","3.61","3.37","3.61","X","0.00","3.45","25","3.55","25","95.90",
="086822","神達元富52購02","5,000","4","15,890","3.18","3.19","3.15","3.15","+","0.47","3.25","25","3.27","25","95.90",
="086823","神達元富52購03","210,000","36","2,281,700","10.50","11.30","9.75","10.50","+","1.35","10.40","25","10.50","25","95.90",
="086824","亞翔元富54購01","0","0","0","--","--","--","--"," ","0.00","2.17","25","2.18","25","349.50",
="086825","台表科元富51購01","275,000","7","292,360","1.04","1.08","1.04","1.08","+","0.08","1.07","25","1.17","25","107.50",
="086826","台表科元富51購02","65,000","1","53,950","0.83","0.83","0.83","0.83","+","0.07","0.83","25","0.93","10","107.50",
="086827","台表科元富54購01","150,000","5","136,720","0.89","0.98","0.89","0.98","+","0.12","0.93","25","0.95","25","107.50",
="086828","緯穎元富58購01","0","0","0","--","--","--","--"," ","0.00","2.74","25","2.75","25","2,975.00",
="086829","力積電元富51購01","26,000","1","26,520","1.02","1.02","1.02","1.02","-","0.02","1.02","25","1.04","25","16.05",
="08682P","精銳永豐52售02","12,000","1","7,440","0.62","0.62","0.62","0.62","-","0.01","0.58","499","0.59","10","0.00",
="086830","勤誠元富51購05","118,000","15","354,030","2.92","3.06","2.89","3.06","-","0.07","2.99","25","3.04","25","613.00",
="086831","鈺齊元富51購01","0","0","0","--","--","--","--"," ","0.00","0.62","25","0.64","25","106.50",
="086832","臺股指元富51購14","0","0","0","--","--","--","--"," ","0.00","2.27","25","2.28","25","0.00",
="086833","南港國票51購01","224,000","11","418,820","2.00","2.00","1.82","1.89","-","0.15","1.86","25","1.90","10","40.95",
="086834","偉詮電國票52購02","7,000","3","9,990","1.41","1.45","1.41","1.45","+","0.07","1.39","25","1.42","10","49.95",
="086835","創見國票52購01","0","0","0","--","--","--","--"," ","0.00","0.45","25","0.46","10","100.50",
="086836","國產國票51購01","0","0","0","--","--","--","--"," ","0.00","1.38","25","1.39","10","37.75",
="086837","元大金國票52購01","0","0","0","--","--","--","--"," ","0.00","1.27","25","1.28","10","32.65",
="086839","碩天國票52購02","0","0","0","--","--","--","--"," ","0.00","0.92","25","0.94","10","225.50",
="08683P","FBNQ2X凱基4C售04","0","0","0","--","--","--","--"," ","0.00","0.12","10","0.13","50","0.00",
="086843","美時統一49購01","0","0","0","--","--","--","--"," ","0.00","0.02","10","0.03","10","193.50",
="086844","貿聯國票52購01","80,000","4","284,240","3.59","3.61","3.46","3.46","+","0.40","3.25","25","3.27","10","981.00",
="086845","來億國票53購01","134,000","4","95,540","0.76","0.76","0.70","0.70","+","0.08","0.69","25","0.70","10","243.50",
="086846","南電國票57購01","37,000","1","159,100","4.30","4.30","4.30","4.30","+","0.10","5.05","25","--","0","226.00",
="086847","菱光國票51購01","18,000","5","58,330","3.26","3.33","3.18","3.33","+","0.12","3.12","25","3.17","10","61.50",
="086848","菱光國票52購01","3,000","2","9,090","2.95","3.07","2.95","3.07","+","0.07","2.97","25","3.00","10","61.50",
="08684P","中砂凱基4B售03","0","0","0","--","--","--","--"," ","0.00","0.21","10","0.22","50","0.00",
="086850","宏全國票52購01","1,000","1","360","0.36","0.36","0.36","0.36","-","0.01","0.34","25","0.35","10","138.00",
="086851","台積電統一49購05","8,000","2","16,080","2.01","2.01","2.01","2.01","-","0.22","2.00","10","2.01","2","1,160.00",
="086852","滬深2X國泰52購01","0","0","0","--","--","--","--"," ","0.00","0.31","32","--","0","18.32",
="086853","元債2X國泰52購01","0","0","0","--","--","--","--"," ","0.00","0.53","499","0.54","100","7.05",
="086854","台光電國泰52購04","0","0","0","--","--","--","--"," ","0.00","2.66","499","--","0","1,250.00",
="086855","南亞科國泰52購03","0","0","0","--","--","--","--"," ","0.00","1.41","499","1.42","100","46.65",
="086856","長榮航國泰52購02","64,000","3","86,200","1.35","1.35","1.34","1.34","X","0.00","1.31","499","1.33","100","39.05",
="086858","大同統一49購02","0","0","0","--","--","--","--"," ","0.00","--","0","0.01","10","40.75",
="086859","貿聯國泰52購01","15,000","2","37,980","2.30","2.59","2.30","2.59","+","0.33","2.44","499","2.47","100","981.00",
="08685P","上銀凱基4B售07","0","0","0","--","--","--","--"," ","0.00","0.15","10","0.16","30","0.00",
="086860","穎崴國泰52購01","0","0","0","--","--","--","--"," ","0.00","0.47","21","1.29","10","1,250.00",
="086861","愛普國泰52購01","108,000","4","159,990","1.40","1.53","1.40","1.53","+","0.07","1.52","499","1.53","499","305.50",
="086862","南港兆豐57購01","90,000","6","145,260","1.64","1.64","1.58","1.58","-","0.10","1.57","10","1.58","10","40.95",
="086863","智邦兆豐53購03","22,000","5","40,680","1.82","1.89","1.82","1.89","+","0.03","1.81","10","1.82","10","984.00",
="086864","長榮航兆豐54購01","43,000","5","46,670","1.09","1.09","1.02","1.02"," ","0.00","1.04","10","1.05","10","39.05",
="086865","德律兆豐54購01","0","0","0","--","--","--","--"," ","0.00","2.50","10","2.51","10","206.00",
="086867","上証2X群益52購03","99,000","9","169,230","1.68","1.89","1.67","1.69","-","0.55","1.65","10","1.75","10","45.30",
="086868","大成群益51購01","0","0","0","--","--","--","--"," ","0.00","0.26","10","0.36","10","53.40",
="086869","大成群益51購02","0","0","0","--","--","--","--"," ","0.00","0.22","10","0.32","10","53.40",
="08686P","台積電凱基51售12","0","0","0","--","--","--","--"," ","0.00","0.15","100","0.16","30","0.00",
="086870","華城群益51購02","94,000","11","214,820","2.30","2.32","2.22","2.32","+","0.04","2.12","100","2.14","100","618.00",
="086874","台達電群益51購04","0","0","0","--","--","--","--"," ","0.00","6.45","78","6.95","10","709.00",
="086875","台達電群益51購05","39,000","6","484,800","12.40","12.90","12.40","12.60","-","0.40","4.07","4","--","0","709.00",
="086876","楠梓電群益51購01","0","0","0","--","--","--","--"," ","0.00","--","0","--","0","109.50",
="086877","國巨群益53購03","2,000","1","3,520","1.76","1.76","1.76","1.76","-","0.02","1.76","100","1.81","100","137.00",
="086878","台積電群益57購01","0","0","0","--","--","--","--"," ","0.00","2.21","4","--","0","1,160.00",
="086879","台光電群益51購06","49,000","1","126,910","2.59","2.59","2.59","2.59","-","0.13","0.90","11","--","0","1,250.00",
="08687P","大立光凱基51售03","0","0","0","--","--","--","--"," ","0.00","0.24","10","0.25","30","0.00",
="086881","奇鋐群益54購10","53,000","3","93,400","1.79","1.79","1.66","1.66","-","0.23","0.87","11","--","0","1,015.00",
="086882","德律群益51購01","0","0","0","--","--","--","--"," ","0.00","3.10","10","3.20","10","206.00",
="086883","欣興群益52購02","371,000","35","1,105,240","2.80","3.19","2.78","3.07","-","0.05","2.98","104","3.02","100","150.00",
="086884","緯創群益51購05","32,000","3","149,220","4.50","4.68","4.50","4.68","+","0.05","1.22","8","--","0","115.00",
="086885","新日興群益51購02","114,000","10","601,070","4.95","6.10","4.84","6.10","+","1.13","1.99","25","--","0","259.00",
="086886","神達群益51購01","39,000","8","209,400","5.30","5.65","5.30","5.40","+","0.73","5.50","10","6.00","10","95.90",
="086887","定穎控群益52購01","0","0","0","--","--","--","--"," ","0.00","--","0","--","0","106.00",
="086888","臻鼎群益52購01","0","0","0","--","--","--","--"," ","0.00","--","0","4.87","10","194.00",
="086889","邁達特群益51購01","0","0","0","--","--","--","--"," ","0.00","0.87","10","0.97","10","55.50",
="08688P","台灣50元富4B售01","0","0","0","--","--","--","--"," ","0.00","0.07","25","0.10","10","0.00",
="086890","至上群益51購01","14,000","3","13,340","0.96","0.96","0.95","0.95","+","0.08","0.93","25","0.94","10","44.35",
="086891","台達電台新51購01","0","0","0","--","--","--","--"," ","0.00","33.20","10","--","0","0.00",
="086892","技嘉台新51購01","25,000","2","34,450","1.39","1.39","1.37","1.37","-","0.11","1.39","20","1.40","10","0.00",
="086893","文曄台新51購01","54,000","3","45,920","0.82","0.86","0.82","0.86","X","0.00","0.82","20","0.83","10","0.00",
="086894","中砂統一61購01","73,000","8","44,310","0.60","0.63","0.59","0.62","+","0.04","0.61","10","0.62","10","347.00",
="086895","台積電統一67購02","0","0","0","--","--","--","--"," ","0.00","0.69","10","0.70","10","1,160.00",
="086896","華碩統一56購01","0","0","0","--","--","--","--"," ","0.00","0.54","88","0.55","88","634.00",
="086897","華碩統一57購02","0","0","0","--","--","--","--"," ","0.00","0.53","10","0.54","10","634.00",
="086898","致茂統一57購01","400,000","14","467,540","1.16","1.19","1.16","1.17","-","0.01","1.19","10","1.20","10","556.00",
="086899","金像電統一5B購01","345,000","19","685,690","1.95","2.02","1.92","2.01","+","0.08","2.01","10","2.02","10","486.00",
="08689P","上銀元富4B售01","0","0","0","--","--","--","--"," ","0.00","1.03","25","1.04","25","0.00",
="086900","宏達電統一57購03","9,000","3","17,910","1.95","2.00","1.95","2.00","+","0.12","1.85","10","1.94","10","66.50",
="086901","宏達電統一61購01","1,018,000","69","1,368,620","1.39","1.45","1.30","1.33","-","0.03","1.32","10","1.33","3","66.50",
="086902","智原統一56購07","0","0","0","--","--","--","--"," ","0.00","0.37","10","0.38","10","158.00",
="086903","華擎統一55購04","29,000","2","21,280","0.74","0.74","0.71","0.71","-","0.04","0.71","10","0.72","10","281.00",
="086904","瑞智統一57購01","0","0","0","--","--","--","--"," ","0.00","0.69","10","0.70","10","25.05",
="086905","亞翔統一56購04","0","0","0","--","--","--","--"," ","0.00","0.87","10","0.88","10","349.50",
="086906","亞翔統一57購03","23,000","1","22,310","0.97","0.97","0.97","0.97","-","0.01","0.90","10","0.91","10","349.50",
="086907","力積電統一59購01","0","0","0","--","--","--","--"," ","0.00","0.43","10","0.44","10","16.05",
="086908","天虹統一59購01","100,000","1","49,000","0.49","0.49","0.49","0.49","X","0.00","0.47","10","0.48","10","208.50",
="086909","台灣50中信51購05","0","0","0","--","--","--","--"," ","0.00","1.26","499","1.27","100","0.00",
="08690P","聯發科元富4C售01","0","0","0","--","--","--","--"," ","0.00","0.38","25","0.39","25","0.00",
="086910","台積電中信51購06","0","0","0","--","--","--","--"," ","0.00","0.96","499","0.99","10","0.00",
="086911","世芯中信51購02","31,000","2","44,880","1.45","1.45","1.38","1.38","+","0.02","1.33","10","1.34","10","0.00",
="086912","世芯中信52購01","0","0","0","--","--","--","--"," ","0.00","1.26","499","--","0","0.00",
="086913","力積電中信51購01","0","0","0","--","--","--","--"," ","0.00","0.16","10","0.17","10","0.00",
="086914","南電中信51購01","1,000","1","3,800","3.80","3.80","3.80","3.80","+","0.80","3.72","10","3.96","1","0.00",
="086915","臺股指中信51購09","1,000","1","1,110","1.11","1.11","1.11","1.11","X","0.00","1.08","499","1.09","100","0.00",
="086916","中砂元大51購08","404,000","20","452,180","1.11","1.28","1.05","1.22","+","0.17","1.17","25","1.21","10","347.00",
="086917","中砂元大51購09","228,000","16","291,840","1.17","1.37","1.15","1.27","+","0.14","1.25","25","1.29","10","347.00",
="086918","大成鋼元大51購07","22,000","2","48,600","2.16","2.25","2.16","2.25","-","0.66","2.09","25","2.12","10","38.60",
="086919","鴻海元大51購18","0","0","0","--","--","--","--"," ","0.00","1.57","10","1.59","10","206.00",
="08691P","T50正2台新4B售01","0","0","0","--","--","--","--"," ","0.00","0.03","20","0.04","10","0.00",
="086920","鴻海元大51購19","21,000","4","130,350","6.35","6.45","6.05","6.45","-","0.30","6.35","100","6.45","10","206.00",
="086921","鴻海元大52購08","0","0","0","--","--","--","--"," ","0.00","1.65","450","1.67","10","206.00",
="086922","台積電元大52購10","0","0","0","--","--","--","--"," ","0.00","0.06","68","--","0","1,160.00",
="086923","台積電元大55購02","0","0","0","--","--","--","--"," ","0.00","0.08","57","--","0","1,160.00",
="086924","台積電元大57購01","0","0","0","--","--","--","--"," ","0.00","0.11","90","--","0","1,160.00",
="086925","華邦電元大57購01","24,000","3","44,960","1.86","1.92","1.86","1.92","-","0.03","1.84","400","1.87","10","19.60",
="086926","智邦元大51購02","70,000","7","330,670","4.70","5.05","4.61","5.05"," ","0.00","4.77","150","4.80","10","984.00",
="086927","微星元大51購01","410,000","4","217,920","0.52","0.54","0.52","0.53","-","0.03","0.52","499","0.53","10","136.50",
="086928","南亞科元大57購01","39,000","1","64,350","1.65","1.65","1.65","1.65","-","0.02","1.57","450","1.58","10","46.65",
="086929","友達元大51購01","622,000","14","381,150","0.59","0.65","0.59","0.62","+","0.03","0.62","499","0.64","10","13.05",
="08692P","鴻海台新4B售02","0","0","0","--","--","--","--"," ","0.00","0.02","10","0.05","10","0.00",
="086930","長榮元大51購24","0","0","0","--","--","--","--"," ","0.00","0.68","499","0.71","10","188.00",
="086931","萬海元大51購07","140,000","6","106,420","0.71","0.79","0.71","0.75","+","0.02","0.71","499","0.72","10","84.10",
="086932","萬海元大52購03","0","0","0","--","--","--","--"," ","0.00","0.66","499","0.67","10","84.10",
="086933","緯創元大52購04","148,000","2","122,840","0.83","0.83","0.83","0.83","-","0.04","0.83","499","--","0","115.00",
="086934","嘉澤元大52購03","0","0","0","--","--","--","--"," ","0.00","0.89","499","0.92","10","1,465.00",
="086935","世芯元大52購09","7,000","3","27,840","4.19","4.19","3.90","3.90","-","0.15","3.81","200","3.86","10","4,000.00",
="086936","世芯元大55購02","2,000","2","5,750","2.88","2.88","2.87","2.87","-","0.05","2.84","250","2.87","9","4,000.00",
="086937","神達元大52購01","133,000","14","1,715,200","13.20","14.00","12.40","14.00","+","3.00","13.20","50","13.30","10","95.90",
="086938","神達元大55購01","190,000","23","862,600","4.60","4.86","4.31","4.47","+","0.65","4.53","200","4.57","10","95.90",
="086939","飛捷元大51購01","53,000","1","36,570","0.69","0.69","0.69","0.69","-","0.02","0.69","499","0.71","10","112.50",
="08693P","台積電台新4B售01","0","0","0","--","--","--","--"," ","0.00","0.66","10","0.70","10","0.00",
="086940","穎崴元大55購03","1,299,000","40","806,740","0.62","0.68","0.57","0.68","+","0.03","0.57","50","--","0","1,250.00",
="086941","緯穎元大55購02","9,000","3","12,410","1.39","1.39","1.34","1.34","-","0.01","1.34","13","1.35","10","2,975.00",
="086942","來億元大51購01","0","0","0","--","--","--","--"," ","0.00","0.29","499","0.30","10","243.50",
="086943","來億元大51購02","414,000","13","269,540","0.64","0.68","0.63","0.63","+","0.05","0.64","499","0.65","10","243.50",
="086944","天虹元大51購01","30,000","3","16,550","0.55","0.56","0.55","0.56","X","0.00","0.53","499","0.55","10","208.50",
="086945","台達電富邦51購01","0","0","0","--","--","--","--"," ","0.00","5.05","30","5.30","10","0.00",
="086946","德律富邦51購01","5,000","1","11,000","2.20","2.20","2.20","2.20","-","0.06","2.12","10","2.16","10","0.00",
="086947","日電貿富邦51購01","0","0","0","--","--","--","--"," ","0.00","0.51","30","0.52","10","0.00",
="086948","昇陽半富邦51購01","1,022,000","24","938,590","0.88","0.96","0.87","0.92","+","0.03","0.90","10","0.91","10","0.00",
="086949","世紀鋼富邦51購02","0","0","0","--","--","--","--"," ","0.00","0.19","10","0.20","10","0.00",
="08694P","台光電台新4B售02","0","0","0","--","--","--","--"," ","0.00","--","0","--","0","0.00",
="086950","臺指反中信57購01","0","0","0","--","--","--","--"," ","0.00","0.54","599","0.55","100","0.00",
="086951","世芯中信51購03","99,000","6","148,080","1.53","1.53","1.47","1.48","-","0.03","1.42","499","1.43","10","0.00",
="086952","T50反1永豐51購03","0","0","0","--","--","--","--"," ","0.00","0.36","10","0.37","10","19.79",
="086953","鴻海永豐51購04","0","0","0","--","--","--","--"," ","0.00","1.56","499","1.61","10","206.00",
="086954","鴻準永豐52購02","1,000","1","1,950","1.95","1.95","1.95","1.95","X","0.00","1.93","499","1.95","10","71.70",
="086955","金像電永豐53購02","45,000","7","129,600","2.87","3.08","2.83","3.08","+","0.06","3.08","499","3.10","10","486.00",
="086956","台光電永豐52購06","0","0","0","--","--","--","--"," ","0.00","2.30","499","2.40","10","1,250.00",
="086957","創見永豐52購01","22,000","3","51,480","2.34","2.34","2.34","2.34","+","0.09","2.22","10","2.32","10","100.50",
="086958","景碩永豐52購01","37,000","9","56,780","1.47","1.64","1.47","1.53","-","0.07","1.51","10","1.55","10","113.50",
="086959","貿聯永豐52購07","143,000","9","144,040","0.91","1.09","0.91","0.97","+","0.04","0.99","10","1.00","10","981.00",
="08695P","台灣50元大4B售10","200,000","1","12,000","0.06","0.06","0.06","0.06","+","0.01","0.06","100","0.07","10","0.00",
="086960","日月光永豐52購01","27,000","2","21,100","0.80","0.80","0.78","0.78","-","0.07","0.75","10","0.76","10","147.50",
="086961","精成科永豐52購01","0","0","0","--","--","--","--"," ","0.00","2.77","499","--","0","131.00",
="086962","緯穎永豐51購06","0","0","0","--","--","--","--"," ","0.00","2.61","499","2.64","10","2,975.00",
="086963","儒鴻兆豐57購01","102,000","4","119,450","1.17","1.18","1.16","1.17","-","0.05","1.18","10","1.19","10","407.50",
="086964","聚陽兆豐53購01","49,000","1","50,960","1.04","1.04","1.04","1.04"," ","0.00","1.01","10","1.02","10","265.00",
="086965","士電富邦52購01","133,000","10","170,780","1.31","1.33","1.25","1.27","+","0.09","1.23","30","1.24","10","0.00",
="086966","士電富邦53購01","48,000","6","68,050","1.43","1.46","1.39","1.39","+","0.10","1.34","30","1.35","10","0.00",
="086967","美時富邦54購01","64,000","5","15,260","0.24","0.24","0.23","0.23","-","0.02","0.22","10","0.23","10","0.00",
="086968","上銀富邦51購02","98,000","1","50,960","0.52","0.52","0.52","0.52","+","0.02","0.51","30","0.52","10","0.00",
="086969","旺宏富邦51購01","271,000","5","97,460","0.36","0.36","0.35","0.35","-","0.03","0.34","30","0.35","10","0.00",
="08696P","T50正2元大4B售04","0","0","0","--","--","--","--"," ","0.00","0.10","499","0.11","10","0.00",
="086970","鴻準富邦52購03","0","0","0","--","--","--","--"," ","0.00","1.13","10","1.23","10","0.00",
="086971","南亞科富邦52購02","201,000","3","119,580","0.59","0.60","0.58","0.58","-","0.04","0.56","10","0.57","10","0.00",
="086972","大立光富邦53購03","705,000","12","825,460","1.19","1.19","1.16","1.17","-","0.03","1.17","10","1.18","10","0.00",
="086973","世芯富邦54購01","543,000","28","811,600","1.49","1.54","1.46","1.47","-","0.04","1.42","10","1.43","10","0.00",
="086974","世芯富邦54購02","81,000","8","162,050","2.01","2.04","1.89","1.89","-","0.03","1.87","10","1.88","10","0.00",
="086975","神達富邦51購02","0","0","0","--","--","--","--"," ","0.00","2.96","10","3.00","10","0.00",
="086976","訊芯富邦53購01","379,000","11","429,690","1.16","1.16","1.11","1.11","-","0.18","1.11","10","1.12","10","0.00",
="086977","力積電富邦51購01","124,000","2","40,450","0.32","0.33","0.32","0.33","-","0.01","0.33","30","0.34","10","0.00",
="086978","南電富邦51購01","0","0","0","--","--","--","--"," ","0.00","4.50","30","--","0","0.00",
="086979","T50正2統一59購01","10,000","1","9,900","0.99","0.99","0.99","0.99","-","0.04","0.97","10","0.98","10","259.40",
="08697P","台積電元大4B售19","0","0","0","--","--","--","--"," ","0.00","--","0","--","0","0.00",
="086980","美時統一61購01","0","0","0","--","--","--","--"," ","0.00","0.52","10","0.53","10","193.50",
="086981","光寶科統一57購01","772,000","22","595,430","0.76","0.78","0.76","0.77","-","0.04","0.76","10","0.77","10","130.00",
="086982","光寶科統一57購02","558,000","10","401,150","0.70","0.72","0.70","0.72","-","0.03","0.70","10","0.71","10","130.00",
="086983","台達電統一55購01","157,000","10","344,510","2.18","2.22","2.18","2.22","-","0.03","2.18","66","2.23","66","709.00",
="086984","台達電統一56購03","122,000","2","302,540","2.48","2.48","2.47","2.47","-","0.18","2.46","10","2.49","10","709.00",
="086985","鴻海統一59購01","0","0","0","--","--","--","--"," ","0.00","1.32","10","1.33","10","206.00",
="086986","鴻海統一67購01","4,000","2","4,840","1.21","1.21","1.21","1.21","-","0.03","1.21","10","1.22","10","206.00",
="086987","台積電統一67購03","7,000","2","6,070","0.87","0.87","0.85","0.85","-","0.03","0.85","10","0.86","10","1,160.00",
="086988","金像電統一59購01","103,000","4","196,220","1.90","1.97","1.88","1.97","+","0.06","1.97","10","1.98","10","486.00",
="086989","創見統一61購01","99,000","3","48,510","0.49","0.49","0.49","0.49","X","0.00","0.48","10","0.49","10","100.50",
="08698P","所羅門元大4B售04","20,000","1","3,400","0.17","0.17","0.17","0.17"," ","0.00","0.18","499","0.19","200","0.00",
="086990","聯發科統一55購02","0","0","0","--","--","--","--"," ","0.00","1.18","108","1.19","108","1,385.00",
="086991","全新統一56購03","46,000","4","53,360","1.16","1.18","1.15","1.18","-","0.02","1.10","10","1.11","10","153.50",
="086992","全新統一56購04","318,000","17","339,660","1.09","1.12","1.04","1.06","-","0.07","1.05","10","1.06","10","153.50",
="086993","全新統一57購01","421,000","24","441,270","1.05","1.07","1.01","1.06","-","0.03","1.00","10","1.01","10","153.50",
="086994","全新統一59購01","553,000","13","522,570","0.95","0.96","0.92","0.92","-","0.07","0.91","10","0.92","10","153.50",
="086995","宏達電統一59購01","26,000","7","55,610","2.14","2.21","2.10","2.14","+","0.05","2.11","10","2.14","10","66.50",
="086996","奇鋐統一5C購02","189,000","6","229,170","1.22","1.22","1.19","1.21","-","0.02","1.15","10","1.16","10","1,015.00",
="086997","智原統一56購08","0","0","0","--","--","--","--"," ","0.00","0.42","10","0.43","10","158.00",
="086998","景碩統一57購01","460,000","11","395,330","0.83","0.89","0.83","0.87"," ","0.00","0.83","10","0.84","10","113.50",
="086999","新日興統一56購04","338,000","17","362,580","0.99","1.18","0.99","1.18","+","0.27","1.14","10","1.15","10","259.00",
="08699P","聯發科元大4B售12","0","0","0","--","--","--","--"," ","0.00","0.08","499","0.09","200","0.00",
="087000","世芯統一56購04","0","0","0","--","--","--","--"," ","0.00","0.95","10","0.96","10","4,000.00",
="087001","貿聯統一56購03","20,000","1","17,200","0.86","0.86","0.86","0.86","-","0.01","0.90","10","0.91","10","981.00",
="087002","貿聯統一61購01","1,000","1","670","0.67","0.67","0.67","0.67","+","0.04","0.65","10","0.66","10","981.00",
="087003","神達統一56購03","291,000","16","527,500","1.76","1.95","1.76","1.80","+","0.13","1.83","10","1.85","10","95.90",
="087004","瑞智統一57購02","0","0","0","--","--","--","--"," ","0.00","0.54","10","0.55","10","25.05",
="087005","南電統一54購01","1,000","1","3,010","3.01","3.01","3.01","3.01","+","0.54","3.01","10","--","0","226.00",
="087006","南電統一57購01","15,000","2","32,850","2.19","2.19","2.19","2.19","+","0.16","2.63","10","--","0","226.00",
="087007","川湖台新51購01","1,000","1","24,600","24.60","24.60","24.60","24.60","+","0.80","23.80","10","24.20","10","0.00",
="087008","世芯第一57購03","3,000","2","4,270","1.45","1.45","1.41","1.41"," ","0.00","1.37","10","1.39","10","0.00",
="087009","士電群益52購01","124,000","3","138,480","1.11","1.15","1.11","1.15","+","0.07","1.16","100","1.17","100","187.50",
="08700P","奇鋐元大4B售06","0","0","0","--","--","--","--"," ","0.00","0.04","499","0.13","40","0.00",
="087010","美時群益51購01","37,000","2","13,690","0.37","0.37","0.37","0.37","-","0.03","0.34","100","0.35","100","193.50",
="087011","鴻海群益52購05","296,000","9","812,290","2.77","2.78","2.70","2.78","-","0.15","2.77","100","2.80","100","206.00",
="087012","智邦群益53購03","115,000","11","165,060","1.41","1.50","1.39","1.47","+","0.02","1.44","10","1.54","10","984.00",
="087013","華碩群益51購01","11,000","1","14,960","1.36","1.36","1.36","1.36","-","0.02","0.13","8","--","0","634.00",
="087014","微星群益51購02","96,000","4","73,720","0.75","0.79","0.75","0.79","-","0.01","0.78","100","0.80","100","136.50",
="087015","友達群益53購02","245,000","12","387,700","1.53","1.64","1.53","1.64","+","0.15","1.58","5","--","0","13.05",
="087016","長榮航群益51購03","0","0","0","--","--","--","--"," ","0.00","1.69","10","1.79","10","39.05",
="087017","亞光群益51購04","35,000","2","150,050","4.27","4.31","4.27","4.31","+","0.02","1.70","5","--","0","164.00",
="087018","文曄群益51購02","78,000","2","36,340","0.46","0.47","0.46","0.47","X","0.00","0.10","2","--","0","123.00",
="087019","新日興群益51購03","93,000","9","554,900","5.30","6.60","5.25","6.60","+","1.40","1.99","5","--","0","259.00",
="08701P","智易元大4B售02","9,000","2","4,250","0.48","0.48","0.47","0.47"," ","0.00","0.55","499","0.56","10","0.00",
="087020","世芯群益51購07","2,000","2","12,550","6.30","6.30","6.25","6.25","X","0.00","5.75","10","6.25","10","4,000.00",
="087021","飛捷群益51購01","29,000","1","24,360","0.84","0.84","0.84","0.84","-","0.03","0.85","100","0.87","100","112.50",
="087022","緯穎群益51購02","0","0","0","--","--","--","--"," ","0.00","9.65","10","--","0","2,975.00",
="087023","洋基群益51購01","2,000","1","14,400","7.20","7.20","7.20","7.20","X","0.00","3.10","10","--","0","476.00",
="087024","潤泰新群益51購02","0","0","0","--","--","--","--"," ","0.00","0.01","504","0.23","1","29.60",
="087025","亞力元富51購01","125,000","3","86,960","0.70","0.70","0.68","0.68","+","0.02","0.68","25","0.70","25","110.50",
="087026","中鋼元富51購01","26,000","1","50,180","1.93","1.93","1.93","1.93","-","0.07","1.87","25","1.97","10","20.15",
="087027","鴻準元富51購01","16,000","1","36,000","2.25","2.25","2.25","2.25"," ","0.00","2.12","25","2.15","25","71.70",
="087028","立隆電元富51購01","1,299,000","43","1,920,580","1.48","1.52","1.44","1.47","+","0.05","1.46","25","1.47","25","86.60",
="087029","瑞軒元富51購01","100,000","2","73,500","0.74","0.74","0.73","0.73","-","0.03","0.74","25","0.75","25","13.90",
="08702P","世芯元大4B售07","3,000","1","120","0.04","0.04","0.04","0.04","X","0.00","0.04","499","0.10","100","0.00",
="087030","裕民元富51購01","61,000","2","118,000","1.90","1.97","1.90","1.97","+","0.11","1.87","25","1.89","25","57.30",
="087031","慧洋元富51購02","0","0","0","--","--","--","--"," ","0.00","1.82","25","1.85","25","61.80",
="087032","玉晶光元富51購05","0","0","0","--","--","--","--"," ","0.00","1.88","25","1.91","25","461.50",
="087033","群創元富51購01","108,000","8","220,630","1.73","2.20","1.73","2.13","+","0.57","2.09","25","2.13","25","14.15",
="087034","健策元富51購01","3,000","1","8,970","2.99","2.99","2.99","2.99","-","0.36","3.13","25","--","0","1,905.00",
="087035","貿聯元富51購03","29,000","2","58,400","1.92","2.08","1.92","2.08","+","0.36","0.70","14","--","0","981.00",
="087036","永崴控元富51購01","0","0","0","--","--","--","--"," ","0.00","0.28","25","0.29","25","36.60",
="087037","精成科元富51購04","0","0","0","--","--","--","--"," ","0.00","6.35","25","--","0","131.00",
="087038","迅得元富51購01","38,000","5","88,980","2.31","2.38","2.22","2.38","+","0.19","2.33","25","2.36","25","193.50",
="087039","力積電元富51購03","0","0","0","--","--","--","--"," ","0.00","0.63","25","0.64","25","16.05",
="08703P","貿聯元大4B售03","0","0","0","--","--","--","--"," ","0.00","0.01","499","0.11","10","0.00",
="087040","南電元富57購01","0","0","0","--","--","--","--"," ","0.00","8.35","25","--","0","226.00",
="087041","元日2X國泰54購01","0","0","0","--","--","--","--"," ","0.00","0.40","499","0.41","100","5.97",
="087042","南港國泰52購01","24,000","2","61,520","2.58","2.58","2.38","2.38","-","0.37","2.40","499","2.43","100","40.95",
="087043","鴻海國泰52購03","0","0","0","--","--","--","--"," ","0.00","3.23","499","3.27","210","206.00",
="087044","鴻準國泰52購02","0","0","0","--","--","--","--"," ","0.00","2.34","499","2.36","100","71.70",
="087045","台光電國泰53購01","76,000","2","254,560","3.31","3.35","3.31","3.35","-","0.38","3.45","499","3.53","10","1,250.00",
="087046","陽明國泰52購01","92,000","3","70,840","0.77","0.77","0.77","0.77","X","0.00","0.73","499","0.74","100","58.80",
="087047","長榮航國泰52購03","0","0","0","--","--","--","--"," ","0.00","1.35","499","1.37","100","39.05",
="087048","貿聯國泰52購02","259,000","27","636,860","2.22","2.58","2.22","2.41","+","0.14","2.38","499","2.40","100","981.00",
="08704P","緯穎元大4B售06","0","0","0","--","--","--","--"," ","0.00","0.15","499","0.16","200","0.00",
="087050","緯穎國泰52購03","0","0","0","--","--","--","--"," ","0.00","1.95","499","1.98","100","2,975.00",
="087051","AES國泰52購02","0","0","0","--","--","--","--"," ","0.00","2.77","499","2.84","100","1,350.00",
="087052","台玻國票52購01","0","0","0","--","--","--","--"," ","0.00","7.15","25","--","0","34.55",
="087053","光寶科國票55購01","426,000","4","618,480","1.45","1.48","1.45","1.48","-","0.02","1.46","25","1.47","10","130.00",
="087054","華通國票52購01","2,000","2","13,300","6.75","6.75","6.55","6.55","+","1.00","5.90","25","5.95","10","79.30",
="087056","鴻海統一4C購03","0","0","0","--","--","--","--"," ","0.00","0.61","10","0.62","10","206.00",
="087057","鴻海統一51購01","52,000","1","28,600","0.55","0.55","0.55","0.55","-","0.03","0.54","10","0.55","10","206.00",
="087058","鴻海統一54購01","546,000","5","234,780","0.43","0.43","0.43","0.43","-","0.03","0.44","100","0.45","10","206.00",
="087059","鴻海國票54購02","0","0","0","--","--","--","--"," ","0.00","3.09","25","3.16","10","206.00",
="08705P","川湖國票4C售02","1,000","1","500","0.50","0.50","0.50","0.50","X","0.00","0.04","25","0.05","10","0.00",
="087063","大同統一4A購01","0","0","0","--","--","--","--"," ","0.00","--","0","--","0","40.75",
="087064","南亞科國票52購02","20,000","2","46,500","2.38","2.38","2.27","2.27","-","0.20","2.22","25","2.23","10","46.65",
="087065","飛宏國票51購01","10,000","4","28,410","2.41","4.07","2.41","4.07","+","1.64","3.46","6","4.07","4","26.10",
="087066","志聖國票52購01","245,000","11","598,930","2.39","2.73","2.29","2.29","-","0.05","2.27","25","2.31","10","201.50",
="087068","長榮太國票51購01","0","0","0","--","--","--","--"," ","0.00","5.65","25","--","0","180.00",
="087069","神基國票52購01","2,000","2","5,060","2.60","2.60","2.46","2.46","+","0.33","2.49","25","2.54","10","157.00",
="08706P","鴻海國票51售02","0","0","0","--","--","--","--"," ","0.00","0.07","25","0.08","10","0.00",
="087070","奇鋐國票52購02","0","0","0","--","--","--","--"," ","0.00","6.65","25","6.95","10","1,015.00",
="087071","益登國票51購01","31,000","4","115,940","3.74","3.74","3.74","3.74","+","1.26","3.74","35","--","0","34.80",
="087072","景碩國票52購01","0","0","0","--","--","--","--"," ","0.00","5.85","25","5.95","10","113.50",
="087073","大聯大國票52購01","42,000","4","45,290","1.12","1.12","1.06","1.08","+","0.04","1.07","25","1.08","10","67.00",
="087074","智伸科國票52購01","13,000","3","30,430","2.32","2.54","2.32","2.54","+","0.19","2.48","25","2.54","10","168.50",
="087075","遠傳國票51購01","0","0","0","--","--","--","--"," ","0.00","1.30","25","1.32","10","83.50",
="087076","正文國票52購01","139,000","4","158,140","1.16","1.16","1.11","1.11","-","0.19","1.10","25","1.11","10","26.00",
="087077","矽力國票52購01","0","0","0","--","--","--","--"," ","0.00","1.44","25","1.45","10","317.00",
="087079","緯穎國票52購01","0","0","0","--","--","--","--"," ","0.00","2.54","25","2.61","10","2,975.00",
="08707P","台光電國票4C售01","0","0","0","--","--","--","--"," ","0.00","0.01","25","0.05","10","0.00",
="087081","富世達國票52購06","0","0","0","--","--","--","--"," ","0.00","4.38","25","4.48","10","1,145.00",
="087082","元黃金元大52購01","0","0","0","--","--","--","--"," ","0.00","0.90","250","0.91","100","37.00",
="087083","亞力元大51購01","617,000","12","330,490","0.56","0.56","0.52","0.54","+","0.02","0.54","499","0.56","10","110.50",
="087084","華城元大51購12","59,000","6","142,190","2.44","2.44","2.36","2.36","-","0.03","2.28","300","2.31","10","618.00",
="087085","大成鋼元大51購08","145,000","6","263,120","1.80","1.89","1.78","1.78","-","0.16","1.75","25","1.76","10","38.60",
="087086","光寶科元大51購02","308,000","6","323,890","1.07","1.08","1.01","1.08","-","0.05","1.01","25","1.04","10","130.00",
="087087","台達電元大51購04","24,000","4","201,450","8.30","8.45","8.30","8.45","+","0.45","8.25","25","8.30","10","709.00",
="087088","鴻海元大51購20","0","0","0","--","--","--","--"," ","0.00","1.93","350","1.96","10","206.00",
="087089","台積電元大51購58","0","0","0","--","--","--","--"," ","0.00","0.05","62","--","0","1,160.00",
="08708P","奇鋐國票4C售02","0","0","0","--","--","--","--"," ","0.00","0.01","25","0.05","10","0.00",
="087090","台積電元大51購59","0","0","0","--","--","--","--"," ","0.00","0.06","17","--","0","1,160.00",
="087091","台積電元大57購02","0","0","0","--","--","--","--"," ","0.00","0.06","68","--","0","1,160.00",
="087092","智邦元大51購03","0","0","0","--","--","--","--"," ","0.00","2.66","300","2.70","10","984.00",
="087093","鴻準元大51購03","142,000","5","222,520","1.55","1.58","1.52","1.52","-","0.08","1.50","499","1.52","10","71.70",
="087094","大同元大51購02","0","0","0","--","--","--","--"," ","0.00","1.56","450","1.58","10","40.75",
="087095","技嘉元大51購02","470,000","14","504,680","1.09","1.09","1.05","1.05","-","0.05","1.03","25","1.04","10","281.00",
="087096","微星元大51購02","410,000","4","164,620","0.39","0.41","0.39","0.40","-","0.02","0.39","499","0.40","10","136.50",
="087097","台光電元大51購07","0","0","0","--","--","--","--"," ","0.00","0.85","11","--","0","1,250.00",
="087098","台光電元大51購08","0","0","0","--","--","--","--"," ","0.00","--","0","--","0","1,250.00",
="087099","台光電元大51購09","0","0","0","--","--","--","--"," ","0.00","--","0","--","0","1,250.00",
="08709P","欣興國票4C售01","2,000","2","400","0.20","0.20","0.20","0.20","+","0.05","0.14","25","0.20","18","0.00",
="087100","京元電元大51購01","168,000","18","357,340","1.93","2.29","1.93","2.12","+","0.11","2.13","2","2.14","10","142.00",
="087101","大立光元大51購09","7,000","1","8,050","1.15","1.15","1.15","1.15","-","0.05","1.13","25","1.14","10","2,395.00",
="087102","奇鋐元大51購15","65,000","5","290,150","4.61","4.61","4.30","4.30","-","0.35","4.22","150","4.31","10","1,015.00",
="087103","奇鋐元大51購16","278,000","18","462,180","1.79","1.79","1.55","1.67","-","0.24","1.62","400","1.67","1","1,015.00",
="087104","奇鋐元大51購17","100,000","2","187,000","1.87","1.87","1.87","1.87","X","0.00","1.95","350","2.01","10","1,015.00",
="087105","亞光元大51購06","463,000","11","698,380","1.51","1.70","1.49","1.49","-","0.08","1.46","25","1.49","5","164.00",
="087106","智原元大51購09","0","0","0","--","--","--","--"," ","0.00","0.23","499","0.24","10","158.00",
="087107","智原元大51購10","419,000","6","130,190","0.30","0.32","0.30","0.31","+","0.01","0.30","499","0.31","10","158.00",
="087108","智原元大57購01","248,000","5","118,840","0.47","0.48","0.47","0.48","+","0.01","0.47","499","0.48","10","158.00",
="087109","神達元大51購14","284,000","24","1,840,900","6.30","6.95","6.20","6.40","+","0.75","6.45","150","6.55","15","95.90",
="08710P","貿聯國票4C售01","201,000","3","13,050","0.07","0.07","0.05","0.05","-","0.03","0.06","25","0.07","10","0.00",
="087110","神達元大51購15","50,000","1","262,500","5.25","5.25","5.25","5.25","X","0.00","5.20","150","--","0","95.90",
="087111","聯茂元大51購01","10,000","2","56,000","5.60","5.60","5.60","5.60","-","0.25","5.45","25","5.60","10","125.00",
="087112","愛普元大51購03","816,000","20","949,960","1.16","1.21","1.12","1.21","+","0.06","1.21","499","1.24","10","305.50",
="087113","緯穎元大51購18","162,000","1","220,320","1.36","1.36","1.36","1.36","-","0.03","1.33","25","1.35","10","2,975.00",
="087114","AES元大51購01","104,000","6","169,200","1.52","1.69","1.52","1.63","+","0.10","1.74","499","1.78","10","1,350.00",
="087115","世紀鋼元大51購05","609,000","9","311,930","0.53","0.53","0.51","0.51","-","0.03","0.49","499","0.50","10","188.00",
="087116","臺股指元大51購19","0","0","0","--","--","--","--"," ","0.00","1.76","499","1.77","10","0.00",
="087117","臺股指元大52購06","3,000","3","9,320","3.14","3.14","3.07","3.07","-","0.15","3.00","100","3.01","10","0.00",
="087118","華城凱基55購01","4,000","2","15,080","3.81","3.81","3.73","3.73","-","0.04","3.66","100","3.69","10","618.00",
="087119","上銀凱基51購02","53,000","2","52,100","0.98","1.06","0.98","1.06","X","0.00","0.96","100","0.97","10","215.50",
="08711P","精銳國票4C售02","0","0","0","--","--","--","--"," ","0.00","0.59","25","0.60","10","0.00",
="087120","光寶科凱基52購01","5,000","3","7,520","1.52","1.52","1.50","1.50","-","0.01","1.45","102","1.52","4","130.00",
="087121","台達電凱基52購01","0","0","0","--","--","--","--"," ","0.00","11.30","100","12.30","10","709.00",
="087122","鴻海凱基54購08","0","0","0","--","--","--","--"," ","0.00","3.06","100","3.08","10","206.00",
="087123","國巨凱基51購02","0","0","0","--","--","--","--"," ","0.00","3.04","100","3.11","10","137.00",
="087124","華邦電凱基56購01","97,000","2","94,780","0.94","0.98","0.94","0.98","+","0.03","0.92","100","0.93","10","19.60",
="087125","智邦凱基51購03","0","0","0","--","--","--","--"," ","0.00","7.45","10","7.50","10","984.00",
="087126","鴻準凱基54購01","46,000","1","85,560","1.86","1.86","1.86","1.86","X","0.00","1.84","100","1.94","10","71.70",
="087127","佳能凱基51購01","0","0","0","--","--","--","--"," ","0.00","4.94","100","5.15","10","80.80",
="087128","台光電凱基54購02","27,000","5","72,510","2.74","2.74","2.60","2.60","-","0.39","2.74","100","2.79","10","1,250.00",
="087129","南亞科凱基51購07","0","0","0","--","--","--","--"," ","0.00","0.60","110","0.61","30","46.65",
="08712P","國泰金中信4B售02","0","0","0","--","--","--","--"," ","0.00","--","0","0.02","10","0.00",
="087130","京元電凱基52購01","0","0","0","--","--","--","--"," ","0.00","3.10","100","3.20","10","142.00",
="087131","聯發科凱基54購04","0","0","0","--","--","--","--"," ","0.00","1.41","100","1.42","10","1,385.00",
="087132","奇鋐凱基51購07","0","0","0","--","--","--","--"," ","0.00","5.95","50","6.45","10","1,015.00",
="087133","景碩凱基51購02","211,000","24","361,630","1.59","1.85","1.59","1.65","-","0.10","1.62","100","1.65","10","113.50",
="087134","新日興凱基51購03","78,000","11","242,380","2.96","3.92","2.96","3.92","+","0.92","3.58","28","3.68","10","259.00",
="087135","碩天凱基52購02","0","0","0","--","--","--","--"," ","0.00","0.95","10","0.96","10","225.50",
="087136","世芯凱基55購03","1,000","1","3,330","3.33","3.33","3.33","3.33","X","0.00","3.29","100","3.31","10","4,000.00",
="087137","貿聯凱基52購02","101,000","8","247,590","2.20","2.59","2.20","2.59","+","0.41","2.37","10","2.47","10","981.00",
="087138","神達凱基55購02","148,000","18","793,200","5.15","5.65","5.15","5.30","+","0.52","5.30","19","5.35","10","95.90",
="087139","定穎控凱基52購01","0","0","0","--","--","--","--"," ","0.00","30.60","100","31.60","10","106.00",
="08713P","T50正2永豐4B售03","0","0","0","--","--","--","--"," ","0.00","0.02","10","0.03","10","0.00",
="087140","臻鼎凱基52購01","0","0","0","--","--","--","--"," ","0.00","6.00","100","--","0","194.00",
="087141","迅得凱基52購01","320,000","11","649,280","2.02","2.09","1.97","2.04","+","0.10","2.05","100","2.06","10","193.50",
="087142","天虹凱基51購01","0","0","0","--","--","--","--"," ","0.00","0.56","10","0.58","10","208.50",
="087143","宏全凱基52購01","15,000","3","8,050","0.55","0.55","0.52","0.52","-","0.04","0.52","100","0.53","10","138.00",
="087144","台灣50元富51購03","0","0","0","--","--","--","--"," ","0.00","7.35","25","7.40","25","52.50",
="087145","台積電元富67購01","2,000","1","21,800","10.90","10.90","10.90","10.90","-","0.40","10.70","25","10.80","25","1,160.00",
="087146","南電元富57購02","11,000","2","73,900","6.50","6.80","6.50","6.80","+","0.45","8.10","25","--","0","226.00",
="087147","臺股指元富56購08","0","0","0","--","--","--","--"," ","0.00","5.05","25","5.10","25","0.00",
="087148","智邦國票52購02","1,000","1","8,800","8.80","8.80","8.80","8.80","X","0.00","8.40","25","8.45","10","984.00",
="087149","漢唐國票52購01","0","0","0","--","--","--","--"," ","0.00","24.20","25","24.80","10","1,190.00",
="08714P","台積電永豐4B售13","0","0","0","--","--","--","--"," ","0.00","0.16","499","0.17","10","0.00",
="087150","長榮國票56購01","7,000","3","8,200","1.20","1.20","1.12","1.12","+","0.03","1.11","25","1.12","10","188.00",
="087151","智原國票55購01","47,000","4","36,840","0.77","0.80","0.77","0.79","+","0.03","0.77","25","0.78","10","158.00",
="087152","日月光國票53購01","5,000","1","4,800","0.96","0.96","0.96","0.96","X","0.00","0.90","25","0.91","10","147.50",
="087153","訊連國票54購01","0","0","0","--","--","--","--"," ","0.00","0.83","25","0.84","10","97.70",
="087154","復盛國票52購01","8,000","1","10,640","1.33","1.33","1.33","1.33","X","0.00","1.30","25","1.32","10","265.50",
="087155","士電國泰52購02","63,000","3","149,500","2.44","2.44","2.34","2.34","+","0.16","2.31","499","2.33","100","187.50",
="087156","聯發科國泰56購01","0","0","0","--","--","--","--"," ","0.00","1.04","499","1.08","499","1,385.00",
="087157","聯發科國泰56購02","0","0","0","--","--","--","--"," ","0.00","1.17","499","1.19","499","1,385.00",
="087158","萬海國泰52購01","103,000","7","77,580","0.75","0.77","0.72","0.72","+","0.01","0.71","499","0.72","100","84.10",
="087159","世紀鋼國泰52購01","0","0","0","--","--","--","--"," ","0.00","1.03","499","1.06","499","188.00",
="08715P","台積電永豐4B售14","0","0","0","--","--","--","--"," ","0.00","0.11","499","0.12","10","0.00",
="087160","臺股指國泰53購03","3,000","3","6,780","2.29","2.29","2.23","2.23","-","0.09","2.23","499","2.24","100","0.00",
="087161","元黃金凱基51購01","0","0","0","--","--","--","--"," ","0.00","0.47","100","0.48","10","37.00",
="087162","香港2X凱基51購02","40,000","4","72,000","1.85","1.85","1.75","1.75","-","0.43","1.70","10","1.80","10","16.40",
="087163","SP黃豆凱基52購01","48,000","7","35,040","0.73","0.73","0.73","0.73","-","0.02","0.73","10","0.74","50","20.50",
="087164","鴻海凱基52購04","20,000","1","81,000","4.05","4.05","4.05","4.05","X","0.00","4.09","25","4.19","10","206.00",
="087165","台積電凱基51購21","0","0","0","--","--","--","--"," ","0.00","0.50","100","0.51","10","1,160.00",
="087166","台積電凱基67購01","0","0","0","--","--","--","--"," ","0.00","1.95","100","1.96","10","1,160.00",
="087167","華碩凱基52購02","10,000","1","15,700","1.57","1.57","1.57","1.57","-","0.06","1.55","10","1.65","10","634.00",
="087168","聯發科凱基57購01","0","0","0","--","--","--","--"," ","0.00","1.95","100","1.96","10","1,385.00",
="087169","長榮航凱基51購04","0","0","0","--","--","--","--"," ","0.00","1.40","10","1.41","10","39.05",
="08716P","可成元富4B售02","0","0","0","--","--","--","--"," ","0.00","1.42","25","1.45","25","0.00",
="087170","國票金凱基51購01","400,000","4","295,000","0.77","0.77","0.71","0.71","-","0.03","0.72","10","0.73","10","15.50",
="087171","大立光凱基54購01","5,000","1","14,550","2.91","2.91","2.91","2.91"," ","0.00","2.92","100","2.94","10","2,395.00",
="087172","亞光凱基52購03","8,000","1","25,120","3.14","3.14","3.14","3.14","-","0.03","3.09","100","3.19","10","164.00",
="087173","世芯凱基52購07","10,000","3","55,350","5.35","5.70","5.35","5.45","-","0.30","5.35","50","5.40","10","4,000.00",
="087174","正文凱基52購01","70,000","12","97,360","1.39","1.41","1.37","1.38","-","0.28","1.39","10","1.40","10","26.00",
="087175","臻鼎凱基52購02","0","0","0","--","--","--","--"," ","0.00","5.40","100","--","0","194.00",
="087176","jpp凱基52購01","97,000","10","225,580","2.32","2.45","2.26","2.36","+","0.15","2.42","100","2.52","10","276.00",
="087177","穎崴凱基54購02","60,000","2","78,800","1.27","1.40","1.27","1.40","+","0.25","1.35","100","1.45","10","1,250.00",
="087178","愛普凱基51購02","1,000","1","1,390","1.39","1.39","1.39","1.39","X","0.00","1.42","10","1.43","10","305.50",
="087179","連加凱基51購01","0","0","0","--","--","--","--"," ","0.00","0.77","100","0.78","10","615.00",
="08717P","台灣50國票4B售06","0","0","0","--","--","--","--"," ","0.00","0.17","25","0.18","10","0.00",
="087181","鴻海凱基4C購01","0","0","0","--","--","--","--"," ","0.00","1.11","100","1.12","10","206.00",
="087182","連加凱基52購01","0","0","0","--","--","--","--"," ","0.00","0.61","100","0.62","10","615.00",
="087183","連加凱基52購02","0","0","0","--","--","--","--"," ","0.00","0.78","100","0.79","10","615.00",
="087184","南電凱基52購01","0","0","0","--","--","--","--"," ","0.00","6.35","499","--","0","226.00",
="087185","勤誠凱基57購01","64,000","8","274,990","4.31","4.32","4.25","4.30","-","0.05","4.25","24","4.35","10","613.00",
="087186","聯發科凱基4C購03","20,000","2","10,200","0.52","0.52","0.50","0.50","-","0.02","0.48","100","0.49","10","1,385.00",
="087187","聯發科凱基4C購04","0","0","0","--","--","--","--"," ","0.00","0.78","100","0.79","10","1,385.00",
="087188","聯發科凱基52購01","119,000","4","65,250","0.55","0.55","0.54","0.55","X","0.00","0.53","100","0.54","10","1,385.00",
="087189","世紀鋼凱基54購01","17,000","1","18,360","1.08","1.08","1.08","1.08","-","0.11","1.08","100","1.10","10","188.00",
="08718P","台灣50國票51售03","0","0","0","--","--","--","--"," ","0.00","0.35","25","0.36","10","0.00",
="087190","臺股指凱基52購09","6,000","6","28,090","4.72","4.72","4.64","4.64","-","0.15","4.52","100","4.53","10","0.00",
="087191","中砂統一56購01","75,000","3","55,910","0.74","0.75","0.74","0.74","X","0.00","0.71","10","0.72","10","347.00",
="087192","上銀統一56購02","39,000","2","23,400","0.60","0.60","0.60","0.60","X","0.00","0.59","10","0.60","10","215.50",
="087193","雄獅統一57購01","30,000","2","21,300","0.71","0.71","0.71","0.71","+","0.03","0.71","10","0.72","10","159.00",
="087194","雄獅統一61購01","22,000","1","14,960","0.68","0.68","0.68","0.68","+","0.03","0.67","10","0.68","10","159.00",
="087195","欣興統一55購02","80,000","3","96,240","1.19","1.27","1.19","1.27","+","0.01","1.23","10","1.24","10","150.00",
="087196","景碩統一57購02","1,129,000","56","1,117,040","0.95","1.02","0.94","0.96","-","0.03","0.95","10","--","0","113.50",
="087197","臻鼎統一57購01","102,000","4","223,600","2.16","2.20","2.16","2.20"," ","0.00","2.21","10","2.23","10","194.00",
="087198","臻鼎統一57購02","0","0","0","--","--","--","--"," ","0.00","2.00","10","2.01","10","194.00",
="087199","佳必琪統一57購01","12,000","1","11,400","0.95","0.95","0.95","0.95","+","0.02","0.93","10","0.94","10","178.50",
="08719P","上銀國票4C售02","0","0","0","--","--","--","--"," ","0.00","0.47","25","0.48","10","0.00",
="087200","連加統一57購01","0","0","0","--","--","--","--"," ","0.00","0.40","10","0.41","10","615.00",
="087201","連加統一57購02","2,000","1","1,580","0.79","0.79","0.79","0.79","X","0.00","0.78","10","0.79","10","615.00",
="087202","南電統一56購03","0","0","0","--","--","--","--"," ","0.00","2.28","10","--","0","226.00",
="087203","南電統一57購02","8,000","2","17,680","2.09","2.41","2.09","2.41","+","0.53","2.41","10","--","0","226.00",
="087204","台灣50中信57購02","30,000","2","24,200","0.82","0.82","0.80","0.80","-","0.09","0.78","100","0.80","80","0.00",
="087205","國票金中信51購01","294,000","8","286,840","1.01","1.05","0.96","0.96","-","0.10","0.98","10","1.00","10","0.00",
="087206","國票金中信51購02","127,000","9","220,500","1.71","1.79","1.71","1.79","+","0.05","1.64","499","1.67","10","0.00",
="087207","和大兆豐53購01","117,000","12","226,000","1.66","2.38","1.66","2.30","+","0.64","2.30","5","2.42","1","72.90",
="087208","大立光兆豐51購02","160,000","8","255,130","1.61","1.61","1.57","1.57","-","0.02","1.55","10","1.56","10","2,395.00",
="087209","儒鴻群益51購01","258,000","7","236,170","0.90","0.93","0.86","0.93"," ","0.00","0.91","50","--","0","407.50",
="08720P","金像電國票4C售01","0","0","0","--","--","--","--"," ","0.00","--","0","0.05","499","0.00",
="087210","華城群益51購04","27,000","3","69,280","2.58","2.58","2.45","2.45","-","0.08","2.38","100","2.42","100","618.00",
="087211","國巨群益53購04","369,000","6","534,060","1.44","1.49","1.37","1.37","-","0.01","1.39","100","1.42","100","137.00",
="087212","智邦群益51購04","0","0","0","--","--","--","--"," ","0.00","--","0","2.47","10","984.00",
="087213","台光電群益51購08","47,000","1","164,970","3.51","3.51","3.51","3.51","-","0.03","1.22","8","--","0","1,250.00",
="087214","南亞科群益51購09","15,000","2","21,150","1.44","1.44","1.35","1.35","-","0.19","1.34","100","1.36","100","46.65",
="087215","京元電群益51購02","0","0","0","--","--","--","--"," ","0.00","--","0","2.39","10","142.00",
="087216","聯發科群益52購04","0","0","0","--","--","--","--"," ","0.00","--","0","--","0","1,385.00",
="087217","國票金群益51購01","483,000","7","442,790","0.91","0.93","0.88","0.88","-","0.03","0.31","161","--","0","15.50",
="087218","奇鋐群益52購05","30,000","3","55,200","1.84","1.84","1.84","1.84","-","0.17","1.72","150","--","0","1,015.00",
="087219","新日興群益51購04","455,000","19","540,790","1.11","1.53","1.07","1.45","+","0.35","0.41","24","--","0","259.00",
="08721P","國泰金國票4C售02","0","0","0","--","--","--","--"," ","0.00","0.03","25","0.05","10","0.00",
="087220","世芯群益51購09","13,000","2","84,300","6.50","6.50","6.30","6.30","+","0.05","6.00","10","6.50","10","4,000.00",
="087221","臻鼎群益52購02","0","0","0","--","--","--","--"," ","0.00","--","0","--","0","194.00",
="087222","世紀鋼群益54購03","32,000","1","31,360","0.98","0.98","0.98","0.98","-","0.03","0.91","10","1.01","10","188.00",
="087223","台光電台新51購01","10,000","1","47,800","4.78","4.78","4.78","4.78","X","0.00","5.15","20","5.20","10","0.00",
="087224","健策台新51購01","0","0","0","--","--","--","--"," ","0.00","4.17","20","4.18","10","0.00",
="087225","T50反1永豐53購02","0","0","0","--","--","--","--"," ","0.00","0.25","10","0.26","10","19.79",
="087226","日本反永豐52購01","10,000","1","3,200","0.32","0.32","0.32","0.32","-","0.01","0.31","10","0.32","10","5.15",
="087227","大成鋼永豐51購01","10,000","1","41,500","4.15","4.15","4.15","4.15","-","0.25","4.06","10","4.16","10","38.60",
="087228","台積電永豐54購03","1,000","1","13,900","13.90","13.90","13.90","13.90","-","1.00","12.90","10","13.90","10","1,160.00",
="087229","台積電永豐55購03","12,000","2","187,800","15.70","15.70","15.40","15.40","-","1.00","14.70","2","15.20","10","1,160.00",
="08722P","聯鈞國票4C售02","0","0","0","--","--","--","--"," ","0.00","0.49","25","0.50","10","0.00",
="087230","T50反1兆豐4A購01","1,000","1","10","0.01","0.01","0.01","0.01","X","0.00","--","0","0.01","193","19.79",
="087231","漢唐永豐53購01","0","0","0","--","--","--","--"," ","0.00","5.15","499","5.60","10","1,190.00",
="087232","京元電永豐53購01","5,000","1","9,300","1.86","1.86","1.86","1.86","-","0.09","1.94","10","2.00","10","142.00",
="087233","大立光永豐51購03","0","0","0","--","--","--","--"," ","0.00","1.33","499","1.34","10","2,395.00",
="087234","奇鋐永豐51購05","10,000","1","56,000","5.60","5.60","5.60","5.60","X","0.00","5.60","499","5.75","10","1,015.00",
="087235","群創永豐52購02","10,000","1","10,600","1.06","1.06","1.06","1.06","+","0.11","1.15","10","1.19","10","14.15",
="087236","臻鼎永豐52購01","1,000","1","12,000","12.00","12.00","12.00","12.00","-","1.40","12.30","499","13.30","10","194.00",
="087237","穎崴永豐52購03","120,000","9","74,470","0.61","0.72","0.58","0.72","+","0.05","0.30","33","--","0","1,250.00",
="087238","台灣50富邦52購03","0","0","0","--","--","--","--"," ","0.00","1.87","100","1.88","100","0.00",
="087239","T50反1富邦53購03","0","0","0","--","--","--","--"," ","0.00","0.59","100","0.60","100","0.00",
="08723P","臺股指國票4B售08","0","0","0","--","--","--","--"," ","0.00","0.20","499","0.21","499","0.00",
="087240","T50反1富邦54購02","0","0","0","--","--","--","--"," ","0.00","0.78","100","0.79","100","0.00",
="087241","台達電富邦53購01","21,000","3","83,030","3.97","3.97","3.93","3.93","+","0.17","3.94","30","3.98","10","0.00",
="087242","穎崴富邦53購04","360,000","16","219,230","0.59","0.64","0.56","0.64","+","0.06","0.63","10","0.64","10","0.00",
="087243","力積電富邦51購02","82,000","3","50,740","0.60","0.62","0.60","0.62","-","0.01","0.61","30","0.62","10","0.00",
="087244","連加富邦53購01","0","0","0","--","--","--","--"," ","0.00","0.36","10","0.37","10","0.00",
="087245","臺股指富邦52購10","0","0","0","--","--","--","--"," ","0.00","1.60","499","1.61","100","0.00",
="087246","臺股指富邦52購11","9,000","6","17,340","1.96","1.96","1.89","1.89","-","0.11","1.87","499","1.88","100","0.00",
="087247","台灣50元大51購09","0","0","0","--","--","--","--"," ","0.00","3.46","300","3.48","10","52.50",
="087248","台灣50元大52購01","275,000","6","1,046,340","3.90","3.90","3.72","3.72","-","0.34","3.71","300","3.72","10","52.50",
="087249","台灣50元大52購02","168,000","2","362,880","2.16","2.16","2.16","2.16","-","0.08","2.11","400","2.12","10","52.50",
="08724P","臺股指國票4C售02","0","0","0","--","--","--","--"," ","0.00","0.41","499","0.42","499","0.00",
="087250","台灣50元大54購03","0","0","0","--","--","--","--"," ","0.00","3.45","300","3.46","10","52.50",
="087251","元金2X元大53購01","189,000","11","317,860","1.69","1.69","1.67","1.68","+","0.07","1.68","250","1.69","100","58.65",
="087252","中興電元大51購05","404,000","8","297,950","0.74","0.74","0.71","0.74","+","0.06","0.74","499","0.76","10","167.00",
="087253","華城元大51購13","132,000","12","585,340","4.59","4.59","4.35","4.37","-","0.07","4.24","150","4.27","10","618.00",
="087254","中砂元大51購10","90,000","2","194,400","2.16","2.16","2.16","2.16","X","0.00","2.22","350","2.26","10","347.00",
="087255","台達電元大51購05","8,000","2","94,600","11.80","12.00","11.80","12.00","-","0.30","11.70","10","11.80","10","709.00",
="087256","鴻海元大51購21","0","0","0","--","--","--","--"," ","0.00","1.99","350","2.02","10","206.00",
="087257","鴻海元大51購22","0","0","0","--","--","--","--"," ","0.00","2.07","350","2.09","10","206.00",
="087258","鴻海元大51購23","510,000","7","1,045,300","2.03","2.07","2.03","2.07","-","0.08","2.04","350","2.07","10","206.00",
="087259","台積電元大51購62","0","0","0","--","--","--","--"," ","0.00","0.10","10","--","0","1,160.00",
="08725P","臺股指國票51售01","0","0","0","--","--","--","--"," ","0.00","0.38","499","0.39","499","0.00",
="087260","台積電元大51購63","0","0","0","--","--","--","--"," ","0.00","0.06","68","--","0","1,160.00",
="087261","台積電元大57購03","0","0","0","--","--","--","--"," ","0.00","0.06","68","--","0","1,160.00",
="087262","華邦電元大51購05","281,000","9","242,340","0.85","0.88","0.84","0.85","-","0.01","0.83","499","0.84","10","19.60",
="087263","金像電元大51購06","44,000","11","402,750","9.10","9.55","9.05","9.55","+","0.45","9.75","100","9.90","10","486.00",
="087264","金像電元大54購04","181,000","16","392,290","2.15","2.29","2.12","2.29","+","0.14","2.29","350","2.30","10","486.00",
="087265","漢唐元大51購05","1,000","1","7,700","7.70","7.70","7.70","7.70","+","0.45","7.55","25","7.80","10","1,190.00",
="087266","南亞科元大51購11","4,000","2","3,000","0.76","0.76","0.74","0.74","-","0.04","0.70","499","0.71","10","46.65",
="087267","宏達電元大51購04","13,000","4","141,200","11.40","11.40","10.70","10.70","+","0.30","10.70","10","--","0","66.50",
="087268","長榮元大51購25","165,000","5","237,300","1.43","1.45","1.40","1.40","+","0.10","1.30","499","1.33","10","188.00",
="087269","長榮元大51購26","206,000","2","199,820","0.97","0.97","0.97","0.97","+","0.08","0.87","499","0.90","10","188.00",
="08726P","貿聯群益4B售02","0","0","0","--","--","--","--"," ","0.00","--","0","--","0","0.00",
="087270","萬海元大54購02","152,000","2","122,940","0.80","0.82","0.80","0.82","+","0.04","0.76","499","0.77","10","84.10",
="087271","大立光元大51購10","372,000","9","485,080","1.34","1.34","1.30","1.30","-","0.03","1.28","25","1.30","10","2,395.00",
="087272","偉訓元大51購02","570,000","26","2,790,810","4.94","5.05","4.62","4.96","-","0.14","4.54","150","4.64","10","110.00",
="087273","緯創元大51購08","1,011,000","5","889,680","0.88","0.88","0.88","0.88","-","0.06","0.88","499","--","0","115.00",
="087274","玉晶光元大51購06","55,000","4","172,260","3.06","3.15","3.06","3.15","+","0.03","3.09","250","3.11","10","461.50",
="087275","碩天元大51購02","0","0","0","--","--","--","--"," ","0.00","0.80","499","0.81","10","225.50",
="087276","健策元大51購02","0","0","0","--","--","--","--"," ","0.00","1.69","25","--","0","1,905.00",
="087277","世芯元大51購32","13,000","2","48,670","3.91","3.91","3.73","3.73","-","0.13","3.53","200","3.58","10","4,000.00",
="087278","世芯元大51購33","0","0","0","--","--","--","--"," ","0.00","3.46","200","3.50","10","4,000.00",
="087279","世芯元大51購34","0","0","0","--","--","--","--"," ","0.00","1.25","499","1.27","10","4,000.00",
="08727P","台灣50凱基4B售07","0","0","0","--","--","--","--"," ","0.00","0.05","100","0.15","10","0.00",
="087280","貿聯元大51購08","801,000","18","688,390","0.79","0.93","0.78","0.84","+","0.04","0.85","499","0.88","10","981.00",
="087281","日月光元大51購03","0","0","0","--","--","--","--"," ","0.00","0.53","499","0.54","10","147.50",
="087282","定穎控元大51購01","0","0","0","--","--","--","--"," ","0.00","14.30","50","--","0","106.00",
="087283","祥碩元大51購01","493,000","11","333,090","0.69","0.69","0.65","0.66","-","0.05","0.65","25","0.66","10","1,665.00",
="087284","精成科元大51購08","0","0","0","--","--","--","--"," ","0.00","1.92","499","--","0","131.00",
="087285","穎崴元大57購01","126,000","9","384,420","3.18","3.18","2.91","2.95","-","0.32","1.83","10","--","0","1,250.00",
="087286","緯穎元大51購20","142,000","14","552,800","4.03","4.03","3.82","3.82","-","0.06","3.80","25","3.84","10","2,975.00",
="087287","洋基元大51購02","1,000","1","5,700","5.70","5.70","5.70","5.70","-","0.60","5.45","100","5.50","10","476.00",
="087288","虎航元大51購02","62,000","1","65,720","1.06","1.06","1.06","1.06","-","0.01","1.06","499","1.07","10","82.60",
="087289","力積電元大51購01","45,000","1","12,150","0.27","0.27","0.27","0.27"," ","0.00","0.27","499","0.28","10","16.05",
="08728P","台灣50凱基4B售08","0","0","0","--","--","--","--"," ","0.00","0.12","100","0.13","50","0.00",
="087290","力積電元大51購02","276,000","5","149,320","0.55","0.55","0.54","0.55","+","0.01","0.55","1","0.56","10","16.05",
="087291","采鈺元大51購01","0","0","0","--","--","--","--"," ","0.00","2.28","350","2.33","10","264.00",
="087292","富世達元大51購04","3,000","1","6,330","2.11","2.11","2.11","2.11","+","0.02","1.29","7","--","0","1,145.00",
="087293","T50反1中信57購01","20,000","1","13,800","0.69","0.69","0.69","0.69","+","0.02","0.68","125","0.69","100","0.00",
="087294","華南金中信51購01","351,000","9","382,960","1.10","1.10","1.08","1.08"," ","0.00","1.03","10","1.05","10","0.00",
="087295","國票金中信51購03","137,000","5","57,540","0.42","0.42","0.42","0.42"," ","0.00","0.38","499","0.39","10","0.00",
="087296","中砂永豐52購05","76,000","10","56,010","0.70","0.80","0.70","0.80","+","0.12","0.74","10","0.75","10","347.00",
="087297","金像電永豐51購05","0","0","0","--","--","--","--"," ","0.00","3.68","499","3.74","10","486.00",
="087298","台光電永豐51購05","0","0","0","--","--","--","--"," ","0.00","1.71","499","1.81","10","1,250.00",
="087299","漢唐永豐53購02","0","0","0","--","--","--","--"," ","0.00","7.30","499","7.50","10","1,190.00",
="08729P","T50正2凱基4B售05","0","0","0","--","--","--","--"," ","0.00","0.17","100","0.18","10","0.00",
="087300","萬海永豐53購01","5,000","1","4,050","0.81","0.81","0.81","0.81","X","0.00","0.80","499","0.81","10","84.10",
="087301","德律永豐52購03","0","0","0","--","--","--","--"," ","0.00","15.60","499","15.90","10","206.00",
="087302","智原永豐52購01","0","0","0","--","--","--","--"," ","0.00","0.41","499","0.44","10","158.00",
="087303","聯發科凱基52購02","0","0","0","--","--","--","--"," ","0.00","0.83","100","0.84","10","1,385.00",
="087304","聯發科凱基52購03","501,000","5","556,550","1.13","1.14","1.10","1.10","-","0.04","1.09","100","1.10","8","1,385.00",
="087305","牧德永豐52購02","1,069,000","57","1,234,970","1.12","1.20","1.10","1.19","+","0.12","1.24","10","1.25","10","594.00",
="087306","智易永豐52購01","0","0","0","--","--","--","--"," ","0.00","1.41","499","1.51","10","236.00",
="087307","定穎控永豐53購02","0","0","0","--","--","--","--"," ","0.00","4.96","499","5.30","10","106.00",
="087308","聯茂永豐52購01","0","0","0","--","--","--","--"," ","0.00","--","0","--","0","125.00",
="087309","洋基永豐51購01","3,000","3","9,290","3.27","3.27","3.00","3.00","-","0.35","2.95","5","2.99","10","476.00",
="08730P","中砂凱基4C售02","0","0","0","--","--","--","--"," ","0.00","0.04","10","0.14","10","0.00",
="087310","勤誠永豐51購01","75,000","8","292,150","3.80","3.97","3.80","3.92","-","0.18","3.84","499","3.94","10","613.00",
="087311","金像電統一55購03","427,000","18","785,480","1.81","1.89","1.78","1.89","+","0.10","1.89","10","1.90","10","486.00",
="087312","金像電統一59購02","162,000","7","243,920","1.47","1.53","1.46","1.53","+","0.01","1.52","10","1.53","10","486.00",
="087313","漢唐統一63購01","40,000","4","50,600","1.27","1.27","1.24","1.26","+","0.02","1.24","10","1.27","10","1,190.00",
="087314","創見統一56購01","50,000","1","28,500","0.57","0.57","0.57","0.57","X","0.00","0.55","10","0.56","10","100.50",
="087315","創見統一57購03","100,000","2","51,460","0.51","0.52","0.51","0.52","+","0.01","0.51","10","0.52","10","100.50",
="087316","偉訓統一56購01","1,467,000","32","1,544,920","1.04","1.08","1.02","1.04","-","0.07","1.02","10","1.03","10","110.00",
="087317","奇鋐第一57購01","0","0","0","--","--","--","--"," ","0.00","1.38","10","1.43","10","0.00",
="087318","世芯第一57購04","3,000","3","4,440","1.49","1.49","1.47","1.47","-","0.03","1.47","10","1.48","10","0.00",
="087319","滬深2X凱基54購05","0","0","0","--","--","--","--"," ","0.00","3.36","10","3.37","50","18.32",
="08731P","台積電凱基4B售17","0","0","0","--","--","--","--"," ","0.00","0.04","100","0.14","10","0.00",
="087320","台化凱基51購02","0","0","0","--","--","--","--"," ","0.00","3.92","100","4.02","10","29.90",
="087321","中興電凱基52購02","22,000","2","25,300","1.15","1.15","1.15","1.15","+","0.02","1.21","100","1.23","10","167.00",
="087322","正新凱基51購01","25,000","5","19,680","0.78","0.82","0.78","0.79"," ","0.00","0.78","100","0.79","10","38.10",
="087323","台達電凱基51購03","0","0","0","--","--","--","--"," ","0.00","12.00","20","13.00","10","709.00",
="087325","國巨凱基51購03","0","0","0","--","--","--","--"," ","0.00","3.35","100","3.43","10","137.00",
="087326","台積電凱基52購06","3,000","2","3,430","1.15","1.15","1.13","1.13","-","0.06","1.03","100","1.04","10","1,160.00",
="087327","台積電凱基67購02","0","0","0","--","--","--","--"," ","0.00","2.25","100","2.26","10","1,160.00",
="087328","金像電凱基51購03","62,000","12","249,900","3.95","4.25","3.95","4.25","+","0.35","4.28","10","4.29","10","486.00",
="087329","大同凱基51購01","19,000","3","32,900","1.77","1.77","1.69","1.74","-","0.01","1.73","10","1.74","10","40.75",
="08732P","國泰金凱基4B售01","0","0","0","--","--","--","--"," ","0.00","0.09","100","0.10","50","0.00",
="087330","台光電凱基51購06","0","0","0","--","--","--","--"," ","0.00","3.78","100","3.88","10","1,250.00",
="087331","漢唐凱基52購01","0","0","0","--","--","--","--"," ","0.00","25.60","10","26.60","10","1,190.00",
="087332","長榮凱基51購11","194,000","14","233,810","1.24","1.28","1.15","1.15","-","0.06","1.14","100","1.15","10","188.00",
="087333","萬海凱基51購05","14,000","2","27,160","1.91","1.98","1.91","1.98","+","0.21","1.81","100","1.82","10","84.10",
="087334","雄獅凱基51購04","88,000","9","87,200","0.98","1.02","0.96","1.02","+","0.13","1.01","10","1.03","5","159.00",
="087335","玉山金凱基52購01","4,000","1","5,520","1.38","1.38","1.38","1.38","X","0.00","1.38","100","1.39","10","33.60",
="087336","奇鋐凱基51購08","0","0","0","--","--","--","--"," ","0.00","5.30","50","5.80","10","1,015.00",
="087337","德律凱基54購01","39,000","5","109,440","2.80","2.94","2.77","2.90","-","0.10","2.74","100","2.77","10","206.00",
="08733P","新日興凱基4B售03","45,000","3","8,450","0.19","0.19","0.17","0.19","X","0.00","0.18","10","0.28","10","0.00",
="087341","英業達統一4A購01","0","0","0","--","--","--","--"," ","0.00","--","0","0.06","208","41.35",
="087342","智原凱基51購06","2,000","1","1,420","0.71","0.71","0.71","0.71","+","0.03","0.68","499","0.70","40","158.00",
="087343","緯創凱基52購04","35,000","1","25,900","0.74","0.74","0.74","0.74"," ","0.00","0.73","100","--","0","115.00",
="087344","貿聯凱基51購05","42,000","10","162,180","3.66","4.21","3.66","3.88","+","0.18","3.91","10","4.01","10","981.00",
="087345","日月光凱基51購02","0","0","0","--","--","--","--"," ","0.00","0.67","499","0.68","30","147.50",
="087349","定穎控凱基52購02","0","0","0","--","--","--","--"," ","0.00","11.40","20","12.40","10","106.00",
="08734P","光聖凱基4B售01","0","0","0","--","--","--","--"," ","0.00","--","0","0.02","50","0.00",
="087350","精成科凱基51購06","0","0","0","--","--","--","--"," ","0.00","7.80","499","--","0","131.00",
="087351","佳必琪凱基51購01","127,000","15","358,980","2.75","2.93","2.75","2.78","+","0.10","2.66","10","2.69","10","178.50",
="087352","虎航凱基51購02","0","0","0","--","--","--","--"," ","0.00","0.67","10","0.68","10","82.60",
="087353","鑽石統一4A購01","0","0","0","--","--","--","--"," ","0.00","--","0","0.01","200","20.65",
="087354","來億凱基51購02","0","0","0","--","--","--","--"," ","0.00","0.33","10","0.43","10","243.50",
="087355","勤誠凱基51購04","106,000","7","244,210","2.33","2.34","2.14","2.34","-","0.14","2.26","100","2.36","10","613.00",
="087356","世紀鋼兆豐57購01","13,000","1","7,670","0.59","0.59","0.59","0.59"," ","0.00","0.55","10","0.56","10","188.00",
="087357","台積電富邦52購04","0","0","0","--","--","--","--"," ","0.00","1.04","30","1.05","10","0.00",
="087358","台積電富邦55購04","0","0","0","--","--","--","--"," ","0.00","1.26","30","1.27","10","0.00",
="087359","台積電富邦55購05","0","0","0","--","--","--","--"," ","0.00","1.55","30","1.56","10","0.00",
="08735P","鴻海元大4B售10","0","0","0","--","--","--","--"," ","0.00","--","0","0.01","17","0.00",
="087360","台光電富邦53購02","397,000","26","874,760","2.30","2.30","2.09","2.23","-","0.12","2.23","10","2.26","10","0.00",
="087361","聯發科富邦55購01","0","0","0","--","--","--","--"," ","0.00","1.48","30","1.51","10","0.00",
="087362","緯創富邦52購03","220,000","6","132,170","0.58","0.61","0.58","0.61","-","0.01","0.59","10","0.60","10","0.00",
="087363","香港2X元大51購02","50,000","3","53,320","1.07","1.07","1.05","1.07","-","0.15","0.99","250","1.00","100","16.40",
="087364","A50正2元大51購02","0","0","0","--","--","--","--"," ","0.00","2.36","499","2.42","10","31.56",
="087365","中砂元大56購04","8,000","2","6,600","0.78","0.90","0.78","0.90","+","0.11","0.83","25","0.85","10","347.00",
="087366","美時元大51購02","521,000","6","257,610","0.52","0.52","0.49","0.49","-","0.03","0.47","499","0.48","10","193.50",
="087367","川湖元大51購04","8,000","2","31,680","3.95","3.97","3.95","3.97","X","0.00","3.97","200","4.05","10","2,925.00",
="087368","川湖元大51購05","85,000","4","254,030","2.93","3.04","2.93","3.04","+","0.10","2.93","250","2.96","10","2,925.00",
="087369","鴻海元大51購24","104,000","4","179,850","1.73","1.73","1.71","1.73","X","0.00","1.72","400","1.74","10","206.00",
="08736P","台積電元大4B售20","0","0","0","--","--","--","--"," ","0.00","0.03","499","0.13","10","0.00",
="087370","鴻海元大51購25","100,000","2","173,000","1.73","1.73","1.73","1.73","-","0.09","1.72","400","1.74","10","206.00",
="087371","台積電元大51購66","0","0","0","--","--","--","--"," ","0.00","0.10","11","1.22","10","1,160.00",
="087372","台積電元大52購11","0","0","0","--","--","--","--"," ","0.00","0.08","70","--","0","1,160.00",
="087373","台積電元大54購10","0","0","0","--","--","--","--"," ","0.00","0.12","9","--","0","1,160.00",
="087374","智邦元大51購04","47,000","6","207,090","4.28","4.53","4.19","4.53","+","0.04","4.33","150","4.36","10","984.00",
="087375","南亞科元大51購12","0","0","0","--","--","--","--"," ","0.00","0.73","499","0.74","10","46.65",
="087376","京元電元大51購02","8,000","1","22,240","2.78","2.78","2.78","2.78","+","0.05","2.74","300","2.84","10","142.00",
="087377","京元電元大51購03","0","0","0","--","--","--","--"," ","0.00","2.63","300","2.73","10","142.00",
="087378","聯發科元大51購34","0","0","0","--","--","--","--"," ","0.00","0.70","30","--","0","1,385.00",
="087379","聯發科元大51購35","600,000","2","690,000","1.14","1.16","1.14","1.16","-","0.04","0.10","100","--","0","1,385.00",
="08737P","聯發科元大4B售13","0","0","0","--","--","--","--"," ","0.00","--","0","--","0","0.00",
="087380","長榮元大51購27","0","0","0","--","--","--","--"," ","0.00","0.85","499","0.87","10","188.00",
="087381","慧洋元大51購02","78,000","8","265,520","3.37","3.45","3.37","3.39","+","0.03","3.21","250","3.27","10","61.80",
="087382","聯陽元大51購01","478,000","7","268,480","0.56","0.59","0.56","0.56","-","0.01","0.55","499","0.57","10","133.50",
="087383","奇鋐元大51購19","1,000","1","6,750","6.75","6.75","6.75","6.75","-","0.15","6.10","100","6.25","10","1,015.00",
="087384","奇鋐元大51購20","192,000","5","308,340","1.64","1.64","1.42","1.42","-","0.20","1.48","450","1.54","10","1,015.00",
="087385","智原元大51購11","731,000","13","435,810","0.59","0.61","0.57","0.59"," ","0.00","0.59","499","0.60","10","158.00",
="087386","智原元大57購02","516,000","8","308,620","0.58","0.60","0.58","0.60","+","0.03","0.58","499","0.59","10","158.00",
="087387","健鼎元大51購03","148,000","11","525,820","3.58","3.65","3.44","3.44","-","0.29","3.37","200","3.40","10","318.00",
="087388","景碩元大51購01","86,000","8","467,850","5.05","6.30","5.05","5.45","-","0.30","5.15","150","5.35","10","113.50",
="087389","緯創元大51購09","5,000","2","4,520","0.88","0.92","0.88","0.92","-","0.02","0.07","142","--","0","115.00",
="08738P","一詮元大4B售01","0","0","0","--","--","--","--"," ","0.00","0.63","499","0.64","200","0.00",
="087390","新日興元大51購04","33,000","4","95,450","2.62","3.16","2.62","3.16","+","0.57","1.59","6","--","0","259.00",
="087391","玉晶光元大51購07","89,000","9","282,700","3.12","3.25","3.06","3.23","+","0.13","3.15","250","3.16","10","461.50",
="087392","嘉澤元大51購10","191,000","6","225,840","1.13","1.24","1.09","1.24","+","0.05","1.22","499","1.25","10","1,465.00",
="087393","嘉澤元大51購11","0","0","0","--","--","--","--"," ","0.00","1.21","499","1.25","10","1,465.00",
="087394","世芯元大51購36","35,000","6","175,140","5.05","5.05","4.88","4.88","-","0.06","4.78","150","4.83","10","4,000.00",
="087395","神達元大51購16","22,000","4","342,900","14.70","16.40","14.70","16.30","X","0.00","15.50","50","15.70","10","95.90",
="087396","臻鼎元大51購01","0","0","0","--","--","--","--"," ","0.00","5.70","150","--","0","194.00",
="087397","達興元大51購01","12,000","1","63,600","5.30","5.30","5.30","5.30","+","0.42","5.20","150","5.70","10","387.00",
="087398","精成科元大51購09","30,000","2","199,000","6.55","6.80","6.55","6.80","+","2.11","7.20","1","--","0","131.00",
="087399","精成科元大51購10","392,000","20","897,680","2.37","2.70","2.15","2.70","+","0.94","2.40","20","2.70","24","131.00",
="08739P","創意元大4B售05","0","0","0","--","--","--","--"," ","0.00","0.06","499","0.07","200","0.00",
="087400","力成元大51購01","20,000","2","5,200","0.26","0.26","0.26","0.26","X","0.00","0.24","25","0.25","10","118.50",
="087401","矽格元大51購01","397,000","20","929,420","2.34","2.50","2.29","2.38","+","0.23","2.29","350","2.31","10","82.20",
="087402","愛普元大51購04","196,000","12","299,330","1.52","1.62","1.45","1.62","+","0.05","1.60","499","1.64","10","305.50",
="087403","緯穎元大51購21","101,000","13","365,970","3.75","3.75","3.54","3.54","-","0.06","3.52","25","3.57","10","2,975.00",
="087404","AES元大51購02","200,000","9","399,730","1.94","2.11","1.89","2.07","+","0.30","2.01","450","2.05","10","1,350.00",
="087405","AES元大51購03","0","0","0","--","--","--","--"," ","0.00","1.53","499","1.63","10","1,350.00",
="087406","富世達元大51購05","116,000","8","286,540","2.60","2.60","2.42","2.42","-","0.22","1.39","35","--","0","1,145.00",
="087407","南電元大51購01","0","0","0","--","--","--","--"," ","0.00","3.80","75","--","0","226.00",
="087408","南電元大51購02","0","0","0","--","--","--","--"," ","0.00","3.97","250","--","0","226.00",
="087409","世紀鋼元大51購06","501,000","4","155,510","0.33","0.33","0.31","0.31","-","0.03","0.30","499","0.31","10","188.00",
="08740P","聯鈞元大4B售02","0","0","0","--","--","--","--"," ","0.00","0.46","499","0.47","200","0.00",
="087410","上証2X元富51購02","37,000","1","126,540","3.42","3.42","3.42","3.42","X","0.00","3.26","25","3.36","10","45.30",
="087411","上証2X元富51購03","0","0","0","--","--","--","--"," ","0.00","2.61","25","2.71","10","45.30",
="087412","漢唐元富51購03","0","0","0","--","--","--","--"," ","0.00","--","0","--","0","1,190.00",
="087413","創見元富52購01","79,000","4","77,300","0.98","0.98","0.94","0.94"," ","0.00","0.94","25","0.96","25","100.50",
="087414","創見元富52購02","121,000","4","95,860","0.80","0.80","0.79","0.79","+","0.03","0.75","25","0.77","25","100.50",
="087415","聯發科元富51購11","0","0","0","--","--","--","--"," ","0.00","2.16","25","2.26","10","1,385.00",
="087416","聯發科元富51購12","0","0","0","--","--","--","--"," ","0.00","1.41","25","1.51","10","1,385.00",
="087417","景碩元富51購02","0","0","0","--","--","--","--"," ","0.00","5.75","25","5.90","25","113.50",
="087418","世芯元富52購09","20,000","3","75,260","3.77","3.77","3.70","3.70","+","0.12","3.51","25","3.54","25","4,000.00",
="087419","天鈺元富51購01","1,000","1","1,520","1.52","1.52","1.52","1.52","-","0.05","1.51","25","1.52","25","178.50",
="08741P","精銳元大4B售04","0","0","0","--","--","--","--"," ","0.00","0.24","499","0.25","200","0.00",
="087420","天鈺元富52購01","1,000","1","1,390","1.39","1.39","1.39","1.39","X","0.00","1.31","25","1.33","25","178.50",
="087421","精成科元富51購05","0","0","0","--","--","--","--"," ","0.00","4.24","25","--","0","131.00",
="087422","上証2X國票52購02","1,000","1","3,660","3.66","3.66","3.66","3.66","-","0.88","3.65","25","3.66","10","45.30",
="087423","大同國票52購01","12,000","3","37,040","3.09","3.12","3.07","3.07","-","0.05","3.07","20","3.08","10","40.75",
="087424","美律國票52購01","79,000","5","52,300","0.67","0.67","0.65","0.65","-","0.09","0.65","55","0.66","10","107.50",
="087425","零壹國票54購01","386,000","15","408,660","1.06","1.07","1.02","1.03","+","0.08","0.99","25","1.00","10","126.50",
="087426","德律國票53購02","0","0","0","--","--","--","--"," ","0.00","3.16","25","3.21","10","206.00",
="087427","定穎控國票52購02","0","0","0","--","--","--","--"," ","0.00","21.30","25","21.80","10","106.00",
="087428","精成科國票55購01","0","0","0","--","--","--","--"," ","0.00","7.70","25","--","0","131.00",
="087429","元債2X國泰52購02","1,000","1","630","0.63","0.63","0.63","0.63","+","0.02","0.62","549","0.63","100","7.05",
="08742P","聯發科台新4B售02","0","0","0","--","--","--","--"," ","0.00","0.25","20","0.26","10","0.00",
="087430","中砂國泰52購03","19,000","2","27,280","1.42","1.52","1.42","1.52","+","0.16","1.51","10","1.52","10","347.00",
="087431","台積電國泰52購03","0","0","0","--","--","--","--"," ","0.00","1.74","499","1.79","499","1,160.00",
="087432","長榮國泰55購01","26,000","3","43,060","1.70","1.72","1.61","1.61"," ","0.00","1.55","499","1.59","10","188.00",
="087433","雄獅國泰52購01","48,000","2","81,960","1.69","1.76","1.69","1.76","+","0.21","1.75","16","1.76","100","159.00",
="087434","嘉澤國泰52購01","59,000","2","96,040","1.62","1.64","1.62","1.64","-","0.02","1.61","499","1.64","420","1,465.00",
="087435","南電國泰52購01","0","0","0","--","--","--","--"," ","0.00","7.15","499","--","0","226.00",
="087436","勤誠國泰52購01","1,000","1","2,340","2.34","2.34","2.34","2.34","-","0.09","2.35","10","2.39","10","613.00",
="087437","儒鴻群益51購02","40,000","3","29,200","0.73","0.73","0.73","0.73","-","0.05","0.27","37","--","0","407.50",
="087438","士紙群益51購01","0","0","0","--","--","--","--"," ","0.00","1.19","10","1.29","10","53.60",
="087439","鴻海群益53購08","56,000","5","224,000","4.00","4.00","4.00","4.00","-","0.29","4.05","100","4.10","100","206.00",
="08743P","華航台新4B售01","0","0","0","--","--","--","--"," ","0.00","0.70","10","0.71","10","0.00",
="087440","華碩群益52購01","0","0","0","--","--","--","--"," ","0.00","0.29","34","--","0","634.00",
="087441","金像電群益52購04","0","0","0","--","--","--","--"," ","0.00","4.67","100","4.72","100","486.00",
="087442","創見群益52購01","66,000","3","56,080","0.86","0.86","0.82","0.84"," ","0.00","0.30","166","--","0","100.50",
="087443","聯發科群益51購09","0","0","0","--","--","--","--"," ","0.00","--","0","--","0","1,385.00",
="087444","國票金群益51購02","18,000","1","7,020","0.39","0.39","0.39","0.39","-","0.01","0.12","83","--","0","15.50",
="087445","大立光群益51購03","2,000","1","6,100","3.05","3.05","3.05","3.05","-","0.14","3.01","10","3.11","10","2,395.00",
="087446","亞光群益57購01","0","0","0","--","--","--","--"," ","0.00","--","0","1.52","10","164.00",
="087447","偉訓群益57購01","303,000","14","573,910","1.87","1.93","1.85","1.85","-","0.10","1.12","17","--","0","110.00",
="087449","世芯群益51購10","11,000","3","62,800","5.80","5.80","5.60","5.60","+","0.05","5.30","10","5.80","10","4,000.00",
="08744P","長榮航台新4B售01","0","0","0","--","--","--","--"," ","0.00","0.66","10","0.67","10","0.00",
="087450","瑞智群益51購01","88,000","6","75,970","0.79","0.94","0.79","0.94","+","0.19","0.92","10","1.02","10","25.05",
="087451","臻鼎群益51購01","0","0","0","--","--","--","--"," ","0.00","3.85","5","7.00","1","194.00",
="087452","力成群益52購01","29,000","1","20,300","0.70","0.70","0.70","0.70","-","0.03","0.22","227","--","0","118.50",
="087453","穎崴群益51購01","251,000","6","147,190","0.57","0.64","0.51","0.63","+","0.04","0.20","50","--","0","1,250.00",
="087454","連加群益51購01","0","0","0","--","--","--","--"," ","0.00","0.98","10","1.08","10","615.00",
="087455","連加群益53購01","25,000","1","27,750","1.11","1.11","1.11","1.11","-","0.10","1.12","1","1.16","10","615.00",
="087456","勤誠群益51購05","0","0","0","--","--","--","--"," ","0.00","--","0","--","0","613.00",
="087457","可寧衛群益51購01","0","0","0","--","--","--","--"," ","0.00","0.84","100","0.85","100","199.00",
="087458","世紀鋼群益51購03","31,000","4","57,500","1.85","1.90","1.85","1.85","-","0.13","1.76","10","1.86","10","188.00",
="087459","晟銘電台新51購01","37,000","3","59,080","1.73","1.73","1.54","1.54","-","0.09","1.50","20","1.51","10","0.00",
="08745P","世芯台新4B售01","0","0","0","--","--","--","--"," ","0.00","0.02","70","0.03","10","0.00",
="087460","南電台新51購01","0","0","0","--","--","--","--"," ","0.00","8.65","20","--","0","0.00",
="087461","智邦中信52購01","60,000","4","87,700","1.43","1.48","1.42","1.48","+","0.01","1.41","499","1.42","10","0.00",
="087462","鴻準中信52購01","0","0","0","--","--","--","--"," ","0.00","1.30","499","1.32","10","0.00",
="087463","貿聯中信51購01","687,000","16","490,720","0.60","0.78","0.60","0.68","+","0.06","0.69","10","0.70","10","0.00",
="087464","精成科中信52購01","201,000","15","471,220","1.86","2.41","1.86","2.40","+","0.59","2.42","499","--","0","0.00",
="087465","聯茂中信52購01","77,000","8","250,180","3.33","3.33","3.18","3.22","-","0.16","3.17","10","3.21","10","0.00",
="087466","昇陽半中信51購01","0","0","0","--","--","--","--"," ","0.00","1.00","499","--","0","0.00",
="087467","勤誠中信51購01","0","0","0","--","--","--","--"," ","0.00","1.54","499","1.57","10","0.00",
="087468","T50反1永豐53購03","40,000","1","15,200","0.38","0.38","0.38","0.38","X","0.00","0.38","10","0.39","10","19.79",
="087469","T50反1永豐54購02","5,000","1","3,050","0.61","0.61","0.61","0.61","+","0.01","0.63","499","0.64","10","19.79",
="08746P","長榮航元富4B售04","0","0","0","--","--","--","--"," ","0.00","0.90","25","0.91","25","0.00",
="087470","道瓊銅永豐53購01","19,000","2","3,610","0.19","0.19","0.19","0.19"," ","0.00","0.18","10","0.19","10","24.91",
="087471","第一銅永豐51購02","0","0","0","--","--","--","--"," ","0.00","0.71","10","0.72","10","34.50",
="087472","華邦電永豐51購04","42,000","1","39,900","0.95","0.95","0.95","0.95","-","0.03","0.97","499","0.99","10","19.60",
="087473","智邦永豐52購04","0","0","0","--","--","--","--"," ","0.00","2.94","10","2.97","10","984.00",
="087474","聯發科永豐51購04","0","0","0","--","--","--","--"," ","0.00","0.95","499","0.96","10","1,385.00",
="087475","長榮永豐53購02","0","0","0","--","--","--","--"," ","0.00","0.77","499","0.78","10","188.00",
="087476","奇鋐永豐57購01","117,000","5","253,060","2.24","2.24","2.14","2.14","-","0.26","2.19","499","2.21","10","1,015.00",
="087477","亞光永豐51購01","0","0","0","--","--","--","--"," ","0.00","2.20","499","2.25","10","164.00",
="087478","貿聯永豐52購09","61,000","9","62,490","0.99","1.09","0.99","1.02","+","0.06","1.02","10","1.05","10","981.00",
="087479","飛捷永豐54購01","85,000","3","42,810","0.51","0.51","0.50","0.50","-","0.02","0.51","10","0.52","10","112.50",
="08747P","緯穎元富4B售06","0","0","0","--","--","--","--"," ","0.00","0.12","25","0.13","25","0.00",
="087480","南電永豐51購03","0","0","0","--","--","--","--"," ","0.00","3.67","499","--","0","226.00",
="087481","致新永豐53購01","24,000","2","27,120","1.13","1.13","1.13","1.13"," ","0.00","1.09","10","1.10","10","233.00",
="087482","勤誠永豐53購03","0","0","0","--","--","--","--"," ","0.00","2.77","499","2.87","10","613.00",
="087483","第一銅統一57購01","0","0","0","--","--","--","--"," ","0.00","0.55","10","0.56","10","34.50",
="087484","第一銅統一57購02","0","0","0","--","--","--","--"," ","0.00","0.55","10","0.56","10","34.50",
="087485","上銀統一57購02","424,000","23","289,610","0.67","0.70","0.65","0.66"," ","0.00","0.64","10","0.65","10","215.50",
="087486","矽統統一57購01","18,000","2","12,420","0.69","0.69","0.69","0.69","-","0.02","0.69","10","0.70","10","55.10",
="087487","矽統統一57購02","20,000","1","15,000","0.75","0.75","0.75","0.75","-","0.01","0.75","10","0.76","10","55.10",
="087488","矽統統一59購01","21,000","2","19,320","0.92","0.92","0.92","0.92","-","0.01","0.92","10","0.93","10","55.10",
="087489","矽統統一61購01","0","0","0","--","--","--","--"," ","0.00","0.90","10","0.91","10","55.10",
="08748P","川湖凱基4C售02","0","0","0","--","--","--","--"," ","0.00","0.01","499","0.08","100","0.00",
="087490","台光電統一55購02","535,000","15","724,540","1.41","1.41","1.31","1.36","-","0.07","1.34","10","1.35","10","1,250.00",
="087491","晟銘電統一59購06","371,000","13","347,120","0.96","0.99","0.89","0.89"," ","0.00","0.85","10","0.86","10","133.00",
="087492","奇鋐統一55購05","110,000","6","137,110","1.27","1.27","1.22","1.23","-","0.04","1.17","10","1.18","10","1,015.00",
="087493","貿聯統一53購02","108,000","5","73,080","0.61","0.70","0.61","0.70","+","0.08","0.65","10","0.66","10","981.00",
="087494","定穎控統一55購01","0","0","0","--","--","--","--"," ","0.00","2.81","10","2.87","10","106.00",
="087495","定穎控統一57購01","0","0","0","--","--","--","--"," ","0.00","2.25","10","2.26","10","106.00",
="087496","洋基統一59購01","0","0","0","--","--","--","--"," ","0.00","0.84","10","0.85","10","476.00",
="087497","昇陽半統一59購01","626,000","26","623,330","0.97","1.02","0.97","0.99","+","0.01","0.99","10","1.00","10","152.50",
="087498","聯發科第一57購01","0","0","0","--","--","--","--"," ","0.00","0.56","10","0.57","10","0.00",
="087499","嘉澤兆豐51購01","113,000","5","89,400","0.78","0.87","0.78","0.87","+","0.01","0.86","10","0.87","10","1,465.00",
="08749P","台積電凱基4B售18","0","0","0","--","--","--","--"," ","0.00","0.11","100","0.12","30","0.00",
="087500","定穎控兆豐53購01","0","0","0","--","--","--","--"," ","0.00","5.20","10","5.25","10","106.00",
="087502","聯茂兆豐53購01","0","0","0","--","--","--","--"," ","0.00","2.33","10","2.34","10","125.00",
="087503","勤誠兆豐53購03","910,000","27","1,227,180","1.36","1.40","1.30","1.36","-","0.05","1.33","10","1.34","10","613.00",
="087504","滬深2X群益51購01","0","0","0","--","--","--","--"," ","0.00","0.23","43","--","0","18.32",
="087505","國巨群益53購05","496,000","3","650,240","1.31","1.33","1.31","1.33","+","0.08","1.27","100","1.29","100","137.00",
="087506","台積電群益51購17","0","0","0","--","--","--","--"," ","0.00","--","0","--","0","1,160.00",
="087507","台積電群益57購02","1,000","1","2,650","2.65","2.65","2.65","2.65","-","0.21","2.51","1","2.97","1","1,160.00",
="087508","瑞昱群益51購02","0","0","0","--","--","--","--"," ","0.00","0.12","83","--","0","545.00",
="087509","台光電群益51購10","28,000","1","80,360","2.87","2.87","2.87","2.87","+","0.03","0.88","11","--","0","1,250.00",
="08750P","台光電凱基4B售01","0","0","0","--","--","--","--"," ","0.00","--","0","0.02","50","0.00",
="087510","漢唐群益51購03","5,000","1","43,000","8.60","8.60","8.60","8.60","-","0.55","8.50","50","9.00","10","1,190.00",
="087511","長榮群益51購04","79,000","6","106,790","1.36","1.43","1.29","1.29"," ","0.00","1.24","10","1.34","10","188.00",
="087512","長榮群益51購05","71,000","5","98,160","1.36","1.40","1.31","1.31","+","0.04","1.21","10","1.31","10","188.00",
="087513","奇鋐群益51購05","0","0","0","--","--","--","--"," ","0.00","--","0","--","0","1,015.00",
="087514","德律群益51購02","38,000","6","139,120","3.56","3.74","3.56","3.66","-","0.19","3.50","10","3.60","10","206.00",
="087515","智原群益51購05","30,000","1","19,800","0.66","0.66","0.66","0.66","+","0.06","0.65","100","0.66","100","158.00",
="087516","貿聯群益52購04","73,000","17","79,180","0.99","1.15","0.99","1.04","+","0.06","0.37","27","--","0","981.00",
="087517","日月光群益52購01","0","0","0","--","--","--","--"," ","0.00","0.80","100","0.82","100","147.50",
="087518","天鈺群益51購01","0","0","0","--","--","--","--"," ","0.00","0.65","10","0.75","10","178.50",
="087519","智邦富邦52購03","0","0","0","--","--","--","--"," ","0.00","1.93","10","2.03","10","0.00",
="08751P","一詮凱基4B售03","0","0","0","--","--","--","--"," ","0.00","0.33","100","0.43","10","0.00",
="087520","金像電富邦52購01","4,000","2","14,700","3.65","3.70","3.65","3.70","+","0.33","3.67","10","3.71","10","0.00",
="087521","金像電富邦53購01","13,000","2","41,460","3.15","3.32","3.15","3.32","+","0.22","3.33","10","3.37","10","0.00",
="087522","漢唐富邦54購01","0","0","0","--","--","--","--"," ","0.00","5.90","10","6.40","10","0.00",
="087523","聯發科富邦51購07","80,000","2","101,520","1.27","1.27","1.23","1.23","X","0.00","1.23","30","1.26","10","0.00",
="087524","長榮富邦52購06","591,000","14","477,390","0.79","0.83","0.78","0.78","-","0.02","0.78","10","0.79","10","0.00",
="087525","長榮富邦53購02","516,000","12","282,040","0.53","0.56","0.52","0.54"," ","0.00","0.52","10","0.53","10","0.00",
="087526","雄獅富邦52購01","334,000","8","318,240","0.93","0.96","0.93","0.96","+","0.11","0.95","10","0.96","10","0.00",
="087527","嘉澤富邦53購02","854,000","38","660,010","0.78","0.83","0.74","0.83","+","0.04","0.81","10","0.82","10","0.00",
="087528","貿聯富邦53購01","604,000","31","731,130","1.09","1.27","1.09","1.19","+","0.05","1.17","10","1.19","10","0.00",
="087529","達興富邦52購01","0","0","0","--","--","--","--"," ","0.00","2.87","10","2.97","10","0.00",
="08752P","嘉澤凱基4B售02","0","0","0","--","--","--","--"," ","0.00","0.01","575","0.02","50","0.00",
="087530","精成科富邦53購01","156,000","8","402,780","2.59","2.62","2.53","2.53","+","0.72","2.67","10","--","0","0.00",
="087531","來億富邦52購01","0","0","0","--","--","--","--"," ","0.00","0.38","10","0.39","10","0.00",
="087532","勤誠富邦51購01","1,223,000","42","1,636,350","1.36","1.37","1.27","1.34","-","0.05","1.34","30","1.35","10","0.00",
="087533","T50正2元大51購07","96,000","10","233,180","2.44","2.47","2.34","2.38","-","0.13","2.36","499","2.38","10","259.40",
="087534","T50反1元大51購05","0","0","0","--","--","--","--"," ","0.00","0.21","499","0.22","10","19.79",
="087535","上証2X元大53購01","2,000","2","5,740","2.77","2.97","2.77","2.97","-","0.37","2.70","250","2.72","100","45.30",
="087536","上証2X元大54購01","16,000","3","31,940","1.99","2.09","1.99","2.09","X","0.00","1.97","250","1.98","100","45.30",
="087537","士電元大51購01","21,000","9","42,040","2.01","2.04","1.97","1.97","X","0.00","1.95","400","1.97","10","187.50",
="087538","華城元大51購14","88,000","10","365,290","4.25","4.25","4.04","4.22","+","0.10","3.95","200","3.99","10","618.00",
="087539","華新元大51購01","26,000","2","44,440","1.66","1.74","1.66","1.74","+","0.06","1.68","450","1.71","10","23.35",
="08753P","聯鈞統一4C售02","0","0","0","--","--","--","--"," ","0.00","0.19","10","0.21","10","0.00",
="087540","第一銅元大51購01","16,000","1","25,120","1.57","1.57","1.57","1.57","+","0.04","1.54","499","1.56","10","34.50",
="087541","台達電元大51購06","0","0","0","--","--","--","--"," ","0.00","10.90","50","11.00","10","709.00",
="087542","台達電元大51購07","0","0","0","--","--","--","--"," ","0.00","10.10","50","10.30","10","709.00",
="087543","鴻海元大51購26","1,000","1","2,450","2.45","2.45","2.45","2.45","X","0.00","2.45","300","2.48","10","206.00",
="087544","鴻海元大51購27","6,000","2","15,130","2.53","2.53","2.52","2.52","-","0.11","2.49","300","2.52","10","206.00",
="087545","鴻海元大51購28","1,000","1","2,520","2.52","2.52","2.52","2.52","X","0.00","2.48","300","2.51","10","206.00",
="087546","台積電元大51購67","0","0","0","--","--","--","--"," ","0.00","0.06","68","--","0","1,160.00",
="087547","台積電元大54購11","0","0","0","--","--","--","--"," ","0.00","0.13","76","--","0","1,160.00",
="087548","台積電元大55購03","0","0","0","--","--","--","--"," ","0.00","0.13","8","--","0","1,160.00",
="087549","華邦電元大51購06","366,000","21","357,570","0.96","1.03","0.95","0.95","-","0.04","0.93","499","0.95","10","19.60",
="08754P","長榮航中信4B售03","0","0","0","--","--","--","--"," ","0.00","0.29","10","0.30","10","0.00",
="087550","智邦元大51購05","9,000","4","42,640","4.69","4.82","4.69","4.79"," ","0.00","4.61","150","4.64","10","984.00",
="087551","智邦元大51購06","247,000","12","460,150","1.71","1.89","1.71","1.81","-","0.02","1.79","400","1.80","10","984.00",
="087552","鴻準元大51購04","12,000","3","27,460","2.28","2.30","2.28","2.30","+","0.05","2.17","350","2.20","10","71.70",
="087553","金像電元大51購07","14,000","5","89,750","6.35","6.85","6.30","6.85","+","0.30","6.80","100","6.85","10","486.00",
="087554","技嘉元大51購04","96,000","7","190,160","2.00","2.00","1.97","1.99","-","0.04","1.90","25","1.91","10","281.00",
="087555","台光電元大51購10","9,000","1","24,210","2.69","2.69","2.69","2.69","-","0.10","0.67","14","--","0","1,250.00",
="087556","漢唐元大51購06","0","0","0","--","--","--","--"," ","0.00","15.00","50","15.50","10","1,190.00",
="087557","南亞科元大51購14","48,000","1","53,280","1.11","1.11","1.11","1.11","-","0.02","1.02","499","1.03","10","46.65",
="087558","宏達電元大51購05","1,000","1","12,600","12.60","12.60","12.60","12.60","+","2.20","12.20","10","--","0","66.50",
="087559","宏達電元大51購06","0","0","0","--","--","--","--"," ","0.00","9.55","100","--","0","66.50",
="08755P","虎航中信4B售02","0","0","0","--","--","--","--"," ","0.00","0.84","499","0.85","10","0.00",
="087560","長榮元大51購28","466,000","8","594,400","1.26","1.32","1.21","1.21","+","0.01","1.17","499","1.20","10","188.00",
="087561","陽明元大51購04","80,000","4","200,240","2.46","2.56","2.46","2.54","+","0.07","2.35","300","2.38","10","58.80",
="087562","萬海元大54購03","334,000","13","397,230","1.16","1.21","1.16","1.16","+","0.04","1.13","499","1.14","10","84.10",
="087563","晟銘電元大57購01","7,000","2","10,050","1.45","1.45","1.43","1.43","+","0.11","1.32","499","1.34","10","133.00",
="087564","亞光元大51購07","102,000","6","189,160","1.79","1.97","1.79","1.97","-","0.01","1.73","400","1.77","10","164.00",
="087565","德律元大51購06","48,000","5","127,440","2.69","2.72","2.58","2.58","-","0.25","2.55","250","2.58","6","206.00",
="087566","德律元大51購07","0","0","0","--","--","--","--"," ","0.00","2.60","250","2.63","10","206.00",
="087567","智原元大57購03","591,000","13","525,730","0.90","0.90","0.87","0.88","+","0.02","0.88","10","0.90","10","158.00",
="087568","緯創元大51購10","162,000","1","152,280","0.94","0.94","0.94","0.94","X","0.00","0.94","499","--","0","115.00",
="087569","新日興元大51購05","71,000","8","190,770","2.37","2.95","2.37","2.95","+","0.63","0.13","384","--","0","259.00",
="08756P","T50正2永豐52售01","63,000","3","20,830","0.33","0.35","0.33","0.35","X","0.00","0.35","10","0.36","10","0.00",
="087570","玉晶光元大51購08","52,000","5","206,340","3.94","4.03","3.85","4.03","+","0.04","3.98","200","4.01","10","461.50",
="087571","牧德元大51購04","256,000","17","293,300","1.11","1.23","1.10","1.23","+","0.21","1.22","499","1.23","6","594.00",
="087572","世芯元大51購37","29,000","4","116,210","4.11","4.11","3.93","3.93","-","0.06","3.72","200","3.77","10","4,000.00",
="087573","世芯元大51購38","13,000","2","49,940","3.86","3.86","3.84","3.84","-","0.05","3.63","200","3.68","10","4,000.00",
="087574","世芯元大51購39","0","0","0","--","--","--","--"," ","0.00","2.59","250","2.63","10","4,000.00",
="087575","貿聯元大51購09","149,000","8","310,410","1.84","2.25","1.84","2.25","+","0.43","2.05","400","2.08","10","981.00",
="087576","貿聯元大51購10","230,000","11","509,230","1.92","2.34","1.92","2.19","+","0.15","2.13","400","2.17","10","981.00",
="087577","貿聯元大51購11","787,000","36","1,395,500","1.53","1.88","1.53","1.70","+","0.08","1.71","499","1.74","10","981.00",
="087578","亞翔元大51購06","49,000","9","134,360","2.86","2.86","2.54","2.58","-","0.30","2.53","250","2.55","10","349.50",
="087579","亞翔元大54購02","6,000","1","14,160","2.36","2.36","2.36","2.36","-","0.07","2.14","300","2.15","10","349.50",
="08757P","鴻海永豐4B售08","0","0","0","--","--","--","--"," ","0.00","--","0","0.03","10","0.00",
="087580","帆宣元大51購02","33,000","2","142,560","4.32","4.32","4.32","4.32","X","0.00","4.10","200","4.16","10","264.00",
="087581","保瑞元大51購03","16,000","3","41,410","2.53","2.64","2.53","2.64","-","0.17","2.53","300","2.58","10","733.00",
="087582","緯穎元大51購22","71,000","11","223,980","3.26","3.26","3.05","3.05","-","0.06","3.03","25","3.07","10","2,975.00",
="087583","虎航元大51購03","25,000","1","15,250","0.61","0.61","0.61","0.61","X","0.00","0.60","499","0.61","10","82.60",
="087584","大立光國泰52購01","23,000","3","37,090","1.63","1.63","1.61","1.61"," ","0.00","1.60","20","1.63","10","2,395.00",
="087585","零壹國泰52購01","76,000","6","137,950","1.83","1.83","1.72","1.72","+","0.02","1.72","499","1.75","100","126.50",
="087586","定穎控國泰52購01","0","0","0","--","--","--","--"," ","0.00","7.35","10","7.65","10","106.00",
="087587","穎崴國泰52購02","35,000","1","49,000","1.40","1.40","1.40","1.40","-","0.04","1.48","10","1.56","10","1,250.00",
="087588","緯穎國泰52購04","21,000","1","48,720","2.32","2.32","2.32","2.32","-","0.18","2.27","499","2.29","499","2,975.00",
="087589","來億國泰52購01","0","0","0","--","--","--","--"," ","0.00","0.65","499","0.66","100","243.50",
="08758P","亞德客群益4B售01","10,000","1","10,100","1.01","1.01","1.01","1.01","X","0.00","1.02","10","1.12","10","0.00",
="087590","矽統國票52購01","0","0","0","--","--","--","--"," ","0.00","2.94","25","2.95","10","55.10",
="087591","台光電國票52購02","82,000","8","533,500","6.55","6.60","6.40","6.60","+","0.30","6.50","25","6.60","10","1,250.00",
="087592","建準國票52購01","4,000","2","7,270","1.82","1.82","1.81","1.81","-","0.02","1.82","25","1.85","10","137.00",
="087593","奇鋐國票52購03","8,000","1","55,200","6.90","6.90","6.90","6.90","-","0.75","6.60","25","6.90","10","1,015.00",
="087594","景碩國票52購02","35,000","3","213,500","6.10","6.10","6.10","6.10","-","0.35","5.85","25","5.95","10","113.50",
="087595","緯穎國票52購02","25,000","8","82,030","3.35","3.35","3.24","3.28","-","0.10","3.24","25","3.28","9","2,975.00",
="087596","連加國票52購02","0","0","0","--","--","--","--"," ","0.00","1.23","25","1.24","10","615.00",
="087597","潤泰新國票52購01","0","0","0","--","--","--","--"," ","0.00","1.29","25","1.30","10","29.60",
="087598","滬深2X元富51購01","0","0","0","--","--","--","--"," ","0.00","3.35","25","3.45","10","18.32",
="087599","FB越南元富51購01","0","0","0","--","--","--","--"," ","0.00","3.42","25","3.52","25","16.09",
="08759P","金像電群益51售01","0","0","0","--","--","--","--"," ","0.00","0.01","998","0.13","10","0.00",
="087600","FB越南元富51購02","0","0","0","--","--","--","--"," ","0.00","3.13","25","3.17","25","16.09",
="087601","華城元富51購03","0","0","0","--","--","--","--"," ","0.00","2.91","25","2.93","25","618.00",
="087602","中砂元富51購02","74,000","5","157,240","2.00","2.22","2.00","2.22","+","0.24","2.15","25","2.25","10","347.00",
="087603","台光電元富57購01","1,000","1","1,880","1.88","1.88","1.88","1.88","-","0.08","1.78","25","1.88","1","1,250.00",
="087604","台光電元富57購02","205,000","9","314,900","1.56","1.56","1.49","1.56","-","0.05","1.53","25","1.54","25","1,250.00",
="087605","亞光元富51購02","0","0","0","--","--","--","--"," ","0.00","4.39","25","4.49","10","164.00",
="087606","材料元富51購05","0","0","0","--","--","--","--"," ","0.00","0.61","25","0.62","25","67.70",
="087607","瀚宇博元富51購01","15,000","1","80,250","5.35","5.35","5.35","5.35","+","1.23","4.78","25","4.88","25","81.70",
="087608","瀚宇博元富57購01","20,000","4","92,550","4.65","4.67","4.35","4.35","+","0.19","4.13","25","4.15","25","81.70",
="087609","勤誠元富57購01","74,000","8","119,140","1.61","1.63","1.60","1.63","-","0.04","1.59","25","1.69","10","613.00",
="08760P","長榮航群益4C售01","0","0","0","--","--","--","--"," ","0.00","0.74","100","0.75","100","0.00",
="087610","台灣50凱基51購05","6,000","3","18,450","3.07","3.10","3.07","3.10","X","0.00","3.07","100","3.08","50","52.50",
="087611","T50反1凱基51購03","0","0","0","--","--","--","--"," ","0.00","0.17","100","0.18","10","19.79",
="087612","T50反1凱基55購02","0","0","0","--","--","--","--"," ","0.00","1.01","100","1.02","10","19.79",
="087613","上証2X凱基51購04","4,000","1","17,200","4.30","4.30","4.30","4.30","-","1.15","4.16","10","4.17","50","45.30",
="087614","香港2X凱基51購03","320,000","4","264,000","0.83","0.83","0.80","0.80","X","0.00","0.77","30","0.85","10","16.40",
="087615","臺指反凱基57購01","0","0","0","--","--","--","--"," ","0.00","0.25","100","0.26","10","3.20",
="087616","川湖凱基51購03","5,000","3","28,650","5.65","5.85","5.65","5.85","+","0.50","5.55","100","5.60","10","2,925.00",
="087617","台積電凱基53購16","0","0","0","--","--","--","--"," ","0.00","1.07","100","1.08","10","1,160.00",
="087618","台積電凱基67購03","0","0","0","--","--","--","--"," ","0.00","2.32","100","2.33","10","1,160.00",
="087619","智邦凱基54購02","0","0","0","--","--","--","--"," ","0.00","4.24","100","4.30","10","984.00",
="08761P","國泰金群益4B售02","0","0","0","--","--","--","--"," ","0.00","0.07","10","0.17","10","0.00",
="087620","金像電凱基51購04","2,000","2","12,800","6.40","6.40","6.40","6.40","+","0.05","6.85","20","7.35","10","486.00",
="087621","聯發科凱基51購11","0","0","0","--","--","--","--"," ","0.00","0.62","100","0.63","10","1,385.00",
="087622","聯發科凱基53購01","0","0","0","--","--","--","--"," ","0.00","0.82","100","0.83","10","1,385.00",
="087623","晟銘電凱基53購01","92,000","6","163,940","1.90","1.90","1.61","1.61","-","0.08","1.57","64","1.59","10","133.00",
="087624","奇鋐凱基51購09","0","0","0","--","--","--","--"," ","0.00","5.50","100","5.65","10","1,015.00",
="087625","偉訓凱基53購01","149,000","14","332,560","2.14","2.31","2.14","2.15","-","0.19","2.12","3","2.14","10","110.00",
="087626","智原凱基51購07","0","0","0","--","--","--","--"," ","0.00","0.46","499","0.47","40","158.00",
="087627","嘉澤凱基54購02","0","0","0","--","--","--","--"," ","0.00","0.91","100","0.92","10","1,465.00",
="087628","貿聯凱基51購06","47,000","7","138,590","2.81","3.05","2.81","2.85","+","0.25","2.80","10","2.90","10","981.00",
="087629","神達凱基51購08","83,000","9","877,400","10.30","10.90","10.30","10.30","+","1.35","--","0","--","0","95.90",
="08762P","鴻海元大4B售11","90,000","2","6,300","0.07","0.07","0.07","0.07","X","0.00","0.06","499","0.07","200","0.00",
="087630","定穎控凱基51購01","0","0","0","--","--","--","--"," ","0.00","15.10","100","16.10","10","106.00",
="087631","臻鼎凱基51購01","0","0","0","--","--","--","--"," ","0.00","6.85","100","7.35","10","194.00",
="087632","聯茂凱基51購01","0","0","0","--","--","--","--"," ","0.00","6.30","499","6.80","10","125.00",
="087633","力成凱基51購01","521,000","7","162,330","0.33","0.33","0.31","0.31","-","0.05","0.30","100","0.31","10","118.50",
="087634","愛普凱基51購03","26,000","4","47,740","1.82","1.92","1.82","1.89","X","0.00","1.90","10","1.91","10","305.50",
="087635","緯穎凱基53購03","0","0","0","--","--","--","--"," ","0.00","3.00","100","3.02","10","2,975.00",
="087636","洋基凱基51購03","15,000","3","69,090","4.81","4.81","4.33","4.33","-","0.52","4.15","10","4.25","10","476.00",
="087637","虎航凱基53購01","19,000","1","15,010","0.79","0.79","0.79","0.79","X","0.00","0.80","10","0.81","10","82.60",
="087638","連加凱基51購02","22,000","2","29,440","1.34","1.34","1.30","1.30","-","0.14","1.28","100","1.30","10","615.00",
="087639","南電凱基51購04","24,000","14","168,450","6.50","8.00","6.50","8.00","+","2.40","8.05","3","9.25","3","226.00",
="08763P","台積電元大4B售21","0","0","0","--","--","--","--"," ","0.00","--","0","--","0","0.00",
="087640","勤誠凱基53購01","5,000","1","16,800","3.36","3.36","3.36","3.36","-","0.22","3.33","100","3.43","10","613.00",
="087641","寶成凱基51購01","4,000","2","5,660","1.43","1.43","1.41","1.41","+","0.04","1.34","100","1.44","10","28.70",
="087642","臺股指凱基51購20","0","0","0","--","--","--","--"," ","0.00","3.33","100","3.34","10","0.00",
="087643","臺股指凱基53購09","0","0","0","--","--","--","--"," ","0.00","2.93","10","2.94","10","0.00",
="087644","臺股指凱基58購01","0","0","0","--","--","--","--"," ","0.00","3.44","10","3.45","10","0.00",
="087645","台光電中信51購02","0","0","0","--","--","--","--"," ","0.00","1.85","10","--","0","0.00",
="087646","飛捷中信51購01","0","0","0","--","--","--","--"," ","0.00","0.28","10","0.29","10","0.00",
="087647","保瑞中信52購01","65,000","5","38,260","0.57","0.60","0.57","0.60"," ","0.00","0.57","10","0.58","10","0.00",
="087648","南電中信52購01","65,000","6","147,900","2.18","2.35","2.18","2.27","+","0.02","2.58","499","--","0","0.00",
="087649","緯穎第一57購01","96,000","7","170,940","1.81","1.81","1.78","1.78","X","0.00","1.76","10","1.78","10","0.00",
="08764P","台光電元大4B售04","0","0","0","--","--","--","--"," ","0.00","--","0","0.10","10","0.00",
="087650","上証2X凱基53購01","47,000","4","272,250","5.65","6.00","5.65","6.00","X","0.00","5.60","10","5.65","50","45.30",
="087651","滬深2X凱基51購06","0","0","0","--","--","--","--"," ","0.00","3.44","10","3.45","50","18.32",
="087652","亞德客凱基51購01","43,000","11","54,770","1.29","1.29","1.23","1.23","-","0.12","1.22","100","1.24","10","800.00",
="087653","台達電凱基51購04","50,000","9","577,400","11.40","12.50","11.20","12.50","+","0.30","4.00","50","--","0","709.00",
="087654","鴻海凱基51購09","0","0","0","--","--","--","--"," ","0.00","3.51","100","3.57","10","206.00",
="087655","台積電凱基53購17","0","0","0","--","--","--","--"," ","0.00","1.51","100","1.52","10","1,160.00",
="087656","台積電凱基67購04","108,000","9","240,000","2.24","2.24","2.21","2.21","-","0.07","2.15","100","2.16","10","1,160.00",
="087657","智邦凱基55購02","99,000","8","517,600","5.20","5.40","5.15","5.20","-","0.10","5.15","20","5.20","10","984.00",
="087658","矽統凱基51購02","0","0","0","--","--","--","--"," ","0.00","1.43","10","1.45","10","55.10",
="087659","台光電凱基53購02","0","0","0","--","--","--","--"," ","0.00","3.90","100","4.00","10","1,250.00",
="08765P","聯發科元大4B售14","0","0","0","--","--","--","--"," ","0.00","--","0","--","0","0.00",
="087660","漢唐凱基51購04","0","0","0","--","--","--","--"," ","0.00","21.60","10","22.60","10","1,190.00",
="087661","聯發科凱基53購02","0","0","0","--","--","--","--"," ","0.00","0.75","100","0.76","10","1,385.00",
="087662","長榮凱基51購12","0","0","0","--","--","--","--"," ","0.00","0.49","100","0.50","10","188.00",
="087663","欣興凱基53購01","350,000","10","648,200","1.66","1.91","1.66","1.88","+","0.07","1.79","100","1.82","10","150.00",
="087664","台灣大凱基51購01","67,000","6","49,140","0.73","0.74","0.72","0.72","-","0.04","0.72","499","0.74","20","106.00",
="087665","景碩凱基51購03","1,000","1","4,120","4.12","4.12","4.12","4.12","+","0.09","3.90","100","4.00","10","113.50",
="087666","新日興凱基53購01","189,000","18","649,250","2.94","3.73","2.94","3.43","+","0.60","3.36","100","3.46","10","259.00",
="087667","世芯凱基51購16","0","0","0","--","--","--","--"," ","0.00","3.06","100","3.10","10","4,000.00",
="087668","日月光凱基51購03","63,000","9","36,620","0.60","0.60","0.57","0.57","-","0.09","0.55","499","0.56","30","147.50",
="087669","保瑞凱基55購02","0","0","0","--","--","--","--"," ","0.00","2.13","10","2.16","10","733.00",
="08766P","國泰金元大4B售02","0","0","0","--","--","--","--"," ","0.00","0.11","499","0.12","200","0.00",
="087670","穎崴凱基57購02","308,000","10","397,000","1.15","1.32","1.15","1.32","+","0.06","1.32","20","1.37","10","1,250.00",
="087671","愛普凱基51購04","45,000","4","55,940","1.20","1.38","1.20","1.38","+","0.07","1.33","10","1.34","10","305.50",
="087672","南電凱基57購01","19,000","2","92,410","4.64","4.89","4.64","4.89","+","0.68","5.35","499","--","0","226.00",
="087673","勤誠凱基53購02","18,000","2","51,590","2.83","2.88","2.83","2.88","-","0.12","2.83","100","2.93","10","613.00",
="087674","台達電台新51購03","0","0","0","--","--","--","--"," ","0.00","8.00","20","8.50","10","0.00",
="087675","漢唐台新51購01","0","0","0","--","--","--","--"," ","0.00","13.30","20","--","0","0.00",
="087676","台達電統一56購04","150,000","7","321,030","2.14","2.15","2.13","2.15","-","0.09","2.11","10","2.17","10","709.00",
="087677","台達電統一57購02","12,000","1","20,040","1.67","1.67","1.67","1.67","-","0.06","1.64","10","1.65","10","709.00",
="087678","矽統統一61購02","0","0","0","--","--","--","--"," ","0.00","0.64","10","0.65","10","55.10",
="087679","台光電統一56購07","451,000","14","519,440","1.17","1.17","1.09","1.09","-","0.10","1.10","10","1.12","10","1,250.00",
="08767P","緯創元大4B售07","0","0","0","--","--","--","--"," ","0.00","0.28","499","0.29","200","0.00",
="087680","奇鋐統一5B購01","126,000","10","128,080","1.03","1.03","0.95","0.98","-","0.06","0.97","10","0.98","10","1,015.00",
="087681","亞光統一56購02","320,000","15","486,720","1.46","1.56","1.46","1.56","+","0.07","1.43","10","1.44","10","164.00",
="087682","欣興統一57購03","322,000","12","300,910","0.92","0.99","0.90","0.98","+","0.02","0.96","10","0.97","10","150.00",
="087683","欣興統一61購01","389,000","11","294,460","0.77","0.78","0.74","0.78"," ","0.00","0.76","10","0.77","10","150.00",
="087684","欣興統一67購01","89,000","4","75,030","0.83","0.85","0.83","0.85","-","0.02","0.84","10","0.85","10","150.00",
="087685","世芯統一57購02","78,000","1","92,040","1.18","1.18","1.18","1.18","+","0.02","1.14","10","1.15","10","4,000.00",
="087686","世芯統一67購01","28,000","2","53,480","1.91","1.91","1.91","1.91","+","0.01","1.87","10","1.88","10","4,000.00",
="087687","定穎控統一51購01","236,000","8","822,600","3.52","3.52","3.24","3.24","-","0.42","3.20","10","3.26","10","106.00",
="087688","祥碩統一57購01","0","0","0","--","--","--","--"," ","0.00","0.44","10","0.45","10","1,665.00",
="087689","啟碁統一57購01","70,000","5","45,700","0.65","0.66","0.64","0.64","-","0.02","0.64","30","--","0","127.00",
="08768P","創意元大4B售06","0","0","0","--","--","--","--"," ","0.00","0.01","499","0.11","10","0.00",
="087690","保瑞統一57購01","0","0","0","--","--","--","--"," ","0.00","0.63","10","0.64","10","733.00",
="087691","保瑞統一61購01","150,000","1","108,000","0.72","0.72","0.72","0.72","-","0.01","0.71","10","0.72","10","733.00",
="087692","愛普統一63購01","49,000","3","29,300","0.59","0.60","0.59","0.60","+","0.02","0.59","10","0.60","10","305.50",
="087694","晶心科統一61購01","27,000","2","22,950","0.85","0.85","0.85","0.85","-","0.01","0.84","10","0.85","10","283.00",
="087695","南電統一57購03","18,000","4","31,900","1.68","2.05","1.68","2.05","+","0.57","2.03","10","--","0","226.00",
="087696","滬深2X永豐51購06","48,000","6","68,460","1.41","1.59","1.41","1.59","-","0.24","1.39","10","1.49","10","18.32",
="087697","滬深2X永豐53購03","0","0","0","--","--","--","--"," ","0.00","2.89","499","2.99","10","18.32",
="087698","中砂永豐51購02","205,000","6","148,190","0.70","0.75","0.70","0.72","+","0.06","0.71","10","0.74","10","347.00",
="087699","美時永豐54購01","156,000","9","105,640","0.69","0.71","0.65","0.65","-","0.07","0.64","10","0.66","10","193.50",
="08769P","祥碩元大4B售04","104,000","2","63,680","0.62","0.62","0.61","0.61"," ","0.00","0.62","25","0.63","10","0.00",
="087700","廣宇永豐51購03","0","0","0","--","--","--","--"," ","0.00","--","0","--","0","60.90",
="087701","矽統永豐53購02","0","0","0","--","--","--","--"," ","0.00","1.95","499","1.96","10","55.10",
="087703","聯發科永豐53購02","30,000","1","29,100","0.97","0.97","0.97","0.97","-","0.01","0.93","499","0.94","10","1,385.00",
="087704","欣興永豐51購05","40,000","3","43,000","1.08","1.08","1.06","1.06","-","0.01","1.05","20","1.07","10","150.00",
="087705","欣興永豐53購01","0","0","0","--","--","--","--"," ","0.00","1.34","499","1.37","10","150.00",
="087706","欣興永豐54購01","2,000","1","2,600","1.30","1.30","1.30","1.30","+","0.04","1.29","10","1.32","10","150.00",
="087707","新日興永豐52購02","76,000","6","127,110","1.54","1.78","1.52","1.78","+","0.23","0.89","11","--","0","259.00",
="087708","世芯永豐54購03","0","0","0","--","--","--","--"," ","0.00","2.29","499","2.33","10","4,000.00",
="087709","日月光永豐51購02","58,000","4","34,930","0.65","0.65","0.60","0.60","X","0.00","0.61","499","0.62","10","147.50",
="08770P","T50正2國票4B售02","0","0","0","--","--","--","--"," ","0.00","0.15","25","0.16","10","0.00",
="087711","定穎控永豐51購02","0","0","0","--","--","--","--"," ","0.00","5.35","10","--","0","106.00",
="087712","祥碩永豐52購02","83,000","8","47,190","0.56","0.58","0.54","0.54","-","0.04","0.54","10","0.55","10","1,665.00",
="087713","迅得永豐53購01","102,000","6","159,590","1.52","1.58","1.52","1.55","X","0.00","1.54","10","1.56","10","193.50",
="087714","保瑞統一4C購01","45,000","3","16,450","0.37","0.37","0.36","0.37"," ","0.00","0.36","10","0.37","10","733.00",
="087715","訊芯永豐53購01","6,000","1","8,880","1.48","1.48","1.48","1.48","-","0.17","1.42","499","1.43","10","165.00",
="087716","達發統一4C購01","0","0","0","--","--","--","--"," ","0.00","0.12","10","0.13","10","556.00",
="087717","保瑞永豐51購02","10,000","1","9,200","0.92","0.92","0.92","0.92","X","0.00","0.89","499","0.92","10","733.00",
="087718","愛普永豐51購02","151,000","7","141,540","0.88","0.96","0.86","0.96","+","0.10","0.93","499","0.94","10","305.50",
="087719","愛普永豐52購02","0","0","0","--","--","--","--"," ","0.00","1.22","499","1.23","10","305.50",
="08771P","T50正2國票4C售03","0","0","0","--","--","--","--"," ","0.00","0.23","25","0.24","10","0.00",
="087720","緯穎永豐51購07","0","0","0","--","--","--","--"," ","0.00","1.89","499","1.90","10","2,975.00",
="087721","緯穎永豐51購08","0","0","0","--","--","--","--"," ","0.00","1.73","499","1.77","10","2,975.00",
="087722","富世達永豐51購02","0","0","0","--","--","--","--"," ","0.00","2.81","499","--","0","1,145.00",
="087723","連加永豐52購01","0","0","0","--","--","--","--"," ","0.00","0.97","499","0.98","10","615.00",
="087724","台達電兆豐52購01","5,000","1","23,250","4.65","4.65","4.65","4.65","X","0.00","4.48","5","--","0","709.00",
="087725","台光電兆豐51購02","170,000","7","556,260","3.29","3.29","3.25","3.25","-","0.14","3.10","10","3.11","10","1,250.00",
="087726","聯發科兆豐53購02","15,000","1","11,400","0.76","0.76","0.76","0.76","-","0.04","0.74","10","0.75","10","1,385.00",
="087727","景碩兆豐53購01","76,000","4","146,580","1.92","1.95","1.92","1.95","+","0.03","1.79","10","1.80","10","113.50",
="087728","富世達兆豐53購02","0","0","0","--","--","--","--"," ","0.00","2.33","10","2.34","10","1,145.00",
="087729","京元電富邦53購01","0","0","0","--","--","--","--"," ","0.00","2.43","10","2.53","10","0.00",
="08772P","亞德客國票4B售01","0","0","0","--","--","--","--"," ","0.00","1.50","25","1.51","10","0.00",
="087730","聯發科富邦55購03","19,000","2","17,710","0.95","0.95","0.93","0.93","X","0.00","0.93","30","0.94","10","0.00",
="087731","欣興富邦53購01","232,000","11","533,110","2.23","2.41","2.15","2.41","+","0.01","2.28","10","2.34","10","0.00",
="087732","定穎控富邦53購01","0","0","0","--","--","--","--"," ","0.00","3.60","10","3.70","10","0.00",
="087733","佳必琪富邦52購01","380,000","25","549,410","1.42","1.49","1.36","1.36","-","0.01","1.36","1","1.39","10","0.00",
="087734","台郡富邦52購01","220,000","11","219,300","1.03","1.05","0.96","0.96","-","0.04","0.97","10","0.99","10","0.00",
="087735","緯穎富邦53購01","62,000","4","89,760","1.47","1.47","1.44","1.44","X","0.00","1.41","10","1.43","10","0.00",
="087736","AES富邦52購02","0","0","0","--","--","--","--"," ","0.00","2.12","10","2.22","10","0.00",
="087737","T50正2元富59購01","9,000","2","28,350","3.15","3.15","3.15","3.15","-","0.08","3.03","25","3.04","25","259.40",
="087738","T50反1元富51購04","0","0","0","--","--","--","--"," ","0.00","0.67","25","0.68","25","19.79",
="087739","FB越南元富51購03","0","0","0","--","--","--","--"," ","0.00","2.75","25","2.79","25","16.09",
="08773P","中華國票4C售01","0","0","0","--","--","--","--"," ","0.00","1.49","25","1.52","10","0.00",
="087740","儒鴻元富51購01","8,000","1","14,480","1.81","1.81","1.81","1.81","-","0.07","1.77","25","1.87","10","407.50",
="087741","儒鴻元富51購02","8,000","1","8,160","1.02","1.02","1.02","1.02","-","0.05","0.98","25","1.08","10","407.50",
="087742","台達電元富51購01","0","0","0","--","--","--","--"," ","0.00","8.80","25","--","0","709.00",
="087743","台達電元富52購01","3,000","1","27,750","9.25","9.25","9.25","9.25","-","0.20","8.95","25","9.45","10","709.00",
="087744","鴻海元富57購01","0","0","0","--","--","--","--"," ","0.00","4.47","25","4.57","25","206.00",
="087745","國巨元富51購05","2,000","2","11,700","5.80","5.90","5.80","5.90","X","0.00","5.45","25","5.55","25","137.00",
="087746","智邦元富54購01","20,000","2","55,000","2.75","2.75","2.75","2.75","X","0.00","2.65","25","2.68","25","984.00",
="087747","燿華元富52購01","117,000","16","359,100","3.03","3.17","3.00","3.00","+","0.04","3.03","25","3.06","25","31.45",
="087748","飛宏元富51購01","0","0","0","--","--","--","--"," ","0.00","3.51","25","--","0","26.10",
="087749","萬海元富51購01","89,000","4","131,430","1.43","1.55","1.43","1.55","+","0.17","1.40","25","1.41","25","84.10",
="08774P","冠德國票4C售01","0","0","0","--","--","--","--"," ","0.00","1.16","25","1.17","10","0.00",
="087750","零壹元富51購01","79,000","6","158,100","1.95","2.06","1.89","1.89","X","0.00","1.89","25","1.92","25","126.50",
="087751","景碩元富57購01","80,000","6","356,700","4.24","4.71","4.24","4.53","+","0.10","4.18","25","4.24","25","113.50",
="087752","世芯元富51購11","0","0","0","--","--","--","--"," ","0.00","3.27","25","3.30","25","4,000.00",
="087753","定穎控元富51購01","0","0","0","--","--","--","--"," ","0.00","6.60","25","7.10","25","106.00",
="087754","定穎控元富54購01","0","0","0","--","--","--","--"," ","0.00","6.45","25","6.95","25","106.00",
="087755","精成科元富57購02","10,000","6","229,300","23.30","23.30","22.20","23.10","+","5.20","23.30","25","--","0","131.00",
="087756","愛普元富51購02","16,000","3","23,060","1.39","1.54","1.39","1.54","+","0.07","1.48","25","1.49","25","305.50",
="087757","洋基元富52購01","20,000","4","100,490","5.10","5.10","4.55","4.69","-","0.66","4.36","25","4.46","10","476.00",
="087758","南電元富54購01","1,512,000","6","9,450,000","6.25","6.25","6.25","6.25","X","0.00","6.30","31","--","0","226.00",
="087759","勤誠元富51購08","33,000","8","152,930","4.64","4.73","4.57","4.73","+","0.06","4.54","25","4.64","10","613.00",
="08775P","景碩國票4C售01","0","0","0","--","--","--","--"," ","0.00","0.11","25","0.12","10","0.00",
="087760","勤誠元富51購09","83,000","14","147,730","1.79","1.84","1.76","1.78","-","0.14","1.75","25","1.85","11","613.00",
="087761","菱光元富51購02","0","0","0","--","--","--","--"," ","0.00","3.01","25","3.03","25","61.50",
="087762","台玻國票52購02","0","0","0","--","--","--","--"," ","0.00","12.40","25","--","0","34.55",
="087763","金像電國票52購03","150,000","19","1,717,400","12.50","12.50","11.20","12.10","-","0.20","12.20","25","12.30","10","486.00",
="087764","微星國票53購01","0","0","0","--","--","--","--"," ","0.00","0.74","25","0.75","10","136.50",
="087765","漢唐國票52購02","3,000","1","63,300","21.10","21.10","21.10","21.10","-","3.40","22.80","25","23.40","10","1,190.00",
="087766","南亞科國票52購03","15,000","1","33,000","2.20","2.20","2.20","2.20","-","0.22","2.19","25","2.21","10","46.65",
="087767","長榮國票52購01","0","0","0","--","--","--","--"," ","0.00","0.79","25","0.80","10","188.00",
="087768","萬海國票52購02","21,000","2","40,740","1.94","1.94","1.94","1.94","X","0.00","1.83","25","1.84","10","84.10",
="087769","欣興國票57購01","34,000","5","61,410","1.69","1.83","1.69","1.83"," ","0.00","1.76","25","1.78","10","150.00",
="08776P","上品國票4C售01","0","0","0","--","--","--","--"," ","0.00","0.21","25","0.22","10","0.00",
="087770","創意國票54購01","218,000","11","298,910","1.32","1.41","1.30","1.37","+","0.09","1.34","25","1.36","10","1,350.00",
="087771","牧德國票54購01","5,000","2","10,240","1.97","2.10","1.97","2.10","+","0.21","2.18","25","2.19","10","594.00",
="087772","日月光國票54購01","0","0","0","--","--","--","--"," ","0.00","0.88","25","0.89","10","147.50",
="087773","定穎控國票52購03","4,000","3","61,500","16.30","16.30","14.90","14.90","X","0.00","15.10","25","16.10","10","106.00",
="087774","台耀國票52購01","169,000","4","194,410","1.09","1.16","1.09","1.16","+","0.05","1.15","25","1.16","10","68.40",
="087775","jpp國票52購01","23,000","9","71,470","3.13","3.24","3.03","3.13","+","0.23","3.10","25","3.14","10","276.00",
="087776","飛捷國票53購01","0","0","0","--","--","--","--"," ","0.00","0.49","25","0.50","10","112.50",
="087777","聯茂國票52購01","0","0","0","--","--","--","--"," ","0.00","7.10","25","--","0","125.00",
="087778","台表科國票53購01","164,000","11","121,450","0.72","0.78","0.71","0.76","+","0.08","0.75","25","0.76","10","107.50",
="087779","訊芯國票53購01","0","0","0","--","--","--","--"," ","0.00","1.56","25","1.57","10","165.00",
="08777P","訊連國票4C售02","0","0","0","--","--","--","--"," ","0.00","0.36","25","0.37","10","0.00",
="087780","帝寶國票52購01","0","0","0","--","--","--","--"," ","0.00","0.38","25","0.39","10","146.00",
="087781","昇陽半國票52購03","207,000","3","277,350","1.32","1.35","1.32","1.34","+","0.09","1.28","25","1.32","10","152.50",
="087782","滬深2X國泰52購02","10,000","1","26,400","2.64","2.64","2.64","2.64","X","0.00","0.28","3","--","0","18.32",
="087783","台達電國泰52購02","7,000","1","62,300","8.90","8.90","8.90","8.90","+","0.30","9.15","10","--","0","709.00",
="087784","智邦國泰52購02","8,000","1","29,520","3.69","3.69","3.69","3.69","-","0.07","3.67","499","3.70","100","984.00",
="087785","漢唐國泰52購01","0","0","0","--","--","--","--"," ","0.00","9.60","10","--","0","1,190.00",
="087786","欣興國泰52購01","316,000","11","748,820","2.24","2.53","2.24","2.53","+","0.02","2.38","499","2.41","410","150.00",
="087787","景碩國泰52購01","0","0","0","--","--","--","--"," ","0.00","3.14","499","--","0","113.50",
="087788","世芯國泰52購03","14,000","2","33,690","2.41","2.41","2.36","2.36"," ","0.00","2.26","499","2.28","100","4,000.00",
="087789","世芯國泰52購04","10,000","2","33,350","3.47","3.47","3.32","3.32","-","0.20","3.32","490","3.34","100","4,000.00",
="08778P","樺漢國票4C售01","0","0","0","--","--","--","--"," ","0.00","0.24","25","0.25","10","0.00",
="087790","貿聯國泰52購03","308,000","22","623,170","1.83","2.19","1.83","1.97","+","0.11","1.97","499","1.99","100","981.00",
="087791","上証2X群益51購02","0","0","0","--","--","--","--"," ","0.00","1.97","10","2.07","10","45.30",
="087792","華城群益51購05","50,000","14","200,960","4.03","4.06","3.94","4.06","+","0.08","3.70","100","3.73","100","618.00",
="087793","川湖群益51購01","12,000","3","83,200","6.60","7.00","6.60","7.00","+","0.50","6.70","100","6.90","100","2,925.00",
="087794","台達電群益51購06","11,000","6","124,300","11.30","11.50","11.00","11.50","-","1.20","4.00","50","12.00","1","709.00",
="087795","台積電群益51購18","1,000","1","1,360","1.36","1.36","1.36","1.36","-","0.12","0.34","29","--","0","1,160.00",
="087796","智邦群益53購04","14,000","2","27,320","1.90","1.99","1.90","1.99","-","0.02","1.91","10","2.01","10","984.00",
="087797","矽統群益52購02","17,000","1","18,870","1.11","1.11","1.11","1.11","-","0.05","1.12","10","1.22","10","55.10",
="087798","台光電群益51購11","0","0","0","--","--","--","--"," ","0.00","--","0","3.73","10","1,250.00",
="087799","聯發科群益52購05","0","0","0","--","--","--","--"," ","0.00","0.09","30","--","0","1,385.00",
="08779P","穎崴國票4C售03","0","0","0","--","--","--","--"," ","0.00","0.12","25","0.13","10","0.00",
="087800","聯發科群益55購01","5,000","5","3,050","0.61","0.61","0.61","0.61","-","0.02","0.60","5","--","0","1,385.00",
="087801","陽明群益51購04","43,000","1","30,100","0.70","0.70","0.70","0.70","X","0.00","0.62","10","0.72","10","58.80",
="087802","長榮航群益51購04","1,000","1","1,590","1.59","1.59","1.59","1.59","X","0.00","1.59","10","1.69","10","39.05",
="087803","國泰金群益51購02","0","0","0","--","--","--","--"," ","0.00","0.90","100","0.91","100","62.30",
="087804","奇鋐群益51購06","0","0","0","--","--","--","--"," ","0.00","--","0","--","0","1,015.00",
="087805","奇鋐群益53購02","100,000","2","188,500","1.85","1.92","1.85","1.92","-","0.25","0.91","10","--","0","1,015.00",
="087806","智原群益51購06","0","0","0","--","--","--","--"," ","0.00","0.42","100","0.43","100","158.00",
="087807","健鼎群益51購01","127,000","13","462,500","3.66","3.76","3.49","3.49","-","0.39","3.46","100","3.53","100","318.00",
="087808","玉晶光群益51購02","45,000","7","237,600","5.25","5.30","5.25","5.30","-","0.10","5.30","10","5.80","10","461.50",
="087809","華擎群益51購01","220,000","9","519,490","2.37","2.39","2.32","2.34","-","0.13","2.34","100","2.36","100","281.00",
="08780P","聯發科富邦53售01","0","0","0","--","--","--","--"," ","0.00","0.46","30","0.47","10","0.00",
="087810","貿聯群益51購03","306,000","18","1,012,680","3.01","3.52","3.01","3.22","+","0.17","1.13","17","--","0","981.00",
="087811","神達群益51購02","0","0","0","--","--","--","--"," ","0.00","--","0","13.10","10","95.90",
="087812","上品群益51購01","1,000","1","1,270","1.27","1.27","1.27","1.27","-","0.03","0.16","62","--","0","284.00",
="087813","臻鼎群益55購01","0","0","0","--","--","--","--"," ","0.00","4.22","2","7.00","10","194.00",
="087814","啟碁群益51購01","234,000","16","317,010","1.33","1.41","1.30","1.33","-","0.09","0.45","44","--","0","127.00",
="087815","愛普群益51購04","41,000","5","62,000","1.46","1.53","1.46","1.53","+","0.01","1.56","25","1.58","10","305.50",
="087816","緯穎群益51購03","30,000","5","68,220","2.37","2.37","2.20","2.20","-","0.08","2.19","2","2.28","10","2,975.00",
="087817","泓德群益51購01","0","0","0","--","--","--","--"," ","0.00","0.23","300","0.28","100","160.00",
="087818","南電群益51購01","101,000","12","644,950","6.15","6.90","6.10","6.90","+","1.45","3.41","14","--","0","226.00",
="087819","勤誠群益51購07","48,000","4","186,930","3.90","3.93","3.82","3.93","+","0.02","1.75","17","--","0","613.00",
="08781P","聯發科富邦53售02","0","0","0","--","--","--","--"," ","0.00","0.68","30","0.69","10","0.00",
="087820","寶成群益53購01","32,000","1","44,480","1.39","1.39","1.39","1.39","+","0.02","1.39","1","--","0","28.70",
="087821","香港2X元大51購03","21,000","2","33,390","1.59","1.59","1.59","1.59","X","0.00","1.49","250","1.50","100","16.40",
="087822","楠梓電元大51購01","2,000","2","23,900","11.20","12.70","11.20","12.70","X","0.00","12.50","10","--","0","109.50",
="087823","鴻海元大51購29","4,000","1","8,880","2.22","2.22","2.22","2.22","X","0.00","2.22","300","2.27","10","206.00",
="087824","鴻海元大54購09","2,000","2","4,580","2.26","2.32","2.26","2.32","X","0.00","2.29","300","2.31","10","206.00",
="087825","台積電元大51購68","1,000","1","1,040","1.04","1.04","1.04","1.04","-","0.04","0.92","3","--","0","1,160.00",
="087826","台積電元大54購12","0","0","0","--","--","--","--"," ","0.00","--","0","--","0","1,160.00",
="087827","台積電元大54購13","1,000","1","820","0.82","0.82","0.82","0.82","-","0.03","0.07","142","--","0","1,160.00",
="087828","華碩元大51購03","90,000","3","102,920","1.15","1.15","1.14","1.14","-","0.03","1.12","25","1.14","10","634.00",
="087829","致茂元大51購01","78,000","10","427,850","5.50","5.60","5.35","5.60","-","0.40","5.70","25","5.80","10","556.00",
="08782P","奇鋐永豐4B售04","0","0","0","--","--","--","--"," ","0.00","--","0","0.03","10","0.00",
="087830","長榮元大54購03","486,000","16","708,690","1.44","1.48","1.41","1.41","+","0.03","1.37","499","1.40","10","188.00",
="087831","大立光元大51購11","106,000","5","146,800","1.41","1.41","1.38","1.40","-","0.03","1.37","499","1.38","10","2,395.00",
="087832","欣興元大54購01","44,000","6","70,240","1.56","1.63","1.52","1.61","+","0.01","1.56","450","1.59","10","150.00",
="087833","欣興元大56購01","73,000","6","107,250","1.50","1.55","1.45","1.55","-","0.03","1.53","450","1.56","10","150.00",
="087834","健鼎元大51購04","176,000","13","670,410","3.83","3.90","3.71","3.76","-","0.31","3.62","200","3.65","10","318.00",
="087835","景碩元大51購02","58,000","6","282,970","4.87","5.20","4.85","4.95","+","0.12","4.64","150","4.74","10","113.50",
="087836","景碩元大51購03","6,000","2","30,000","5.00","5.00","5.00","5.00","-","0.15","4.84","150","4.94","10","113.50",
="087837","緯創元大54購05","1,162,000","9","1,490,600","1.28","1.30","1.28","1.30","+","0.01","1.30","1","--","0","115.00",
="087838","新日興元大54購01","248,000","23","675,570","2.60","3.29","2.50","3.12","+","0.53","1.09","45","--","0","259.00",
="087839","群創元大51購05","0","0","0","--","--","--","--"," ","0.00","1.55","499","1.59","10","14.15",
="08783P","T50正2凱基51售06","0","0","0","--","--","--","--"," ","0.00","0.47","10","0.48","10","0.00",
="087840","辛耘元大51購02","168,000","12","436,920","2.56","2.84","2.46","2.84","+","0.27","2.81","300","2.83","10","393.50",
="087841","世芯元大51購40","36,000","5","149,120","4.19","4.19","4.05","4.05","-","0.20","3.97","150","4.02","10","4,000.00",
="087842","世芯元大51購41","9,000","1","27,720","3.08","3.08","3.08","3.08","+","0.08","2.84","250","2.88","10","4,000.00",
="087843","世芯元大54購06","140,000","6","158,600","1.17","1.17","1.12","1.13","-","0.03","1.07","499","1.09","10","4,000.00",
="087844","定穎控元大51購02","0","0","0","--","--","--","--"," ","0.00","12.20","50","--","0","106.00",
="087845","定穎控元大51購03","0","0","0","--","--","--","--"," ","0.00","11.60","50","--","0","106.00",
="087846","定穎控元大51購04","1,000","1","10,800","10.80","10.80","10.80","10.80","X","0.00","10.80","49","--","0","106.00",
="087847","智伸科元大51購02","12,000","3","31,320","2.61","2.61","2.61","2.61","X","0.00","2.65","25","--","0","168.50",
="087848","jpp元大51購02","55,000","11","107,810","1.99","2.03","1.86","1.95","+","0.14","1.99","25","2.01","10","276.00",
="087849","亞翔元大51購07","70,000","3","63,150","0.93","0.93","0.87","0.87","-","0.12","0.87","499","0.88","10","349.50",
="08784P","和大凱基4B售01","11,000","3","2,340","0.29","0.29","0.19","0.19","-","0.16","0.13","499","0.19","30","0.00",
="087850","佳必琪元大51購01","132,000","18","214,490","1.64","1.67","1.49","1.55"," ","0.00","1.49","499","1.53","10","178.50",
="087851","佳必琪元大51購02","37,000","3","67,910","1.83","1.84","1.83","1.84","+","0.06","1.71","450","1.75","10","178.50",
="087852","飛捷元大51購02","248,000","4","86,480","0.34","0.35","0.34","0.35","-","0.01","0.34","499","0.35","10","112.50",
="087853","聯茂元大51購02","0","0","0","--","--","--","--"," ","0.00","8.35","25","--","0","125.00",
="087854","台郡元大51購01","64,000","4","113,440","1.76","1.81","1.66","1.66","-","0.11","1.63","450","1.65","10","68.00",
="087855","愛普元大51購05","365,000","12","612,780","1.66","1.74","1.59","1.74","-","0.01","1.74","450","1.78","10","305.50",
="087856","愛普元大51購06","246,000","18","478,260","1.92","2.09","1.87","2.01","+","0.04","2.00","400","2.05","10","305.50",
="087857","富世達元大51購06","309,000","18","593,600","1.97","1.97","1.78","1.94","-","0.04","1.89","1","2.58","6","1,145.00",
="087858","連加元大51購02","9,000","1","7,200","0.80","0.80","0.80","0.80","X","0.00","0.77","499","0.78","10","615.00",
="087859","勤誠元大51購06","29,000","4","55,170","1.86","1.91","1.86","1.89","-","0.03","1.84","25","1.87","10","613.00",
="08785P","光寶科凱基4C售01","0","0","0","--","--","--","--"," ","0.00","0.16","100","0.17","30","0.00",
="087860","世紀鋼元大54購03","220,000","3","161,350","0.74","0.74","0.73","0.73","-","0.03","0.71","499","0.72","10","188.00",
="087861","臺股指元大51購23","513,000","42","1,028,190","2.11","2.11","1.85","1.91","-","0.36","1.89","100","1.90","10","0.00",
="087862","臺股指元大51購24","0","0","0","--","--","--","--"," ","0.00","1.88","499","1.95","10","0.00",
="087863","臺股指元大53購05","0","0","0","--","--","--","--"," ","0.00","1.65","499","1.66","10","0.00",
="087864","臺股指元大53購06","10,000","1","21,600","2.16","2.16","2.16","2.16","-","0.14","2.17","100","2.18","10","0.00",
="087865","漢唐中信51購01","10,000","2","70,000","7.20","7.20","6.80","6.80","-","0.95","7.45","10","7.95","10","0.00",
="087866","FB越南凱基53購01","21,000","4","49,260","2.35","2.38","2.29","2.33","-","0.03","2.32","100","2.33","25","16.09",
="087867","士電凱基53購01","0","0","0","--","--","--","--"," ","0.00","1.15","100","1.16","10","187.50",
="087868","中興電凱基55購01","40,000","4","60,300","1.52","1.53","1.49","1.53","+","0.08","1.53","499","--","0","167.00",
="087869","華城凱基51購07","176,000","27","797,850","4.63","4.63","4.37","4.44","-","0.13","4.28","24","4.31","10","618.00",
="08786P","台積電凱基4B售19","0","0","0","--","--","--","--"," ","0.00","0.03","100","0.13","10","0.00",
="087870","台玻凱基51購02","0","0","0","--","--","--","--"," ","0.00","--","0","--","0","34.55",
="087871","台達電凱基51購05","0","0","0","--","--","--","--"," ","0.00","9.85","100","10.70","10","709.00",
="087872","台積電凱基51購22","0","0","0","--","--","--","--"," ","0.00","0.79","100","0.80","10","1,160.00",
="087873","台積電凱基67購05","0","0","0","--","--","--","--"," ","0.00","2.33","100","2.34","10","1,160.00",
="087874","台積電凱基67購06","0","0","0","--","--","--","--"," ","0.00","1.80","100","1.81","10","1,160.00",
="087875","智邦凱基53購01","2,000","1","12,300","6.15","6.15","6.15","6.15","X","0.00","6.05","100","6.10","10","984.00",
="087876","華碩凱基51購02","0","0","0","--","--","--","--"," ","0.00","1.34","10","1.44","10","634.00",
="087877","致茂凱基51購01","8,000","2","27,920","3.49","3.49","3.49","3.49","+","0.01","3.57","100","3.62","10","556.00",
="087878","金像電凱基51購05","0","0","0","--","--","--","--"," ","0.00","11.40","10","11.60","10","486.00",
="087879","微星凱基53購01","16,000","1","13,600","0.85","0.85","0.85","0.85","-","0.06","0.86","100","0.88","10","136.50",
="08787P","聯發科凱基4B售01","0","0","0","--","--","--","--"," ","0.00","0.36","10","0.37","10","0.00",
="087880","長榮航凱基51購05","7,000","2","16,670","2.38","2.39","2.38","2.39","X","0.00","2.29","100","2.31","10","39.05",
="087881","王品凱基51購01","0","0","0","--","--","--","--"," ","0.00","0.54","100","0.56","10","219.00",
="087882","奇鋐凱基53購04","0","0","0","--","--","--","--"," ","0.00","4.17","100","4.25","10","1,015.00",
="087883","智原凱基57購01","0","0","0","--","--","--","--"," ","0.00","0.66","499","0.67","40","158.00",
="087884","健鼎凱基51購03","23,000","5","120,880","5.25","5.35","4.98","4.98","-","0.67","4.94","10","4.98","10","318.00",
="087885","華擎凱基51購02","162,000","6","177,480","1.14","1.14","1.09","1.09","-","0.09","1.06","10","1.07","10","281.00",
="087886","世芯凱基53購03","39,000","6","94,600","2.45","2.45","2.35","2.39","-","0.01","2.30","100","2.32","10","4,000.00",
="087887","貿聯凱基51購07","208,000","21","633,700","2.89","3.15","2.89","2.96","+","0.18","2.93","10","3.03","10","981.00",
="087888","精成科凱基51購07","28,000","6","140,650","4.80","5.80","4.80","5.65","+","2.74","5.40","499","--","0","131.00",
="087889","帆宣凱基51購01","15,000","4","57,740","3.88","3.91","3.70","3.70","+","0.38","3.67","100","3.77","10","264.00",
="08788P","奇鋐凱基4B售03","0","0","0","--","--","--","--"," ","0.00","--","0","0.10","10","0.00",
="087890","佳必琪凱基51購02","204,000","10","372,120","1.78","1.91","1.68","1.69","-","0.10","1.72","10","1.74","10","178.50",
="087891","飛捷凱基53購01","0","0","0","--","--","--","--"," ","0.00","0.51","100","0.52","10","112.50",
="087892","聯茂凱基51購02","0","0","0","--","--","--","--"," ","0.00","9.25","499","9.75","10","125.00",
="087893","台郡凱基51購02","11,000","1","24,640","2.24","2.24","2.24","2.24","+","0.06","2.02","10","2.04","10","68.00",
="087894","訊芯凱基53購01","94,000","11","148,800","1.60","1.60","1.56","1.56","-","0.26","1.53","10","1.55","10","165.00",
="087895","愛普凱基51購05","56,000","5","52,060","0.88","0.99","0.88","0.99","+","0.02","0.98","10","0.99","10","305.50",
="087896","臺股指凱基51購21","0","0","0","--","--","--","--"," ","0.00","2.34","100","2.35","10","0.00",
="087897","臺股指凱基53購10","0","0","0","--","--","--","--"," ","0.00","1.96","10","1.97","10","0.00",
="087898","臺股指凱基53購11","0","0","0","--","--","--","--"," ","0.00","2.96","100","2.97","10","0.00",
="087899","臺股指凱基58購02","0","0","0","--","--","--","--"," ","0.00","2.44","10","2.45","10","0.00",
="08789P","智原凱基4C售03","0","0","0","--","--","--","--"," ","0.00","1.22","499","1.23","50","0.00",
="087900","愛普台新51購01","11,000","1","10,120","0.92","0.92","0.92","0.92","X","0.00","0.93","20","0.94","10","0.00",
="087901","敦陽科元富51購01","27,000","1","28,350","1.05","1.05","1.05","1.05","+","0.03","0.94","25","0.95","25","174.00",
="087902","宏致元富52購01","0","0","0","--","--","--","--"," ","0.00","3.56","25","3.57","25","73.90",
="087903","世芯元富57購02","0","0","0","--","--","--","--"," ","0.00","1.88","25","1.89","25","4,000.00",
="087904","世芯元富67購01","4,000","1","11,600","2.90","2.90","2.90","2.90","+","0.03","2.79","25","2.81","25","4,000.00",
="087905","帆宣元富51購03","23,000","1","100,050","4.35","4.35","4.35","4.35"," ","0.00","4.24","25","4.34","10","264.00",
="087906","愛普元富51購03","0","0","0","--","--","--","--"," ","0.00","0.92","25","0.93","25","305.50",
="087908","連加元富51購01","0","0","0","--","--","--","--"," ","0.00","0.48","25","0.49","25","615.00",
="087909","上証2X國票53購01","0","0","0","--","--","--","--"," ","0.00","1.74","25","1.75","10","45.30",
="08790P","緯創凱基4B售03","0","0","0","--","--","--","--"," ","0.00","0.23","100","0.24","10","0.00",
="087910","上証2X國票54購01","0","0","0","--","--","--","--"," ","0.00","1.57","25","1.58","10","45.30",
="087911","FB越南國票54購01","8,000","5","17,360","2.17","2.17","2.17","2.17","-","0.04","2.18","25","2.19","10","16.09",
="087912","FB越南國票57購01","8,000","4","12,410","1.55","1.56","1.55","1.56","-","0.04","1.57","25","1.58","10","16.09",
="087913","中砂國票52購03","87,000","8","130,490","1.33","1.61","1.33","1.49","+","0.19","1.50","25","1.52","10","347.00",
="087914","美律國票55購01","63,000","7","52,470","0.86","0.86","0.81","0.81","-","0.12","0.79","25","0.80","10","107.50",
="087915","敦陽科國票52購01","0","0","0","--","--","--","--"," ","0.00","0.83","25","0.85","10","174.00",
="087916","王品國票52購01","0","0","0","--","--","--","--"," ","0.00","0.94","25","0.95","10","219.00",
="087917","京鼎國票52購01","306,000","1","431,460","1.41","1.41","1.41","1.41","+","0.05","1.44","25","1.45","10","290.00",
="087918","永崴控國票52購01","6,000","1","1,620","0.27","0.27","0.27","0.27","X","0.00","0.26","25","0.27","10","36.60",
="087919","亞翔國票51購04","24,000","4","73,910","3.13","3.13","3.06","3.06","-","0.37","3.03","25","3.04","10","349.50",
="08791P","華邦電群益4C售01","0","0","0","--","--","--","--"," ","0.00","0.21","100","0.22","100","0.00",
="087920","帆宣國票53購01","0","0","0","--","--","--","--"," ","0.00","4.28","25","4.30","10","264.00",
="087921","愛普國票52購01","0","0","0","--","--","--","--"," ","0.00","1.06","25","1.07","10","305.50",
="087922","愛普國票53購01","1,000","1","1,100","1.10","1.10","1.10","1.10","+","0.04","1.12","25","1.13","10","305.50",
="087923","滬深2X國泰52購03","25,000","2","52,550","2.11","2.11","2.10","2.10","-","0.48","0.24","41","--","0","18.32",
="087924","喬山國泰52購01","0","0","0","--","--","--","--"," ","0.00","0.92","499","0.94","100","146.00",
="087925","矽統國泰52購01","51,000","2","109,370","2.14","2.15","2.14","2.15","+","0.03","2.10","499","2.11","420","55.10",
="087926","南亞科國泰52購04","10,000","1","27,700","2.77","2.77","2.77","2.77","-","0.11","2.63","499","2.64","100","46.65",
="087927","精成科國泰52購02","0","0","0","--","--","--","--"," ","0.00","4.40","499","--","0","131.00",
="087928","帆宣國泰52購01","0","0","0","--","--","--","--"," ","0.00","4.22","10","--","0","264.00",
="087929","愛普國泰52購02","148,000","4","166,820","1.14","1.16","1.10","1.16","-","0.04","1.21","499","1.22","499","305.50",
="08792P","金像電群益51售02","0","0","0","--","--","--","--"," ","0.00","--","0","0.11","10","0.00",
="087930","富世達國泰52購02","34,000","3","139,450","4.11","4.24","3.97","4.24","-","0.25","4.18","230","4.28","100","1,145.00",
="087931","台灣50永豐51購05","0","0","0","--","--","--","--"," ","0.00","2.91","10","3.01","10","52.50",
="087932","滬深2X永豐51購07","271,000","40","304,420","1.08","1.21","1.08","1.08","-","0.34","1.05","1","1.14","10","18.32",
="087933","台達電永豐52購02","0","0","0","--","--","--","--"," ","0.00","5.40","10","5.55","4","709.00",
="087934","燿華永豐52購01","101,000","12","232,590","2.25","2.38","2.19","2.38","+","0.05","2.30","10","2.34","10","31.45",
="087935","佳能永豐51購01","0","0","0","--","--","--","--"," ","0.00","6.40","499","6.60","10","80.80",
="087936","台光電永豐51購07","2,000","1","4,560","2.28","2.28","2.28","2.28","-","0.07","2.19","499","2.25","10","1,250.00",
="087937","漢唐永豐51購05","0","0","0","--","--","--","--"," ","0.00","5.30","19","5.70","10","1,190.00",
="087938","聯發科永豐54購03","0","0","0","--","--","--","--"," ","0.00","0.86","499","0.92","10","1,385.00",
="087939","王品永豐53購01","35,000","1","25,550","0.73","0.73","0.73","0.73"," ","0.00","0.72","10","0.74","10","219.00",
="08793P","富邦金群益4C售02","0","0","0","--","--","--","--"," ","0.00","0.05","2","--","0","0.00",
="087940","大立光永豐51購05","0","0","0","--","--","--","--"," ","0.00","0.91","499","0.92","10","2,395.00",
="087941","奇鋐永豐57購02","898,000","24","1,709,520","1.95","2.01","1.81","1.91","-","0.20","1.89","10","1.91","10","1,015.00",
="087942","玉晶光永豐51購02","30,000","2","43,520","1.47","1.47","1.45","1.45","-","0.01","1.47","499","1.54","10","461.50",
="087943","創意永豐52購01","0","0","0","--","--","--","--"," ","0.00","0.41","24","--","0","1,350.00",
="087944","永崴控永豐52購01","0","0","0","--","--","--","--"," ","0.00","0.33","10","0.34","10","36.60",
="087945","亞翔永豐54購01","141,000","6","277,580","2.09","2.09","1.92","1.92","-","0.16","1.90","10","1.91","10","349.50",
="087946","精成科永豐51購03","0","0","0","--","--","--","--"," ","0.00","2.62","499","--","0","131.00",
="087947","帆宣永豐51購02","0","0","0","--","--","--","--"," ","0.00","2.58","39","2.68","10","264.00",
="087948","愛普永豐53購02","0","0","0","--","--","--","--"," ","0.00","0.52","10","0.53","10","305.50",
="087949","南電永豐51購05","45,000","7","129,860","2.94","3.00","2.71","3.00","+","0.52","3.25","499","--","0","226.00",
="08794P","亞光群益4C售04","0","0","0","--","--","--","--"," ","0.00","--","0","--","0","0.00",
="087950","全新兆豐53購01","27,000","5","37,670","1.38","1.43","1.31","1.31","-","0.13","1.30","10","1.31","9","153.50",
="087951","世芯兆豐53購02","11,000","2","17,880","1.63","1.63","1.58","1.58","-","0.04","1.55","9","1.60","9","4,000.00",
="087952","永崴控兆豐53購01","0","0","0","--","--","--","--"," ","0.00","0.17","10","0.18","10","36.60",
="087953","精成科兆豐53購01","267,000","9","468,640","1.81","1.81","1.69","1.74","+","0.52","1.81","10","--","0","131.00",
="087954","王品富邦53購01","0","0","0","--","--","--","--"," ","0.00","0.69","10","0.70","10","0.00",
="087955","矽統統一52購04","110,000","5","72,180","0.65","0.68","0.65","0.65","-","0.02","0.65","10","0.66","10","55.10",
="087956","漢唐統一61購01","1,080,000","12","1,162,930","1.09","1.10","1.06","1.10","-","0.02","1.09","10","1.10","10","1,190.00",
="087957","大立光統一57購04","184,000","4","146,200","0.80","0.80","0.79","0.80"," ","0.00","0.79","10","0.80","10","2,395.00",
="087958","奇鋐統一57購02","333,000","9","317,950","0.97","0.97","0.94","0.94","-","0.08","0.97","10","0.98","10","1,015.00",
="087959","碩天統一57購01","0","0","0","--","--","--","--"," ","0.00","0.49","10","0.50","10","225.50",
="08795P","聚陽國票4C售01","0","0","0","--","--","--","--"," ","0.00","0.42","25","0.43","10","0.00",
="087960","大銀統一59購02","145,000","8","130,770","0.89","0.92","0.89","0.91","-","0.01","0.87","10","0.88","10","126.00",
="087961","迅得統一57購01","233,000","12","195,920","0.85","0.86","0.82","0.85","+","0.04","0.84","10","0.85","10","193.50",
="087962","上証2X群益51購03","0","0","0","--","--","--","--"," ","0.00","0.84","10","0.94","10","45.30",
="087963","滬深2X群益53購04","250,000","6","373,400","1.48","1.55","1.47","1.48","-","0.38","0.16","62","--","0","18.32",
="087964","FB越南群益51購01","0","0","0","--","--","--","--"," ","0.00","3.01","25","3.03","10","16.09",
="087965","華通群益51購03","17,000","6","95,150","5.20","6.15","5.20","5.60","+","0.30","5.50","10","6.00","10","79.30",
="087966","台積電群益61購01","0","0","0","--","--","--","--"," ","0.00","0.87","30","--","0","1,160.00",
="087967","智邦群益51購06","40,000","2","206,000","5.10","5.20","5.10","5.20"," ","0.00","4.96","10","5.30","10","984.00",
="087968","宏碁群益51購01","101,000","2","121,230","1.23","1.23","1.20","1.20","-","0.13","1.17","10","1.27","10","29.95",
="087969","宏碁群益51購02","5,000","1","5,150","1.03","1.03","1.03","1.03","X","0.00","0.89","10","0.99","10","29.95",
="08796P","台積電國票4C售08","0","0","0","--","--","--","--"," ","0.00","0.14","25","0.16","10","0.00",
="087970","微星群益51購03","541,000","10","666,120","1.22","1.27","1.22","1.25","-","0.03","1.24","100","1.26","100","136.50",
="087971","台光電群益53購02","525,000","29","764,960","1.50","1.51","1.38","1.50","-","0.09","1.45","5","--","0","1,250.00",
="087972","聯發科群益54購04","14,000","1","54,040","3.86","3.86","3.86","3.86","-","0.23","1.07","9","--","0","1,385.00",
="087973","長榮群益51購06","32,000","3","36,140","1.09","1.14","1.05","1.05","-","0.01","0.98","10","1.08","10","188.00",
="087974","慧洋群益51購01","47,000","4","78,010","1.66","1.69","1.62","1.62","+","0.05","0.55","18","--","0","61.80",
="087975","王品群益51購01","0","0","0","--","--","--","--"," ","0.00","0.75","10","0.85","10","219.00",
="087976","王品群益51購02","0","0","0","--","--","--","--"," ","0.00","0.65","10","0.75","10","219.00",
="087977","雄獅群益51購03","3,000","1","4,290","1.43","1.43","1.43","1.43","+","0.15","0.20","50","--","0","159.00",
="087978","台新金群益51購01","255,000","3","239,400","0.93","0.94","0.93","0.94","+","0.02","0.94","100","0.97","100","16.35",
="087979","欣興群益53購01","224,000","13","548,680","2.33","2.53","2.33","2.44","-","0.13","2.43","100","2.46","100","150.00",
="08797P","台積電國票51售07","1,000","1","70","0.07","0.07","0.07","0.07","X","0.00","0.04","25","0.06","10","0.00",
="087980","景碩群益51購04","262,000","40","610,170","2.12","2.58","2.12","2.22","-","0.11","0.80","25","--","0","113.50",
="087981","新日興群益51購05","91,000","13","120,200","1.14","1.49","1.08","1.49","+","0.35","1.00","60","--","0","259.00",
="087982","宏致群益51購01","466,000","15","1,235,140","2.56","2.69","2.35","2.35","-","0.20","2.40","10","2.50","10","73.90",
="087983","世芯群益51購12","40,000","8","185,400","4.71","4.71","4.45","4.54","-","0.04","4.34","10","4.44","10","4,000.00",
="087984","上緯控群益52購01","198,000","24","405,210","1.99","2.20","1.98","1.98","+","0.03","1.93","3","2.40","2","131.00",
="087985","材料群益51購03","15,000","3","16,730","1.12","1.12","1.08","1.08","X","0.00","1.06","10","1.16","10","67.70",
="087986","立積群益53購01","351,000","30","489,100","1.28","1.69","1.24","1.69","+","0.43","0.50","100","--","0","158.00",
="087987","瀚宇博群益51購02","63,000","10","231,850","3.81","3.96","3.15","3.15","+","0.07","3.17","10","3.27","10","81.70",
="087988","邁達特群益51購02","40,000","3","40,600","1.02","1.02","1.00","1.00","-","0.02","0.93","10","1.03","10","55.50",
="087989","帆宣群益51購01","71,000","6","194,310","2.71","2.81","2.66","2.66"," ","0.00","0.84","23","--","0","264.00",
="08798P","宏碁國票4C售01","11,000","2","7,180","0.65","0.68","0.65","0.68","+","0.04","0.68","25","0.69","10","0.00",
="087990","飛捷群益52購01","116,000","3","71,070","0.61","0.62","0.61","0.62","-","0.01","0.61","100","0.62","100","112.50",
="087991","聯茂群益51購01","0","0","0","--","--","--","--"," ","0.00","--","0","--","0","125.00",
="087992","保瑞群益51購04","15,000","1","18,450","1.23","1.23","1.23","1.23","-","0.08","1.21","100","1.22","100","733.00",
="087993","穎崴群益51購02","201,000","9","220,800","1.08","1.17","0.97","1.17","+","0.07","0.39","25","--","0","1,250.00",
="087994","愛普群益52購01","89,000","7","77,400","0.86","0.90","0.85","0.87","X","0.00","0.87","100","0.88","100","305.50",
="087995","AES群益51購01","200,000","11","626,000","3.06","3.20","3.06","3.20","X","0.00","3.10","10","3.24","10","1,350.00",
="087996","南電群益53購01","121,000","11","575,990","4.53","5.65","4.53","5.65","+","1.15","2.48","4","--","0","226.00",
="087997","FB越南元大51購01","67,000","2","146,890","2.27","2.27","2.19","2.19","-","0.10","2.24","499","2.26","50","16.09",
="087998","FB越南元大53購01","8,000","5","17,120","2.14","2.14","2.14","2.14","-","0.05","2.14","499","2.16","50","16.09",
="087999","中興電元大51購06","361,000","6","328,730","0.90","0.92","0.90","0.91","+","0.05","0.91","499","0.92","10","167.00",
="08799P","微星國票4C售01","0","0","0","--","--","--","--"," ","0.00","0.81","25","0.82","10","0.00",
="088000","華城元大54購02","44,000","6","148,160","3.45","3.45","3.30","3.30","-","0.05","3.26","200","3.27","10","618.00",
="088001","光寶科元大51購03","1,289,000","11","1,411,500","1.11","1.11","1.08","1.10","-","0.06","1.07","25","1.09","10","130.00",
="088002","台達電元大51購08","92,000","12","536,100","5.80","5.95","5.60","5.60","-","0.95","5.75","25","5.80","10","709.00",
="088003","台達電元大51購09","88,000","7","514,500","5.85","6.00","5.80","5.80","-","0.50","5.85","25","5.90","10","709.00",
="088004","鴻海元大54購10","1,000","1","2,100","2.10","2.10","2.10","2.10","-","0.06","2.07","350","2.09","10","206.00",
="088005","台積電元大54購14","1,000","1","1,090","1.09","1.09","1.09","1.09","-","0.05","0.11","90","--","0","1,160.00",
="088006","智邦元大54購02","200,000","18","858,230","4.29","4.40","4.18","4.31","-","0.05","4.25","200","4.27","10","984.00",
="088007","金像電元大51購08","19,000","7","154,000","8.00","8.65","8.00","8.60","+","0.60","8.60","100","8.65","10","486.00",
="088008","王品元大51購01","0","0","0","--","--","--","--"," ","0.00","1.22","499","1.25","10","219.00",
="088009","奇鋐元大51購21","9,000","1","45,000","5.00","5.00","5.00","5.00"," ","0.00","4.56","150","4.66","10","1,015.00",
="08800P","台光電國票4C售02","0","0","0","--","--","--","--"," ","0.00","0.02","25","0.05","10","0.00",
="088010","奇鋐元大51購22","54,000","7","273,950","5.30","5.30","4.90","4.95","-","0.75","5.00","150","5.15","10","1,015.00",
="088011","奇鋐元大54購07","29,000","4","126,390","4.48","4.48","3.99","3.99","-","0.68","4.12","150","4.21","10","1,015.00",
="088012","德律元大51購08","0","0","0","--","--","--","--"," ","0.00","3.23","200","--","0","206.00",
="088013","智原元大51購12","1,609,000","20","870,580","0.53","0.55","0.52","0.53"," ","0.00","0.53","499","0.54","10","158.00",
="088014","欣興元大51購04","52,000","8","78,940","1.50","1.62","1.45","1.53","-","0.06","1.53","445","1.56","10","150.00",
="088015","欣興元大54購02","8,000","5","13,530","1.68","1.78","1.65","1.78","-","0.01","1.71","400","1.74","10","150.00",
="088016","欣興元大56購02","125,000","11","210,590","1.64","1.73","1.61","1.73","+","0.01","1.67","450","1.70","10","150.00",
="088017","景碩元大51購04","467,000","18","2,183,310","4.37","4.95","4.29","4.62","-","0.01","4.45","150","4.55","10","113.50",
="088018","新日興元大51購06","241,000","24","625,640","2.49","3.14","2.48","3.14","+","0.64","1.46","34","--","0","259.00",
="088019","世芯元大54購07","40,000","5","138,020","3.51","3.51","3.34","3.34","-","0.11","3.27","200","3.31","10","4,000.00",
="08801P","群光國票4C售01","0","0","0","--","--","--","--"," ","0.00","0.43","25","0.44","10","0.00",
="088020","帆宣元大51購03","66,000","5","170,780","2.64","2.64","2.47","2.61","+","0.17","2.47","25","2.50","10","264.00",
="088021","飛捷元大51購03","148,000","3","94,210","0.64","0.64","0.63","0.64","-","0.01","0.63","499","0.64","10","112.50",
="088022","聯茂元大51購03","0","0","0","--","--","--","--"," ","0.00","--","0","--","0","125.00",
="088023","緯穎元大54購07","198,000","9","645,490","3.37","3.37","3.21","3.25","-","0.05","3.18","25","3.22","10","2,975.00",
="088024","富世達元大51購07","0","0","0","--","--","--","--"," ","0.00","--","0","--","0","1,145.00",
="088025","連加元大51購03","0","0","0","--","--","--","--"," ","0.00","0.95","499","0.97","10","615.00",
="088026","南電元大51購04","63,000","6","257,480","3.67","4.49","3.67","4.49","+","1.39","4.50","5","--","0","226.00",
="088027","南電元大51購05","40,000","8","147,550","3.25","5.00","3.25","5.00","+","1.43","4.05","8","5.00","2","226.00",
="088028","世紀鋼元大54購04","363,000","13","562,690","1.57","1.57","1.52","1.52","-","0.07","1.49","450","1.50","10","188.00",
="088029","緯穎台新51購02","24,000","7","294,800","12.60","12.60","12.20","12.20","-","0.30","12.20","10","12.40","10","0.00",
="08802P","志聖國票4C售01","0","0","0","--","--","--","--"," ","0.00","0.08","25","0.09","10","0.00",
="088030","鴻海統一57購05","0","0","0","--","--","--","--"," ","0.00","1.23","10","1.24","10","206.00",
="088031","鴻海統一57購06","71,000","2","90,880","1.28","1.28","1.28","1.28","-","0.05","1.28","10","1.29","10","206.00",
="088032","廣宇統一53購02","16,000","2","33,560","2.12","2.12","2.06","2.06","X","0.00","2.05","10","2.06","10","60.90",
="088033","台積電統一57購12","141,000","1","118,440","0.84","0.84","0.84","0.84","-","0.02","0.80","10","0.81","10","1,160.00",
="088034","敦陽科統一59購01","0","0","0","--","--","--","--"," ","0.00","0.66","10","0.67","10","174.00",
="088035","王品統一57購01","0","0","0","--","--","--","--"," ","0.00","0.43","10","0.44","10","219.00",
="088036","大立光統一53購02","254,000","3","220,980","0.87","0.87","0.87","0.87","-","0.01","0.84","10","0.85","10","2,395.00",
="088037","飛捷統一57購01","174,000","4","72,090","0.41","0.42","0.41","0.42"," ","0.00","0.41","10","0.42","10","112.50",
="088038","南電統一59購01","254,000","25","295,430","1.08","1.30","1.08","1.30","+","0.25","1.24","10","--","0","226.00",
="088039","華城中信51購01","457,000","22","342,680","0.77","0.77","0.72","0.72","-","0.05","0.71","10","0.72","10","0.00",
="08803P","敦陽科國票4C售01","0","0","0","--","--","--","--"," ","0.00","0.36","25","0.37","10","0.00",
="088040","連加中信51購01","0","0","0","--","--","--","--"," ","0.00","0.21","10","0.22","10","0.00",
="088041","上証2X永豐53購01","0","0","0","--","--","--","--"," ","0.00","2.10","10","2.20","10","45.30",
="088042","上証2X永豐54購01","0","0","0","--","--","--","--"," ","0.00","3.95","499","4.05","10","45.30",
="088043","統一永豐51購01","21,000","3","17,550","0.84","0.84","0.83","0.84","+","0.07","0.84","10","0.85","10","77.70",
="088044","台化永豐51購01","0","0","0","--","--","--","--"," ","0.00","2.89","499","2.95","10","29.90",
="088045","聯發科永豐52購04","42,000","2","29,580","0.68","0.71","0.68","0.71","-","0.01","0.67","499","0.68","10","1,385.00",
="088046","一詮永豐51購03","14,000","3","34,230","2.47","2.47","2.40","2.40"," ","0.00","2.38","10","2.48","10","80.20",
="088047","長榮永豐51購04","0","0","0","--","--","--","--"," ","0.00","0.72","499","0.73","10","188.00",
="088048","裕民永豐51購03","17,000","1","19,890","1.17","1.17","1.17","1.17","-","0.10","1.21","499","1.22","10","57.30",
="088049","萬海永豐51購02","9,000","2","5,000","0.56","0.56","0.55","0.55","+","0.01","0.54","10","0.55","10","84.10",
="08804P","聯陽國票4C售01","0","0","0","--","--","--","--"," ","0.00","0.23","25","0.24","10","0.00",
="088050","王品永豐51購02","0","0","0","--","--","--","--"," ","0.00","0.35","499","0.36","10","219.00",
="088051","王品永豐52購01","0","0","0","--","--","--","--"," ","0.00","5.15","499","5.25","10","219.00",
="088052","雄獅永豐51購01","43,000","3","22,530","0.53","0.53","0.52","0.52","+","0.04","0.54","499","0.55","10","159.00",
="088053","亞光永豐53購02","11,000","2","268,100","25.10","25.10","24.30","24.30","-","1.30","23.90","10","24.30","10","164.00",
="088054","智原永豐53購01","25,000","1","15,000","0.60","0.60","0.60","0.60","X","0.00","0.60","10","0.61","10","158.00",
="088055","新日興永豐51購03","8,000","2","14,110","1.73","2.00","1.73","2.00","+","0.45","0.67","14","--","0","259.00",
="088056","玉晶光永豐52購01","8,000","2","23,650","2.95","3.00","2.95","3.00","-","0.03","0.97","10","--","0","461.50",
="088057","台塑化永豐51購01","0","0","0","--","--","--","--"," ","0.00","2.73","10","2.76","10","40.75",
="088058","連加永豐52購02","0","0","0","--","--","--","--"," ","0.00","0.41","499","0.42","10","615.00",
="088059","滬深2X元富51購03","0","0","0","--","--","--","--"," ","0.00","2.99","25","3.09","10","18.32",
="08805P","奇鋐國票4C售03","0","0","0","--","--","--","--"," ","0.00","0.07","25","0.08","10","0.00",
="088060","滬深2X元富51購04","0","0","0","--","--","--","--"," ","0.00","2.20","25","2.30","10","18.32",
="088061","香港2X元富51購03","11,000","1","22,330","2.03","2.03","2.03","2.03","X","0.00","1.90","25","2.00","10","16.40",
="088062","FB越南元富51購05","0","0","0","--","--","--","--"," ","0.00","2.28","25","2.33","25","16.09",
="088063","FB越南元富51購06","8,000","5","16,720","2.09","2.09","2.09","2.09","-","0.05","2.09","25","2.11","25","16.09",
="088064","FB越南元富51購07","8,000","5","13,120","1.64","1.64","1.64","1.64","-","0.04","1.64","25","1.65","25","16.09",
="088065","華城元富51購04","31,000","1","71,610","2.31","2.31","2.31","2.31","+","0.05","2.15","25","2.17","25","618.00",
="088066","大亞元富51購01","82,000","7","198,610","2.36","2.59","2.36","2.59","+","0.30","2.42","25","2.43","25","43.00",
="088067","矽統元富57購01","25,000","1","59,000","2.36","2.36","2.36","2.36","+","0.02","2.32","25","2.34","25","55.10",
="088068","欣興元富51購02","0","0","0","--","--","--","--"," ","0.00","3.54","25","3.61","25","150.00",
="088069","宏致元富52購02","17,000","5","51,980","3.25","3.30","2.90","2.94","-","0.18","2.91","25","2.93","25","73.90",
="08806P","緯創國票4C售01","0","0","0","--","--","--","--"," ","0.00","0.45","25","0.46","10","0.00",
="088070","世芯元富51購13","0","0","0","--","--","--","--"," ","0.00","2.44","25","2.47","25","4,000.00",
="088071","佳必琪元富51購03","331,000","3","1,115,350","3.31","3.38","3.17","3.17","+","0.03","3.14","25","3.17","25","178.50",
="088072","佳必琪元富52購01","24,000","1","84,000","3.50","3.50","3.50","3.50","X","0.00","3.22","25","3.26","25","178.50",
="088073","台郡元富51購01","17,000","3","55,660","3.24","3.38","3.24","3.38","+","0.15","3.06","25","3.09","25","68.00",
="088074","台郡元富52購01","10,000","1","17,900","1.79","1.79","1.79","1.79","-","0.04","1.67","25","1.69","25","68.00",
="088075","保瑞元富51購01","1,000","1","2,640","2.64","2.64","2.64","2.64","-","0.23","2.66","25","--","0","733.00",
="088076","保瑞元富51購02","33,000","6","312,000","9.40","9.75","9.40","9.75"," ","0.00","9.40","25","9.50","25","733.00",
="088077","緯穎元富51購08","0","0","0","--","--","--","--"," ","0.00","2.68","25","2.70","25","2,975.00",
="088078","連加元富51購02","0","0","0","--","--","--","--"," ","0.00","0.38","25","0.39","25","615.00",
="088079","雷虎元富57購01","3,000","3","72,100","26.10","26.10","19.90","19.90","-","2.70","19.60","25","19.90","24","173.00",
="08807P","創意國票4C售02","499,000","2","44,910","0.09","0.09","0.09","0.09","X","0.00","0.08","25","0.09","10","0.00",
="088080","滬深2X國票52購03","0","0","0","--","--","--","--"," ","0.00","3.27","25","3.28","10","18.32",
="088081","華城國票52購04","2,000","1","6,800","3.40","3.40","3.40","3.40","-","0.13","3.25","25","3.29","10","618.00",
="088082","華通國票52購02","35,000","15","205,700","6.15","6.30","5.65","5.70","+","0.45","5.60","25","5.65","10","79.30",
="088083","國巨國票52購01","4,000","1","17,680","4.42","4.42","4.42","4.42","X","0.00","4.14","25","4.20","10","137.00",
="088084","華邦電國票52購04","65,000","8","81,880","1.24","1.32","1.24","1.32","+","0.04","1.22","25","1.24","10","19.60",
="088085","裕民國票52購01","1,000","1","2,310","2.31","2.31","2.31","2.31","+","0.09","2.15","25","2.17","10","57.30",
="088086","慧洋國票51購01","8,000","2","22,560","2.82","2.82","2.82","2.82","+","0.04","2.72","25","2.74","10","61.80",
="088087","慧洋國票52購02","0","0","0","--","--","--","--"," ","0.00","2.14","25","2.15","10","61.80",
="088088","八方國票52購01","0","0","0","--","--","--","--"," ","0.00","0.86","25","0.87","10","190.00",
="088089","台新金國票51購02","0","0","0","--","--","--","--"," ","0.00","0.55","25","0.56","10","16.35",
="08808P","貿聯國票4C售02","1,000","1","300","0.30","0.30","0.30","0.30","+","0.21","0.07","25","0.08","10","0.00",
="088090","台新金國票52購01","23,000","1","19,550","0.85","0.85","0.85","0.85","X","0.00","0.84","25","0.85","10","16.35",
="088091","台新金國票53購01","26,000","1","13,000","0.50","0.50","0.50","0.50","X","0.00","0.49","25","0.50","10","16.35",
="088092","大立光國票52購02","50,000","1","71,500","1.43","1.43","1.43","1.43","-","0.08","1.45","10","1.49","10","2,395.00",
="088093","富世達國票52購07","0","0","0","--","--","--","--"," ","0.00","10.80","25","11.20","10","1,145.00",
="088094","泰金寶國票51購02","0","0","0","--","--","--","--"," ","0.00","1.00","25","1.01","10","6.01",
="088095","T50正2國泰52購01","0","0","0","--","--","--","--"," ","0.00","2.31","499","2.34","200","259.40",
="088096","滬深2X國泰52購04","0","0","0","--","--","--","--"," ","0.00","0.27","3","--","0","18.32",
="088097","臺指反國泰52購01","0","0","0","--","--","--","--"," ","0.00","0.13","499","0.15","100","3.20",
="088098","建準國泰52購01","0","0","0","--","--","--","--"," ","0.00","2.84","499","--","0","137.00",
="088099","智原國泰52購02","251,000","6","229,160","0.90","0.92","0.90","0.90"," ","0.00","0.91","499","0.93","499","158.00",
="08809P","中磊國票4C售02","0","0","0","--","--","--","--"," ","0.00","0.27","25","0.29","10","0.00",
="088100","亞翔國泰52購01","5,000","1","11,350","2.27","2.27","2.27","2.27","-","0.05","2.06","499","2.07","100","349.50",
="088101","南電國泰52購02","2,095,000","38","11,907,450","5.00","6.05","5.00","5.85","+","1.05","6.60","31","7.65","10","226.00",
="088102","南電國泰52購03","1,000","1","5,300","5.30","5.30","5.30","5.30","X","0.00","5.95","499","--","0","226.00",
="088103","中砂兆豐53購02","122,000","3","97,940","0.78","0.81","0.78","0.81","+","0.05","0.80","10","0.81","10","347.00",
="088104","漢唐兆豐57購01","0","0","0","--","--","--","--"," ","0.00","4.54","10","4.55","10","1,190.00",
="088105","晟銘電兆豐53購01","761,000","17","934,060","1.31","1.32","1.09","1.09","-","0.05","1.10","10","1.11","10","133.00",
="088106","群臺2X群益51購02","0","0","0","--","--","--","--"," ","0.00","4.88","25","4.90","10","92.60",
="088107","中興電群益51購02","247,000","6","469,260","1.91","1.93","1.84","1.93","+","0.19","1.91","100","1.95","100","167.00",
="088108","華城群益51購06","88,000","3","136,040","1.55","1.55","1.54","1.54","+","0.04","1.41","100","1.42","100","618.00",
="088109","台達電群益51購07","30,000","2","173,850","5.70","5.85","5.70","5.85","-","0.30","2.00","10","--","0","709.00",
="08810P","力成國票4C售02","0","0","0","--","--","--","--"," ","0.00","0.15","25","0.16","10","0.00",
="088110","智邦群益51購07","0","0","0","--","--","--","--"," ","0.00","3.83","1","3.91","10","984.00",
="088111","華碩群益53購01","10,000","1","5,100","0.51","0.51","0.51","0.51","-","0.02","0.20","50","--","0","634.00",
="088112","致茂群益51購01","199,000","13","727,020","3.66","3.73","3.58","3.72","-","0.10","2.19","9","--","0","556.00",
="088113","金像電群益51購05","0","0","0","--","--","--","--"," ","0.00","13.30","38","14.30","10","486.00",
="088114","微星群益51購04","215,000","6","219,290","0.99","1.03","0.99","1.03","-","0.01","1.02","100","1.04","100","136.50",
="088115","漢唐群益53購01","0","0","0","--","--","--","--"," ","0.00","4.79","4","--","0","1,190.00",
="088116","王品群益51購03","0","0","0","--","--","--","--"," ","0.00","0.60","10","0.70","10","219.00",
="088117","雄獅群益53購01","116,000","3","59,650","0.51","0.55","0.51","0.55","+","0.05","0.17","58","--","0","159.00",
="088118","奇鋐群益53購03","33,000","3","40,970","1.24","1.26","1.24","1.25","-","0.22","0.58","17","--","0","1,015.00",
="088119","智原群益52購01","196,000","6","206,940","1.01","1.06","1.01","1.05","+","0.02","1.06","200","1.07","100","158.00",
="08811P","虎航國票4B售01","0","0","0","--","--","--","--"," ","0.00","1.55","25","1.56","10","0.00",
="088120","健鼎群益51購02","0","0","0","--","--","--","--"," ","0.00","4.22","25","4.32","10","318.00",
="088121","世芯群益51購13","11,000","2","28,210","2.66","2.66","2.51","2.51","-","0.03","2.43","10","2.53","10","4,000.00",
="088122","貿聯群益51購04","74,000","9","272,270","3.41","3.96","3.36","3.96","+","0.64","1.18","8","--","0","981.00",
="088123","上緯控群益53購01","373,000","28","984,260","2.59","2.81","2.55","2.55","+","0.02","2.47","3","2.81","4","131.00",
="088124","日月光群益52購02","59,000","6","65,100","1.13","1.13","1.08","1.08","-","0.13","1.06","100","1.08","100","147.50",
="088125","精成科群益51購05","10,000","1","95,000","9.50","9.50","9.50","9.50","+","2.95","3.60","2","--","0","131.00",
="088126","佳必琪群益51購02","33,000","3","113,630","3.37","3.50","3.37","3.44","+","0.24","3.25","10","3.29","10","178.50",
="088127","迅得群益51購02","48,000","7","117,350","2.44","2.52","2.38","2.49","+","0.17","2.46","10","2.56","10","193.50",
="088128","雷虎群益51購01","6,000","2","151,200","25.20","25.20","25.20","25.20","+","0.20","24.50","3","25.20","1","173.00",
="088129","世紀鋼群益51購05","0","0","0","--","--","--","--"," ","0.00","0.53","10","0.63","10","188.00",
="08812P","雲豹國票4C售02","13,000","4","12,530","0.98","0.98","0.96","0.97","-","0.04","0.96","25","0.97","10","0.00",
="088130","世紀鋼群益53購01","0","0","0","--","--","--","--"," ","0.00","0.47","10","0.57","10","188.00",
="088131","臺股指群益59購06","97,000","7","292,810","3.08","3.08","2.99","3.03","-","0.11","3.00","499","3.01","499","0.00",
="088132","上証2X富邦54購01","0","0","0","--","--","--","--"," ","0.00","1.72","100","1.73","100","0.00",
="088133","滬深2X富邦52購03","0","0","0","--","--","--","--"," ","0.00","2.26","100","2.27","10","0.00",
="088134","滬深2X富邦55購01","1,000","1","1,100","1.10","1.10","1.10","1.10","-","0.27","1.09","100","1.10","100","0.00",
="088135","FB越南富邦54購01","0","0","0","--","--","--","--"," ","0.00","2.23","100","2.24","10","0.00",
="088136","台泥富邦51購01","0","0","0","--","--","--","--"," ","0.00","0.41","30","0.42","10","0.00",
="088137","中興電富邦51購01","331,000","27","229,810","0.70","0.71","0.68","0.71","+","0.08","0.71","30","0.72","10","0.00",
="088138","台積電富邦55購07","6,000","6","89,700","15.40","15.40","14.80","14.80","-","0.90","14.70","30","14.80","9","0.00",
="088139","技嘉富邦52購03","68,000","1","48,960","0.72","0.72","0.72","0.72","-","0.02","0.70","30","0.71","10","0.00",
="08813P","FB台50元大4B售02","0","0","0","--","--","--","--"," ","0.00","0.03","499","0.08","10","0.00",
="088140","聯發科富邦55購04","15,000","4","180,400","12.00","12.10","12.00","12.10","-","0.20","12.10","30","12.30","10","0.00",
="088141","智原富邦51購01","77,000","3","24,240","0.31","0.32","0.31","0.31"," ","0.00","0.30","30","0.31","10","0.00",
="088142","jpp富邦52購01","117,000","15","261,570","2.18","2.32","2.18","2.24","+","0.15","2.23","10","2.24","10","0.00",
="088143","滬深2X元大55購03","0","0","0","--","--","--","--"," ","0.00","3.30","250","3.31","100","18.32",
="088144","滬深2X元大56購02","0","0","0","--","--","--","--"," ","0.00","1.97","250","1.98","100","18.32",
="088145","中興電元大51購07","543,000","11","547,030","1.01","1.01","0.97","1.01","+","0.05","1.01","499","1.03","10","167.00",
="088146","華城元大54購03","139,000","8","268,260","1.98","1.98","1.91","1.91","-","0.06","1.86","400","1.88","10","618.00",
="088147","合機元大51購01","66,000","5","74,580","1.13","1.14","1.12","1.12","-","0.01","1.10","499","1.11","10","48.45",
="088148","台達電元大51購10","0","0","0","--","--","--","--"," ","0.00","4.10","25","--","0","709.00",
="088149","鴻海元大54購11","150,000","3","270,500","1.81","1.81","1.80","1.80","X","0.00","1.82","400","1.86","10","206.00",
="08814P","香港2X元大4C售01","370,000","6","189,900","0.50","0.53","0.50","0.53","+","0.11","0.53","150","0.54","100","0.00",
="088150","廣宇元大51購02","0","0","0","--","--","--","--"," ","0.00","5.85","150","--","0","60.90",
="088151","台積電元大54購15","2,000","2","1,910","0.97","0.97","0.94","0.94","-","0.07","0.08","125","--","0","1,160.00",
="088152","智邦元大51購07","90,000","9","331,550","3.71","3.83","3.57","3.74","-","0.08","3.68","200","3.69","10","984.00",
="088153","華碩元大51購04","473,000","6","449,470","0.94","0.96","0.94","0.95","-","0.01","0.93","25","0.96","10","634.00",
="088154","矽統元大51購01","164,000","3","195,700","1.19","1.21","1.19","1.20","-","0.01","1.16","499","1.17","10","55.10",
="088155","矽統元大51購02","0","0","0","--","--","--","--"," ","0.00","1.35","499","1.36","10","55.10",
="088156","矽統元大51購03","147,000","4","228,370","1.54","1.59","1.50","1.59","-","0.01","1.55","450","1.57","10","55.10",
="088157","金像電元大51購10","395,000","26","1,862,430","4.63","4.95","4.52","4.95","+","0.28","4.97","150","5.00","10","486.00",
="088158","技嘉元大51購06","119,000","6","193,030","1.63","1.63","1.62","1.62","-","0.06","1.56","25","1.57","10","281.00",
="088159","台光電元大54購05","17,000","2","52,020","3.06","3.06","3.06","3.06","-","0.01","1.33","37","--","0","1,250.00",
="08815P","SGBR2X元大4C售03","0","0","0","--","--","--","--"," ","0.00","0.49","250","0.50","100","0.00",
="088160","陽明元大51購06","218,000","4","187,930","0.87","0.87","0.84","0.84","X","0.00","0.79","499","0.81","10","58.80",
="088161","王品元大51購02","737,000","8","331,650","0.45","0.45","0.45","0.45"," ","0.00","0.44","499","0.45","10","219.00",
="088162","奇鋐元大51購23","5,000","1","33,500","6.70","6.70","6.70","6.70","-","0.75","6.55","100","6.75","10","1,015.00",
="088163","奇鋐元大51購24","68,000","6","224,910","3.43","3.43","2.97","3.20","-","0.38","3.10","200","3.18","10","1,015.00",
="088164","奇鋐元大54購08","14,000","4","20,760","1.56","1.56","1.43","1.43","-","0.19","1.42","450","1.46","10","1,015.00",
="088165","智原元大51購13","675,000","10","408,940","0.60","0.61","0.59","0.60"," ","0.00","0.60","499","0.61","10","158.00",
="088166","欣興元大51購06","1,000","1","1,560","1.56","1.56","1.56","1.56","-","0.08","1.62","450","1.66","10","150.00",
="088167","景碩元大51購05","113,000","9","455,810","3.95","4.29","3.95","4.10","+","0.20","3.76","200","3.86","10","113.50",
="088168","緯創元大54購06","553,000","9","420,280","0.74","0.77","0.74","0.76","-","0.01","0.77","499","0.79","10","115.00",
="088169","群創元大51購06","1,000","1","1,490","1.49","1.49","1.49","1.49","X","0.00","1.49","499","1.53","10","14.15",
="08816P","鴻海元大4B售12","0","0","0","--","--","--","--"," ","0.00","0.04","499","0.13","10","0.00",
="088170","嘉澤元大51購12","10,000","1","7,400","0.74","0.74","0.74","0.74","-","0.02","0.77","499","0.80","10","1,465.00",
="088171","世芯元大54購08","71,000","5","225,590","3.21","3.21","3.13","3.19","+","0.01","3.01","250","3.04","10","4,000.00",
="088172","神達元大54購02","0","0","0","--","--","--","--"," ","0.00","5.30","150","--","0","95.90",
="088173","亞翔元大51購08","29,000","1","65,830","2.27","2.27","2.27","2.27"," ","0.00","2.04","350","2.05","10","349.50",
="088174","精成科元大51購11","10,000","1","32,000","3.20","3.20","3.20","3.20","+","0.93","3.22","75","--","0","131.00",
="088175","帆宣元大51購04","8,000","1","20,960","2.62","2.62","2.62","2.62","+","0.06","2.61","25","2.67","10","264.00",
="088176","飛捷元大51購04","0","0","0","--","--","--","--"," ","0.00","0.51","499","0.53","10","112.50",
="088177","聯茂元大51購04","0","0","0","--","--","--","--"," ","0.00","6.25","25","--","0","125.00",
="088178","台塑化元大51購01","18,000","5","34,930","2.07","2.08","1.92","1.93","X","0.00","1.92","350","1.93","10","40.75",
="088179","緯穎元大54購08","270,000","10","521,900","1.94","1.97","1.91","1.94"," ","0.00","1.89","25","1.92","10","2,975.00",
="08817P","台積電元大4B售22","0","0","0","--","--","--","--"," ","0.00","--","0","0.10","10","0.00",
="088180","洋基元大51購03","12,000","3","42,440","3.58","3.58","3.32","3.32","-","0.35","3.11","200","3.17","10","476.00",
="088181","連加元大51購04","217,000","1","136,710","0.63","0.63","0.63","0.63","-","0.10","0.64","499","0.65","10","615.00",
="088183","連加元大51購05","0","0","0","--","--","--","--"," ","0.00","0.75","499","0.76","10","615.00",
="088184","雷虎元大51購01","105,000","25","2,553,700","26.20","26.20","23.80","24.80","-","2.40","23.60","10","24.50","1","173.00",
="088185","雷虎元大51購02","6,000","2","126,800","21.10","21.30","21.10","21.30","X","0.00","20.50","1","--","0","173.00",
="088186","雷虎元大51購03","0","0","0","--","--","--","--"," ","0.00","15.90","10","--","0","173.00",
="088187","雷虎元大51購04","0","0","0","--","--","--","--"," ","0.00","15.90","1","--","0","173.00",
="088188","上証2X凱基53購02","64,000","9","98,030","1.60","1.63","1.50","1.50","-","0.50","1.49","10","1.50","30","45.30",
="088189","元金2X凱基57購01","43,000","5","34,780","0.81","0.81","0.80","0.80","+","0.02","0.80","100","0.81","80","58.65",
="08818P","台光電元大4B售06","85,000","1","1,700","0.02","0.02","0.02","0.02","X","0.00","0.02","499","0.11","30","0.00",
="088190","FB越南凱基57購01","175,000","5","310,150","1.77","1.78","1.75","1.75","-","0.01","1.73","100","1.74","50","16.09",
="088191","士電凱基51購02","90,000","10","104,850","1.22","1.22","1.05","1.05","X","0.00","1.08","10","1.10","10","187.50",
="088192","華城凱基51購08","16,000","2","37,280","2.33","2.33","2.33","2.33","+","0.04","2.14","100","2.16","10","618.00",
="088193","中砂凱基56購01","280,000","16","447,310","1.58","1.73","1.55","1.69","+","0.15","1.64","100","1.65","10","347.00",
="088194","鴻海凱基51購10","29,000","2","124,010","4.27","4.36","4.27","4.36","-","0.24","4.33","100","4.36","10","206.00",
="088195","台積電凱基53購18","0","0","0","--","--","--","--"," ","0.00","1.01","100","1.02","10","1,160.00",
="088196","台積電凱基57購05","0","0","0","--","--","--","--"," ","0.00","1.05","100","1.06","10","1,160.00",
="088197","順德凱基51購03","30,000","3","96,110","3.21","3.21","3.15","3.15","-","0.20","3.24","10","3.26","10","88.20",
="088198","台光電凱基53購03","0","0","0","--","--","--","--"," ","0.00","5.45","100","5.95","10","1,250.00",
="088199","聯發科凱基51購13","0","0","0","--","--","--","--"," ","0.00","1.17","100","1.18","10","1,385.00",
="08819P","聯發科元大4B售15","0","0","0","--","--","--","--"," ","0.00","0.03","499","0.13","10","0.00",
="088200","長榮凱基51購13","80,000","8","90,890","1.14","1.16","1.07","1.07","-","0.01","1.04","100","1.06","10","188.00",
="088201","裕民凱基51購02","217,000","11","436,760","2.00","2.12","1.98","2.00","+","0.08","1.96","10","1.97","30","57.30",
="088202","慧洋凱基51購01","63,000","6","148,220","2.36","2.40","2.33","2.40","+","0.12","2.23","10","2.33","10","61.80",
="088203","王品凱基51購03","121,000","4","41,650","0.34","0.35","0.34","0.35","-","0.02","0.33","150","--","0","219.00",
="088204","雄獅凱基51購05","151,000","4","107,970","0.72","0.72","0.71","0.71","+","0.08","0.70","100","--","0","159.00",
="088205","八方凱基51購01","0","0","0","--","--","--","--"," ","0.00","0.50","10","0.52","10","190.00",
="088206","欣興凱基51購04","13,000","6","43,210","3.28","3.38","3.28","3.37","-","0.02","3.28","100","3.32","10","150.00",
="088207","景碩凱基51購04","8,000","7","47,750","5.65","6.40","5.65","6.40","+","0.75","5.35","10","5.45","10","113.50",
="088208","新日興凱基53購02","119,000","16","456,690","3.59","4.12","3.59","4.12","+","0.46","4.28","24","4.38","10","259.00",
="088209","祥碩凱基51購03","0","0","0","--","--","--","--"," ","0.00","0.38","100","0.48","10","1,665.00",
="08820P","聯詠元大4B售02","0","0","0","--","--","--","--"," ","0.00","1.32","25","1.42","10","0.00",
="088210","瀚宇博凱基51購01","19,000","5","91,450","5.25","5.25","4.50","4.62","+","0.89","4.26","100","4.28","10","81.70",
="088211","亞翔凱基51購06","42,000","2","85,380","2.14","2.14","1.99","1.99","X","0.00","1.84","100","1.86","10","349.50",
="088212","保瑞凱基54購02","23,000","3","48,700","2.10","2.14","2.10","2.14","-","0.01","2.10","100","2.13","10","733.00",
="088213","緯穎凱基51購12","19,000","7","71,480","3.78","3.78","3.76","3.76","-","0.06","3.73","100","3.76","10","2,975.00",
="088214","連加凱基51購03","0","0","0","--","--","--","--"," ","0.00","0.55","100","0.56","10","615.00",
="088215","昇陽半凱基51購01","61,000","9","131,710","1.97","2.24","1.97","2.14","-","0.02","2.13","100","2.15","10","152.50",
="088216","南電凱基53購01","11,000","4","59,150","5.25","5.55","5.15","5.55","+","1.64","5.90","499","--","0","226.00",
="088217","台灣50元富51購08","0","0","0","--","--","--","--"," ","0.00","5.15","25","5.20","25","52.50",
="088218","台灣50元富51購09","141,000","4","647,190","4.69","4.69","4.57","4.57","-","0.34","4.47","25","4.57","10","52.50",
="088219","T50反1元富57購01","0","0","0","--","--","--","--"," ","0.00","0.49","25","0.50","25","19.79",
="08821P","創意元大4B售07","0","0","0","--","--","--","--"," ","0.00","0.09","499","0.10","200","0.00",
="088220","滬深2X元富51購05","0","0","0","--","--","--","--"," ","0.00","2.06","25","2.16","10","18.32",
="088221","香港2X元富52購01","11,000","1","14,850","1.35","1.35","1.35","1.35","X","0.00","1.26","25","1.36","10","16.40",
="088222","FB越南元富51購08","19,000","7","26,440","1.38","1.41","1.38","1.40","-","0.03","1.39","25","1.40","25","16.09",
="088223","FB越南元富54購02","8,000","4","10,960","1.37","1.37","1.37","1.37","-","0.02","1.36","25","1.37","25","16.09",
="088224","FB越南元富54購03","8,000","4","19,840","2.48","2.48","2.48","2.48","-","0.05","2.48","25","2.49","25","16.09",
="088225","FB越南元富57購01","8,000","3","10,240","1.28","1.28","1.28","1.28","-","0.02","1.27","25","1.28","25","16.09",
="088226","台塑元富51購03","0","0","0","--","--","--","--"," ","0.00","2.42","25","2.45","25","39.10",
="088227","國喬元富51購01","32,000","2","41,720","1.31","1.31","1.27","1.27","-","0.10","1.26","25","1.27","25","9.92",
="088228","士電元富51購01","5,000","1","8,250","1.65","1.65","1.65","1.65","+","0.15","1.65","25","1.68","25","187.50",
="088229","華城元富52購03","20,000","1","40,600","2.03","2.03","2.03","2.03","+","0.05","1.88","25","1.89","25","618.00",
="08822P","臺股指元大4B售26","0","0","0","--","--","--","--"," ","0.00","0.10","100","0.17","3","0.00",
="088230","台積電元富52購05","0","0","0","--","--","--","--"," ","0.00","10.40","25","11.40","10","1,160.00",
="088231","聯發科元富51購16","0","0","0","--","--","--","--"," ","0.00","1.14","25","1.24","10","1,385.00",
="088232","聯發科元富51購17","0","0","0","--","--","--","--"," ","0.00","0.72","25","0.73","25","1,385.00",
="088233","全新元富51購02","67,000","5","155,550","2.29","2.37","2.23","2.23","-","0.24","2.18","25","2.20","25","153.50",
="088234","欣興元富51購03","47,000","7","109,430","2.30","2.41","2.23","2.41","-","0.02","2.33","25","2.35","25","150.00",
="088235","欣興元富57購01","10,000","1","23,400","2.34","2.34","2.34","2.34","+","0.02","2.27","25","2.29","25","150.00",
="088236","材料元富52購01","130,000","1","72,800","0.56","0.56","0.56","0.56","+","0.05","0.52","25","0.53","25","67.70",
="088237","東哥元富51購02","0","0","0","--","--","--","--"," ","0.00","1.00","25","1.04","25","198.00",
="088238","欣興兆豐57購01","1,580,000","33","2,145,390","1.30","1.40","1.28","1.36","-","0.05","1.35","20","1.36","20","150.00",
="088239","華城台新51購01","0","0","0","--","--","--","--"," ","0.00","2.07","20","2.08","10","0.00",
="08823P","臺股指富邦52售04","0","0","0","--","--","--","--"," ","0.00","0.21","499","0.22","100","0.00",
="088240","台泥富邦53購01","35,000","5","36,400","1.04","1.04","1.04","1.04","-","0.04","1.02","30","1.03","10","0.00",
="088241","台塑富邦52購01","92,000","1","112,240","1.22","1.22","1.22","1.22","X","0.00","1.18","10","1.22","10","0.00",
="088242","華城富邦54購01","140,000","12","168,980","1.21","1.22","1.20","1.22"," ","0.00","1.16","10","1.17","10","0.00",
="088243","美時富邦52購01","343,000","14","246,960","0.73","0.74","0.70","0.70","-","0.04","0.69","10","0.70","10","0.00",
="088244","中鴻富邦51購01","382,000","8","432,330","1.12","1.16","1.12","1.15","-","0.02","1.13","30","1.15","10","0.00",
="088245","聯電富邦51購01","0","0","0","--","--","--","--"," ","0.00","0.38","30","0.39","10","0.00",
="088246","華通富邦51購01","156,000","21","294,830","1.79","2.18","1.79","1.99","+","0.19","1.92","10","1.94","10","0.00",
="088247","英業達富邦53購01","56,000","2","29,120","0.52","0.52","0.52","0.52","-","0.02","0.52","30","0.53","10","0.00",
="088248","南亞科富邦53購03","2,000","2","1,840","0.92","0.92","0.92","0.92"," ","0.00","0.86","10","0.87","10","0.00",
="088249","京元電富邦53購02","0","0","0","--","--","--","--"," ","0.00","2.48","10","2.58","10","0.00",
="08824P","臺股指富邦52售05","0","0","0","--","--","--","--"," ","0.00","0.34","499","0.35","100","0.00",
="088250","大立光富邦52購01","0","0","0","--","--","--","--"," ","0.00","1.52","10","1.62","10","0.00",
="088251","奇鋐富邦53購03","0","0","0","--","--","--","--"," ","0.00","1.61","10","1.71","10","0.00",
="088252","奇鋐富邦53購04","29,000","4","47,580","1.75","1.75","1.54","1.54","-","0.18","1.56","10","1.62","10","0.00",
="088253","奇鋐富邦54購01","32,000","4","48,480","1.64","1.64","1.45","1.48","-","0.19","1.48","10","1.53","10","0.00",
="088254","亞光富邦52購02","88,000","12","189,980","2.10","2.26","2.10","2.11","-","0.03","2.06","10","2.08","10","0.00",
="088255","世芯富邦54購03","226,000","21","405,870","1.78","1.86","1.77","1.77","-","0.03","1.73","10","1.74","10","0.00",
="088256","神達富邦53購01","82,000","15","426,800","5.00","5.60","5.00","5.25","+","0.90","5.25","10","5.30","10","0.00",
="088257","建準中信51購01","33,000","3","52,810","1.57","1.64","1.57","1.64","+","0.01","1.59","499","1.62","10","0.00",
="088258","南電中信51購02","59,000","6","102,960","1.52","1.84","1.52","1.84","+","0.54","1.84","499","--","0","0.00",
="088259","南電中信52購02","214,000","22","340,520","1.47","1.77","1.40","1.77","+","0.44","1.77","499","--","0","0.00",
="08825P","上銀群益51售01","31,000","2","16,740","0.54","0.54","0.54","0.54","X","0.00","0.57","10","0.67","10","0.00",
="088260","上証2X永豐51購02","7,000","4","40,800","5.90","6.20","5.70","5.70","X","0.00","5.60","10","5.70","8","45.30",
="088261","美指2X永豐57購01","308,000","14","284,240","0.93","0.93","0.92","0.92","-","0.04","0.93","10","0.94","10","20.48",
="088262","FB越南永豐53購01","0","0","0","--","--","--","--"," ","0.00","2.74","499","2.75","10","16.09",
="088263","FB越南永豐53購02","0","0","0","--","--","--","--"," ","0.00","2.17","499","2.18","10","16.09",
="088264","台泥永豐51購01","200,000","1","130,000","0.65","0.65","0.65","0.65","X","0.00","0.63","499","0.64","10","22.80",
="088265","東陽永豐51購02","77,000","3","41,400","0.52","0.56","0.52","0.56","X","0.00","0.53","499","0.56","10","101.00",
="088266","士電永豐52購01","70,000","3","58,100","0.83","0.83","0.83","0.83","X","0.00","0.86","499","0.87","10","187.50",
="088267","中興電永豐51購01","86,000","3","66,350","0.74","0.79","0.74","0.76","+","0.03","0.77","499","0.81","10","167.00",
="088268","華城永豐51購03","80,000","4","88,600","1.13","1.13","1.10","1.10","-","0.05","1.07","10","1.08","10","618.00",
="088269","中砂永豐51購04","90,000","9","56,380","0.59","0.65","0.59","0.61","+","0.08","0.59","12","0.60","10","347.00",
="08826P","台光電群益51售03","0","0","0","--","--","--","--"," ","0.00","--","0","0.06","20","0.00",
="088270","川湖永豐53購01","126,000","3","383,280","3.12","3.12","3.04","3.04","-","0.02","3.03","10","3.06","10","2,925.00",
="088271","英業達永豐51購01","36,000","4","32,440","0.90","0.91","0.89","0.89","-","0.03","0.88","10","0.89","10","41.35",
="088272","金像電永豐51購06","0","0","0","--","--","--","--"," ","0.00","3.55","499","3.61","10","486.00",
="088273","台光電永豐51購08","0","0","0","--","--","--","--"," ","0.00","6.05","499","6.25","10","1,250.00",
="088274","建準永豐51購02","0","0","0","--","--","--","--"," ","0.00","1.52","499","1.57","10","137.00",
="088275","全新永豐51購02","20,000","2","23,800","1.17","1.21","1.17","1.21","-","0.11","1.17","499","1.19","10","153.50",
="088276","全新永豐52購01","20,000","1","21,200","1.06","1.06","1.06","1.06","-","0.13","1.04","499","1.08","10","153.50",
="088277","全新永豐52購02","0","0","0","--","--","--","--"," ","0.00","1.19","499","1.20","10","153.50",
="088278","欣興永豐53購02","0","0","0","--","--","--","--"," ","0.00","1.03","499","1.04","10","150.00",
="088279","欣興永豐53購03","79,000","4","74,010","0.94","0.94","0.93","0.93","+","0.05","0.89","10","0.90","10","150.00",
="08827P","緯創群益51售01","0","0","0","--","--","--","--"," ","0.00","--","0","--","0","0.00",
="088280","富華新永豐51購01","0","0","0","--","--","--","--"," ","0.00","0.44","10","0.45","10","21.15",
="088281","景碩永豐53購01","425,000","13","498,030","1.16","1.31","1.14","1.31","+","0.06","1.16","499","1.18","10","113.50",
="088282","緯創永豐52購01","10,000","1","5,600","0.56","0.56","0.56","0.56","X","0.00","0.55","499","0.56","10","115.00",
="088283","嘉澤永豐52購03","9,000","1","6,930","0.77","0.77","0.77","0.77","-","0.03","0.82","499","0.84","10","1,465.00",
="088284","健策永豐51購02","0","0","0","--","--","--","--"," ","0.00","1.75","499","1.83","10","1,905.00",
="088285","聯茂永豐51購02","0","0","0","--","--","--","--"," ","0.00","2.54","10","--","0","125.00",
="088286","聯茂永豐53購01","40,000","4","135,600","3.37","3.41","3.37","3.41","-","0.08","1.92","69","--","0","125.00",
="088287","富世達永豐51購03","0","0","0","--","--","--","--"," ","0.00","2.24","499","2.34","10","1,145.00",
="088288","南電永豐51購06","50,000","2","96,770","1.93","1.96","1.93","1.96","+","0.40","2.13","499","--","0","226.00",
="088289","南電永豐52購01","7,000","1","19,390","2.77","2.77","2.77","2.77","X","0.00","3.38","499","--","0","226.00",
="08828P","創意群益51售01","100,000","1","17,000","0.17","0.17","0.17","0.17"," ","0.00","0.06","30","--","0","0.00",
="088290","東哥永豐53購01","22,000","1","37,840","1.72","1.72","1.72","1.72","-","0.11","1.71","10","1.77","10","198.00",
="088291","臺股指永豐56購01","0","0","0","--","--","--","--"," ","0.00","1.66","499","1.67","10","0.00",
="088292","台塑國票51購01","0","0","0","--","--","--","--"," ","0.00","3.38","25","3.39","10","39.10",
="088293","英業達國票52購01","9,000","2","10,730","1.19","1.20","1.19","1.20","-","0.02","1.17","25","1.18","10","41.35",
="088294","矽統國票52購02","0","0","0","--","--","--","--"," ","0.00","2.41","25","2.42","10","55.10",
="088295","建準國票57購01","21,000","4","39,590","1.84","1.93","1.84","1.87"," ","0.00","1.88","25","1.89","10","137.00",
="088296","欣興國票56購01","2,000","1","3,740","1.87","1.87","1.87","1.87","+","0.14","1.94","25","1.95","10","150.00",
="088297","景碩國票57購01","0","0","0","--","--","--","--"," ","0.00","1.43","25","1.44","10","113.50",
="088298","上緯控國票54購01","41,000","4","135,500","3.20","3.39","3.20","3.20","+","0.09","3.08","25","3.11","10","131.00",
="088299","上緯控國票57購02","87,000","11","307,890","3.50","3.65","3.39","3.39","-","0.03","3.42","25","3.44","10","131.00",
="08829P","貿聯群益4B售03","1,000","1","500","0.50","0.50","0.50","0.50","X","0.00","0.01","5","0.50","2","0.00",
="088300","jpp國票54購01","0","0","0","--","--","--","--"," ","0.00","3.67","25","3.70","10","276.00",
="088301","聯茂國票52購02","0","0","0","--","--","--","--"," ","0.00","6.05","1","--","0","125.00",
="088302","同欣電國票57購01","117,000","5","121,930","1.08","1.10","1.03","1.03","-","0.07","1.04","25","1.05","10","112.50",
="088303","穎崴國票53購01","77,000","4","111,500","1.48","1.48","1.33","1.47","-","0.04","1.59","25","1.60","10","1,250.00",
="088304","連加國票52購03","0","0","0","--","--","--","--"," ","0.00","0.80","25","0.82","10","615.00",
="088305","臺股指國票51購10","0","0","0","--","--","--","--"," ","0.00","2.46","499","2.47","499","0.00",
="088306","中興電國泰52購01","0","0","0","--","--","--","--"," ","0.00","1.30","499","1.32","499","167.00",
="088307","華城國泰52購01","26,000","2","59,020","2.26","2.28","2.26","2.28","+","0.02","2.15","499","2.17","440","618.00",
="088308","中砂國泰52購04","49,000","2","57,300","1.14","1.20","1.14","1.20","+","0.07","1.26","10","1.27","10","347.00",
="088309","台光電國泰52購05","0","0","0","--","--","--","--"," ","0.00","9.90","499","--","0","1,250.00",
="08830P","T50正2永豐52售02","0","0","0","--","--","--","--"," ","0.00","0.07","10","0.08","10","0.00",
="088310","奇鋐國泰52購01","200,000","1","496,000","2.48","2.48","2.48","2.48","-","0.19","2.51","499","--","0","1,015.00",
="088311","欣興國泰52購02","116,000","6","186,760","1.55","1.65","1.55","1.58","+","0.08","1.56","499","1.58","499","150.00",
="088312","滬深2X凱基51購07","1,298,000","4","2,615,010","1.99","2.20","1.99","2.20","X","0.00","1.96","10","1.97","50","18.32",
="088313","滬深2X凱基55購02","0","0","0","--","--","--","--"," ","0.00","3.85","10","3.86","50","18.32",
="088314","FB越南凱基54購01","174,000","4","337,060","1.90","1.97","1.90","1.97","+","0.03","1.89","100","1.90","50","16.09",
="088315","台泥凱基51購03","93,000","5","89,640","0.98","0.98","0.96","0.98","-","0.07","0.96","100","0.98","210","22.80",
="088316","台塑凱基51購03","1,000","1","2,200","2.20","2.20","2.20","2.20","-","0.26","2.13","2","2.17","10","39.10",
="088317","中興電凱基51購03","3,000","1","4,170","1.39","1.39","1.39","1.39","+","0.15","1.38","100","1.40","10","167.00",
="088318","大亞凱基51購01","0","0","0","--","--","--","--"," ","0.00","2.23","10","2.33","10","43.00",
="088319","台玻凱基51購03","0","0","0","--","--","--","--"," ","0.00","13.30","10","--","0","34.55",
="08831P","台積電元富4B售21","0","0","0","--","--","--","--"," ","0.00","0.08","25","0.10","10","0.00",
="088320","台達電凱基51購06","0","0","0","--","--","--","--"," ","0.00","7.05","100","7.55","10","709.00",
="088321","華通凱基51購03","39,000","5","252,700","5.80","6.80","5.80","6.20","+","0.55","6.00","100","6.10","10","79.30",
="088322","鴻海凱基54購09","0","0","0","--","--","--","--"," ","0.00","3.65","100","3.67","10","206.00",
="088323","台積電凱基51購23","0","0","0","--","--","--","--"," ","0.00","1.01","100","1.02","10","1,160.00",
="088324","台積電凱基67購07","278,000","17","643,120","2.33","2.33","2.27","2.27","-","0.09","2.27","5","--","0","1,160.00",
="088325","智邦凱基55購03","0","0","0","--","--","--","--"," ","0.00","2.17","100","2.19","10","984.00",
="088326","台光電凱基51購08","45,000","6","107,620","2.40","2.40","2.32","2.33","-","0.18","2.29","100","2.39","10","1,250.00",
="088327","漢唐凱基51購05","37,000","5","720,800","20.20","20.20","18.30","18.60","-","2.70","20.20","10","20.80","10","1,190.00",
="088328","南亞科凱基51購08","21,000","2","36,180","1.73","1.73","1.58","1.58","-","0.20","1.56","100","1.57","10","46.65",
="088329","聯發科凱基56購02","0","0","0","--","--","--","--"," ","0.00","1.31","100","1.32","10","1,385.00",
="08832P","台積電元富4B售22","3,000","1","870","0.29","0.29","0.29","0.29"," ","0.00","0.32","25","0.33","25","0.00",
="088330","全新凱基51購01","77,000","5","94,090","1.20","1.27","1.13","1.27","-","0.04","1.03","10","1.15","10","153.50",
="088331","雄獅凱基51購06","135,000","7","152,080","1.09","1.16","1.09","1.16","X","0.00","1.13","100","1.15","10","159.00",
="088332","奇鋐凱基54購03","10,000","2","39,880","3.96","4.03","3.96","4.03","X","0.00","3.96","100","4.03","6","1,015.00",
="088333","欣興凱基56購01","93,000","5","222,510","2.29","2.49","2.29","2.35","-","0.11","1.13","8","2.34","10","150.00",
="088334","欣興凱基56購02","73,000","3","154,600","2.00","2.20","2.00","2.16","+","0.01","2.11","100","2.13","10","150.00",
="088335","世芯凱基54購05","0","0","0","--","--","--","--"," ","0.00","2.09","100","2.11","10","4,000.00",
="088336","亞翔凱基51購07","0","0","0","--","--","--","--"," ","0.00","2.41","100","2.42","10","349.50",
="088337","聯茂凱基51購03","0","0","0","--","--","--","--"," ","0.00","4.22","499","4.32","10","125.00",
="088338","緯穎凱基53購04","0","0","0","--","--","--","--"," ","0.00","4.21","1","4.25","10","2,975.00",
="088339","南電凱基51購06","222,000","30","791,290","3.05","3.74","3.05","3.74","+","1.44","3.80","1","--","0","226.00",
="08833P","台光電元富4B售01","0","0","0","--","--","--","--"," ","0.00","--","0","0.10","25","0.00",
="088340","東哥凱基51購02","13,000","2","14,560","1.12","1.12","1.12","1.12","-","0.04","1.12","10","1.15","10","198.00",
="088341","臺股指凱基59購06","50,000","1","158,500","3.17","3.17","3.17","3.17","-","0.04","3.08","100","3.09","10","0.00",
="088342","東陽群益51購01","85,000","10","72,770","0.79","0.91","0.79","0.90","X","0.00","0.84","100","0.87","100","101.00",
="088343","中砂群益51購04","30,000","5","79,860","2.53","2.80","2.53","2.80","+","0.29","0.86","11","--","0","347.00",
="088344","台玻群益53購01","0","0","0","--","--","--","--"," ","0.00","10.30","10","--","0","34.55",
="088345","川湖群益51購02","33,000","3","402,300","11.70","12.40","11.70","12.40","+","0.80","11.90","100","12.20","100","2,925.00",
="088346","台積電群益51購19","1,000","1","7,100","7.10","7.10","7.10","7.10","X","0.00","0.71","10","--","0","1,160.00",
="088347","台積電群益57購03","0","0","0","--","--","--","--"," ","0.00","0.48","30","--","0","1,160.00",
="088348","英業達群益51購01","88,000","5","53,610","0.60","0.62","0.60","0.60","-","0.03","0.60","100","0.61","100","41.35",
="088349","台光電群益51購12","0","0","0","--","--","--","--"," ","0.00","--","0","2.52","10","1,250.00",
="08834P","台光電元富4B售02","0","0","0","--","--","--","--"," ","0.00","0.01","25","0.10","10","0.00",
="088350","聯發科群益51購12","0","0","0","--","--","--","--"," ","0.00","0.86","11","--","0","1,385.00",
="088351","全新群益53購02","21,000","2","23,040","1.11","1.11","1.08","1.08","-","0.11","0.47","21","--","0","153.50",
="088352","長榮群益53購01","102,000","9","183,230","1.75","1.88","1.71","1.71","-","0.03","1.67","10","1.77","10","188.00",
="088353","台新金群益52購01","164,000","4","68,240","0.43","0.43","0.41","0.41","-","0.02","0.42","100","0.43","100","16.35",
="088354","欣興群益52購03","215,000","15","372,300","1.59","1.80","1.59","1.70","-","0.11","1.69","100","1.72","100","150.00",
="088355","景碩群益52購01","620,000","34","1,171,410","1.81","2.12","1.81","1.90","-","0.07","0.88","22","--","0","113.50",
="088356","景碩群益53購02","71,000","10","183,370","2.37","2.79","2.37","2.59","+","0.07","1.02","9","--","0","113.50",
="088357","世芯群益51購14","1,000","1","10,500","10.50","10.50","10.50","10.50"," ","0.00","10.00","10","11.00","10","4,000.00",
="088358","亞翔群益51購04","19,000","3","87,340","4.69","4.69","4.28","4.28","-","0.39","4.10","10","4.20","10","349.50",
="088359","聯茂群益53購01","0","0","0","--","--","--","--"," ","0.00","1.28","30","--","0","125.00",
="08835P","國泰金元富4B售01","0","0","0","--","--","--","--"," ","0.00","0.41","25","0.46","25","0.00",
="088360","同欣電群益52購01","188,000","7","207,650","1.18","1.18","1.05","1.08","-","0.03","0.47","106","--","0","112.50",
="088361","緯穎群益51購04","269,000","17","2,426,350","9.00","9.15","8.90","8.95","-","0.25","8.85","10","9.35","10","2,975.00",
="088362","虎航群益51購03","0","0","0","--","--","--","--"," ","0.00","1.00","100","1.04","100","82.60",
="088363","連加群益51購02","0","0","0","--","--","--","--"," ","0.00","0.40","10","0.50","10","615.00",
="088364","昇陽半群益51購01","72,000","4","154,700","2.04","2.17","2.04","2.17","+","0.01","0.90","52","--","0","152.50",
="088365","南電群益51購02","69,000","6","517,950","7.20","7.90","7.20","7.90","+","2.55","2.54","7","--","0","226.00",
="088366","南電群益57購01","61,000","7","200,760","3.11","3.51","3.08","3.51","+","0.97","1.35","7","--","0","226.00",
="088367","美費半元大51購03","50,000","2","75,600","1.51","1.52","1.51","1.52","-","0.05","1.52","100","1.53","50","45.51",
="088368","美費半元大54購01","2,000","1","4,520","2.26","2.26","2.26","2.26","-","0.07","2.26","100","2.27","50","45.51",
="088369","台泥元大51購05","465,000","7","393,000","0.85","0.86","0.84","0.84","-","0.05","0.83","499","0.85","10","22.80",
="08836P","緯穎元富4B售08","0","0","0","--","--","--","--"," ","0.00","0.01","25","0.10","10","0.00",
="088370","華城元大54購04","5,000","1","13,900","2.78","2.78","2.78","2.78","+","0.14","2.60","250","2.62","10","618.00",
="088371","亞德客元大51購01","67,000","11","92,990","1.42","1.43","1.34","1.34","-","0.18","1.34","500","1.37","10","800.00",
="088372","喬山元大51購01","715,000","8","270,740","0.37","0.40","0.36","0.36","-","0.02","0.36","25","0.38","10","146.00",
="088373","鴻海元大51購30","0","0","0","--","--","--","--"," ","0.00","2.27","300","2.32","10","206.00",
="088374","鴻海元大51購31","71,000","3","144,660","2.06","2.06","2.03","2.03","-","0.13","2.03","350","2.05","10","206.00",
="088375","台積電元大51購71","305,000","7","197,080","0.68","0.68","0.64","0.64","-","0.08","0.12","83","--","0","1,160.00",
="088376","台積電元大54購16","1,000","1","910","0.91","0.91","0.91","0.91","-","0.03","0.09","111","--","0","1,160.00",
="088377","台積電元大54購17","1,000","1","890","0.89","0.89","0.89","0.89","-","0.04","0.09","111","--","0","1,160.00",
="088378","智邦元大54購03","2,000","2","11,300","5.55","5.75","5.55","5.75"," ","0.00","5.55","150","5.60","10","984.00",
="088379","台光電元大51購11","11,000","1","24,970","2.27","2.27","2.27","2.27","X","0.00","0.58","1","--","0","1,250.00",
="08837P","世紀鋼元富4B售03","0","0","0","--","--","--","--"," ","0.00","0.81","25","0.82","25","0.00",
="088380","台光電元大54購06","23,000","2","33,070","1.49","1.49","1.43","1.43","-","0.02","0.58","17","--","0","1,250.00",
="088381","南亞科元大51購15","1,000","1","5,400","5.40","5.40","5.40","5.40","-","0.05","5.10","150","5.15","10","46.65",
="088382","宏達電元大51購07","7,000","5","85,600","13.10","13.10","11.60","12.30","+","0.50","12.30","10","--","0","66.50",
="088383","長榮元大51購29","265,000","4","323,450","1.22","1.25","1.22","1.22","+","0.06","1.14","499","1.17","10","188.00",
="088384","奇鋐元大51購25","6,000","3","31,560","5.40","5.40","4.86","5.10","-","0.70","4.97","151","5.10","10","1,015.00",
="088385","奇鋐元大54購09","464,000","13","484,740","1.07","1.07","0.96","1.00","-","0.14","1.00","499","1.04","10","1,015.00",
="088386","欣興元大51購07","172,000","7","197,500","1.08","1.17","1.08","1.12","-","0.07","1.11","499","1.13","10","150.00",
="088387","欣興元大51購08","171,000","13","179,540","1.06","1.12","1.02","1.09","-","0.08","1.09","494","1.12","10","150.00",
="088388","欣興元大54購03","69,000","5","87,720","1.22","1.30","1.22","1.30"," ","0.00","1.25","499","1.27","10","150.00",
="088389","緯創元大54購07","160,000","5","198,040","1.21","1.24","1.21","1.24","-","0.02","0.08","499","--","0","115.00",
="08838P","臺股指元富4B售06","0","0","0","--","--","--","--"," ","0.00","0.09","25","0.10","25","0.00",
="088390","新日興元大57購01","242,000","25","735,920","2.97","3.56","2.91","3.56","+","0.56","2.01","24","--","0","259.00",
="088391","世芯元大51購42","0","0","0","--","--","--","--"," ","0.00","3.04","250","3.08","10","4,000.00",
="088392","世芯元大51購43","38,000","3","119,630","3.28","3.28","3.14","3.14","-","0.18","3.09","200","3.13","10","4,000.00",
="088393","世芯元大54購09","21,000","2","66,480","3.15","3.18","3.15","3.18","+","0.01","2.99","250","3.02","10","4,000.00",
="088394","大聯大元大51購01","48,000","5","84,400","1.75","1.79","1.75","1.75","+","0.06","1.68","25","1.70","10","67.00",
="088395","上緯控元大51購01","679,000","60","1,039,930","1.48","1.68","1.45","1.46","+","0.01","1.46","460","1.49","20","131.00",
="088396","上緯控元大51購02","512,000","37","751,010","1.44","1.60","1.39","1.41"," ","0.00","1.42","499","1.44","10","131.00",
="088397","材料元大51購17","54,000","1","66,420","1.23","1.23","1.23","1.23","X","0.00","1.17","499","1.18","10","67.70",
="088398","材料元大51購18","75,000","4","91,400","1.25","1.28","1.21","1.23","+","0.07","1.19","499","1.21","10","67.70",
="088399","材料元大54購02","291,000","6","285,530","0.99","0.99","0.96","0.97","X","0.00","0.95","499","0.96","10","67.70",
="08839P","臺股指元富4B售07","10,000","1","1,000","0.10","0.10","0.10","0.10","X","0.00","0.10","25","0.11","25","0.00",
="088400","臻鼎元大51購02","2,000","1","22,600","11.30","11.30","11.30","11.30","-","0.60","11.50","50","--","0","194.00",
="088401","臻鼎元大51購03","2,000","1","8,340","4.17","4.17","4.17","4.17","-","0.39","4.31","200","4.60","1","194.00",
="088402","亞翔元大51購09","36,000","5","131,240","3.76","3.76","3.47","3.47","-","0.35","3.31","200","3.33","10","349.50",
="088403","亞翔元大51購10","14,000","1","32,620","2.33","2.33","2.33","2.33","-","0.19","2.16","300","2.17","10","349.50",
="088404","精成科元大54購03","313,000","13","471,410","1.60","1.80","1.47","1.80","+","0.42","1.58","20","1.80","86","131.00",
="088405","緯穎元大51購23","70,000","12","240,230","3.42","3.53","3.33","3.33","-","0.05","3.33","1","3.34","10","2,975.00",
="088406","AES元大51購04","135,000","10","243,900","1.63","1.96","1.63","1.87","+","0.27","1.86","549","1.90","10","1,350.00",
="088407","連加元大51購06","0","0","0","--","--","--","--"," ","0.00","0.57","499","0.58","10","615.00",
="088408","連加元大51購07","13,000","2","12,350","0.95","0.95","0.95","0.95","-","0.07","0.92","499","0.93","10","615.00",
="088409","南電元大51購07","57,000","5","155,000","2.60","2.96","2.60","2.96","X","0.00","3.12","5","--","0","226.00",
="08840P","臺股指元富4B售08","0","0","0","--","--","--","--"," ","0.00","0.14","25","0.15","25","0.00",
="088410","南電元大51購08","25,000","3","62,150","2.47","2.55","2.47","2.55","+","0.26","3.09","5","--","0","226.00",
="088411","南電元大51購09","33,000","5","85,560","2.42","2.67","2.42","2.57","+","0.27","2.92","5","--","0","226.00",
="088412","鴻海統一67購02","0","0","0","--","--","--","--"," ","0.00","0.92","10","0.93","10","206.00",
="088413","台積電統一57購13","0","0","0","--","--","--","--"," ","0.00","0.73","10","0.74","10","1,160.00",
="088414","英業達統一57購01","32,000","1","15,040","0.47","0.47","0.47","0.47","X","0.00","0.46","10","0.47","10","41.35",
="088415","英業達統一57購02","0","0","0","--","--","--","--"," ","0.00","0.59","10","0.60","10","41.35",
="088416","英業達統一61購01","0","0","0","--","--","--","--"," ","0.00","0.60","10","0.61","10","41.35",
="088417","全新統一57購02","0","0","0","--","--","--","--"," ","0.00","0.74","10","0.75","10","153.50",
="088418","全新統一61購01","0","0","0","--","--","--","--"," ","0.00","0.69","10","0.70","10","153.50",
="088419","敦陽科統一57購01","0","0","0","--","--","--","--"," ","0.00","0.64","10","0.65","10","174.00",
="08841P","T50正2國票4C售04","20,000","1","4,000","0.20","0.20","0.20","0.20","X","0.00","0.21","25","0.22","10","0.00",
="088420","八方統一57購01","0","0","0","--","--","--","--"," ","0.00","0.61","10","0.62","10","190.00",
="088421","欣興統一57購04","743,000","16","605,430","0.80","0.86","0.78","0.83","-","0.01","0.81","10","0.82","10","150.00",
="088422","臻鼎統一61購01","645,000","9","812,200","1.24","1.29","1.24","1.28","+","0.01","1.27","10","1.28","10","194.00",
="088423","精成科統一53購01","614,000","20","1,096,040","1.74","2.32","1.70","2.32","+","0.54","1.94","10","--","0","131.00",
="088424","聯茂統一61購01","46,000","6","44,090","0.97","0.97","0.84","0.84","-","0.12","0.85","50","1.03","1","125.00",
="088425","南電統一51購04","1,169,000","101","1,543,020","1.19","1.68","1.12","1.60","+","0.35","1.55","31","1.60","9","226.00",
="088426","南電統一61購01","105,000","8","107,050","0.98","1.06","0.98","1.06","+","0.13","1.06","10","--","0","226.00",
="088427","南電統一67購01","769,000","16","766,710","0.97","1.09","0.97","1.09","+","0.20","1.09","10","--","0","226.00",
="088428","東哥統一61購01","0","0","0","--","--","--","--"," ","0.00","0.55","10","0.56","10","198.00",
="088429","東哥統一61購02","0","0","0","--","--","--","--"," ","0.00","0.49","10","0.50","10","198.00",
="08842P","世芯國票4B售01","0","0","0","--","--","--","--"," ","0.00","0.03","25","0.05","10","0.00",
="088430","鈺齊統一57購01","101,000","2","61,610","0.61","0.61","0.61","0.61","-","0.01","0.61","10","0.62","10","106.50",
="088431","聯鈞中信52購01","40,000","3","20,800","0.55","0.55","0.49","0.49","-","0.10","0.48","10","0.49","10","0.00",
="088432","精成科中信51購01","63,000","9","203,090","3.18","3.31","3.18","3.31","+","0.51","3.52","499","--","0","0.00",
="088433","奇鋐第一57購02","78,000","6","105,140","1.40","1.40","1.33","1.33","-","0.06","1.28","10","1.31","10","0.00",
="088434","世芯第一57購05","169,000","8","299,670","1.81","1.81","1.68","1.73","-","0.03","1.68","10","1.70","10","0.00",
="088435","台達電富邦51購03","22,000","3","66,820","3.06","3.06","3.01","3.01","-","0.16","3.02","30","3.07","10","0.00",
="088436","亞翔富邦52購01","28,000","6","31,260","1.15","1.17","1.05","1.05","-","0.14","1.04","10","1.05","10","0.00",
="088437","緯穎富邦52購04","0","0","0","--","--","--","--"," ","0.00","2.10","10","2.15","10","0.00",
="088438","南電富邦53購01","181,000","13","378,280","1.95","2.23","1.95","2.23","+","0.70","2.39","30","--","0","0.00",
="088439","南電富邦55購01","163,000","20","592,120","3.32","4.25","3.32","4.25","+","1.31","4.20","13","4.95","2","0.00",
="08843P","香港2X凱基51售01","0","0","0","--","--","--","--"," ","0.00","0.46","10","0.56","10","0.00",
="088440","美時永豐54購02","0","0","0","--","--","--","--"," ","0.00","0.49","10","0.50","10","193.50",
="088441","台積電永豐51購10","10,000","1","4,700","0.47","0.47","0.47","0.47","-","0.07","0.42","10","0.52","10","1,160.00",
="088442","致茂永豐51購01","177,000","17","411,330","2.32","2.44","2.20","2.44","+","0.09","2.46","10","2.48","10","556.00",
="088443","威盛永豐51購02","309,000","18","264,970","0.88","0.90","0.83","0.84","-","0.08","0.84","19","0.85","10","62.00",
="088444","京元電永豐52購02","136,000","2","228,740","1.68","1.81","1.68","1.81","+","0.06","1.79","10","1.83","10","142.00",
="088445","宏達電永豐51購02","0","0","0","--","--","--","--"," ","0.00","--","0","--","0","66.50",
="088446","新日興永豐52購03","60,000","7","71,590","1.15","1.53","1.15","1.44","X","0.00","0.39","26","--","0","259.00",
="088447","聯鈞永豐52購02","0","0","0","--","--","--","--"," ","0.00","0.88","10","0.89","10","202.00",
="088448","聯鈞永豐54購02","18,000","1","18,900","1.05","1.05","1.05","1.05","-","0.10","0.98","499","0.99","10","202.00",
="088449","南電永豐51購08","74,000","6","96,820","1.19","1.48","1.19","1.48","+","0.33","1.48","10","1.58","5","226.00",
="08844P","上銀凱基4B售08","0","0","0","--","--","--","--"," ","0.00","0.36","100","0.37","10","0.00",
="088450","南電永豐54購01","0","0","0","--","--","--","--"," ","0.00","3.12","499","--","0","226.00",
="088451","元債2X元富57購01","2,000","1","2,120","1.06","1.06","1.06","1.06","+","0.02","1.05","25","1.06","25","7.05",
="088452","華城元富51購05","33,000","2","73,060","2.22","2.22","2.20","2.20","+","0.06","2.07","25","2.08","25","618.00",
="088453","台達電元富51購02","0","0","0","--","--","--","--"," ","0.00","6.45","25","6.95","10","709.00",
="088454","台達電元富51購03","155,000","12","1,013,100","6.60","6.65","6.35","6.55","-","0.30","6.40","25","6.90","10","709.00",
="088455","楠梓電元富52購01","67,000","7","547,750","8.25","8.25","8.05","8.05","+","0.25","9.00","25","9.40","1","109.50",
="088456","燿華元富51購01","192,000","20","483,260","2.43","2.60","2.43","2.43","+","0.03","2.46","25","2.48","25","31.45",
="088457","宏達電元富51購07","38,000","16","526,600","14.40","14.60","13.10","13.50","+","0.10","7.40","2","15.10","1","66.50",
="088458","奇鋐元富51購06","0","0","0","--","--","--","--"," ","0.00","3.44","25","3.51","25","1,015.00",
="088459","欣興元富52購04","36,000","5","68,810","1.83","2.13","1.83","1.98","-","0.04","1.95","25","1.97","25","150.00",
="08845P","智邦凱基4B售06","0","0","0","--","--","--","--"," ","0.00","0.11","100","0.12","50","0.00",
="088460","景碩元富51購03","120,000","8","238,420","1.84","2.04","1.84","1.90","-","0.16","1.85","5","1.88","25","113.50",
="088461","景碩元富51購04","85,000","9","167,400","1.91","2.12","1.91","1.96","+","0.03","1.76","25","1.80","25","113.50",
="088462","緯創元富51購02","0","0","0","--","--","--","--"," ","0.00","0.66","25","0.68","25","115.00",
="088463","緯創元富51購03","0","0","0","--","--","--","--"," ","0.00","8.05","25","8.20","25","115.00",
="088464","聯鈞元富51購04","43,000","1","57,620","1.34","1.34","1.34","1.34","-","0.05","1.20","25","1.21","25","202.00",
="088465","聯鈞元富54購02","15,000","2","39,250","2.61","2.63","2.61","2.63","-","0.19","2.39","25","2.41","25","202.00",
="088466","聯鈞元富57購01","12,000","2","19,600","1.64","1.64","1.60","1.60","-","0.13","1.51","25","1.52","25","202.00",
="088467","世芯元富51購14","0","0","0","--","--","--","--"," ","0.00","2.19","25","2.21","25","4,000.00",
="088468","世芯元富57購03","21,000","2","43,410","2.07","2.07","2.01","2.01","-","0.03","1.98","25","1.99","25","4,000.00",
="088469","聯茂元富51購01","0","0","0","--","--","--","--"," ","0.00","--","0","--","0","125.00",
="08846P","聯發科凱基4B售02","0","0","0","--","--","--","--"," ","0.00","0.06","10","0.16","10","0.00",
="088470","南電元富51購02","13,000","4","63,270","4.51","5.30","4.51","5.30","+","1.48","5.25","2","5.60","8","226.00",
="088471","南電元富51購03","2,856,000","64","14,731,050","4.01","6.80","4.01","5.35","+","1.35","5.40","5","6.80","3","226.00",
="088472","南電國票53購01","144,000","4","385,000","2.59","3.15","2.59","3.15","X","0.00","3.21","25","--","0","226.00",
="088473","南電國票54購01","39,000","5","140,580","3.04","3.79","3.04","3.79","+","1.08","3.79","25","--","0","226.00",
="088474","台達電國泰54購01","8,000","1","32,000","4.00","4.00","4.00","4.00","-","0.17","3.95","10","--","0","709.00",
="088475","華通國泰52購01","31,000","9","116,860","3.66","4.15","3.53","3.87","+","0.30","3.80","499","3.84","100","79.30",
="088476","聯發科國泰56購03","0","0","0","--","--","--","--"," ","0.00","0.94","499","0.96","499","1,385.00",
="088477","景碩國泰52購02","22,000","1","45,100","2.05","2.05","2.05","2.05","-","0.04","1.95","499","1.98","250","113.50",
="088478","聯鈞國泰52購02","0","0","0","--","--","--","--"," ","0.00","1.55","499","1.57","100","202.00",
="088479","祥碩國泰52購02","30,000","2","14,800","0.50","0.50","0.49","0.49","-","0.03","0.50","499","0.51","100","1,665.00",
="08847P","奇鋐凱基4B售04","0","0","0","--","--","--","--"," ","0.00","--","0","0.02","50","0.00",
="088480","瀚宇博國泰52購01","0","0","0","--","--","--","--"," ","0.00","3.91","499","3.94","100","81.70",
="088481","洋基國泰52購01","12,000","2","52,250","4.36","4.36","4.29","4.29","-","0.35","4.04","499","4.07","100","476.00",
="088482","台積電台新51購02","0","0","0","--","--","--","--"," ","0.00","6.70","10","6.75","10","0.00",
="088483","德律台新51購01","0","0","0","--","--","--","--"," ","0.00","16.00","10","16.30","10","0.00",
="088484","聯茂台新51購01","0","0","0","--","--","--","--"," ","0.00","5.60","20","6.10","10","0.00",
="088485","南電台新51購02","25,000","2","79,760","3.12","3.20","3.12","3.20","+","0.50","4.34","20","--","0","0.00",
="088486","T50反1元大54購02","0","0","0","--","--","--","--"," ","0.00","0.64","100","0.65","10","19.79",
="088487","T50反1元大55購01","0","0","0","--","--","--","--"," ","0.00","0.33","100","0.34","10","19.79",
="088488","華城元大51購15","178,000","12","291,560","1.71","1.71","1.60","1.68","+","0.05","1.56","450","1.58","10","618.00",
="088489","華城元大54購05","0","0","0","--","--","--","--"," ","0.00","1.18","499","1.19","10","618.00",
="08848P","創意凱基4B售05","0","0","0","--","--","--","--"," ","0.00","0.02","100","0.12","10","0.00",
="088490","台達電元大51購11","65,000","10","247,680","3.77","3.92","3.71","3.92","-","0.07","3.75","25","3.81","10","709.00",
="088491","台達電元大55購01","250,000","21","771,890","3.09","3.15","3.04","3.15","-","0.03","3.08","25","3.09","10","709.00",
="088492","楠梓電元大51購02","50,000","3","407,500","7.80","8.85","7.80","8.85","+","1.55","8.70","25","10.40","10","109.50",
="088493","台積電元大57購04","0","0","0","--","--","--","--"," ","0.00","0.90","8","--","0","1,160.00",
="088494","台積電元大57購05","0","0","0","--","--","--","--"," ","0.00","--","0","--","0","1,160.00",
="088495","智邦元大54購04","332,000","12","822,480","2.49","2.55","2.42","2.55","+","0.01","2.47","300","2.48","10","984.00",
="088496","矽統元大51購04","617,000","23","787,120","1.26","1.30","1.20","1.26","-","0.02","1.26","499","1.27","10","55.10",
="088497","矽統元大51購05","272,000","5","395,700","1.41","1.47","1.41","1.47","-","0.01","1.44","499","1.45","10","55.10",
="088498","金像電元大51購12","330,000","25","1,406,530","4.26","4.52","4.12","4.52","+","0.28","4.55","200","4.57","10","486.00",
="088499","台光電元大54購07","59,000","16","83,380","1.51","1.51","1.38","1.48","-","0.02","1.35","1","--","0","1,250.00",
="08849P","聯鈞凱基4B售03","0","0","0","--","--","--","--"," ","0.00","0.42","100","0.43","30","0.00",
="088500","全新元大51購01","243,000","14","226,020","0.97","0.99","0.90","0.90","-","0.12","0.87","499","0.89","10","153.50",
="088501","宏達電元大51購08","0","0","0","--","--","--","--"," ","0.00","7.65","25","--","0","66.50",
="088502","奇鋐元大51購26","0","0","0","--","--","--","--"," ","0.00","6.55","100","6.70","10","1,015.00",
="088503","奇鋐元大51購27","169,000","3","246,170","1.46","1.46","1.37","1.37","-","0.18","1.36","499","1.40","10","1,015.00",
="088504","奇鋐元大54購10","89,000","10","235,920","2.73","2.73","2.47","2.51","-","0.37","2.51","250","2.57","10","1,015.00",
="088505","智原元大51購14","849,000","10","376,240","0.43","0.45","0.43","0.44","+","0.01","0.43","499","0.44","10","158.00",
="088506","欣興元大51購09","415,000","6","306,310","0.69","0.76","0.69","0.76","+","0.01","0.71","499","0.73","10","150.00",
="088507","欣興元大51購10","593,000","8","468,820","0.77","0.84","0.77","0.84"," ","0.00","0.79","499","0.81","10","150.00",
="088508","欣興元大54購04","5,000","3","4,150","0.81","0.85","0.81","0.85","+","0.01","0.83","499","0.85","10","150.00",
="088509","景碩元大51購06","48,000","2","38,160","0.77","0.82","0.77","0.82","-","0.03","0.77","513","0.81","10","113.50",
="08850P","緯穎凱基4B售08","0","0","0","--","--","--","--"," ","0.00","0.01","10","0.11","10","0.00",
="088510","景碩元大51購07","238,000","8","209,510","0.84","0.92","0.82","0.92"," ","0.00","0.84","499","0.87","10","113.50",
="088511","景碩元大51購08","126,000","9","106,390","0.82","0.97","0.81","0.88","+","0.01","0.82","499","0.85","10","113.50",
="088512","景碩元大54購01","71,000","3","60,040","0.84","0.86","0.84","0.86","-","0.01","0.81","509","0.84","10","113.50",
="088513","景碩元大55購01","0","0","0","--","--","--","--"," ","0.00","0.78","499","0.81","10","113.50",
="088514","緯創元大51購11","1,174,000","18","567,870","0.49","0.50","0.47","0.50","+","0.01","0.49","504","0.51","10","115.00",
="088515","聯鈞元大51購07","297,000","11","331,640","1.21","1.21","1.08","1.08","-","0.20","1.06","509","1.07","10","202.00",
="088516","聯鈞元大56購01","11,000","2","14,800","1.35","1.35","1.30","1.30","-","0.09","1.23","499","1.24","10","202.00",
="088517","聯鈞元大57購01","371,000","11","430,270","1.24","1.24","1.12","1.13","-","0.17","1.11","499","1.12","10","202.00",
="088518","世芯元大51購44","0","0","0","--","--","--","--"," ","0.00","1.78","400","1.81","10","4,000.00",
="088519","世芯元大51購45","40,000","4","57,000","1.43","1.43","1.42","1.42","-","0.04","1.36","499","1.39","10","4,000.00",
="08851P","T50正2元大4B售05","0","0","0","--","--","--","--"," ","0.00","0.19","100","0.20","10","0.00",
="088520","世芯元大54購10","130,000","2","134,400","1.04","1.04","1.03","1.03","+","0.03","1.02","499","1.04","10","4,000.00",
="088521","神達元大54購03","121,000","11","329,540","2.65","2.81","2.64","2.70","+","0.52","2.73","300","2.75","10","95.90",
="088522","材料元大54購03","253,000","8","159,720","0.61","0.64","0.61","0.64","+","0.04","0.60","499","0.61","10","67.70",
="088523","亞翔元大54購03","30,000","3","53,600","1.80","1.80","1.77","1.77","-","0.10","1.74","400","1.75","10","349.50",
="088524","亞翔元大57購01","0","0","0","--","--","--","--"," ","0.00","1.05","499","1.06","10","349.50",
="088525","精成科元大51購12","60,000","4","161,050","2.66","2.69","2.65","2.65","+","0.75","2.84","5","--","0","131.00",
="088526","飛捷元大51購05","209,000","2","85,690","0.41","0.41","0.41","0.41","-","0.01","0.40","499","0.41","10","112.50",
="088527","聯茂元大51購05","10,000","1","43,300","4.33","4.33","4.33","4.33","-","0.27","4.23","25","4.33","10","125.00",
="088528","洋基元大51購04","85,000","5","227,390","2.79","2.79","2.59","2.59","-","0.33","2.40","250","2.41","10","476.00",
="088529","南電元大51購10","226,000","17","441,150","1.90","2.23","0.45","2.23","+","0.35","2.25","5","--","0","226.00",
="08852P","中砂元大4B售03","0","0","0","--","--","--","--"," ","0.00","0.10","499","0.11","200","0.00",
="088530","南電元大51購11","170,000","21","337,080","1.77","2.30","1.77","2.30","+","0.66","2.30","14","2.58","1","226.00",
="088531","世紀鋼元大51購07","268,000","9","207,660","0.80","0.80","0.77","0.77","-","0.04","0.74","499","0.75","10","188.00",
="088532","滬深2X群益53購05","0","0","0","--","--","--","--"," ","0.00","2.20","1","--","0","18.32",
="088533","滬深2X群益53購06","0","0","0","--","--","--","--"," ","0.00","0.17","6","--","0","18.32",
="088534","中興電群益51購03","121,000","3","244,420","2.02","2.02","2.02","2.02","X","0.00","2.04","100","2.08","100","167.00",
="088535","台達電群益51購08","1,000","1","6,400","6.40","6.40","6.40","6.40","-","0.15","2.98","3","--","0","709.00",
="088536","台積電群益57購04","0","0","0","--","--","--","--"," ","0.00","0.25","10","--","0","1,160.00",
="088537","光罩群益51購01","36,000","6","105,740","2.93","2.99","2.90","2.90","-","0.30","2.88","11","2.93","10","41.45",
="088538","光罩群益54購01","91,000","12","241,260","2.71","2.72","2.57","2.59","-","0.28","2.59","10","2.69","10","41.45",
="088539","大同群益51購01","3,000","2","4,710","1.57","1.57","1.57","1.57","X","0.00","0.41","30","--","0","40.75",
="08853P","鴻海元大4B售13","0","0","0","--","--","--","--"," ","0.00","0.08","499","0.09","200","0.00",
="088540","大同群益51購02","20,000","4","28,750","1.40","1.48","1.40","1.46","X","0.00","1.38","15","--","0","40.75",
="088541","亞力統一54購01","13,000","1","2,600","0.20","0.20","0.20","0.20","X","0.00","0.20","10","0.21","10","110.50",
="088542","南亞科群益51購10","14,000","3","46,110","3.29","3.35","3.16","3.16","-","0.29","3.14","100","3.18","100","46.65",
="088545","聯發科群益54購05","11,000","2","30,920","2.86","2.86","2.80","2.80","-","0.18","0.91","10","--","0","1,385.00",
="088546","欣興群益52購04","549,000","33","678,810","1.10","1.31","1.10","1.26","-","0.03","1.21","100","1.23","100","150.00",
="088547","聯鈞群益51購02","77,000","6","82,410","1.10","1.10","1.01","1.01","-","0.13","0.41","24","--","0","202.00",
="088548","世芯群益51購16","0","0","0","--","--","--","--"," ","0.00","6.55","10","7.05","10","4,000.00",
="088549","亞翔群益51購05","19,000","3","74,340","4.00","4.00","3.62","3.62","-","0.36","3.45","10","3.55","10","349.50",
="08854P","台積電元大4B售23","0","0","0","--","--","--","--"," ","0.00","--","0","--","0","0.00",
="088550","富世達群益54購02","2,000","1","11,000","5.50","5.50","5.50","5.50","-","0.25","5.65","100","6.00","100","1,145.00",
="088551","南電群益51購03","780,000","24","3,393,070","3.93","5.10","3.93","5.10","+","1.84","5.15","2","--","0","226.00",
="088552","臺股指群益55購10","0","0","0","--","--","--","--"," ","0.00","4.23","499","4.24","499","0.00",
="088553","台達電統一57購03","66,000","2","95,750","1.45","1.46","1.45","1.46","-","0.02","1.45","10","1.46","10","709.00",
="088555","台達電統一57購04","129,000","5","224,840","1.74","1.75","1.74","1.75","-","0.09","1.73","66","1.74","66","709.00",
="088556","台達電統一61購01","453,000","14","687,770","1.53","1.53","1.49","1.51","-","0.05","1.51","10","1.52","10","709.00",
="088557","國巨統一59購01","79,000","7","80,450","1.02","1.03","0.99","0.99","-","0.01","0.99","10","1.00","10","137.00",
="088558","矽統統一56購02","34,000","2","30,090","0.87","0.90","0.87","0.90","+","0.02","0.88","10","0.89","10","55.10",
="088559","燿華統一57購01","392,000","27","412,630","1.04","1.08","1.03","1.05","+","0.02","1.05","10","1.06","10","31.45",
="08855P","英業達元大4B售01","0","0","0","--","--","--","--"," ","0.00","0.54","499","0.55","200","0.00",
="088560","技嘉統一59購01","19,000","1","14,060","0.74","0.74","0.74","0.74","-","0.01","0.73","10","0.74","10","281.00",
="088561","微星統一59購01","361,000","5","182,410","0.50","0.51","0.50","0.51"," ","0.00","0.50","109","0.51","10","136.50",
="088562","台光電統一57購01","365,000","13","430,940","1.20","1.20","1.17","1.17","-","0.06","1.19","10","1.20","10","1,250.00",
="088563","威盛統一57購02","0","0","0","--","--","--","--"," ","0.00","0.47","10","0.48","10","62.00",
="088564","威盛統一59購01","0","0","0","--","--","--","--"," ","0.00","0.59","10","0.60","10","62.00",
="088565","威盛統一61購01","32,000","3","21,930","0.69","0.69","0.67","0.67"," ","0.00","0.67","10","0.68","10","62.00",
="088566","毅嘉統一57購01","115,000","4","172,520","1.50","1.55","1.47","1.55","-","0.10","1.50","10","1.51","10","60.80",
="088567","毅嘉統一59購01","5,000","3","5,590","1.12","1.12","1.11","1.11","+","0.01","1.10","10","1.11","10","60.80",
="088568","毅嘉統一59購02","13,000","1","14,690","1.13","1.13","1.13","1.13","-","0.05","1.13","10","1.14","10","60.80",
="088569","京元電統一61購01","192,000","7","158,780","0.81","0.84","0.81","0.83","+","0.03","0.82","20","0.83","10","142.00",
="08856P","聯發科元大4B售16","0","0","0","--","--","--","--"," ","0.00","--","0","--","0","0.00",
="088570","聯發科統一59購01","0","0","0","--","--","--","--"," ","0.00","0.53","10","0.54","10","1,385.00",
="088571","宏達電統一59購02","781,000","34","1,375,520","1.79","1.82","1.64","1.70","+","0.06","1.73","10","1.74","10","66.50",
="088572","雄獅統一57購02","55,000","1","26,950","0.49","0.49","0.49","0.49","+","0.02","0.50","10","0.51","10","159.00",
="088573","晟銘電統一5A購01","189,000","7","113,740","0.60","0.62","0.57","0.57"," ","0.00","0.55","10","0.56","10","133.00",
="088574","奇鋐統一56購02","2,000","1","1,860","0.93","0.93","0.93","0.93","-","0.01","0.88","68","0.89","68","1,015.00",
="088575","奇鋐統一61購01","259,000","10","189,340","0.77","0.77","0.72","0.72","-","0.07","0.73","10","0.75","10","1,015.00",
="088576","欣興統一53購02","927,000","23","903,610","0.95","1.01","0.91","0.99","+","0.02","0.96","10","0.97","10","150.00",
="088577","欣興統一59購01","265,000","12","226,440","0.85","0.88","0.81","0.85","-","0.03","0.85","10","0.86","10","150.00",
="088578","欣興統一63購01","72,000","8","44,560","0.60","0.63","0.60","0.62"," ","0.00","0.61","10","0.62","10","150.00",
="088579","日電貿統一57購01","0","0","0","--","--","--","--"," ","0.00","0.41","10","0.42","10","70.50",
="08857P","一詮元大4B售02","0","0","0","--","--","--","--"," ","0.00","0.42","499","0.43","200","0.00",
="088580","日電貿統一57購02","0","0","0","--","--","--","--"," ","0.00","0.40","10","0.41","10","70.50",
="088581","日電貿統一59購01","0","0","0","--","--","--","--"," ","0.00","0.40","10","0.41","10","70.50",
="088582","景碩統一61購01","297,000","8","182,600","0.59","0.64","0.58","0.60","-","0.02","0.59","10","0.60","10","113.50",
="088583","聯鈞統一67購01","2,000","1","1,340","0.67","0.67","0.67","0.67","-","0.03","0.66","10","0.67","10","202.00",
="088584","世芯統一67購02","10,000","1","18,200","1.82","1.82","1.82","1.82","+","0.05","1.79","10","1.80","10","4,000.00",
="088585","佳必琪統一56購01","346,000","16","396,100","1.13","1.17","1.10","1.10","-","0.01","1.09","108","1.10","108","178.50",
="088586","聯茂統一59購01","9,000","1","10,260","1.14","1.14","1.14","1.14","X","0.00","1.12","10","1.14","10","125.00",
="088587","台郡統一55購02","131,000","7","103,810","0.79","0.80","0.77","0.77","-","0.01","0.77","10","0.78","10","68.00",
="088588","連加統一59購01","0","0","0","--","--","--","--"," ","0.00","0.51","10","0.52","10","615.00",
="088589","東哥統一57購03","1,000","1","580","0.58","0.58","0.58","0.58","-","0.03","0.58","10","0.59","10","198.00",
="08858P","國泰金元大4B售03","0","0","0","--","--","--","--"," ","0.00","0.23","499","0.24","200","0.00",
="088590","世紀鋼統一57購02","0","0","0","--","--","--","--"," ","0.00","0.45","10","0.46","10","188.00",
="088591","T50反1凱基56購02","0","0","0","--","--","--","--"," ","0.00","0.38","100","0.39","10","19.79",
="088592","聚陽凱基51購01","48,000","2","73,440","1.53","1.53","1.53","1.53","X","0.00","1.51","10","1.52","10","265.00",
="088593","川湖凱基51購05","50,000","6","255,400","5.05","5.15","5.05","5.05"," ","0.00","4.99","50","5.00","10","2,925.00",
="088594","台積電凱基51購24","0","0","0","--","--","--","--"," ","0.00","1.33","100","1.34","10","1,160.00",
="088595","英業達凱基51購01","27,000","3","18,200","0.64","0.69","0.64","0.69","-","0.02","0.66","100","0.67","10","41.35",
="088596","燿華凱基53購01","72,000","15","270,450","3.68","3.83","3.64","3.66","-","0.01","3.70","28","3.72","10","31.45",
="088597","技嘉凱基51購03","0","0","0","--","--","--","--"," ","0.00","2.55","100","2.57","10","281.00",
="088598","台光電凱基54購03","0","0","0","--","--","--","--"," ","0.00","3.52","100","3.62","10","1,250.00",
="088599","京元電凱基53購01","6,000","2","13,350","2.20","2.25","2.20","2.25","+","0.06","2.18","100","2.28","10","142.00",
="08859P","亞光元大4B售06","0","0","0","--","--","--","--"," ","0.00","0.04","499","0.14","10","0.00",
="088600","宏達電凱基51購03","40,000","5","338,650","9.25","9.25","7.90","8.35","+","1.35","8.35","10","8.85","10","66.50",
="088601","長榮凱基51購14","40,000","1","24,000","0.60","0.60","0.60","0.60","+","0.01","0.56","100","0.57","10","188.00",
="088602","台新金凱基51購02","53,000","2","29,150","0.55","0.55","0.55","0.55"," ","0.00","0.56","100","0.57","10","16.35",
="088603","欣興凱基51購05","124,000","5","206,670","1.58","1.71","1.56","1.66","-","0.01","1.60","100","1.63","10","150.00",
="088604","景碩凱基51購05","346,000","13","346,060","0.96","1.13","0.89","0.95","-","0.05","0.92","100","0.94","10","113.50",
="088605","緯創凱基51購02","44,000","2","21,860","0.52","0.52","0.49","0.49","-","0.05","0.50","100","0.51","10","115.00",
="088606","聯鈞凱基51購02","89,000","10","97,500","1.17","1.17","1.02","1.02","-","0.24","1.01","100","1.02","10","202.00",
="088607","嘉澤凱基56購01","94,000","4","144,700","1.53","1.57","1.53","1.57","+","0.08","1.52","100","1.53","10","1,465.00",
="088608","世芯凱基51購18","46,000","2","82,600","1.80","1.80","1.75","1.75","-","0.03","1.66","100","1.68","10","4,000.00",
="088609","同欣電凱基51購01","199,000","12","145,870","0.73","0.78","0.66","0.66","-","0.06","0.67","100","0.69","10","112.50",
="08860P","南電元大4B售01","0","0","0","--","--","--","--"," ","0.00","--","0","0.10","10","0.00",
="088610","AES凱基55購01","132,000","15","371,080","2.63","2.88","2.63","2.86","+","0.30","2.83","100","2.88","10","1,350.00",
="088611","連加凱基51購05","20,000","2","12,800","0.65","0.65","0.63","0.63","-","0.07","0.62","100","0.63","10","615.00",
="088612","南電凱基53購02","113,000","7","309,120","2.45","2.97","2.45","2.97","X","0.00","3.01","499","--","0","226.00",
="088613","台泥元富51購01","0","0","0","--","--","--","--"," ","0.00","1.10","25","1.11","25","22.80",
="088614","台塑元富54購01","35,000","1","199,500","5.70","5.70","5.70","5.70","-","0.60","5.40","25","5.45","25","39.10",
="088615","美時元富51購01","128,000","8","159,250","1.25","1.25","1.17","1.17","-","0.11","1.17","25","1.19","25","193.50",
="088616","楠梓電元富55購01","331,000","26","2,043,900","5.85","6.75","5.75","6.40","+","0.40","6.30","25","6.45","25","109.50",
="088617","鴻海元富51購05","0","0","0","--","--","--","--"," ","0.00","18.40","25","18.80","25","206.00",
="088618","京元電元富51購02","27,000","1","69,120","2.56","2.56","2.56","2.56","-","0.20","2.74","25","2.84","10","142.00",
="088619","宏達電元富54購01","0","0","0","--","--","--","--"," ","0.00","12.50","25","13.50","25","66.50",
="08861P","臺股指富邦51售09","0","0","0","--","--","--","--"," ","0.00","0.24","499","0.25","100","0.00",
="088620","陽明元富51購02","52,000","8","288,500","5.35","5.65","5.35","5.50","+","0.25","5.10","25","5.15","25","58.80",
="088621","欣興元富59購01","39,000","2","70,130","1.77","1.88","1.77","1.88","+","0.06","1.83","25","1.84","25","150.00",
="088622","世芯元富57購04","1,000","1","1,710","1.71","1.71","1.71","1.71","X","0.00","1.68","25","1.70","25","4,000.00",
="088623","貿聯元富51購04","88,000","4","179,260","1.93","2.17","1.93","2.17","+","0.21","2.05","25","2.07","25","981.00",
="088624","和椿元富51購02","7,000","1","24,290","3.47","3.47","3.47","3.47","X","0.00","3.00","10","--","0","147.00",
="088625","和椿元富51購03","12,000","6","60,950","4.65","5.35","4.65","5.10","X","0.00","5.05","8","7.00","1","147.00",
="088626","永道元富51購01","0","0","0","--","--","--","--"," ","0.00","1.91","25","1.93","25","154.50",
="088627","永道元富52購01","10,000","1","13,300","1.33","1.33","1.33","1.33","-","0.16","1.37","25","1.38","25","154.50",
="088628","永道元富54購01","0","0","0","--","--","--","--"," ","0.00","1.47","25","1.49","25","154.50",
="088629","世紀鋼元富51購02","27,000","1","32,670","1.21","1.21","1.21","1.21","-","0.06","1.12","25","1.13","25","188.00",
="08862P","臺股指富邦51售10","0","0","0","--","--","--","--"," ","0.00","0.33","499","0.34","100","0.00",
="088630","臺股指元富56購09","428,000","18","1,083,600","2.65","2.68","2.37","2.38","-","0.43","2.41","25","2.42","25","0.00",
="088631","川湖國泰52購01","0","0","0","--","--","--","--"," ","0.00","3.64","499","3.71","100","2,925.00",
="088632","川湖國泰52購02","1,000","1","3,330","3.33","3.33","3.33","3.33"," ","0.00","3.33","499","3.39","100","2,925.00",
="088633","國巨國泰52購01","48,000","10","91,540","1.94","1.95","1.84","1.84","X","0.00","1.84","499","1.87","350","137.00",
="088634","德律國泰52購01","10,000","1","35,700","3.57","3.57","3.57","3.57","-","0.51","3.50","499","3.54","100","206.00",
="088635","鉅祥統一61購01","16,000","2","16,030","1.00","1.03","1.00","1.03","+","0.03","1.05","10","1.06","10","98.10",
="088636","達興統一57購01","403,000","19","688,860","1.67","1.78","1.65","1.73","+","0.22","1.69","10","1.70","10","387.00",
="088637","達興統一61購01","113,000","8","154,430","1.32","1.42","1.32","1.37","+","0.18","1.35","10","1.36","10","387.00",
="088638","帆宣統一63購01","1,000","1","840","0.84","0.84","0.84","0.84","-","0.01","0.85","10","0.86","10","264.00",
="088639","富世達統一61購01","49,000","1","45,570","0.93","0.93","0.93","0.93","X","0.00","0.93","10","0.95","10","1,145.00",
="08863P","聯發科永豐4C售03","22,000","1","13,420","0.61","0.61","0.61","0.61","+","0.01","0.62","499","0.64","10","0.00",
="088640","廣宇中信52購01","30,000","3","75,800","2.51","2.61","2.46","2.61","+","0.30","2.42","499","2.50","10","0.00",
="088641","宏達電中信51購02","1,489,000","128","5,499,800","3.20","3.96","3.20","3.65","+","0.30","3.63","10","3.65","8","0.00",
="088642","台新金中信51購01","0","0","0","--","--","--","--"," ","0.00","0.25","499","0.26","10","0.00",
="088643","台灣50永豐53購05","0","0","0","--","--","--","--"," ","0.00","1.33","10","1.34","10","52.50",
="088644","台塑永豐51購03","0","0","0","--","--","--","--"," ","0.00","1.01","10","1.06","10","39.10",
="088645","南亞永豐52購02","0","0","0","--","--","--","--"," ","0.00","4.62","499","4.67","10","43.00",
="088646","國巨永豐51購03","0","0","0","--","--","--","--"," ","0.00","1.20","10","1.22","10","137.00",
="088647","台積電永豐67購01","18,000","3","30,780","1.72","1.72","1.70","1.70","-","0.07","1.65","10","1.75","10","1,160.00",
="088648","智邦永豐51購05","0","0","0","--","--","--","--"," ","0.00","2.26","499","2.29","10","984.00",
="088649","順德永豐51購01","10,000","3","24,360","2.44","2.44","2.43","2.43","-","0.13","2.46","499","2.49","10","88.20",
="08864P","神達群益52售02","36,000","2","1,800","0.05","0.05","0.05","0.05","-","0.01","0.04","122","0.14","10","0.00",
="088650","微星永豐52購01","0","0","0","--","--","--","--"," ","0.00","0.60","499","0.64","10","136.50",
="088651","漢唐永豐52購03","20,000","1","98,800","4.94","4.94","4.94","4.94","X","0.00","5.05","20","5.35","10","1,190.00",
="088652","友達永豐51購01","376,000","13","301,330","0.76","0.82","0.76","0.81","+","0.05","0.79","499","0.82","10","13.05",
="088653","建準永豐52購01","0","0","0","--","--","--","--"," ","0.00","1.04","499","1.09","10","137.00",
="088654","宏達電永豐52購01","48,000","12","314,700","6.65","6.65","6.00","6.00","+","0.15","3.26","15","--","0","66.50",
="088655","奇鋐永豐57購03","69,000","4","106,260","1.54","1.54","1.54","1.54","-","0.21","1.57","10","1.59","10","1,015.00",
="088656","帆宣永豐52購02","39,000","1","80,730","2.07","2.07","2.07","2.07","+","0.08","1.98","499","2.08","10","264.00",
="088657","采鈺永豐51購01","256,000","13","333,210","1.30","1.38","1.24","1.32","+","0.17","1.31","10","1.32","10","264.00",
="088658","昇陽半永豐51購03","10,000","1","13,700","1.37","1.37","1.37","1.37","X","0.00","1.39","72","1.43","10","152.50",
="088659","台達電兆豐51購02","36,000","3","165,520","4.62","4.62","4.57","4.57","+","0.32","4.41","5","--","0","709.00",
="08865P","台光電統一4C售05","0","0","0","--","--","--","--"," ","0.00","0.02","10","0.05","10","0.00",
="088660","致茂兆豐52購01","28,000","4","58,520","2.09","2.09","2.09","2.09","-","0.05","2.16","10","2.17","10","556.00",
="088661","文曄兆豐53購01","55,000","4","26,160","0.46","0.48","0.46","0.48","+","0.02","0.44","10","0.45","10","123.00",
="088662","景碩兆豐51購01","169,000","9","193,330","1.08","1.29","1.08","1.12","-","0.10","1.10","10","1.11","10","113.50",
="088663","世芯兆豐53購03","35,000","4","45,240","1.31","1.31","1.26","1.28","+","0.04","0.60","16","--","0","4,000.00",
="088664","順德富邦52購01","105,000","4","174,030","1.68","1.73","1.64","1.73","-","0.06","1.73","10","1.74","10","0.00",
="088665","技嘉富邦53購01","81,000","8","141,020","1.75","1.75","1.72","1.72","-","0.10","1.72","30","1.73","10","0.00",
="088666","宏達電富邦53購02","407,000","89","1,546,820","3.98","4.01","3.40","3.72","-","0.28","3.57","30","3.61","10","0.00",
="088667","德律富邦52購01","49,000","11","116,790","2.35","2.43","2.34","2.37","-","0.38","2.36","10","2.37","10","0.00",
="088668","健鼎富邦51購01","4,000","1","8,800","2.20","2.20","2.20","2.20","-","0.11","2.09","30","2.15","10","0.00",
="088669","日電貿富邦53購01","190,000","2","89,300","0.47","0.47","0.47","0.47","-","0.02","0.48","30","0.49","10","0.00",
="08866P","台積電元富4B售23","0","0","0","--","--","--","--"," ","0.00","0.07","25","0.10","10","0.00",
="088670","景碩富邦53購01","406,000","20","490,110","1.14","1.26","1.12","1.22","+","0.03","1.14","10","1.15","10","0.00",
="088671","景碩富邦53購02","134,000","7","171,210","1.26","1.32","1.26","1.32","+","0.05","1.23","10","1.24","10","0.00",
="088672","景碩富邦54購01","373,000","27","397,370","1.03","1.13","0.99","1.11","+","0.02","1.03","10","1.04","10","0.00",
="088673","保瑞富邦54購01","34,000","3","22,780","0.67","0.67","0.67","0.67"," ","0.00","0.64","10","0.65","10","0.00",
="088674","富世達富邦54購01","10,000","1","18,200","1.82","1.82","1.82","1.82","X","0.00","1.79","10","1.84","10","0.00",
="088675","寶成富邦53購01","1,456,000","33","1,194,970","0.79","0.83","0.78","0.81","+","0.02","0.80","210","0.81","10","0.00",
="088676","楠梓電國票52購01","6,000","5","86,100","13.70","15.80","13.60","15.80","+","2.20","15.00","25","15.80","10","109.50",
="088677","楠梓電國票52購02","0","0","0","--","--","--","--"," ","0.00","14.40","25","15.40","10","109.50",
="088678","漢唐國票52購03","1,000","1","17,000","17.00","17.00","17.00","17.00","-","0.30","17.20","25","17.60","10","1,190.00",
="088679","亞翔國票54購01","0","0","0","--","--","--","--"," ","0.00","2.65","25","2.66","10","349.50",
="08867P","台積電元富4B售24","0","0","0","--","--","--","--"," ","0.00","0.19","25","0.20","25","0.00",
="088680","迅得國票53購02","128,000","17","346,150","2.66","2.77","2.57","2.65","+","0.08","2.66","25","2.70","10","193.50",
="088681","世紀鋼國票53購01","8,000","1","11,520","1.44","1.44","1.44","1.44","X","0.00","1.36","25","1.37","10","188.00",
="088682","電子類國票51購01","100,000","1","240,000","2.40","2.40","2.40","2.40","-","0.12","2.32","499","2.33","499","0.00",
="088683","電子類國票51購02","0","0","0","--","--","--","--"," ","0.00","2.71","499","2.72","499","0.00",
="088684","電子類國票51購03","100,000","1","293,000","2.93","2.93","2.93","2.93","-","0.42","2.90","499","2.91","499","0.00",
="088685","金融類國票51購02","0","0","0","--","--","--","--"," ","0.00","1.62","499","1.63","499","0.00",
="088686","T50反1凱基54購05","0","0","0","--","--","--","--"," ","0.00","0.43","100","0.44","10","19.79",
="088687","台塑凱基51購04","0","0","0","--","--","--","--"," ","0.00","0.61","100","0.71","10","39.10",
="088688","遠東新凱基51購01","195,000","7","174,490","0.90","0.90","0.86","0.86","-","0.10","0.85","10","0.86","10","27.15",
="088689","川湖凱基51購06","1,000","1","4,210","4.21","4.21","4.21","4.21","X","0.00","4.19","100","4.25","10","2,925.00",
="08868P","金像電國票4C售02","0","0","0","--","--","--","--"," ","0.00","0.01","25","0.05","10","0.00",
="088690","台達電凱基55購01","88,000","7","276,850","3.20","3.20","3.13","3.19","-","0.12","3.13","100","3.23","10","709.00",
="088691","鴻海凱基51購11","0","0","0","--","--","--","--"," ","0.00","2.80","100","2.82","10","206.00",
="088692","台積電凱基53購19","0","0","0","--","--","--","--"," ","0.00","1.18","100","1.19","10","1,160.00",
="088693","矽統凱基51購04","15,000","2","38,220","2.50","2.62","2.50","2.62"," ","0.00","2.56","10","2.59","10","55.10",
="088694","建準凱基57購01","110,000","8","216,240","1.97","2.00","1.92","1.97","+","0.01","1.97","10","1.99","10","137.00",
="088695","京元電凱基51購02","1,000","1","2,390","2.39","2.39","2.39","2.39","+","0.21","2.33","100","2.39","9","142.00",
="088696","聯發科凱基55購02","0","0","0","--","--","--","--"," ","0.00","1.04","100","1.05","10","1,385.00",
="088697","長榮凱基55購02","11,000","3","13,800","1.26","1.28","1.18","1.18","X","0.00","1.15","100","1.17","10","188.00",
="088698","奇鋐凱基51購10","40,000","1","122,800","3.07","3.07","3.07","3.07","X","0.00","2.83","100","2.93","10","1,015.00",
="088699","德律凱基51購03","164,000","15","526,430","3.15","3.34","3.07","3.15","-","0.27","1.32","37","--","0","206.00",
="08869P","美律國票4C售01","0","0","0","--","--","--","--"," ","0.00","0.65","25","0.66","10","0.00",
="088700","欣興凱基54購01","114,000","10","213,710","1.77","1.94","1.77","1.85","-","0.07","1.83","100","1.85","10","150.00",
="088701","景碩凱基51購07","1,421,000","40","1,907,040","1.17","1.48","1.17","1.20","-","0.10","1.19","100","1.22","10","113.50",
="088702","聯鈞凱基56購01","74,000","6","150,120","2.13","2.13","2.00","2.00","-","0.28","1.96","100","1.98","10","202.00",
="088703","世芯凱基53購04","0","0","0","--","--","--","--"," ","0.00","1.82","100","1.84","10","4,000.00",
="088704","神達凱基53購02","1,000","1","5,450","5.45","5.45","5.45","5.45","+","0.70","5.50","100","6.00","10","95.90",
="088705","達興凱基53購01","140,000","23","769,550","5.45","6.20","5.20","6.10","+","0.90","3.03","6","5.70","10","387.00",
="088706","飛捷凱基51購04","18,000","2","11,970","0.66","0.67","0.66","0.67","-","0.01","0.66","100","0.68","10","112.50",
="088707","穎崴凱基51購03","26,000","3","28,660","1.19","1.24","1.02","1.24","+","0.03","1.20","100","1.30","10","1,250.00",
="088708","富世達凱基51購04","7,000","1","42,000","6.00","6.00","6.00","6.00","X","0.00","5.95","100","6.15","10","1,145.00",
="088709","台虹凱基51購01","30,000","5","47,760","1.65","1.65","1.54","1.58","-","0.01","1.57","10","1.58","7","51.80",
="08870P","亞航國票4C售02","129,000","17","30,150","0.21","0.25","0.21","0.25"," ","0.00","0.24","25","0.25","10","0.00",
="088710","SP黃豆元大51購01","119,000","8","132,880","1.13","1.13","1.11","1.12","-","0.04","1.11","260","1.12","70","20.50",
="088711","FB越南元大51購02","0","0","0","--","--","--","--"," ","0.00","2.98","499","3.05","10","16.09",
="088712","FB越南元大53購02","8,000","5","15,360","1.92","1.92","1.92","1.92","-","0.02","1.90","499","1.91","50","16.09",
="088713","FB越南元大54購01","513,000","8","938,130","1.83","1.84","1.75","1.76","-","0.05","1.76","100","1.78","50","16.09",
="088714","美時元大51購04","645,000","9","389,880","0.62","0.62","0.59","0.59","-","0.04","0.58","499","0.59","10","193.50",
="088715","光寶科元大51購04","162,000","4","182,820","1.15","1.15","1.10","1.10","-","0.10","1.08","25","1.11","10","130.00",
="088716","鴻海元大51購32","201,000","5","403,040","1.99","2.04","1.99","2.02","-","0.10","2.01","350","2.03","10","206.00",
="088717","華邦電元大51購07","27,000","4","67,790","2.49","2.57","2.49","2.57","-","0.02","2.46","300","2.50","10","19.60",
="088718","華碩元大51購05","645,000","6","617,910","0.96","0.97","0.95","0.95","-","0.03","0.94","25","0.97","10","634.00",
="088719","致茂元大51購03","30,000","3","153,000","5.10","5.10","5.10","5.10","-","0.10","5.30","150","5.40","10","556.00",
="08871P","神基國票4C售01","0","0","0","--","--","--","--"," ","0.00","0.04","25","0.05","10","0.00",
="088720","致茂元大51購04","13,000","2","72,150","5.55","5.55","5.55","5.55","-","0.20","5.60","150","5.75","10","556.00",
="088721","漢唐元大51購07","73,000","9","1,215,500","17.10","17.10","15.80","16.60","-","1.50","17.10","10","17.50","10","1,190.00",
="088722","長榮元大51購30","451,000","11","642,790","1.42","1.45","1.35","1.35"," ","0.00","1.31","499","1.34","10","188.00",
="088723","王品元大51購03","432,000","4","177,120","0.41","0.41","0.41","0.41","-","0.01","0.41","499","0.42","10","219.00",
="088724","大立光元大51購14","473,000","11","567,110","1.24","1.24","1.18","1.20","-","0.02","1.19","25","1.20","10","2,395.00",
="088725","大立光元大54購01","20,000","2","20,700","1.04","1.04","1.03","1.03","-","0.03","1.00","25","1.01","10","2,395.00",
="088726","零壹元大51購01","143,000","12","283,820","2.04","2.04","1.88","1.88","X","0.00","1.85","470","1.89","10","126.50",
="088727","欣興元大51購11","73,000","6","77,120","1.05","1.07","1.02","1.05","-","0.07","1.07","499","1.10","10","150.00",
="088728","欣興元大54購05","290,000","8","343,960","1.19","1.22","1.15","1.22","-","0.04","1.21","499","1.24","10","150.00",
="088729","景碩元大51購09","4,000","1","3,520","0.88","0.88","0.88","0.88","-","0.07","0.90","499","0.94","10","113.50",
="08872P","德律國票4C售02","0","0","0","--","--","--","--"," ","0.00","0.03","25","0.05","10","0.00",
="088730","景碩元大51購10","41,000","3","37,310","0.89","0.93","0.89","0.91","-","0.07","0.91","499","0.95","10","113.50",
="088731","玉晶光元大51購09","114,000","10","104,710","0.92","0.98","0.91","0.95"," ","0.00","0.93","499","0.94","10","461.50",
="088732","京鼎元大51購01","391,000","8","393,680","1.03","1.03","0.98","1.03","-","0.03","1.03","499","1.05","10","290.00",
="088733","群創元大54購01","1,030,000","21","2,003,580","1.66","2.03","1.66","2.03","+","0.47","2.02","2","2.03","10","14.15",
="088734","牧德元大51購05","354,000","26","751,440","2.05","2.32","2.04","2.32","+","0.31","2.28","400","2.31","10","594.00",
="088735","辛耘元大51購03","105,000","12","256,850","2.32","2.59","2.29","2.59","+","0.27","2.57","300","2.59","10","393.50",
="088736","宏致元大51購02","22,000","3","75,080","3.49","3.64","3.29","3.29","-","0.19","3.28","200","3.30","10","73.90",
="088737","臻鼎元大51購04","0","0","0","--","--","--","--"," ","0.00","9.00","100","--","0","194.00",
="088738","帆宣元大51購05","0","0","0","--","--","--","--"," ","0.00","2.31","25","2.34","10","264.00",
="088739","台郡元大51購02","18,000","3","40,610","2.26","2.29","2.24","2.29","+","0.21","2.12","350","2.15","10","68.00",
="08873P","健鼎國票4C售01","0","0","0","--","--","--","--"," ","0.00","0.01","25","0.05","10","0.00",
="088740","保瑞元大51購04","0","0","0","--","--","--","--"," ","0.00","1.64","450","1.67","10","733.00",
="088741","愛普元大51購07","317,000","30","276,260","0.85","0.95","0.81","0.89","+","0.06","0.89","499","0.90","10","305.50",
="088742","愛普元大51購08","89,000","2","88,940","0.94","1.00","0.94","1.00","-","0.01","1.01","499","1.04","10","305.50",
="088743","洋基元大51購05","52,000","8","237,290","4.75","4.75","4.15","4.15","-","0.58","3.94","150","3.97","10","476.00",
="088744","連加元大51購08","8,000","1","7,040","0.88","0.88","0.88","0.88","X","0.00","0.85","499","0.87","10","615.00",
="088745","臺股指元大51購26","0","0","0","--","--","--","--"," ","0.00","1.83","499","1.84","10","0.00",
="088746","臺股指元大51購27","0","0","0","--","--","--","--"," ","0.00","3.03","100","3.04","10","0.00",
="088747","臺股指元大53購09","0","0","0","--","--","--","--"," ","0.00","2.59","499","2.60","10","0.00",
="088748","臺股指元大54購12","29,000","7","46,350","1.61","1.61","1.54","1.54","-","0.12","1.54","100","1.55","10","0.00",
="088749","臺股指元大56購06","0","0","0","--","--","--","--"," ","0.00","2.48","499","2.49","10","0.00",
="08874P","飛捷國票4C售01","0","0","0","--","--","--","--"," ","0.00","0.29","25","0.30","10","0.00",
="088750","富邦金台新51購02","0","0","0","--","--","--","--"," ","0.00","6.50","10","6.75","10","0.00",
="088751","欣興台新51購01","20,000","2","43,500","2.19","2.19","2.16","2.16","-","0.22","2.29","20","2.30","10","0.00",
="088752","景碩台新51購01","83,000","8","201,420","2.24","2.66","2.24","2.66","+","0.15","2.32","20","2.33","10","0.00",
="088753","鴻海統一59購02","0","0","0","--","--","--","--"," ","0.00","1.27","10","1.28","10","206.00",
="088754","台積電統一59購01","0","0","0","--","--","--","--"," ","0.00","0.70","10","0.71","10","1,160.00",
="088755","台積電統一67購04","0","0","0","--","--","--","--"," ","0.00","0.69","10","0.70","10","1,160.00",
="088756","技嘉統一53購03","563,000","10","539,450","0.95","0.97","0.94","0.97","+","0.01","0.93","10","0.94","10","281.00",
="088757","鉅祥統一53購02","818,000","35","1,182,140","1.40","1.58","1.39","1.56","+","0.17","1.51","10","1.52","10","98.10",
="088758","辛耘統一59購01","84,000","8","67,080","0.77","0.83","0.77","0.83","+","0.06","0.82","10","0.83","10","393.50",
="088759","貿聯統一58購02","364,000","9","372,350","0.99","1.12","0.99","1.10","+","0.09","1.07","10","1.08","10","981.00",
="08875P","同欣電國票4C售01","0","0","0","--","--","--","--"," ","0.00","0.38","25","0.39","10","0.00",
="088760","神達統一58購02","110,000","8","159,140","1.40","1.50","1.40","1.45","+","0.12","1.46","10","1.47","10","95.90",
="088761","訊芯統一55購02","82,000","4","79,520","0.98","0.98","0.95","0.95","-","0.10","0.93","10","0.94","10","165.00",
="088762","台虹統一57購01","78,000","3","61,220","0.79","0.79","0.78","0.78","-","0.01","0.77","10","0.78","10","51.80",
="088763","台光電中信51購04","77,000","13","110,060","1.50","1.50","1.33","1.41","-","0.10","1.40","10","1.41","10","0.00",
="088764","台光電中信52購01","0","0","0","--","--","--","--"," ","0.00","1.24","10","--","0","0.00",
="088765","奇鋐中信51購04","109,000","10","185,560","1.82","1.82","1.46","1.47","-","0.44","1.60","10","1.64","10","0.00",
="088766","台塑永豐53購02","1,000","1","1,250","1.25","1.25","1.25","1.25","X","0.00","1.23","499","1.24","10","39.10",
="088767","台化永豐52購02","74,000","2","124,320","1.68","1.68","1.68","1.68","-","0.12","1.64","15","1.65","10","29.90",
="088768","川湖永豐51購02","59,000","3","133,820","2.24","2.30","2.24","2.28","+","0.12","2.28","10","2.30","10","2,925.00",
="088769","台達電永豐51購02","0","0","0","--","--","--","--"," ","0.00","3.88","10","3.98","10","709.00",
="08876P","台表科國票4C售01","0","0","0","--","--","--","--"," ","0.00","0.22","25","0.23","10","0.00",
="088770","廣宇永豐51購04","10,000","1","26,800","2.68","2.68","2.68","2.68","+","0.15","1.53","13","--","0","60.90",
="088771","台積電永豐53購05","0","0","0","--","--","--","--"," ","0.00","0.84","499","0.94","10","1,160.00",
="088772","金像電永豐51購07","0","0","0","--","--","--","--"," ","0.00","4.22","499","4.26","10","486.00",
="088773","技嘉永豐52購05","0","0","0","--","--","--","--"," ","0.00","0.90","499","1.00","10","281.00",
="088774","台光電永豐52購08","82,000","7","100,880","1.25","1.25","1.21","1.21","-","0.09","1.21","10","1.23","10","1,250.00",
="088775","元債2X元富4A購01","0","0","0","--","--","--","--"," ","0.00","0.02","25","0.10","10","7.05",
="088776","元日2X元富4A購01","0","0","0","--","--","--","--"," ","0.00","0.03","25","0.10","10","5.97",
="088777","京元電永豐53購02","35,000","3","47,530","1.35","1.43","1.35","1.43","+","0.08","1.41","10","1.44","10","142.00",
="088778","奇鋐永豐54購01","1,461,000","21","1,794,800","1.32","1.32","1.20","1.27","-","0.14","1.20","10","1.26","10","1,015.00",
="088779","零壹永豐52購01","72,000","5","53,280","0.74","0.74","0.74","0.74","+","0.05","0.68","499","0.71","10","126.50",
="08877P","穎崴國票4C售05","0","0","0","--","--","--","--"," ","0.00","0.48","25","0.49","10","0.00",
="088780","新日興永豐52購04","105,000","9","136,310","1.09","1.57","1.09","1.41","+","0.40","1.35","10","--","0","259.00",
="088781","嘉澤永豐53購02","30,000","1","27,300","0.91","0.91","0.91","0.91","+","0.05","0.88","499","0.89","10","1,465.00",
="088782","健策永豐52購05","19,000","5","31,990","1.65","1.78","1.65","1.78","-","0.10","1.71","10","1.78","11","1,905.00",
="088783","世芯永豐51購09","25,000","3","30,900","1.26","1.26","1.20","1.20","+","0.02","1.12","10","1.15","10","4,000.00",
="088784","亞翔永豐51購03","10,000","1","13,000","1.30","1.30","1.30","1.30","-","0.01","1.14","10","1.15","10","349.50",
="088785","凌華永豐51購01","15,000","2","16,350","1.11","1.11","1.08","1.08","+","0.03","1.08","10","1.09","10","65.40",
="088786","矽力永豐52購01","12,000","3","6,790","0.57","0.57","0.53","0.53","-","0.04","0.54","499","0.55","10","317.00",
="088787","泰金寶永豐51購01","0","0","0","--","--","--","--"," ","0.00","0.59","499","0.60","10","6.01",
="088788","寶成永豐53購01","0","0","0","--","--","--","--"," ","0.00","0.79","499","0.89","10","28.70",
="088789","元上證凱基53購01","0","0","0","--","--","--","--"," ","0.00","2.87","10","2.88","50","33.51",
="08878P","鼎基國票4C售01","0","0","0","--","--","--","--"," ","0.00","0.10","200","0.40","10","0.00",
="088790","FB越南凱基51購01","0","0","0","--","--","--","--"," ","0.00","2.91","100","3.01","10","16.09",
="088791","FB越南凱基58購01","100,000","2","144,900","1.45","1.45","1.44","1.44","-","0.07","1.47","100","1.48","50","16.09",
="088792","南亞凱基51購01","0","0","0","--","--","--","--"," ","0.00","7.95","100","--","0","43.00",
="088793","美時凱基51購03","10,000","1","6,000","0.60","0.60","0.60","0.60","-","0.01","0.56","100","0.57","10","193.50",
="088794","上銀凱基51購04","62,000","3","87,280","1.36","1.46","1.36","1.46","+","0.22","1.28","100","1.30","10","215.50",
="088795","川湖凱基51購07","0","0","0","--","--","--","--"," ","0.00","3.58","100","3.60","10","2,925.00",
="088796","鴻海凱基53購06","40,000","1","186,800","4.67","4.67","4.67","4.67","-","0.28","4.67","100","4.71","10","206.00",
="088797","台積電凱基53購21","0","0","0","--","--","--","--"," ","0.00","0.58","100","0.59","10","1,160.00",
="088798","台積電凱基53購22","0","0","0","--","--","--","--"," ","0.00","0.60","100","0.61","10","1,160.00",
="088799","台積電凱基55購03","0","0","0","--","--","--","--"," ","0.00","0.82","100","0.83","10","1,160.00",
="08879P","視陽國票4C售01","0","0","0","--","--","--","--"," ","0.00","0.27","25","0.28","10","0.00",
="088800","台積電凱基67購08","0","0","0","--","--","--","--"," ","0.00","1.66","100","1.67","10","1,160.00",
="088801","華邦電凱基51購03","21,000","4","32,590","1.59","1.59","1.46","1.46","-","0.03","1.46","10","1.48","10","19.60",
="088802","佳能凱基51購02","6,000","4","30,700","5.00","5.30","5.00","5.30","X","0.00","5.15","10","5.65","10","80.80",
="088803","台光電凱基54購04","4,000","1","7,840","1.96","1.96","1.96","1.96","-","0.11","1.90","100","1.93","10","1,250.00",
="088804","正崴凱基51購02","0","0","0","--","--","--","--"," ","0.00","0.37","10","0.38","40","48.40",
="088805","建準凱基51購01","251,000","13","463,960","1.83","1.92","1.80","1.83","-","0.02","1.83","10","1.86","10","137.00",
="088806","鉅祥凱基51購01","125,000","25","566,480","4.14","4.83","4.14","4.72","+","0.55","4.67","10","4.68","10","98.10",
="088807","大立光凱基54購02","125,000","4","179,600","1.44","1.44","1.39","1.41","-","0.03","1.40","100","1.41","10","2,395.00",
="088808","亞光凱基53購01","10,000","1","26,900","2.69","2.69","2.69","2.69","+","0.15","2.55","100","2.58","10","164.00",
="088809","聯鈞凱基51購04","178,000","29","214,350","1.28","1.30","1.12","1.17","-","0.20","1.13","110","1.14","10","202.00",
="08880P","巨大國票4C售02","0","0","0","--","--","--","--"," ","0.00","1.13","25","1.15","10","0.00",
="088810","辛耘凱基51購03","257,000","11","348,170","1.33","1.45","1.32","1.43","+","0.13","1.45","100","--","0","393.50",
="088811","世芯凱基51購20","3,000","1","7,710","2.57","2.57","2.57","2.57","-","0.05","2.43","100","2.46","10","4,000.00",
="088812","神達凱基51購10","11,000","2","81,450","7.40","7.45","7.40","7.45","+","1.60","7.65","100","7.75","10","95.90",
="088813","亞翔凱基54購01","0","0","0","--","--","--","--"," ","0.00","2.12","100","2.13","10","349.50",
="088814","帆宣凱基51購02","51,000","6","228,510","4.47","4.52","4.42","4.52","+","0.32","4.33","100","4.43","10","264.00",
="088815","迅得凱基51購01","160,000","9","381,630","2.38","2.47","2.38","2.40","+","0.17","2.39","100","2.42","10","193.50",
="088816","緯穎凱基51購14","15,000","5","52,500","3.50","3.50","3.50","3.50","-","0.06","3.47","100","3.50","10","2,975.00",
="088817","來億凱基51購03","394,000","20","337,230","0.81","0.91","0.80","0.82","+","0.10","0.84","15","0.94","10","243.50",
="088818","昇陽半凱基51購02","100,000","9","214,190","2.08","2.22","2.08","2.08","+","0.04","2.12","100","2.14","10","152.50",
="088819","臺股指凱基51購24","0","0","0","--","--","--","--"," ","0.00","2.79","10","2.80","10","0.00",
="08881P","美債2X元大4C售02","0","0","0","--","--","--","--"," ","0.00","0.58","250","0.59","100","0.00",
="088820","臺股指凱基53購12","0","0","0","--","--","--","--"," ","0.00","2.48","100","2.49","10","0.00",
="088821","臺股指凱基54購12","3,000","3","6,740","2.28","2.28","2.21","2.21","-","0.15","2.19","100","2.20","10","0.00",
="088822","臺股指凱基56購08","0","0","0","--","--","--","--"," ","0.00","2.01","10","2.02","10","0.00",
="088823","智邦第一53購01","0","0","0","--","--","--","--"," ","0.00","1.57","10","1.61","10","0.00",
="088824","貿聯第一53購01","174,000","12","160,740","0.88","0.94","0.88","0.94","+","0.09","0.75","2","--","0","0.00",
="088825","川湖台新51購02","0","0","0","--","--","--","--"," ","0.00","13.00","10","13.20","10","0.00",
="088826","台積電台新51購03","0","0","0","--","--","--","--"," ","0.00","1.73","20","1.74","10","0.00",
="088827","世芯台新51購01","0","0","0","--","--","--","--"," ","0.00","7.15","10","7.30","10","0.00",
="088828","T50反1富邦52購03","0","0","0","--","--","--","--"," ","0.00","0.88","100","0.89","100","0.00",
="088829","台化富邦54購01","0","0","0","--","--","--","--"," ","0.00","1.60","10","1.61","10","0.00",
="08882P","喬山元大4B售01","1,000","1","600","0.60","0.60","0.60","0.60","X","0.00","0.59","25","0.61","10","0.00",
="088830","川湖富邦51購03","82,000","10","193,810","2.30","2.40","2.30","2.31","-","0.04","2.24","10","2.30","10","0.00",
="088831","台積電富邦51購12","22,000","3","17,500","0.80","0.80","0.79","0.79","-","0.01","0.75","42","0.76","10","0.00",
="088832","台積電富邦51購13","133,000","10","145,460","1.12","1.12","1.07","1.07","-","0.11","1.06","30","1.07","10","0.00",
="088833","華邦電富邦52購01","339,000","14","328,370","0.97","1.00","0.96","0.97","-","0.01","0.97","10","0.98","10","0.00",
="088834","正崴富邦51購01","5,000","1","1,450","0.29","0.29","0.29","0.29"," ","0.00","0.28","10","0.29","10","0.00",
="088835","漢唐富邦54購02","0","0","0","--","--","--","--"," ","0.00","2.92","10","3.02","10","0.00",
="088836","台新金富邦51購01","235,000","3","72,850","0.31","0.31","0.31","0.31","-","0.01","0.32","30","0.33","10","0.00",
="088837","欣興富邦51購02","1,054,000","42","1,027,210","0.94","1.06","0.89","1.03","+","0.01","0.97","10","0.98","10","0.00",
="088838","聯茂富邦54購01","0","0","0","--","--","--","--"," ","0.00","2.74","10","2.84","10","0.00",
="088839","昇陽半富邦52購02","44,000","2","53,580","1.20","1.22","1.20","1.22","-","0.03","1.25","10","1.26","10","0.00",
="08883P","鴻海元大4B售14","0","0","0","--","--","--","--"," ","0.00","--","0","0.10","10","0.00",
="088840","T50反1國票51購02","2,356,000","23","1,877,610","0.78","0.83","0.78","0.81","+","0.05","0.80","25","0.81","5","19.79",
="088841","廣宇國票51購01","0","0","0","--","--","--","--"," ","0.00","7.05","25","7.35","10","60.90",
="088842","毅嘉國票51購02","43,000","5","424,750","9.80","10.00","9.80","10.00"," ","0.00","9.85","25","9.95","10","60.80",
="088843","毅嘉國票52購01","0","0","0","--","--","--","--"," ","0.00","6.55","25","7.05","10","60.80",
="088844","鉅祥國票51購01","7,000","3","32,920","4.62","4.79","4.62","4.79","+","0.42","4.88","25","4.90","10","98.10",
="088845","眾達國票52購01","91,000","9","275,590","3.09","3.09","2.82","2.82","-","0.48","2.82","25","2.86","10","109.50",
="088846","台塑國泰52購01","70,000","3","132,200","1.88","1.90","1.88","1.90","X","0.00","1.81","499","1.90","100","39.10",
="088847","台塑國泰52購02","10,000","1","13,500","1.35","1.35","1.35","1.35","X","0.00","1.25","499","1.31","100","39.10",
="088848","英業達國泰52購01","0","0","0","--","--","--","--"," ","0.00","1.33","499","1.36","499","41.35",
="088849","神基國泰52購01","59,000","5","179,270","3.00","3.53","2.96","3.53","+","0.82","3.16","499","3.23","10","157.00",
="08884P","台積電元大4C售19","0","0","0","--","--","--","--"," ","0.00","--","0","--","0","0.00",
="088850","大立光國泰52購03","23,000","1","40,480","1.76","1.76","1.76","1.76","-","0.03","1.78","10","--","0","2,395.00",
="088851","奇鋐國泰52購02","21,000","1","34,020","1.62","1.62","1.62","1.62","-","0.12","1.51","499","--","0","1,015.00",
="088852","世芯國泰52購05","38,000","4","45,990","1.20","1.22","1.15","1.15","-","0.04","1.13","499","1.15","100","4,000.00",
="088853","世芯國泰52購06","18,000","2","25,090","1.46","1.46","1.39","1.39","-","0.05","1.39","482","1.40","100","4,000.00",
="088854","世芯國泰52購07","6,000","1","7,620","1.27","1.27","1.27","1.27","+","0.12","1.19","499","1.20","100","4,000.00",
="088855","富世達國泰52購03","0","0","0","--","--","--","--"," ","0.00","3.76","499","3.86","10","1,145.00",
="088856","香港2X元大53購01","435,000","7","381,700","0.89","0.89","0.86","0.88","-","0.15","0.83","250","0.84","100","16.40",
="088857","華城元大54購06","308,000","11","227,580","0.76","0.76","0.72","0.75","+","0.01","0.70","499","0.71","10","618.00",
="088858","川湖元大51購07","1,000","1","1,600","1.60","1.60","1.60","1.60","-","0.01","1.60","450","1.63","10","2,925.00",
="088859","川湖元大51購09","1,000","1","2,130","2.13","2.13","2.13","2.13","-","0.01","2.13","350","2.16","10","2,925.00",
="08885P","金像電元大4B售03","0","0","0","--","--","--","--"," ","0.00","0.01","998","0.11","10","0.00",
="088860","宇隆元大51購02","21,000","6","73,830","3.55","3.61","3.26","3.52","+","0.03","3.18","200","3.26","10","262.00",
="088861","宇隆元大51購03","0","0","0","--","--","--","--"," ","0.00","3.20","200","3.30","10","262.00",
="088863","台達電元大54購01","563,000","31","1,248,840","2.20","3.91","2.15","2.22","-","0.11","2.18","25","2.20","10","709.00",
="088864","楠梓電元大51購03","6,000","3","22,520","3.80","3.80","3.66","3.80","+","0.40","3.44","25","3.66","1","109.50",
="088865","楠梓電元大51購04","0","0","0","--","--","--","--"," ","0.00","2.82","25","--","0","109.50",
="088866","鴻海元大51購33","110,000","3","232,800","2.08","2.12","2.08","2.12","X","0.00","2.10","350","2.13","10","206.00",
="088867","華邦電元大51購08","0","0","0","--","--","--","--"," ","0.00","2.47","300","2.51","10","19.60",
="088868","英業達元大51購01","136,000","3","188,080","1.38","1.39","1.38","1.39","-","0.03","1.35","499","1.38","10","41.35",
="088869","英業達元大51購02","122,000","4","200,410","1.64","1.65","1.64","1.65","-","0.03","1.61","450","1.64","10","41.35",
="08886P","聯發科元大4B售17","0","0","0","--","--","--","--"," ","0.00","--","0","--","0","0.00",
="088870","台光電元大51購12","65,000","4","131,800","2.16","2.16","1.99","1.99","-","0.21","0.33","30","--","0","1,250.00",
="088871","南亞科元大54購02","0","0","0","--","--","--","--"," ","0.00","0.70","499","0.71","10","46.65",
="088872","欣興元大51購13","75,000","7","84,530","1.12","1.18","1.09","1.18","+","0.02","1.14","499","1.17","10","150.00",
="088873","欣興元大51購14","150,000","1","165,000","1.10","1.10","1.10","1.10","-","0.05","1.10","499","1.13","10","150.00",
="088874","欣興元大54購06","251,000","3","300,510","1.14","1.20","1.11","1.20","+","0.02","1.14","499","1.16","10","150.00",
="088875","新日興元大51購08","652,000","35","960,650","1.31","1.89","1.28","1.70","+","0.38","0.19","105","2.50","10","259.00",
="088876","創意元大51購10","100,000","6","84,460","0.83","0.85","0.83","0.85","+","0.07","0.13","76","--","0","1,350.00",
="088877","創意元大51購11","251,000","2","193,150","0.73","0.77","0.73","0.77","+","0.06","0.12","83","--","0","1,350.00",
="088878","聯鈞元大51購08","25,000","3","32,900","1.35","1.35","1.29","1.30","-","0.12","1.18","499","1.20","10","202.00",
="088879","聯鈞元大55購01","54,000","8","85,930","1.71","1.71","1.55","1.61","-","0.18","1.52","450","1.53","10","202.00",
="08887P","富邦金元大4B售05","0","0","0","--","--","--","--"," ","0.00","0.04","499","0.14","10","0.00",
="088880","世芯元大51購46","50,000","5","149,600","3.07","3.07","2.94","3.00","+","0.02","2.76","250","2.80","10","4,000.00",
="088881","世芯元大54購11","2,000","1","1,640","0.82","0.82","0.82","0.82","X","0.00","0.80","499","0.82","10","4,000.00",
="088882","材料元大54購04","75,000","9","153,440","1.96","2.08","1.96","2.08","+","0.11","1.97","400","1.99","10","67.70",
="088883","上品元大51購01","8,000","3","11,280","1.43","1.43","1.40","1.40","-","0.09","1.37","499","1.43","10","284.00",
="088884","亞翔元大54購04","10,000","6","26,830","2.74","2.74","2.64","2.65","-","0.26","2.59","250","2.60","10","349.50",
="088885","帆宣元大51購06","67,000","5","154,010","2.36","2.36","2.19","2.19","-","0.03","2.17","25","2.21","10","264.00",
="088886","台塑化元大51購02","0","0","0","--","--","--","--"," ","0.00","1.49","450","1.59","10","40.75",
="088887","台塑化元大51購03","1,000","1","2,110","2.11","2.11","2.11","2.11","-","0.34","2.10","300","2.11","10","40.75",
="088888","洋基元大51購06","3,000","2","5,690","1.96","1.96","1.77","1.77","-","0.23","1.60","400","1.61","10","476.00",
="088889","AES元大51購05","288,000","10","463,320","1.54","1.71","1.52","1.71","+","0.10","1.70","499","1.72","10","1,350.00",
="08888P","奇鋐元大4B售07","0","0","0","--","--","--","--"," ","0.00","--","0","0.10","10","0.00",
="088890","AES元大56購01","279,000","13","400,670","1.37","1.55","1.36","1.55","+","0.12","1.49","499","1.51","10","1,350.00",
="088891","AES元大57購01","183,000","15","256,230","1.33","1.49","1.31","1.49","+","0.12","1.43","499","1.45","10","1,350.00",
="088892","采鈺元大51購02","176,000","10","289,640","1.63","1.67","1.51","1.63","+","0.26","1.62","499","1.64","10","264.00",
="088893","台泥群益53購03","0","0","0","--","--","--","--"," ","0.00","0.60","100","0.61","100","22.80",
="088894","台塑群益51購01","0","0","0","--","--","--","--"," ","0.00","1.50","10","1.60","10","39.10",
="088895","國喬群益51購01","113,000","4","99,400","0.88","0.88","0.86","0.86","X","0.00","0.85","25","0.86","10","9.92",
="088896","台化群益51購01","0","0","0","--","--","--","--"," ","0.00","4.06","10","4.16","10","29.90",
="088897","華城群益51購07","8,000","4","58,750","7.25","7.50","7.25","7.25","-","0.30","7.05","100","7.10","100","618.00",
="088898","華城群益53購01","0","0","0","--","--","--","--"," ","0.00","1.50","100","1.51","100","618.00",
="088899","直得群益51購01","42,000","13","65,930","1.41","1.66","1.41","1.61","+","0.25","1.39","10","1.49","10","89.20",
="08889P","智原元大4B售13","0","0","0","--","--","--","--"," ","0.00","1.07","499","1.08","200","0.00",
="088900","川湖群益53購01","0","0","0","--","--","--","--"," ","0.00","1.54","100","1.56","100","2,925.00",
="088901","川湖群益57購02","0","0","0","--","--","--","--"," ","0.00","1.30","100","1.33","100","2,925.00",
="088902","宇隆群益51購04","0","0","0","--","--","--","--"," ","0.00","3.09","3","--","0","262.00",
="088903","楠梓電群益54購01","0","0","0","--","--","--","--"," ","0.00","9.45","10","--","0","109.50",
="088904","台積電群益57購05","14,000","9","33,290","2.41","2.41","2.31","2.31","-","0.13","0.72","13","--","0","1,160.00",
="088905","旺宏群益51購02","153,000","9","145,390","0.93","0.97","0.93","0.93","-","0.11","0.93","25","0.95","10","20.10",
="088906","智邦群益51購08","0","0","0","--","--","--","--"," ","0.00","3.36","10","3.46","10","984.00",
="088907","智邦群益51購09","2,000","2","28,100","13.70","14.40","13.70","14.40","+","0.70","13.70","10","14.70","10","984.00",
="088908","金像電群益51購07","40,000","6","209,150","5.15","5.40","5.15","5.35","-","0.30","5.60","100","5.65","100","486.00",
="088909","佳能群益51購01","0","0","0","--","--","--","--"," ","0.00","4.34","10","4.44","10","80.80",
="08890P","貿聯元大4B售07","0","0","0","--","--","--","--"," ","0.00","0.06","499","0.07","200","0.00",
="088910","台光電群益51購13","301,000","30","641,020","2.21","2.21","2.01","2.20","-","0.13","2.16","2","2.60","3","1,250.00",
="088911","台光電群益51購14","399,000","15","2,465,450","6.45","6.45","6.00","6.05","-","0.65","0.42","47","--","0","1,250.00",
="088912","正崴群益51購01","0","0","0","--","--","--","--"," ","0.00","0.37","10","0.47","10","48.40",
="088913","正崴群益54購01","0","0","0","--","--","--","--"," ","0.00","0.47","10","0.57","10","48.40",
="088914","建準群益51購01","30,000","2","54,550","1.77","1.82","1.77","1.82","+","0.04","0.69","14","--","0","137.00",
="088915","聯發科群益56購01","0","0","0","--","--","--","--"," ","0.00","--","0","--","0","1,385.00",
="088916","長榮群益54購03","68,000","6","149,470","2.19","2.21","2.13","2.14","+","0.06","2.02","10","2.12","10","188.00",
="088917","奇鋐群益51購07","282,000","15","700,500","2.55","2.55","2.45","2.45","-","0.32","2.40","50","3.30","10","1,015.00",
="088918","奇鋐群益51購08","268,000","22","2,483,550","9.90","9.90","9.05","9.45","-","1.25","4.01","4","--","0","1,015.00",
="088919","零壹群益52購01","30,000","4","30,800","1.06","1.06","1.01","1.01","X","0.00","0.99","100","1.01","100","126.50",
="08891P","川湖凱基4B售04","0","0","0","--","--","--","--"," ","0.00","0.05","100","0.15","10","0.00",
="088920","德律群益51購03","43,000","2","228,450","5.30","5.35","5.30","5.35","-","0.60","5.00","10","5.50","10","206.00",
="088921","德律群益52購01","22,000","4","50,380","2.33","2.33","2.20","2.30","-","0.22","2.18","10","2.28","10","206.00",
="088922","欣興群益51購05","201,000","14","333,520","1.51","1.69","1.51","1.69","+","0.01","1.60","100","1.63","100","150.00",
="088923","欣興群益51購06","1,061,000","32","1,822,740","1.66","1.87","1.63","1.87"," ","0.00","1.80","100","1.85","100","150.00",
="088924","緯創群益51購06","136,000","4","94,520","0.67","0.71","0.67","0.69","-","0.01","0.25","40","0.71","8","115.00",
="088925","緯創群益55購01","55,000","1","34,100","0.62","0.62","0.62","0.62"," ","0.00","0.01","499","--","0","115.00",
="088926","昇貿群益53購01","76,000","10","609,350","9.00","9.00","7.50","7.50","+","0.90","8.00","63","--","0","129.00",
="088927","新日興群益53購01","134,000","12","239,560","1.55","1.92","1.52","1.84","+","0.28","0.72","13","--","0","259.00",
="088928","新日興群益53購02","72,000","6","188,600","2.39","2.87","2.31","2.87","+","0.48","1.08","9","--","0","259.00",
="088929","嘉澤群益56購01","16,000","2","16,210","1.01","1.06","1.01","1.06","+","0.06","0.46","108","--","0","1,465.00",
="08892P","金像電凱基4C售01","0","0","0","--","--","--","--"," ","0.00","--","0","0.02","50","0.00",
="088930","健策群益51購01","164,000","11","547,440","3.30","3.52","3.20","3.49","-","0.23","3.48","10","3.58","10","1,905.00",
="088931","世芯群益51購17","0","0","0","--","--","--","--"," ","0.00","6.05","10","6.55","10","4,000.00",
="088932","世芯群益54購07","0","0","0","--","--","--","--"," ","0.00","1.36","10","1.46","10","4,000.00",
="088933","神達群益51購03","0","0","0","--","--","--","--"," ","0.00","7.65","10","8.15","10","95.90",
="088934","材料群益51購04","26,000","6","36,920","1.40","1.46","1.36","1.36","X","0.00","1.33","10","1.43","10","67.70",
="088935","眾達群益51購01","503,000","21","1,537,770","3.17","3.21","2.95","3.05","-","0.33","1.75","28","--","0","109.50",
="088936","帆宣群益51購02","109,000","7","376,280","3.53","3.54","3.39","3.42"," ","0.00","1.05","9","--","0","264.00",
="088937","飛捷群益54購01","49,000","1","18,130","0.37","0.37","0.37","0.37","-","0.02","0.37","100","0.38","100","112.50",
="088938","保瑞群益53購01","28,000","1","43,680","1.56","1.56","1.56","1.56","-","0.08","1.55","100","1.56","100","733.00",
="088939","穎崴群益53購05","312,000","5","323,420","0.96","1.06","0.91","1.06","-","0.06","0.46","21","--","0","1,250.00",
="08893P","台光電凱基4B售02","0","0","0","--","--","--","--"," ","0.00","--","0","0.07","39","0.00",
="088940","帝寶群益52購01","162,000","4","93,720","0.55","0.58","0.55","0.56","+","0.02","0.21","47","0.59","2","146.00",
="088941","緯穎群益51購05","15,000","5","141,750","9.45","9.45","9.45","9.45","-","0.10","9.40","10","9.90","10","2,975.00",
="088942","緯穎群益53購05","6,000","1","10,020","1.67","1.67","1.67","1.67","-","0.03","1.64","10","1.74","10","2,975.00",
="088943","復盛群益51購01","0","0","0","--","--","--","--"," ","0.00","0.93","25","0.97","10","265.50",
="088944","力智群益52購02","0","0","0","--","--","--","--"," ","0.00","0.66","25","0.70","10","188.50",
="088945","富世達群益51購05","20,000","2","166,000","8.30","8.30","8.30","8.30","-","0.15","8.05","10","8.65","10","1,145.00",
="088946","來億群益51購01","0","0","0","--","--","--","--"," ","0.00","--","0","--","0","243.50",
="088947","台虹群益51購01","73,000","3","103,500","1.41","1.44","1.40","1.40","-","0.03","1.41","10","1.51","10","51.80",
="088948","臺股指群益51購07","0","0","0","--","--","--","--"," ","0.00","2.57","499","2.58","499","0.00",
="088949","臺股指群益51購08","2,000","1","4,720","2.36","2.36","2.36","2.36","X","0.00","2.26","499","2.27","499","0.00",
="08894P","富邦金凱基4B售02","5,000","1","2,350","0.47","0.47","0.47","0.47","X","0.00","0.48","10","0.58","10","0.00",
="088950","臺股指群益51購09","0","0","0","--","--","--","--"," ","0.00","1.88","499","1.89","499","0.00",
="088951","臺股指群益51購10","0","0","0","--","--","--","--"," ","0.00","2.61","499","2.62","499","0.00",
="088952","臺股指群益51購11","20,000","2","42,600","2.13","2.13","2.13","2.13","-","0.12","2.13","499","2.14","499","0.00",
="088953","臺股指群益51購12","0","0","0","--","--","--","--"," ","0.00","2.03","499","2.04","499","0.00",
="088954","臺股指群益51購13","110,000","1","192,500","1.75","1.75","1.75","1.75","X","0.00","1.73","499","1.74","499","0.00",
="088955","臺股指群益51購14","6,000","1","16,500","2.75","2.75","2.75","2.75","-","0.16","2.48","499","2.49","499","0.00",
="088956","新日興兆豐53購02","128,000","6","156,360","1.02","1.35","1.02","1.35","+","0.38","1.25","10","1.26","10","259.00",
="088957","T50反1富邦55購01","0","0","0","--","--","--","--"," ","0.00","0.65","100","0.66","100","0.00",
="088958","台化富邦53購01","39,000","2","67,360","1.74","1.74","1.69","1.69","-","0.21","1.69","10","1.70","10","0.00",
="088959","華城富邦53購02","583,000","33","661,530","1.16","1.17","1.12","1.12","-","0.03","1.10","10","1.11","10","0.00",
="08895P","亞光凱基4B售04","0","0","0","--","--","--","--"," ","0.00","0.04","10","0.05","50","0.00",
="088960","大成鋼富邦53購01","27,000","5","34,810","1.28","1.31","1.23","1.23","-","0.09","1.23","10","1.24","10","0.00",
="088961","台達電富邦61購01","214,000","15","593,280","2.78","2.83","2.73","2.80","-","0.09","2.78","30","2.81","10","0.00",
="088962","鴻海富邦51購08","0","0","0","--","--","--","--"," ","0.00","2.03","30","2.11","10","0.00",
="088963","鴻海富邦53購04","0","0","0","--","--","--","--"," ","0.00","2.03","30","2.10","10","0.00",
="088964","台積電富邦61購01","3,000","1","3,060","1.02","1.02","1.02","1.02","-","0.06","1.01","30","1.02","10","0.00",
="088965","鴻準富邦54購01","130,000","9","161,030","1.22","1.26","1.22","1.26","+","0.02","1.20","10","1.21","10","0.00",
="088966","台光電富邦52購02","260,000","22","424,510","1.71","1.71","1.59","1.61","-","0.16","1.65","10","1.68","10","0.00",
="088967","漢唐富邦53購02","0","0","0","--","--","--","--"," ","0.00","2.36","10","2.46","10","0.00",
="088968","南亞科富邦54購01","1,000","1","780","0.78","0.78","0.78","0.78","-","0.13","0.73","10","0.74","10","0.00",
="088969","聯發科富邦52購03","0","0","0","--","--","--","--"," ","0.00","0.54","30","0.55","10","0.00",
="08896P","貿聯凱基4B售04","0","0","0","--","--","--","--"," ","0.00","0.02","100","0.12","10","0.00",
="088970","鉅祥富邦51購01","272,000","26","471,760","1.62","1.83","1.62","1.76","+","0.13","1.75","30","1.76","8","0.00",
="088971","大立光富邦53購04","166,000","3","182,600","1.10","1.10","1.10","1.10","-","0.06","1.11","10","1.14","10","0.00",
="088972","奇鋐富邦54購02","185,000","16","236,800","1.36","1.36","1.18","1.23","-","0.18","1.23","10","1.27","10","0.00",
="088973","創意富邦51購02","170,000","15","174,580","0.99","1.04","0.97","1.00"," ","0.00","0.99","30","1.00","10","0.00",
="088974","聯鈞富邦53購01","355,000","17","194,730","0.59","0.60","0.53","0.54","-","0.10","0.52","30","0.53","10","0.00",
="088975","世芯富邦54購04","74,000","10","64,860","0.86","0.90","0.83","0.83","-","0.04","0.82","10","0.83","10","0.00",
="088976","世芯富邦54購05","210,000","17","141,550","0.66","0.70","0.65","0.65","-","0.02","0.62","10","0.63","10","0.00",
="088977","貿聯富邦51購01","888,000","41","1,110,140","1.11","1.31","1.11","1.20","+","0.05","1.20","10","1.22","10","0.00",
="088978","達興富邦53購02","0","0","0","--","--","--","--"," ","0.00","2.99","10","3.09","10","0.00",
="088979","富世達富邦53購02","0","0","0","--","--","--","--"," ","0.00","1.59","10","1.69","10","0.00",
="08897P","祥碩凱基4B售03","72,000","4","80,280","1.10","1.12","1.10","1.12","X","0.00","1.11","100","1.21","10","0.00",
="088980","川湖中信51購01","80,000","12","78,500","0.98","0.99","0.97","0.97"," ","0.00","0.96","499","0.97","10","0.00",
="088981","川湖中信52購01","115,000","10","100,050","0.85","0.88","0.85","0.87","-","0.01","0.86","10","0.87","10","0.00",
="088982","台積電中信54購04","0","0","0","--","--","--","--"," ","0.00","0.29","499","0.31","100","0.00",
="088983","世芯中信51購04","325,000","27","256,550","0.84","0.84","0.76","0.78","-","0.04","0.77","51","--","0","0.00",
="088984","臺股指中信52購02","6,000","2","1,860","0.32","0.32","0.30","0.30","-","0.06","0.30","502","0.31","100","0.00",
="088985","臺股指中信55購01","48,000","5","37,430","0.79","0.81","0.74","0.74","-","0.11","0.74","499","0.75","100","0.00",
="088986","台灣50永豐55購01","3,000","3","3,600","1.23","1.23","1.18","1.18","-","0.07","1.17","10","1.18","10","52.50",
="088987","華城永豐54購01","0","0","0","--","--","--","--"," ","0.00","1.74","499","1.75","10","618.00",
="088988","華新永豐52購02","58,000","2","67,280","1.16","1.16","1.16","1.16","+","0.03","1.19","499","1.20","10","23.35",
="088989","仁寶永豐53購01","0","0","0","--","--","--","--"," ","0.00","0.54","499","0.55","10","28.10",
="08898P","樺漢凱基4C售01","0","0","0","--","--","--","--"," ","0.00","0.47","100","0.48","30","0.00",
="088990","京元電永豐53購03","141,000","9","188,540","1.22","1.39","1.22","1.39","+","0.11","1.29","10","1.31","10","142.00",
="088991","聯發科永豐55購02","42,000","2","44,520","1.06","1.06","1.06","1.06","X","0.00","1.09","499","1.11","10","1,385.00",
="088992","奇鋐永豐54購02","64,000","3","133,720","2.08","2.12","2.08","2.12","-","0.23","2.12","499","2.14","10","1,015.00",
="088993","健鼎永豐52購01","56,000","5","116,540","2.17","2.17","2.06","2.09","-","0.19","2.07","499","2.09","10","318.00",
="088994","智伸科永豐53購01","13,000","2","31,570","2.49","2.49","2.41","2.41","+","0.25","1.25","8","--","0","168.50",
="088995","美利達永豐51購02","94,000","4","77,930","0.80","0.86","0.80","0.83","-","0.02","0.82","499","0.83","10","112.50",
="088996","FB越南元富51購09","8,000","5","14,160","1.77","1.77","1.77","1.77","-","0.05","1.77","25","1.79","25","16.09",
="088997","台化元富51購01","10,000","1","45,700","4.57","4.57","4.57","4.57","-","0.58","4.45","25","4.55","10","29.90",
="088998","川湖元富51購03","37,000","3","94,660","2.50","2.56","2.50","2.56","+","0.13","2.48","25","2.49","25","2,925.00",
="088999","楠梓電元富51購06","0","0","0","--","--","--","--"," ","0.00","5.80","25","6.30","25","109.50",
="08899P","矽力凱基4B售01","0","0","0","--","--","--","--"," ","0.00","1.24","10","1.34","10","0.00",
="089000","昆盈元富54購01","20,000","4","43,290","2.16","2.21","2.09","2.09","+","0.01","2.08","25","2.09","25","49.85",
="089001","金像電元富51購02","0","0","0","--","--","--","--"," ","0.00","3.97","25","4.07","25","486.00",
="089002","正崴元富51購03","0","0","0","--","--","--","--"," ","0.00","0.25","25","0.26","25","48.40",
="089003","漢唐元富51購04","0","0","0","--","--","--","--"," ","0.00","6.20","30","--","0","1,190.00",
="089004","零壹元富51購02","90,000","2","118,600","1.32","1.32","1.30","1.30","X","0.00","1.30","25","1.32","25","126.50",
="089005","玉晶光元富52購01","17,000","2","33,000","1.94","1.96","1.94","1.96","+","0.12","1.96","25","1.97","25","461.50",
="089006","聯鈞元富51購05","20,000","2","21,700","1.08","1.09","1.08","1.09","-","0.10","0.98","25","0.99","25","202.00",
="089007","世芯元富54購06","0","0","0","--","--","--","--"," ","0.00","1.31","25","1.32","25","4,000.00",
="089008","神達元富51購05","1,000","1","5,400","5.40","5.40","5.40","5.40","+","1.08","5.40","25","5.45","25","95.90",
="089009","精成科元富51購06","71,000","5","286,420","4.17","4.17","3.98","4.13","+","1.46","4.17","25","4.39","1","131.00",
="08900P","虎航凱基4B售01","1,000","1","1,460","1.46","1.46","1.46","1.46","-","0.03","1.46","10","1.47","10","0.00",
="089010","帆宣元富54購02","40,000","2","152,800","3.82","3.82","3.82","3.82","+","0.06","3.67","25","3.77","10","264.00",
="089011","龍德船元富51購02","23,000","3","102,580","4.34","4.50","4.34","4.50","+","0.09","4.25","30","4.33","25","146.00",
="089012","富鼎元富51購01","130,000","3","148,300","1.15","1.19","1.13","1.13","-","0.04","1.10","25","1.11","25","87.00",
="089013","羅昇元富51購01","0","0","0","--","--","--","--"," ","0.00","2.05","25","2.08","25","114.50",
="089014","川湖國泰52購03","0","0","0","--","--","--","--"," ","0.00","2.10","499","2.13","100","2,925.00",
="089015","川湖國泰54購01","32,000","4","65,190","2.00","2.05","2.00","2.05","+","0.05","1.99","499","2.02","100","2,925.00",
="089016","鴻海國泰54購01","0","0","0","--","--","--","--"," ","0.00","4.63","499","4.68","150","206.00",
="089017","廣宇國泰52購01","36,000","6","276,500","7.60","8.10","7.45","7.55","+","0.10","7.45","499","7.50","100","60.90",
="089018","微星國泰52購01","26,000","2","23,920","0.92","0.92","0.92","0.92","-","0.05","0.92","499","0.94","499","136.50",
="089019","大立光國泰54購01","55,000","5","43,580","0.79","0.81","0.79","0.81"," ","0.00","0.79","10","0.81","10","2,395.00",
="08901P","台積電永豐4B售16","0","0","0","--","--","--","--"," ","0.00","0.26","499","0.27","10","0.00",
="089020","AES國泰54購01","925,000","49","2,964,770","2.89","3.35","2.89","3.24","+","0.42","3.22","200","3.24","2","1,350.00",
="089021","台光電台新51購02","210,000","6","723,470","3.56","3.56","3.33","3.42","-","0.30","3.41","20","3.42","3","0.00",
="089022","世芯台新51購02","3,000","2","9,170","3.13","3.13","2.91","2.91","-","0.14","2.90","20","2.91","10","0.00",
="089023","世芯台新51購03","2,000","2","14,950","7.65","7.65","7.30","7.30","-","0.35","7.20","10","7.35","10","0.00",
="089024","A50正2國票58購01","0","0","0","--","--","--","--"," ","0.00","2.09","25","2.10","10","31.56",
="089025","FB臺反國票52購01","100,000","1","67,000","0.67","0.67","0.67","0.67"," ","0.00","0.69","25","0.70","10","10.87",
="089026","億泰國票51購01","1,108,000","11","2,769,320","2.50","2.52","2.36","2.36","-","0.13","2.35","25","2.36","10","38.70",
="089027","合機國票51購01","2,000","2","2,670","1.33","1.34","1.33","1.34","+","0.08","1.28","25","1.29","10","48.45",
="089028","台達電國票51購02","12,000","4","87,550","7.25","7.45","7.20","7.45","-","0.25","7.35","25","7.45","10","709.00",
="089029","世芯國票51購07","0","0","0","--","--","--","--"," ","0.00","2.10","25","2.12","10","4,000.00",
="08902P","台積電永豐4C售08","33,000","2","12,360","0.37","0.38","0.37","0.38","+","0.01","0.40","499","0.41","10","0.00",
="089030","香港2X凱基54購01","5,000","1","5,800","1.16","1.16","1.16","1.16","-","0.23","1.10","100","1.20","10","16.40",
="089031","元金2X凱基54購02","24,000","2","19,440","0.81","0.81","0.81","0.81","+","0.04","0.80","10","0.81","50","58.65",
="089032","台塑凱基51購05","0","0","0","--","--","--","--"," ","0.00","2.63","100","2.65","10","39.10",
="089033","台化凱基51購03","0","0","0","--","--","--","--"," ","0.00","3.65","100","3.75","10","29.90",
="089034","華城凱基54購02","376,000","23","872,820","2.37","2.37","2.25","2.25","-","0.09","2.23","45","2.24","10","618.00",
="089035","川湖凱基51購08","0","0","0","--","--","--","--"," ","0.00","3.34","100","3.37","10","2,925.00",
="089036","台達電凱基54購01","16,000","2","98,550","6.15","6.30","6.15","6.30","-","0.30","6.20","100","6.70","10","709.00",
="089037","鴻海凱基54購10","43,000","3","135,300","3.15","3.15","3.10","3.10","X","0.00","3.18","100","3.19","10","206.00",
="089038","廣宇凱基51購02","0","0","0","--","--","--","--"," ","0.00","7.30","100","7.80","10","60.90",
="089039","台積電凱基51購25","0","0","0","--","--","--","--"," ","0.00","0.98","100","0.99","10","1,160.00",
="08903P","台積電永豐4C售09","0","0","0","--","--","--","--"," ","0.00","0.10","10","0.11","10","0.00",
="089040","台積電凱基51購26","8,000","1","4,000","0.50","0.50","0.50","0.50","-","0.01","0.41","100","0.42","10","1,160.00",
="089041","台積電凱基53購23","0","0","0","--","--","--","--"," ","0.00","1.43","100","1.44","10","1,160.00",
="089042","智邦凱基51購05","0","0","0","--","--","--","--"," ","0.00","5.60","100","5.65","10","984.00",
="089043","鴻準凱基53購02","0","0","0","--","--","--","--"," ","0.00","2.70","100","2.80","10","71.70",
="089044","金像電凱基51購07","0","0","0","--","--","--","--"," ","0.00","8.15","10","8.65","10","486.00",
="089045","志聖凱基51購01","1,517,000","55","3,874,670","2.65","3.26","2.35","2.35","-","0.30","2.35","10","2.38","10","201.50",
="089046","宏達電凱基51購04","0","0","0","--","--","--","--"," ","0.00","8.30","10","8.80","10","66.50",
="089047","大立光凱基51購07","386,000","3","322,380","0.86","0.86","0.82","0.82","-","0.04","0.81","100","0.83","10","2,395.00",
="089048","欣興凱基51購07","70,000","5","90,600","1.21","1.39","1.19","1.30","-","0.05","1.28","100","1.30","10","150.00",
="089049","創意凱基51購05","324,000","33","488,050","1.50","1.57","1.43","1.49","+","0.04","1.46","100","1.49","5","1,350.00",
="08904P","台積電凱基4B售20","0","0","0","--","--","--","--"," ","0.00","0.15","100","0.16","10","0.00",
="089050","聯鈞凱基57購01","33,000","6","59,630","1.84","1.86","1.70","1.70","-","0.29","1.69","101","1.70","10","202.00",
="089051","健策凱基51購05","41,000","4","179,390","4.21","4.43","4.21","4.39","-","0.24","4.38","100","--","0","1,905.00",
="089052","聯茂凱基53購01","48,000","1","196,320","4.09","4.09","4.09","4.09","X","0.00","4.03","499","4.13","10","125.00",
="089053","台塑化凱基51購01","30,000","4","71,540","2.44","2.44","2.32","2.40","-","0.46","2.22","10","2.24","10","40.75",
="089054","洋基凱基51購04","3,000","2","8,580","2.99","2.99","2.60","2.60","-","0.43","2.46","10","2.56","10","476.00",
="089055","力智凱基51購01","0","0","0","--","--","--","--"," ","0.00","0.54","10","0.55","10","188.50",
="089056","富世達凱基51購06","52,000","7","216,960","4.07","4.29","3.76","4.18","-","0.08","4.15","100","4.25","10","1,145.00",
="089057","羅昇凱基51購02","76,000","13","108,490","1.38","1.50","1.38","1.45","-","0.03","1.42","103","1.44","10","114.50",
="089058","臺股指凱基51購26","0","0","0","--","--","--","--"," ","0.00","2.38","10","2.39","10","0.00",
="089059","台灣50元大51購13","744,000","4","1,443,420","1.97","1.97","1.92","1.92","-","0.16","1.89","499","1.91","10","52.50",
="08905P","台積電凱基4B售21","0","0","0","--","--","--","--"," ","0.00","0.13","100","0.14","10","0.00",
="089060","台灣50元大53購02","966,000","16","2,151,990","2.28","2.28","2.21","2.21","-","0.18","2.15","100","2.16","10","52.50",
="089061","台灣50元大53購03","0","0","0","--","--","--","--"," ","0.00","3.26","300","3.33","10","52.50",
="089062","台灣50元大55購01","0","0","0","--","--","--","--"," ","0.00","1.80","100","1.81","10","52.50",
="089063","台化元大51購01","19,000","2","48,370","2.56","2.56","2.53","2.53","-","0.41","2.49","250","2.52","10","29.90",
="089064","台化元大51購02","2,000","2","5,080","2.54","2.54","2.54","2.54","X","0.00","2.43","300","2.46","10","29.90",
="089065","中興電元大57購01","358,000","15","485,930","1.34","1.37","1.32","1.37","+","0.09","1.36","499","1.38","10","167.00",
="089066","億泰元大51購02","80,000","10","251,000","3.20","3.24","3.04","3.05","-","0.28","2.99","250","3.01","10","38.70",
="089067","川湖元大51購10","447,000","7","529,110","1.13","1.20","1.12","1.20","+","0.04","1.15","499","1.17","10","2,925.00",
="089068","光寶科元大51購05","370,000","5","353,500","0.97","0.97","0.95","0.95","-","0.05","0.91","25","0.93","10","130.00",
="089069","台達電元大51購12","194,000","23","804,590","4.15","4.31","4.01","4.15","-","0.24","4.12","25","4.15","10","709.00",
="08906P","台積電凱基4B售22","0","0","0","--","--","--","--"," ","0.00","0.11","100","0.12","30","0.00",
="089070","台達電元大51購13","465,000","37","1,890,960","4.09","4.24","3.99","4.09","-","0.23","4.06","25","4.09","10","709.00",
="089071","鴻海元大51購34","109,000","5","226,820","2.10","2.10","2.08","2.08","-","0.10","2.07","350","2.09","10","206.00",
="089072","智邦元大51購08","51,000","8","285,250","5.70","5.75","5.45","5.75","-","0.10","5.60","150","5.65","10","984.00",
="089073","華碩元大51購06","267,000","2","312,390","1.17","1.17","1.17","1.17","-","0.01","1.15","499","1.18","10","634.00",
="089074","華碩元大51購07","14,000","1","21,700","1.55","1.55","1.55","1.55","+","0.01","1.51","25","1.55","10","634.00",
="089075","致茂元大51購05","37,000","5","177,370","4.96","5.10","4.63","5.10","+","0.37","5.10","150","5.15","10","556.00",
="089076","技嘉元大51購07","12,000","1","9,840","0.82","0.82","0.82","0.82","-","0.11","0.82","25","0.83","10","281.00",
="089077","台光電元大51購13","0","0","0","--","--","--","--"," ","0.00","0.23","4","--","0","1,250.00",
="089078","台光電元大51購14","186,000","6","351,040","1.94","1.94","1.86","1.86","-","0.24","0.23","43","--","0","1,250.00",
="089079","漢唐元大51購09","31,000","4","297,650","9.65","9.65","9.15","9.65","-","0.35","10.00","10","10.20","10","1,190.00",
="08907P","台光電凱基4B售03","0","0","0","--","--","--","--"," ","0.00","0.01","100","0.11","10","0.00",
="089080","京元電元大51購04","0","0","0","--","--","--","--"," ","0.00","1.43","10","1.51","10","142.00",
="089081","聯發科元大54購05","0","0","0","--","--","--","--"," ","0.00","0.07","142","--","0","1,385.00",
="089082","中信金元大51購02","7,000","1","10,500","1.50","1.50","1.50","1.50","X","0.00","1.48","25","1.50","10","41.80",
="089083","欣興元大51購15","853,000","21","1,014,780","1.16","1.27","1.12","1.21","-","0.02","1.19","499","1.21","10","150.00",
="089084","欣興元大51購16","80,000","4","76,790","0.95","0.96","0.95","0.96","-","0.06","0.97","499","1.00","10","150.00",
="089085","欣興元大54購07","0","0","0","--","--","--","--"," ","0.00","1.12","499","1.15","10","150.00",
="089086","玉晶光元大51購10","302,000","12","472,450","1.53","1.59","1.53","1.59","+","0.05","1.56","499","1.57","10","461.50",
="089087","牧德元大51購06","341,000","25","744,340","2.09","2.35","2.06","2.35","+","0.27","2.31","350","2.33","10","594.00",
="089088","世芯元大54購12","19,000","3","71,420","3.81","3.81","3.56","3.56","-","0.06","3.50","200","3.54","10","4,000.00",
="089089","精成科元大54購04","410,000","12","558,660","1.32","1.49","1.31","1.49","+","0.40","1.44","125","1.76","10","131.00",
="08908P","美律凱基4C售01","132,000","7","85,810","0.65","0.66","0.65","0.66","+","0.03","0.66","100","0.67","10","0.00",
="089090","保瑞元大51購05","102,000","7","230,850","2.21","2.30","2.20","2.30","-","0.10","2.21","350","2.25","10","733.00",
="089091","AES元大51購06","42,000","2","65,520","1.56","1.56","1.56","1.56","X","0.00","1.65","499","1.69","10","1,350.00",
="089092","AES元大56購02","563,000","12","708,900","1.23","1.34","1.23","1.31","X","0.00","1.32","499","1.34","10","1,350.00",
="089093","AES元大57購02","163,000","12","294,760","1.74","1.95","1.74","1.88","+","0.08","1.87","450","1.90","10","1,350.00",
="089094","富世達元大54購03","11,000","2","75,900","6.90","6.90","6.90","6.90","-","0.65","3.76","2","--","0","1,145.00",
="089095","富世達元大56購01","1,000","1","7,550","7.55","7.55","7.55","7.55","X","0.00","--","0","--","0","1,145.00",
="089096","泰金寶元大51購01","9,000","3","5,790","0.65","0.65","0.64","0.64","-","0.01","0.64","499","0.65","10","6.01",
="089097","遠東新群益51購01","34,000","1","30,260","0.89","0.89","0.89","0.89","X","0.00","0.84","100","0.86","100","27.15",
="089098","華新群益52購01","165,000","7","210,830","1.24","1.33","1.24","1.33","+","0.10","1.28","10","1.38","10","23.35",
="089099","美時群益51購02","700,000","3","419,000","0.60","0.60","0.59","0.59"," ","0.00","0.55","100","0.57","100","193.50",
="08909P","神基凱基4C售01","0","0","0","--","--","--","--"," ","0.00","0.04","100","0.14","10","0.00",
="089100","上銀群益51購02","47,000","8","66,790","1.38","1.52","1.38","1.38","+","0.01","1.36","10","1.46","10","215.50",
="089101","川湖群益51購03","31,000","5","57,430","1.83","1.89","1.82","1.82","+","0.03","1.80","100","1.85","100","2,925.00",
="089102","楠梓電群益51購02","20,000","4","142,400","6.75","7.60","6.75","7.35","+","0.60","4.63","2","--","0","109.50",
="089103","台積電群益51購22","0","0","0","--","--","--","--"," ","0.00","--","0","--","0","1,160.00",
="089104","台積電群益54購15","0","0","0","--","--","--","--"," ","0.00","--","0","--","0","1,160.00",
="089105","台積電群益54購16","0","0","0","--","--","--","--"," ","0.00","--","0","--","0","1,160.00",
="089106","台積電群益57購06","0","0","0","--","--","--","--"," ","0.00","0.16","10","--","0","1,160.00",
="089107","華邦電群益51購04","120,000","6","250,760","2.05","2.17","2.03","2.17","+","0.11","2.00","100","2.04","100","19.60",
="089108","中興電統一54購01","0","0","0","--","--","--","--"," ","0.00","0.16","10","0.17","10","167.00",
="089109","佳能群益52購01","0","0","0","--","--","--","--"," ","0.00","4.78","10","4.88","10","80.80",
="08910P","健鼎凱基4C售01","0","0","0","--","--","--","--"," ","0.00","0.01","10","0.11","10","0.00",
="089110","京元電群益51購03","0","0","0","--","--","--","--"," ","0.00","0.95","10","--","0","142.00",
="089112","亞力統一54購02","0","0","0","--","--","--","--"," ","0.00","0.11","10","0.12","10","110.50",
="089113","宏達電群益54購01","0","0","0","--","--","--","--"," ","0.00","2.59","30","--","0","66.50",
="089114","健鼎群益52購01","181,000","14","528,980","2.92","2.98","2.82","2.82","-","0.22","2.79","100","2.85","100","318.00",
="089115","辛耘群益51購03","140,000","16","317,190","2.23","2.40","2.07","2.32","+","0.15","2.41","10","2.51","10","393.50",
="089116","世芯群益51購18","60,000","3","100,200","1.67","1.67","1.67","1.67","+","0.04","1.54","10","1.64","10","4,000.00",
="089119","神達群益51購04","917,000","70","3,933,870","3.82","4.74","3.82","4.40","+","0.84","4.39","10","4.49","10","95.90",
="08911P","緯創凱基4C售05","45,000","3","26,940","0.60","0.60","0.58","0.58","X","0.00","0.58","100","0.59","10","0.00",
="089120","智伸科群益52購01","399,000","25","1,188,130","2.61","3.13","2.61","3.03","+","0.31","1.50","33","--","0","168.50",
="089121","眾達群益54購01","480,000","41","1,229,100","2.90","2.90","2.47","2.49","-","0.28","2.46","1","3.90","1","109.50",
="089122","亞翔群益51購06","8,000","2","25,750","3.23","3.23","3.20","3.20","-","0.39","3.14","10","3.24","10","349.50",
="089123","緯穎群益51購06","10,000","1","25,400","2.54","2.54","2.54","2.54","+","0.10","2.42","10","--","0","2,975.00",
="089124","智邦第一51購01","0","0","0","--","--","--","--"," ","0.00","1.78","10","1.82","10","0.00",
="089125","智邦第一57購01","0","0","0","--","--","--","--"," ","0.00","2.53","10","2.57","10","0.00",
="089126","富世達台新51購01","0","0","0","--","--","--","--"," ","0.00","3.85","20","3.86","10","0.00",
="089127","川湖兆豐51購01","66,000","5","92,860","1.37","1.41","1.36","1.39","+","0.01","1.37","10","1.38","10","2,925.00",
="089128","廣宇兆豐53購01","0","0","0","--","--","--","--"," ","0.00","2.62","10","2.63","10","60.90",
="089129","技嘉兆豐53購01","0","0","0","--","--","--","--"," ","0.00","0.97","10","0.98","10","281.00",
="08912P","神達凱基53售01","210,000","7","12,200","0.06","0.06","0.05","0.06","-","0.02","0.05","120","0.06","20","0.00",
="089130","京元電兆豐57購01","798,000","46","1,535,060","1.84","2.01","1.84","1.92","+","0.11","1.90","10","1.91","10","142.00",
="089131","神達兆豐53購02","1,223,000","55","2,790,810","2.32","2.45","2.17","2.30","+","0.41","2.30","10","2.31","10","95.90",
="089132","矽統富邦53購01","468,000","15","411,770","0.88","0.90","0.85","0.89","-","0.01","0.88","10","0.90","10","0.00",
="089133","新日興富邦53購02","973,000","41","950,380","0.90","1.19","0.89","1.10","+","0.19","1.09","20","1.10","10","0.00",
="089134","神達富邦51購03","385,000","26","848,030","2.06","2.29","2.05","2.13","+","0.42","2.12","10","2.13","5","0.00",
="089135","亞翔富邦52購02","25,000","1","17,000","0.68","0.68","0.68","0.68","-","0.07","0.67","10","0.68","10","0.00",
="089136","聯茂富邦53購01","0","0","0","--","--","--","--"," ","0.00","2.30","10","2.40","10","0.00",
="089137","臺股指富邦61購01","34,000","1","49,640","1.46","1.46","1.46","1.46","X","0.00","1.43","499","1.44","100","0.00",
="089138","臺股指富邦67購01","10,000","1","20,900","2.09","2.09","2.09","2.09","-","0.08","2.07","499","2.08","100","0.00",
="089139","T50反1元富51購05","0","0","0","--","--","--","--"," ","0.00","1.43","25","1.44","25","19.79",
="08913P","緯穎凱基4B售09","0","0","0","--","--","--","--"," ","0.00","0.12","100","0.13","50","0.00",
="089140","A50正2元富51購02","0","0","0","--","--","--","--"," ","0.00","3.23","25","3.33","10","31.56",
="089141","台塑元富57購01","9,000","2","27,270","3.03","3.03","3.03","3.03","X","0.00","2.91","25","2.93","25","39.10",
="089142","南亞元富51購01","0","0","0","--","--","--","--"," ","0.00","12.00","25","--","0","43.00",
="089143","南亞元富51購02","2,000","2","20,500","10.40","10.40","10.10","10.10","-","1.30","9.50","25","9.65","25","43.00",
="089144","億泰元富51購02","40,000","3","80,880","2.10","2.10","1.98","1.98","-","0.24","1.94","25","2.04","10","38.70",
="089145","華通元富51購03","6,000","2","30,620","4.71","5.30","4.71","5.30","+","0.46","4.90","25","4.97","25","79.30",
="089146","矽統元富51購01","137,000","3","187,030","1.31","1.38","1.31","1.38","-","0.02","1.35","25","1.36","25","55.10",
="089147","燿華元富51購02","437,000","25","680,850","1.53","1.62","1.52","1.53","+","0.02","1.54","25","1.55","25","31.45",
="089148","燿華元富51購03","47,000","6","76,410","1.61","1.68","1.54","1.62","+","0.04","1.64","25","1.65","25","31.45",
="089149","健鼎元富51購01","65,000","7","175,150","2.69","2.74","2.62","2.62","-","0.23","2.54","25","2.55","25","318.00",
="08914P","南電凱基4B售01","0","0","0","--","--","--","--"," ","0.00","--","0","0.03","42","0.00",
="089150","健鼎元富53購01","31,000","3","91,160","2.93","2.96","2.93","2.96","-","0.12","2.79","25","2.81","25","318.00",
="089151","神達元富54購02","13,000","6","56,650","4.38","4.38","4.30","4.30","+","0.62","4.41","25","4.45","25","95.90",
="089152","神達元富57購01","40,000","6","229,450","5.80","5.80","5.65","5.70","+","0.70","5.75","25","5.80","25","95.90",
="089153","和椿元富54購01","7,000","3","18,990","2.54","2.89","2.54","2.89","+","0.23","2.71","1","--","0","147.00",
="089154","力成元富51購01","0","0","0","--","--","--","--"," ","0.00","0.46","25","0.48","25","118.50",
="089155","穎崴元富52購01","0","0","0","--","--","--","--"," ","0.00","1.99","5","--","0","1,250.00",
="089156","緯穎元富51購09","6,000","2","14,460","2.41","2.41","2.41","2.41","-","0.04","2.39","25","2.41","25","2,975.00",
="089157","富世達元富51購03","0","0","0","--","--","--","--"," ","0.00","6.10","25","6.40","25","1,145.00",
="089158","宏全元富51購01","150,000","1","94,500","0.63","0.63","0.63","0.63","-","0.04","0.62","25","0.63","25","138.00",
="089159","台塑國票52購01","0","0","0","--","--","--","--"," ","0.00","2.90","25","2.92","10","39.10",
="08915P","臺股指凱基51售11","0","0","0","--","--","--","--"," ","0.00","0.18","100","0.19","10","0.00",
="089160","台塑國票53購01","129,000","3","284,010","2.21","2.21","2.19","2.19","-","0.33","2.13","25","2.15","10","39.10",
="089161","台化國票52購01","0","0","0","--","--","--","--"," ","0.00","3.77","25","3.80","10","29.90",
="089162","台化國票53購01","0","0","0","--","--","--","--"," ","0.00","3.81","25","3.82","10","29.90",
="089163","億泰國票52購01","52,000","6","137,510","2.76","2.76","2.61","2.61","-","0.12","2.61","25","2.62","10","38.70",
="089164","佳能國票52購03","23,000","7","100,540","4.38","4.42","4.34","4.40","-","0.15","4.38","27","4.40","10","80.80",
="089165","京元電國票51購01","167,000","7","324,730","1.74","2.02","1.74","1.95","+","0.18","1.93","25","1.95","10","142.00",
="089166","京元電國票53購01","807,000","19","1,716,040","2.03","2.30","2.01","2.16","+","0.15","2.17","25","2.19","10","142.00",
="089167","神達國票51購03","31,000","6","159,550","5.15","5.45","5.05","5.35","+","0.84","5.40","25","5.45","10","95.90",
="089168","jpp國票53購01","155,000","5","898,000","5.80","5.80","5.75","5.80","+","0.50","5.75","25","5.80","10","276.00",
="089169","亞翔國票53購03","0","0","0","--","--","--","--"," ","0.00","1.93","25","1.94","10","349.50",
="08916P","金像電群益4B售04","0","0","0","--","--","--","--"," ","0.00","--","0","--","0","0.00",
="089170","和椿國票51購04","10,000","1","20,600","2.06","2.06","2.06","2.06","X","0.00","2.06","25","2.12","10","147.00",
="089171","和椿國票54購01","2,000","1","4,680","2.34","2.34","2.34","2.34","-","0.03","2.47","25","2.54","10","147.00",
="089172","和椿國票55購01","12,000","3","33,740","2.83","2.83","2.81","2.81","+","0.29","2.73","25","2.81","10","147.00",
="089173","台塑化國票53購01","0","0","0","--","--","--","--"," ","0.00","3.06","25","3.07","10","40.75",
="089174","AES國票51購03","40,000","8","234,750","5.30","6.20","5.30","6.05","+","0.90","5.95","25","6.05","10","1,350.00",
="089175","所羅門國泰52購01","42,000","4","95,650","2.35","2.35","2.10","2.10","-","0.27","2.10","499","2.12","220","162.00",
="089176","技嘉國泰52購02","79,000","4","168,740","2.19","2.20","2.09","2.20","-","0.06","2.20","476","2.21","100","281.00",
="089177","元債2X元富4A購02","0","0","0","--","--","--","--"," ","0.00","0.09","25","0.10","25","7.05",
="089178","南亞科國泰52購05","5,000","3","16,770","3.42","3.42","3.30","3.33","-","0.24","3.26","499","3.27","100","46.65",
="089179","建準國泰52購02","20,000","1","46,800","2.34","2.34","2.34","2.34","+","0.02","2.28","499","2.30","2","137.00",
="08917P","臺股指群益54售10","0","0","0","--","--","--","--"," ","0.00","0.27","499","0.28","499","0.00",
="089180","京元電國泰52購01","54,000","3","144,570","2.65","2.72","2.65","2.72","+","0.12","2.61","499","2.65","100","142.00",
="089181","京元電國泰53購01","136,000","4","382,080","2.64","2.91","2.64","2.91","+","0.10","2.77","499","2.80","470","142.00",
="089182","健鼎國泰52購01","85,000","8","326,400","3.95","4.03","3.76","3.82","-","0.34","3.78","499","3.83","100","318.00",
="089183","台灣50凱基53購05","0","0","0","--","--","--","--"," ","0.00","2.49","100","2.50","50","52.50",
="089184","台灣50凱基58購01","0","0","0","--","--","--","--"," ","0.00","2.15","100","2.16","50","52.50",
="089185","T50反1凱基55購03","0","0","0","--","--","--","--"," ","0.00","0.89","100","0.90","10","19.79",
="089186","FB越南凱基51購02","0","0","0","--","--","--","--"," ","0.00","1.86","100","1.87","50","16.09",
="089187","台化凱基51購04","100,000","1","221,000","2.21","2.21","2.21","2.21","X","0.00","2.21","100","2.23","10","29.90",
="089188","華新凱基51購01","54,000","4","59,900","1.17","1.17","1.09","1.09","+","0.01","1.07","10","--","0","23.35",
="089189","鴻海凱基51購12","0","0","0","--","--","--","--"," ","0.00","3.24","31","3.34","10","206.00",
="08918P","臺股指群益54售11","0","0","0","--","--","--","--"," ","0.00","0.30","499","0.31","499","0.00",
="089190","仁寶凱基51購01","0","0","0","--","--","--","--"," ","0.00","0.47","10","0.57","10","28.10",
="089191","台積電凱基51購27","0","0","0","--","--","--","--"," ","0.00","1.09","100","1.10","10","1,160.00",
="089192","台積電凱基53購25","0","0","0","--","--","--","--"," ","0.00","1.29","100","1.30","10","1,160.00",
="089193","華碩凱基51購03","33,000","1","34,980","1.06","1.06","1.06","1.06","-","0.02","1.04","10","1.14","10","634.00",
="089194","矽統凱基51購06","0","0","0","--","--","--","--"," ","0.00","2.03","10","2.05","10","55.10",
="089195","矽統凱基54購01","1,000","1","1,630","1.63","1.63","1.63","1.63","-","0.04","1.65","10","1.66","10","55.10",
="089196","京元電凱基51購04","134,000","8","263,120","1.88","2.07","1.88","1.95","X","0.00","1.93","10","--","0","142.00",
="089197","京元電凱基51購05","0","0","0","--","--","--","--"," ","0.00","2.11","100","2.21","10","142.00",
="089198","聯發科凱基51購15","0","0","0","--","--","--","--"," ","0.00","1.08","100","1.09","10","1,385.00",
="089199","奇鋐凱基51購12","0","0","0","--","--","--","--"," ","0.00","6.35","50","6.85","10","1,015.00",
="08919P","臺股指群益54售12","0","0","0","--","--","--","--"," ","0.00","0.44","499","0.45","499","0.00",
="089200","欣興凱基51購08","27,000","2","54,960","2.04","2.04","2.01","2.01","-","0.09","2.14","100","2.19","10","150.00",
="089201","健鼎凱基51購05","130,000","12","355,000","2.84","2.84","2.64","2.67","-","0.38","2.65","10","2.67","10","318.00",
="089202","新日興凱基53購03","247,000","16","528,920","1.92","2.53","1.92","2.47","+","0.42","2.39","100","2.49","10","259.00",
="089204","智易凱基51購01","4,000","2","12,420","3.14","3.14","3.00","3.00","-","0.50","2.71","10","2.81","10","236.00",
="089205","世芯凱基53購06","5,000","2","13,020","2.61","2.61","2.58","2.58","+","0.08","2.39","100","2.42","10","4,000.00",
="089206","神達凱基51購12","194,000","33","980,120","5.00","5.60","4.67","5.05","+","1.15","5.05","28","5.55","10","95.90",
="089207","緯穎凱基54購06","0","0","0","--","--","--","--"," ","0.00","3.29","100","3.31","10","2,975.00",
="089208","AES凱基51購01","356,000","13","940,110","2.63","2.78","2.60","2.71","+","0.20","2.71","100","2.74","10","1,350.00",
="089209","至上凱基51購01","41,000","4","50,970","1.25","1.26","1.20","1.22","+","0.03","1.22","10","1.23","10","44.35",
="08920P","滬深2X元大51售04","290,000","6","61,300","0.22","0.22","0.20","0.21","+","0.05","0.22","250","0.23","200","0.00",
="089210","泰金寶凱基51購01","0","0","0","--","--","--","--"," ","0.00","0.74","10","0.75","10","6.01",
="089211","世紀鋼凱基51購04","0","0","0","--","--","--","--"," ","0.00","1.39","100","1.40","10","188.00",
="089212","T50反1群益51購03","0","0","0","--","--","--","--"," ","0.00","1.21","100","1.22","100","19.79",
="089213","信錦群益51購01","10,000","4","14,380","1.41","1.47","1.41","1.46","X","0.00","1.47","25","1.48","10","72.00",
="089214","第一銅群益54購01","5,000","1","14,200","2.84","2.84","2.84","2.84","+","0.09","2.86","25","2.88","10","34.50",
="089215","大成鋼群益51購03","33,000","2","66,450","2.00","2.15","2.00","2.15","-","0.08","0.32","31","--","0","38.60",
="089216","廣宇群益51購01","8,000","1","45,600","5.70","5.70","5.70","5.70","X","0.00","5.50","10","6.00","10","60.90",
="089217","台積電群益56購03","0","0","0","--","--","--","--"," ","0.00","--","0","--","0","1,160.00",
="089218","台積電群益56購04","0","0","0","--","--","--","--"," ","0.00","0.32","55","--","0","1,160.00",
="089219","台積電群益57購07","0","0","0","--","--","--","--"," ","0.00","--","0","--","0","1,160.00",
="08921P","A50正2元大4B售02","0","0","0","--","--","--","--"," ","0.00","0.22","499","0.23","100","0.00",
="089220","鴻準群益51購01","11,000","2","59,300","5.40","5.40","5.30","5.30","X","0.00","5.20","10","5.70","10","71.70",
="089221","金像電群益55購01","195,000","12","370,840","1.83","1.96","1.81","1.96","+","0.11","1.95","100","1.97","100","486.00",
="089222","技嘉群益54購01","95,000","5","186,050","2.02","2.02","1.93","1.96","-","0.08","0.78","64","--","0","281.00",
="089223","創意群益51購06","419,000","28","642,870","1.48","1.58","1.44","1.53","+","0.07","1.16","20","--","0","1,350.00",
="089224","健策群益51購03","10,000","6","56,400","5.25","5.80","5.25","5.60","-","0.65","5.70","10","6.20","10","1,905.00",
="089225","精成科群益52購02","323,000","8","573,600","1.92","1.92","1.68","1.83","+","0.57","1.89","20","2.64","83","131.00",
="089226","上証2X中信54購01","14,000","5","41,230","2.84","3.00","2.84","2.97","-","0.41","2.80","499","2.82","100","0.00",
="089227","玉山金中信51購01","294,000","5","340,650","1.15","1.16","1.15","1.16","X","0.00","1.12","10","1.14","10","0.00",
="089228","台泥永豐51購02","0","0","0","--","--","--","--"," ","0.00","0.48","499","0.49","10","22.80",
="089229","中砂永豐52購06","52,000","4","55,180","1.01","1.09","1.01","1.09","+","0.13","1.05","10","1.06","10","347.00",
="08922P","台積電元大4B售24","0","0","0","--","--","--","--"," ","0.00","--","0","--","0","0.00",
="089230","大成鋼永豐51購02","10,000","1","9,600","0.96","0.96","0.96","0.96","-","0.21","0.87","499","0.97","10","38.60",
="089231","矽統永豐51購01","0","0","0","--","--","--","--"," ","0.00","1.85","499","1.86","10","55.10",
="089232","燿華永豐51購01","0","0","0","--","--","--","--"," ","0.00","1.28","10","1.33","10","31.45",
="089233","瑞昱永豐52購01","0","0","0","--","--","--","--"," ","0.00","0.72","499","0.82","10","545.00",
="089234","玉晶光永豐52購02","0","0","0","--","--","--","--"," ","0.00","2.04","499","2.05","10","461.50",
="089235","神達永豐51購03","92,000","10","475,050","5.15","5.50","5.15","5.20","+","0.89","5.15","10","5.35","10","95.90",
="089236","富世達永豐51購04","42,000","5","100,080","2.39","2.46","2.30","2.44","+","0.05","2.40","10","2.50","10","1,145.00",
="089237","T50反1元大51購06","1,003,000","12","731,910","0.71","0.75","0.70","0.72","+","0.03","0.73","100","0.74","10","19.79",
="089238","T50反1元大53購03","0","0","0","--","--","--","--"," ","0.00","0.52","499","0.53","10","19.79",
="089239","T50反1元大54購03","1,098,000","3","1,277,680","1.16","1.20","1.16","1.20","X","0.00","1.17","100","1.18","10","19.79",
="08923P","台光電元大4B售09","0","0","0","--","--","--","--"," ","0.00","0.05","499","0.06","200","0.00",
="089240","滬深2X元大53購07","0","0","0","--","--","--","--"," ","0.00","2.11","499","2.12","100","18.32",
="089241","台泥元大51購06","13,000","2","8,060","0.62","0.62","0.62","0.62","-","0.05","0.62","499","0.63","10","22.80",
="089242","台泥元大51購07","56,000","2","32,540","0.58","0.59","0.58","0.59","-","0.04","0.58","499","0.59","10","22.80",
="089243","南亞元大51購01","47,000","5","440,250","9.65","9.65","9.35","9.45","-","1.25","9.05","50","9.10","10","43.00",
="089244","南亞元大51購02","0","0","0","--","--","--","--"," ","0.00","5.45","100","--","0","43.00",
="089245","台化元大51購03","0","0","0","--","--","--","--"," ","0.00","2.69","250","2.72","10","29.90",
="089246","聚陽元大51購02","8,000","1","7,840","0.98","0.98","0.98","0.98","X","0.00","1.00","499","1.02","10","265.00",
="089247","華城元大53購02","83,000","9","317,680","3.91","3.96","3.78","3.96","+","0.10","3.69","200","3.72","10","618.00",
="089248","川湖元大51購11","65,000","4","132,600","2.04","2.04","2.04","2.04","+","0.13","1.95","400","1.98","10","2,925.00",
="089249","川湖元大57購01","43,000","4","125,760","2.86","2.95","2.85","2.95","+","0.06","2.86","250","2.89","10","2,925.00",
="08924P","奇鋐元大4B售08","0","0","0","--","--","--","--"," ","0.00","--","0","0.10","10","0.00",
="089250","鴻海元大53購04","102,000","4","198,880","1.91","1.97","1.91","1.95","-","0.11","1.94","350","1.96","10","206.00",
="089251","矽統元大51購06","254,000","3","140,120","0.53","0.56","0.52","0.56","+","0.01","0.54","499","0.55","10","55.10",
="089252","矽統元大51購07","127,000","8","129,010","1.03","1.06","0.97","1.06","-","0.01","1.03","499","1.04","10","55.10",
="089253","技嘉元大51購08","131,000","2","161,390","1.25","1.25","1.23","1.23","-","0.06","1.19","499","1.20","10","281.00",
="089254","漢唐元大51購10","13,000","2","112,450","8.65","8.65","8.65","8.65","-","0.95","9.45","100","9.75","10","1,190.00",
="089255","漢唐元大51購11","30,000","3","276,000","9.05","9.50","9.05","9.50","-","0.60","9.75","100","10.00","10","1,190.00",
="089256","漢唐元大51購12","30,000","2","276,000","9.25","9.25","9.15","9.15","-","0.85","9.50","100","9.80","10","1,190.00",
="089257","南亞科元大53購04","50,000","6","151,970","3.06","3.06","3.00","3.05","-","0.06","2.89","250","2.90","10","46.65",
="089258","全新元大51購03","131,000","8","140,230","1.11","1.11","1.05","1.07","-","0.12","1.04","499","1.06","10","153.50",
="089259","全新元大51購04","24,000","4","28,590","1.17","1.23","1.11","1.20","-","0.08","1.10","499","1.12","10","153.50",
="08925P","緯穎元大4B售07","15,000","1","4,350","0.29","0.29","0.29","0.29","-","0.01","0.31","499","0.32","200","0.00",
="089260","志聖元大51購01","135,000","17","565,000","4.00","4.71","3.74","3.74","+","0.14","3.55","200","3.61","10","201.50",
="089261","聯詠元大51購01","30,000","1","10,500","0.35","0.35","0.35","0.35","+","0.03","0.32","25","0.33","10","435.00",
="089262","智原元大51購15","462,000","4","149,520","0.33","0.33","0.32","0.32"," ","0.00","0.32","499","0.33","10","158.00",
="089263","欣興元大53購01","71,000","9","89,330","1.25","1.31","1.21","1.30","-","0.03","1.27","499","1.30","7","150.00",
="089264","華晶科元大51購01","56,000","7","213,610","3.89","3.89","3.78","3.81","-","0.17","3.62","200","3.66","10","50.30",
="089265","華晶科元大51購02","17,000","2","93,400","5.50","5.50","5.40","5.40","-","0.10","5.15","150","5.20","10","50.30",
="089266","玉晶光元大51購11","95,000","5","272,300","2.84","2.92","2.79","2.92","+","0.05","2.86","250","2.88","10","461.50",
="089267","創意元大51購12","30,000","4","31,000","1.05","1.05","1.01","1.01","+","0.04","0.32","31","1.05","10","1,350.00",
="089268","創意元大51購13","46,000","6","49,880","1.06","1.11","1.06","1.09","+","0.03","0.41","48","--","0","1,350.00",
="089269","聯鈞元大51購09","104,000","10","113,400","1.15","1.16","1.05","1.11","-","0.13","1.03","499","1.05","10","202.00",
="08926P","智邦元富4B售01","0","0","0","--","--","--","--"," ","0.00","0.07","25","0.10","10","0.00",
="089270","華擎元大51購06","0","0","0","--","--","--","--"," ","0.00","1.23","499","1.25","10","281.00",
="089271","世芯元大53購04","29,000","3","90,010","3.11","3.11","3.09","3.09","+","0.01","2.95","250","2.98","10","4,000.00",
="089272","日月光元大51購04","40,000","1","20,400","0.51","0.51","0.51","0.51","X","0.00","0.47","499","0.49","10","147.50",
="089273","臻鼎元大51購05","0","0","0","--","--","--","--"," ","0.00","5.30","150","--","0","194.00",
="089274","瀚宇博元大51購01","53,000","4","175,730","3.33","3.49","3.28","3.49","+","0.94","3.13","200","3.17","10","81.70",
="089275","瀚宇博元大51購02","52,000","5","189,650","3.59","3.78","3.59","3.78","+","0.83","3.47","200","3.50","10","81.70",
="089276","亞翔元大51購11","162,000","6","103,610","0.65","0.65","0.58","0.58","-","0.07","0.55","499","0.56","10","349.50",
="089277","亞翔元大53購01","0","0","0","--","--","--","--"," ","0.00","2.21","300","2.22","10","349.50",
="089278","和椿元大51購02","88,000","13","120,080","1.32","1.44","1.32","1.42","+","0.09","1.41","30","1.45","10","147.00",
="089279","和椿元大51購03","39,000","6","53,940","1.27","1.47","1.27","1.47","+","0.10","1.43","25","1.47","10","147.00",
="08927P","所羅門國票4B售01","1,004,000","20","480,250","0.48","0.51","0.44","0.51","+","0.05","0.51","18","0.52","10","0.00",
="089280","愛普元大51購09","393,000","9","495,770","1.23","1.27","1.21","1.27","+","0.01","1.28","499","1.32","10","305.50",
="089281","AES元大51購07","195,000","10","438,470","2.21","2.31","2.16","2.31","+","0.28","2.28","400","2.32","10","1,350.00",
="089282","AES元大51購08","195,000","13","355,500","1.65","1.90","1.65","1.90","+","0.28","1.84","450","1.88","10","1,350.00",
="089283","富世達元大51購08","4,000","4","22,000","5.50","5.50","5.50","5.50","-","0.15","1.86","10","--","0","1,145.00",
="089284","世紀鋼元大55購03","41,000","3","107,650","2.65","2.65","2.61","2.61","-","0.16","2.55","250","2.57","10","188.00",
="089285","鴻海中信54購01","42,000","3","109,740","2.60","2.62","2.60","2.62","-","0.13","2.64","10","2.67","10","0.00",
="089286","精成科中信53購01","235,000","26","283,940","1.13","1.31","1.13","1.31","+","0.32","1.26","10","1.36","1","0.00",
="089287","晶心科中信51購01","453,000","24","303,730","0.71","0.72","0.65","0.65","-","0.07","0.66","20","0.67","10","0.00",
="089288","台玻統一57購01","0","0","0","--","--","--","--"," ","0.00","--","0","--","0","34.55",
="089289","川湖統一61購01","6,000","3","6,480","1.08","1.08","1.08","1.08"," ","0.00","1.08","10","1.09","10","2,925.00",
="08928P","長榮國票4C售04","0","0","0","--","--","--","--"," ","0.00","0.15","25","0.16","10","0.00",
="089290","金寶統一57購01","64,000","4","40,330","0.62","0.64","0.62","0.63","-","0.02","0.63","10","0.64","10","19.05",
="089291","廣宇統一59購01","318,000","12","317,320","0.98","1.03","0.98","1.00"," ","0.00","0.99","10","1.00","10","60.90",
="089292","健鼎統一57購01","97,000","7","91,100","0.94","0.94","0.93","0.93","-","0.05","0.91","10","0.92","10","318.00",
="089293","瀚宇博統一57購02","372,000","10","362,180","0.96","1.00","0.90","0.92"," ","0.00","0.88","10","0.89","10","81.70",
="089294","瀚宇博統一59購01","55,000","2","37,710","0.68","0.69","0.68","0.69","+","0.02","0.66","10","0.67","10","81.70",
="089295","飛捷統一56購02","42,000","1","18,480","0.44","0.44","0.44","0.44"," ","0.00","0.43","10","0.44","10","112.50",
="089296","矽力統一57購02","69,000","2","46,000","0.67","0.67","0.66","0.66","-","0.01","0.64","10","0.65","10","317.00",
="089297","緯穎統一61購01","86,000","2","102,340","1.19","1.19","1.19","1.19"," ","0.00","1.18","11","1.19","10","2,975.00",
="089298","奇鋐第一51購01","0","0","0","--","--","--","--"," ","0.00","1.43","10","1.53","10","0.00",
="089299","奇鋐第一56購01","402,000","23","704,070","1.89","1.89","1.68","1.72","-","0.17","1.70","10","1.73","10","0.00",
="08929P","光聖國票4B售02","141,000","7","8,440","0.05","0.06","0.05","0.06"," ","0.00","0.05","31","0.06","13","0.00",
="089300","神達台新51購01","71,000","9","350,440","4.80","5.00","4.80","4.94","+","0.77","4.99","20","5.45","10","0.00",
="089301","台灣50永豐51購08","0","0","0","--","--","--","--"," ","0.00","0.82","10","0.83","10","52.50",
="089302","滬深2X永豐51購08","0","0","0","--","--","--","--"," ","0.00","0.96","499","0.97","10","18.32",
="089303","南亞永豐53購01","22,000","5","139,500","6.40","6.40","6.20","6.25","-","1.75","6.15","10","6.20","10","43.00",
="089304","中興電永豐53購01","62,000","3","46,500","0.75","0.75","0.75","0.75","X","0.00","0.79","499","0.80","10","167.00",
="089305","華城永豐51購05","153,000","8","217,490","1.45","1.46","1.39","1.42","-","0.05","1.40","499","1.41","10","618.00",
="089306","上銀永豐53購02","25,000","2","33,600","1.38","1.38","1.32","1.32","+","0.06","1.27","499","1.28","10","215.50",
="089307","廣宇永豐53購02","3,000","1","9,660","3.22","3.22","3.22","3.22","+","0.03","3.32","499","3.38","10","60.90",
="089308","新日興永豐53購02","20,000","2","24,600","1.16","1.30","1.16","1.30","+","0.12","0.45","22","--","0","259.00",
="089309","瀚宇博永豐51購01","197,000","12","499,060","2.79","2.90","2.38","2.38","+","0.06","2.39","10","2.40","10","81.70",
="08930P","光聖國票51售02","161,000","7","22,250","0.14","0.14","0.13","0.14","+","0.01","0.13","25","0.14","70","0.00",
="089310","精成科永豐53購02","214,000","11","305,560","1.48","1.48","1.35","1.35","+","0.33","1.45","10","--","0","131.00",
="089311","洋基永豐51購02","16,000","3","47,200","2.96","2.96","2.94","2.96","-","0.14","2.55","499","2.65","10","476.00",
="089312","AES永豐53購01","0","0","0","--","--","--","--"," ","0.00","3.35","499","3.41","10","1,350.00",
="089313","富世達永豐53購03","23,000","1","51,520","2.24","2.24","2.24","2.24","X","0.00","2.21","499","2.28","10","1,145.00",
="089314","羅昇永豐51購01","10,000","1","7,100","0.71","0.71","0.71","0.71","-","0.10","0.73","10","0.75","10","114.50",
="089315","百和永豐51購01","37,000","2","51,650","1.40","1.40","1.37","1.37","X","0.00","1.36","10","1.37","10","54.00",
="089316","T50反1凱基51購04","151,000","6","174,150","1.14","1.21","1.14","1.19","+","0.07","1.19","100","1.20","10","19.79",
="089317","T50反1凱基51購05","0","0","0","--","--","--","--"," ","0.00","0.46","100","0.47","10","19.79",
="089318","A50正2凱基55購02","445,000","13","377,250","0.84","0.85","0.84","0.85","-","0.17","0.87","10","--","0","31.56",
="089319","台塑凱基51購06","0","0","0","--","--","--","--"," ","0.00","1.57","100","1.67","10","39.10",
="08931P","台積電國泰4C售01","0","0","0","--","--","--","--"," ","0.00","0.37","499","0.42","499","0.00",
="089320","南亞凱基51購02","0","0","0","--","--","--","--"," ","0.00","4.56","50","6.00","1","43.00",
="089321","華城凱基53購02","26,000","2","37,180","1.43","1.43","1.43","1.43","+","0.02","1.34","100","1.35","10","618.00",
="089322","台玻凱基53購01","0","0","0","--","--","--","--"," ","0.00","9.65","10","10.30","10","34.55",
="089323","大成鋼凱基51購01","0","0","0","--","--","--","--"," ","0.00","2.94","100","3.04","10","38.60",
="089324","廣宇凱基51購03","45,000","6","228,400","4.97","5.30","4.97","5.05","+","0.25","4.88","100","4.98","10","60.90",
="089325","台積電凱基53購27","0","0","0","--","--","--","--"," ","0.00","1.48","100","1.49","10","1,160.00",
="089326","台積電凱基53購28","30,000","1","51,300","1.71","1.71","1.71","1.71","-","0.12","1.62","100","1.63","10","1,160.00",
="089327","矽統凱基51購07","0","0","0","--","--","--","--"," ","0.00","1.47","10","1.48","10","55.10",
="089328","金像電凱基55購02","47,000","7","169,260","3.48","3.66","3.48","3.66","+","0.22","3.67","100","3.68","10","486.00",
="089329","佳能凱基53購01","5,000","4","24,350","4.85","4.89","4.85","4.89","-","0.16","4.89","10","4.99","10","80.80",
="08932P","台灣50富邦4C售05","0","0","0","--","--","--","--"," ","0.00","0.19","100","0.20","98","0.00",
="089330","瑞昱凱基51購02","386,000","21","449,360","1.16","1.20","1.13","1.17","-","0.03","1.13","89","1.14","10","545.00",
="089331","新日興凱基51購04","246,000","16","689,120","2.51","3.23","2.50","3.23","+","0.73","3.17","4","3.23","10","259.00",
="089332","創意凱基51購06","90,000","9","168,000","1.80","1.92","1.80","1.85","+","0.10","1.79","100","1.89","10","1,350.00",
="089333","華擎凱基51購03","54,000","6","136,400","2.59","2.59","2.49","2.51","-","0.10","2.44","10","2.46","10","281.00",
="089334","牧德凱基51購03","46,000","11","175,110","3.84","4.00","3.68","4.00","+","0.50","4.04","10","4.11","10","594.00",
="089335","神達凱基51購13","109,000","18","1,250,500","11.50","12.20","10.90","11.20","+","1.80","11.40","10","11.50","10","95.90",
="089336","祥碩凱基51購04","60,000","6","37,310","0.65","0.65","0.61","0.62","-","0.06","0.61","100","0.71","10","1,665.00",
="089337","瀚宇博凱基51購02","224,000","33","690,550","3.13","3.59","2.84","2.89","-","0.28","2.85","36","2.87","10","81.70",
="089338","亞翔凱基53購01","0","0","0","--","--","--","--"," ","0.00","2.18","100","2.20","10","349.50",
="089339","台塑化凱基53購01","0","0","0","--","--","--","--"," ","0.00","3.27","10","3.29","10","40.75",
="08933P","台灣50富邦52售01","0","0","0","--","--","--","--"," ","0.00","0.20","100","0.21","98","0.00",
="089340","愛普凱基51購07","34,000","6","45,470","1.31","1.44","1.31","1.44","+","0.10","1.41","10","1.42","10","305.50",
="089341","晶心科凱基51購01","43,000","6","87,240","2.09","2.09","1.92","1.92","-","0.17","1.98","10","2.00","10","283.00",
="089342","連加凱基51購06","0","0","0","--","--","--","--"," ","0.00","0.70","100","0.71","10","615.00",
="089343","昇陽半凱基51購03","64,000","7","162,350","2.44","2.63","2.44","2.47","+","0.02","2.49","100","2.53","10","152.50",
="089344","美利達凱基53購01","471,000","5","485,130","1.03","1.03","1.03","1.03","-","0.02","1.00","100","1.02","10","112.50",
="089345","臺股指凱基63購01","11,000","2","10,990","1.00","1.00","0.99","0.99","-","0.07","0.99","100","1.00","10","0.00",
="089346","台玻富邦51購01","0","0","0","--","--","--","--"," ","0.00","6.40","30","6.90","10","0.00",
="089347","第一銅富邦53購01","60,000","2","41,200","0.69","0.69","0.67","0.67","-","0.01","0.66","30","0.67","10","0.00",
="089348","中鴻富邦53購01","7,000","4","7,390","1.03","1.06","1.03","1.06","-","0.02","1.04","30","1.05","10","0.00",
="089349","宏達電富邦51購02","4,000","3","16,580","4.23","4.23","4.08","4.19","+","0.21","3.97","30","4.07","10","0.00",
="08934P","台光電富邦4C售02","1,000","1","140","0.14","0.14","0.14","0.14","X","0.00","0.04","30","0.05","10","0.00",
="089350","玉山金富邦51購01","0","0","0","--","--","--","--"," ","0.00","0.63","30","0.64","10","0.00",
="089351","亞光富邦53購01","143,000","8","276,810","1.88","1.99","1.88","1.99","+","0.06","1.81","10","1.82","10","0.00",
="089352","華擎富邦53購01","900,000","24","713,500","0.82","0.82","0.78","0.78","-","0.07","0.78","30","0.79","10","0.00",
="089353","jpp富邦53購01","797,000","66","1,271,820","1.55","1.65","1.52","1.58","+","0.10","1.56","10","1.58","9","0.00",
="089354","愛普富邦51購01","875,000","44","581,660","0.65","0.72","0.62","0.70","+","0.06","0.69","30","0.70","10","0.00",
="089355","臺股指富邦53購09","0","0","0","--","--","--","--"," ","0.00","1.88","499","1.89","100","0.00",
="089356","臺股指富邦53購10","6,000","3","8,940","1.53","1.53","1.45","1.45","-","0.13","1.46","499","1.47","100","0.00",
="089357","台化群益51購02","9,000","1","19,710","2.19","2.19","2.19","2.19","X","0.00","1.99","10","2.09","10","29.90",
="089358","華新群益53購01","134,000","7","143,540","1.06","1.14","1.06","1.14","+","0.11","1.06","3","1.15","10","23.35",
="089359","台玻群益51購02","0","0","0","--","--","--","--"," ","0.00","11.80","10","--","0","34.55",
="08935P","道瓊2X中信53售02","0","0","0","--","--","--","--"," ","0.00","0.87","502","0.88","100","0.00",
="089360","國巨群益51購01","45,000","7","62,610","1.36","1.44","1.36","1.41","+","0.09","1.30","100","1.33","100","137.00",
="089361","台積電群益51購23","0","0","0","--","--","--","--"," ","0.00","0.50","40","--","0","1,160.00",
="089362","華碩群益51購02","40,000","2","72,880","1.83","1.83","1.82","1.82","-","0.06","0.49","20","--","0","634.00",
="089363","昆盈群益51購01","284,000","22","789,610","2.88","2.95","2.72","2.72","-","0.14","2.68","10","2.78","10","49.85",
="089364","燿華群益51購01","0","0","0","--","--","--","--"," ","0.00","1.82","25","1.92","10","31.45",
="089365","台光電群益53購03","1,000","1","2,740","2.74","2.74","2.74","2.74","X","0.00","1.23","30","2.83","10","1,250.00",
="089366","京元電群益51購04","0","0","0","--","--","--","--"," ","0.00","0.88","41","--","0","142.00",
="089367","京元電群益53購01","791,000","18","1,272,320","1.51","1.67","1.51","1.60","+","0.15","1.60","5","1.70","40","142.00",
="089368","欣興群益55購01","289,000","22","575,110","1.90","2.12","1.88","2.03","-","0.06","2.02","100","2.04","100","150.00",
="089369","健鼎群益53購01","49,000","4","94,880","1.94","1.94","1.93","1.93","-","0.13","1.83","100","1.87","100","318.00",
="08936P","T50正2群益4B售04","0","0","0","--","--","--","--"," ","0.00","0.15","25","0.16","10","0.00",
="089370","新日興群益51購06","159,000","10","288,870","1.67","2.05","1.67","2.05","+","0.33","0.63","15","--","0","259.00",
="089371","神達群益53購01","59,000","10","494,700","8.30","8.55","8.30","8.30","+","1.00","8.55","10","9.05","10","95.90",
="089372","聯茂群益51購03","0","0","0","--","--","--","--"," ","0.00","1.87","5","--","0","125.00",
="089373","緯穎群益51購07","0","0","0","--","--","--","--"," ","0.00","--","0","3.15","10","2,975.00",
="089374","洋基群益53購01","2,000","1","4,680","2.34","2.34","2.34","2.34","-","0.17","0.69","14","--","0","476.00",
="089375","鈺齊群益53購01","108,000","3","74,520","0.69","0.69","0.69","0.69","-","0.08","0.26","38","--","0","106.50",
="089376","潤泰新群益51購03","0","0","0","--","--","--","--"," ","0.00","0.07","10","--","0","29.60",
="089377","國喬元富51購02","0","0","0","--","--","--","--"," ","0.00","0.73","25","0.74","25","9.92",
="089378","國喬元富54購01","0","0","0","--","--","--","--"," ","0.00","0.56","25","0.57","25","9.92",
="089379","中興電元富51購01","0","0","0","--","--","--","--"," ","0.00","2.29","25","2.33","25","167.00",
="08937P","中砂群益4B售02","40,000","3","8,000","0.21","0.21","0.19","0.19","X","0.00","0.20","10","0.30","10","0.00",
="089380","華新元富51購01","20,000","2","43,200","2.15","2.17","2.15","2.17","+","0.07","2.04","25","2.06","25","23.35",
="089381","昆盈元富51購01","192,000","6","565,150","3.02","3.11","2.91","2.91","-","0.44","2.85","25","2.87","25","49.85",
="089382","仲琦元富53購01","0","0","0","--","--","--","--"," ","0.00","1.27","25","1.28","25","23.80",
="089383","華擎元富51購02","3,000","1","7,470","2.49","2.49","2.49","2.49","X","0.00","2.45","25","2.47","25","281.00",
="089384","敦泰元富51購01","90,000","13","156,960","1.75","1.87","1.61","1.61","+","0.01","1.57","25","1.58","25","69.90",
="089385","神達元富51購07","30,000","11","96,490","3.12","3.45","3.09","3.16","+","0.49","3.19","25","3.20","25","95.90",
="089386","瀚宇博元富51購02","79,000","3","244,010","3.11","3.11","3.05","3.05","+","0.75","2.62","25","2.63","25","81.70",
="089387","洋基元富51購02","12,000","3","19,370","1.64","1.64","1.48","1.49","-","0.24","1.42","25","1.43","10","476.00",
="089388","雷虎元富51購01","5,000","2","98,200","21.40","21.40","19.20","19.20","-","2.00","19.50","25","19.80","25","173.00",
="089389","臺股指元富51購20","0","0","0","--","--","--","--"," ","0.00","4.82","25","4.83","25","0.00",
="08938P","台積電群益4C售10","0","0","0","--","--","--","--"," ","0.00","0.01","529","--","0","0.00",
="089390","臺股指元富51購21","0","0","0","--","--","--","--"," ","0.00","3.85","25","3.86","25","0.00",
="089391","聚陽國泰53購01","0","0","0","--","--","--","--"," ","0.00","1.55","499","1.56","100","265.00",
="089392","台玻國泰53購01","0","0","0","--","--","--","--"," ","0.00","11.10","499","--","0","34.55",
="089393","燿華國泰53購01","0","0","0","--","--","--","--"," ","0.00","2.96","499","--","0","31.45",
="089394","佳能國泰53購01","1,580,000","7","7,316,800","4.59","4.76","4.56","4.76","-","0.59","4.78","250","4.83","100","80.80",
="089395","長榮國泰56購01","41,000","2","35,950","0.89","0.89","0.86","0.86","X","0.00","0.84","499","0.85","499","188.00",
="089396","華擎國泰53購01","0","0","0","--","--","--","--"," ","0.00","1.94","499","1.97","100","281.00",
="089397","牧德國泰53購01","85,000","6","161,550","1.89","1.95","1.86","1.93","+","0.22","2.04","499","2.05","100","594.00",
="089398","神達國泰53購01","44,000","2","254,800","5.90","5.90","5.70","5.70","+","0.74","5.75","100","5.95","100","95.90",
="089399","神達國泰53購02","182,000","12","717,870","3.85","4.00","3.85","3.96","+","0.66","3.96","499","4.06","100","95.90",
="08939P","智原群益4C售04","0","0","0","--","--","--","--"," ","0.00","1.53","100","1.54","100","0.00",
="089400","神達國泰53購03","10,000","3","48,750","4.96","5.15","4.83","5.15","+","0.74","4.94","210","5.20","100","95.90",
="089401","愛普國泰53購01","41,000","2","67,150","1.63","1.71","1.63","1.71","X","0.00","1.69","499","1.70","450","305.50",
="089402","富世達國泰53購01","3,000","3","13,810","4.69","4.69","4.43","4.69","-","0.15","4.69","499","4.79","10","1,145.00",
="089403","元債2X國票57購01","0","0","0","--","--","--","--"," ","0.00","0.44","25","0.45","10","7.05",
="089404","元債2X國票5A購01","0","0","0","--","--","--","--"," ","0.00","0.44","25","0.45","10","7.05",
="089405","台塑國票53購02","10,000","1","21,600","2.16","2.16","2.16","2.16","-","0.30","2.15","25","2.17","10","39.10",
="089406","台塑國票54購01","0","0","0","--","--","--","--"," ","0.00","2.92","25","2.94","10","39.10",
="089407","台化國票51購02","0","0","0","--","--","--","--"," ","0.00","2.84","25","2.85","10","29.90",
="089408","台化國票54購01","0","0","0","--","--","--","--"," ","0.00","2.77","25","2.87","10","29.90",
="089409","台達電國票53購01","115,000","14","695,500","6.20","6.20","5.90","6.15","-","0.10","6.05","25","6.20","10","709.00",
="08940P","臺股指群益57售02","3,000","1","2,460","0.82","0.82","0.82","0.82","+","0.01","0.82","499","0.83","499","0.00",
="089410","國巨國票51購02","14,000","3","21,340","1.54","1.54","1.43","1.43","-","0.02","1.41","25","1.43","10","137.00",
="089411","國巨國票53購01","0","0","0","--","--","--","--"," ","0.00","1.57","25","1.59","10","137.00",
="089412","昆盈國票51購01","168,000","6","409,160","2.52","2.52","2.38","2.43","-","0.15","2.38","25","2.39","10","49.85",
="089413","昆盈國票53購01","3,000","1","7,770","2.59","2.59","2.59","2.59","-","0.29","2.47","25","2.48","10","49.85",
="089414","昆盈國票53購02","19,000","4","51,430","2.69","2.79","2.59","2.59","-","0.34","2.56","25","2.57","10","49.85",
="089415","聯發科國票51購04","0","0","0","--","--","--","--"," ","0.00","0.52","25","0.53","10","1,385.00",
="089416","聯發科國票53購01","0","0","0","--","--","--","--"," ","0.00","0.77","25","0.79","10","1,385.00",
="089417","世芯國票51購08","200,000","6","516,150","2.60","2.63","2.53","2.53","-","0.05","2.43","25","2.45","10","4,000.00",
="089418","世芯國票53購03","0","0","0","--","--","--","--"," ","0.00","2.48","25","2.51","10","4,000.00",
="089419","祥碩國票51購02","8,000","1","4,640","0.58","0.58","0.58","0.58","-","0.03","0.57","25","0.58","10","1,665.00",
="08941P","智邦台新4B售01","0","0","0","--","--","--","--"," ","0.00","0.08","10","0.11","10","0.00",
="089420","祥碩國票53購01","0","0","0","--","--","--","--"," ","0.00","0.76","25","0.77","10","1,665.00",
="089421","世紀鋼國票55購01","154,000","11","282,580","1.85","1.87","1.82","1.83","-","0.11","1.84","25","1.85","10","188.00",
="089422","南亞元大51購03","2,000","1","12,900","6.45","6.45","6.45","6.45","-","1.05","6.05","100","6.10","10","43.00",
="089423","華城元大51購16","26,000","3","57,500","2.23","2.23","2.20","2.20","+","0.05","2.07","350","2.09","10","618.00",
="089424","華城元大53購03","34,000","4","105,640","3.16","3.16","3.06","3.14","+","0.11","2.91","250","2.93","10","618.00",
="089425","中砂元大51購11","1,585,000","13","1,989,170","1.17","1.35","1.17","1.35","+","0.19","1.24","25","1.29","10","347.00",
="089428","大成鋼元大51購09","27,000","4","61,920","2.24","2.34","2.24","2.34","-","0.08","2.18","25","2.20","10","38.60",
="089429","川湖元大57購02","73,000","6","172,570","2.33","2.43","2.33","2.43","+","0.09","2.33","300","2.36","10","2,925.00",
="08942P","台灣50元大4B售15","0","0","0","--","--","--","--"," ","0.00","0.18","100","0.19","10","0.00",
="089430","光寶科元大51購06","531,000","6","511,160","0.99","0.99","0.96","0.97","-","0.02","0.94","25","0.97","10","130.00",
="089431","聯電元大51購01","0","0","0","--","--","--","--"," ","0.00","0.93","499","0.95","10","40.60",
="089432","台達電元大51購14","389,000","51","1,065,100","2.75","2.86","2.05","2.75","-","0.23","2.74","35","2.75","10","709.00",
="089433","華邦電元大51購09","33,000","2","42,500","1.26","1.30","1.26","1.30"," ","0.00","1.24","499","1.27","10","19.60",
="089434","智邦元大51購09","0","0","0","--","--","--","--"," ","0.00","5.70","150","5.80","10","984.00",
="089435","智邦元大53購02","181,000","8","806,250","4.31","4.52","4.31","4.52","+","0.05","4.34","150","4.37","10","984.00",
="089436","致茂元大51購06","59,000","7","338,900","5.80","5.80","5.70","5.80","-","0.15","5.90","25","6.00","10","556.00",
="089438","台光電元大53購05","5,000","1","6,650","1.33","1.33","1.33","1.33","-","0.07","1.27","5","--","0","1,250.00",
="089439","南亞科元大51購17","61,000","6","178,940","2.95","2.95","2.81","2.81","-","0.21","2.75","250","2.76","10","46.65",
="08943P","台灣50元大4B售16","0","0","0","--","--","--","--"," ","0.00","0.14","100","0.15","10","0.00",
="089440","欣興元大51購17","253,000","13","259,380","1.00","1.08","0.96","1.05","-","0.02","1.04","5","1.05","10","150.00",
="089441","欣興元大51購18","50,000","4","53,660","1.08","1.13","1.02","1.11","+","0.01","1.07","499","1.10","10","150.00",
="089442","欣興元大53購02","106,000","8","109,670","1.02","1.11","0.99","1.11","+","0.02","1.06","15","1.07","10","150.00",
="089443","健鼎元大51購05","67,000","7","146,700","2.19","2.24","2.14","2.14","-","0.25","2.03","300","2.06","10","318.00",
="089444","昇貿元大51購01","14,000","5","271,900","20.40","20.40","19.00","19.00","+","2.60","18.70","50","19.20","10","129.00",
="089445","群創元大53購02","321,000","13","493,640","1.38","1.71","1.35","1.65","+","0.43","1.62","499","1.65","10","14.15",
="089446","華擎元大51購07","36,000","1","48,240","1.34","1.34","1.34","1.34","-","0.05","1.31","499","1.33","10","281.00",
="089447","華擎元大51購08","64,000","4","109,240","1.75","1.75","1.69","1.69","-","0.11","1.67","450","1.69","10","281.00",
="089448","世芯元大51購48","12,000","2","62,100","5.20","5.20","5.10","5.10","+","0.10","4.85","150","4.91","10","4,000.00",
="08944P","台灣50元大4B售20","0","0","0","--","--","--","--"," ","0.00","0.12","499","0.13","10","0.00",
="089450","世芯元大53購05","0","0","0","--","--","--","--"," ","0.00","0.84","499","0.85","10","4,000.00",
="089451","貿聯元大51購13","308,000","12","350,130","1.02","1.18","1.02","1.13","+","0.12","1.10","499","1.13","6","981.00",
="089452","祥碩元大51購02","177,000","3","49,020","0.29","0.29","0.26","0.26","-","0.02","0.25","818","0.26","10","1,665.00",
="089455","瀚宇博元大51購03","127,000","16","448,460","3.85","3.87","3.06","3.16","+","0.02","3.06","250","3.09","10","81.70",
="089456","亞翔元大53購02","16,000","2","59,220","3.72","3.72","3.67","3.67","-","0.06","3.36","200","3.38","10","349.50",
="08945P","台灣50元大4B售21","20,000","1","1,800","0.09","0.09","0.09","0.09","X","0.00","0.09","100","0.10","10","0.00",
="089461","愛普元大51購10","207,000","5","289,160","1.39","1.41","1.38","1.39","-","0.07","1.45","499","1.49","10","305.50",
="089462","洋基元大51購07","70,000","13","252,830","3.83","3.83","3.35","3.35","-","0.58","3.28","200","3.30","10","476.00",
="089463","洋基元大51購08","15,000","3","59,690","4.07","4.07","3.67","3.67","-","0.52","3.54","200","3.55","10","476.00",
="089464","富世達元大51購09","27,000","7","165,650","6.05","6.30","6.05","6.30","-","0.10","3.53","5","--","0","1,145.00",
="089465","連加元大51購10","0","0","0","--","--","--","--"," ","0.00","1.08","499","1.10","10","615.00",
="089466","川湖第一55購01","212,000","6","300,980","1.40","1.45","1.40","1.41"," ","0.00","1.40","10","1.42","10","0.00",
="089467","神達第一51購01","11,000","2","36,240","3.24","3.30","3.24","3.30","+","0.54","3.32","10","3.42","10","0.00",
="089468","精成科兆豐54購01","159,000","11","238,840","1.58","1.58","1.45","1.45","+","0.30","1.56","10","1.68","10","131.00",
="089469","洋基兆豐53購01","266,000","13","354,870","1.45","1.46","1.23","1.23","-","0.22","1.22","10","1.23","1","476.00",
="08946P","台積電元大4B售25","0","0","0","--","--","--","--"," ","0.00","0.01","499","--","0","0.00",
="089470","士電統一59購01","129,000","4","89,850","0.72","0.72","0.69","0.69","+","0.03","0.67","10","0.68","10","187.50",
="089471","金像電統一57購03","334,000","15","458,780","1.33","1.40","1.33","1.40","+","0.05","1.38","10","1.39","10","486.00",
="089472","精成科統一61購01","118,000","7","80,390","0.66","0.70","0.66","0.67","+","0.07","0.70","10","--","0","131.00",
="089473","緯穎統一61購02","2,000","2","2,220","1.11","1.11","1.11","1.11","-","0.01","1.10","12","1.11","10","2,975.00",
="089474","富世達統一57購01","38,000","4","33,170","0.87","0.90","0.86","0.89"," ","0.00","0.88","10","0.89","10","1,145.00",
="089475","晟銘電中信51購02","75,000","5","64,780","0.94","0.94","0.75","0.75"," ","0.00","0.75","41","0.77","10","0.00",
="089476","台灣50元富51購12","92,000","2","195,040","2.12","2.12","2.12","2.12","-","0.06","1.97","25","1.98","25","52.50",
="089477","T50正2元富53購01","7,000","1","20,020","2.86","2.86","2.86","2.86","-","0.05","2.68","25","2.69","25","259.40",
="089478","台玻元富51購01","0","0","0","--","--","--","--"," ","0.00","--","0","--","0","34.55",
="089479","廣宇元富51購02","0","0","0","--","--","--","--"," ","0.00","6.05","25","6.55","25","60.90",
="08947P","台光電元大4B售10","0","0","0","--","--","--","--"," ","0.00","0.02","499","0.12","10","0.00",
="089480","順德元富54購01","0","0","0","--","--","--","--"," ","0.00","3.95","25","3.96","25","88.20",
="089481","佳能元富53購01","13,000","3","64,580","4.96","4.98","4.96","4.97","-","0.13","2.71","3","--","0","80.80",
="089482","長榮元富56購04","123,000","8","214,880","1.68","1.78","1.68","1.73","+","0.05","1.64","25","1.65","25","188.00",
="089483","長榮航元富51購01","10,000","1","30,100","3.01","3.01","3.01","3.01","X","0.00","2.90","25","2.91","25","39.05",
="089484","建漢元富53購01","82,000","3","83,040","0.98","1.03","0.98","1.03","+","0.06","0.39","25","--","0","26.35",
="089485","昇貿元富53購01","49,000","5","600,200","12.70","12.70","11.90","12.20","X","0.00","11.70","25","12.70","25","129.00",
="089486","昇貿元富53購02","123,000","14","1,045,050","8.50","9.00","8.05","8.25","+","1.00","7.80","25","9.00","50","129.00",
="089487","玉晶光元富53購01","33,000","3","90,640","2.72","2.76","2.72","2.72","-","0.04","0.92","10","--","0","461.50",
="089488","嘉澤元富53購01","10,000","1","21,000","2.10","2.10","2.10","2.10","X","0.00","2.08","25","2.18","10","1,465.00",
="089489","嘉澤元富53購02","214,000","8","269,610","1.22","1.33","1.21","1.33","+","0.05","1.26","25","1.36","10","1,465.00",
="08948P","奇鋐元大4B售09","13,000","1","650","0.05","0.05","0.05","0.05","X","0.00","0.05","499","0.06","200","0.00",
="089490","牧德元富51購01","111,000","9","374,590","3.42","3.66","3.32","3.66","+","0.55","3.63","25","3.66","25","594.00",
="089491","辛耘元富51購02","67,000","8","168,920","2.50","2.61","2.34","2.56","+","0.15","2.65","25","2.67","25","393.50",
="089492","世芯元富51購17","0","0","0","--","--","--","--"," ","0.00","--","0","--","0","4,000.00",
="089493","世芯元富57購05","3,000","1","4,830","1.61","1.61","1.61","1.61","X","0.00","1.55","25","1.56","25","4,000.00",
="089494","亞翔元富51購01","0","0","0","--","--","--","--"," ","0.00","2.34","25","2.36","25","349.50",
="089495","精成科元富51購07","6,000","2","13,860","2.24","2.38","2.24","2.38","+","0.86","2.38","25","--","0","131.00",
="089496","緯穎元富51購11","38,000","3","183,410","4.93","4.93","4.71","4.72","-","0.08","4.69","25","4.79","10","2,975.00",
="089497","緯穎元富61購01","112,000","5","420,560","3.82","3.83","3.73","3.73","-","0.02","3.72","50","3.73","25","2,975.00",
="089498","AES元富53購01","2,000","2","13,200","6.55","6.65","6.55","6.65","X","0.00","6.65","25","6.80","25","1,350.00",
="089499","富世達元富51購04","0","0","0","--","--","--","--"," ","0.00","4.85","25","4.95","25","1,145.00",
="08949P","矽力元大4B售01","0","0","0","--","--","--","--"," ","0.00","1.01","499","1.03","200","0.00",
="089500","T50正2國票51購04","7,000","1","19,600","2.80","2.80","2.80","2.80","-","0.05","2.62","25","2.63","10","259.40",
="089501","台達電國票53購02","9,000","4","60,200","6.65","6.80","6.55","6.80","-","0.20","6.75","25","6.80","10","709.00",
="089502","所羅門國票53購01","9,000","4","17,360","1.93","1.95","1.89","1.89","-","0.18","1.71","25","1.76","10","162.00",
="089503","燿華國票51購01","0","0","0","--","--","--","--"," ","0.00","3.29","25","--","0","31.45",
="089504","全新國票53購02","17,000","2","32,190","1.87","1.91","1.87","1.91","-","0.11","1.81","25","1.82","10","153.50",
="089505","盟立國票51購01","238,000","15","724,180","2.99","3.11","2.97","3.07","X","0.00","2.90","25","2.92","10","70.00",
="089506","長榮航國票53購01","0","0","0","--","--","--","--"," ","0.00","1.75","25","1.78","10","39.05",
="089507","世芯國票53購04","0","0","0","--","--","--","--"," ","0.00","2.29","25","2.32","10","4,000.00",
="089508","世芯國票54購01","22,000","1","53,020","2.41","2.41","2.41","2.41","-","0.13","2.38","25","2.39","10","4,000.00",
="089509","海華國票51購01","0","0","0","--","--","--","--"," ","0.00","8.00","25","--","0","100.00",
="08950P","臺股指元大4B售29","40,000","3","8,700","0.21","0.23","0.21","0.23","X","0.00","0.22","100","0.23","20","0.00",
="089510","臻鼎國票51購01","0","0","0","--","--","--","--"," ","0.00","5.35","25","--","0","194.00",
="089511","臻鼎國票53購01","0","0","0","--","--","--","--"," ","0.00","6.75","25","6.90","10","194.00",
="089512","眾達國票51購01","0","0","0","--","--","--","--"," ","0.00","2.93","25","2.99","10","109.50",
="089513","精成科國票53購04","25,000","2","47,620","1.94","1.94","1.83","1.83","+","0.58","1.94","25","--","0","131.00",
="089514","力智國票53購01","0","0","0","--","--","--","--"," ","0.00","0.79","25","0.81","10","188.50",
="089515","臺股指國票53購03","0","0","0","--","--","--","--"," ","0.00","2.17","499","2.18","499","0.00",
="089516","中砂國泰53購01","93,000","4","126,190","1.33","1.38","1.33","1.38","+","0.10","1.39","10","1.40","10","347.00",
="089517","欣興國泰53購01","136,000","7","271,750","1.92","2.07","1.92","2.04","+","0.04","1.94","499","1.96","490","150.00",
="089518","辛耘國泰53購01","537,000","29","1,604,540","2.88","3.12","2.70","3.08","+","0.24","3.09","430","3.10","100","393.50",
="089519","穎崴國泰53購01","0","0","0","--","--","--","--"," ","0.00","2.80","10","--","0","1,250.00",
="08951P","臺股指元大4B售30","0","0","0","--","--","--","--"," ","0.00","0.17","499","0.18","10","0.00",
="089520","川湖台新51購03","3,000","2","9,060","3.00","3.06","3.00","3.06","+","0.02","3.04","20","3.05","10","0.00",
="089521","台灣50永豐53購07","0","0","0","--","--","--","--"," ","0.00","1.56","10","1.57","10","52.50",
="089522","滬深2X永豐53購04","20,000","2","31,400","1.57","1.57","1.57","1.57","-","0.45","0.17","58","1.68","10","18.32",
="089523","中砂永豐53購04","0","0","0","--","--","--","--"," ","0.00","1.06","499","1.07","10","347.00",
="089524","鴻海永豐51購06","0","0","0","--","--","--","--"," ","0.00","1.87","499","1.88","10","206.00",
="089525","鴻海永豐51購07","4,000","2","6,540","1.65","1.65","1.62","1.62","X","0.00","1.66","499","1.67","10","206.00",
="089526","鴻海永豐53購02","20,000","2","29,000","1.45","1.45","1.45","1.45","-","0.11","1.46","499","1.47","10","206.00",
="089527","國巨永豐53購01","19,000","2","24,930","1.37","1.37","1.26","1.26","X","0.00","1.28","499","1.29","10","137.00",
="089528","智邦永豐53購01","0","0","0","--","--","--","--"," ","0.00","2.60","499","2.62","10","984.00",
="089529","鴻準永豐53購01","1,000","1","1,370","1.37","1.37","1.37","1.37","-","0.03","1.35","10","1.37","10","71.70",
="08952P","FBNQ2X凱基4B售03","0","0","0","--","--","--","--"," ","0.00","0.03","10","0.13","10","0.00",
="089530","裕民永豐53購01","98,000","1","93,100","0.95","0.95","0.95","0.95"," ","0.00","0.96","10","0.97","10","57.30",
="089531","緯創永豐53購03","0","0","0","--","--","--","--"," ","0.00","0.67","499","0.68","10","115.00",
="089532","新日興永豐51購04","219,000","10","242,560","0.99","1.22","0.99","1.22","+","0.21","0.39","25","--","0","259.00",
="089533","玉晶光永豐53購03","0","0","0","--","--","--","--"," ","0.00","2.08","499","2.09","10","461.50",
="089534","世芯永豐51購11","75,000","15","127,260","1.88","1.88","1.62","1.73","-","0.01","1.63","10","1.64","10","4,000.00",
="089535","世芯永豐53購06","0","0","0","--","--","--","--"," ","0.00","2.24","499","2.27","10","4,000.00",
="089536","世芯永豐53購07","0","0","0","--","--","--","--"," ","0.00","1.65","10","1.66","10","4,000.00",
="089537","世芯永豐54購04","3,000","2","6,340","2.15","2.15","2.04","2.04","-","0.07","2.00","499","2.02","10","4,000.00",
="089538","富世達永豐53購04","0","0","0","--","--","--","--"," ","0.00","2.49","499","2.56","10","1,145.00",
="089539","聚陽富邦53購01","185,000","6","161,040","0.84","0.89","0.84","0.84","-","0.04","0.85","10","0.86","10","0.00",
="08953P","台化凱基4B售01","0","0","0","--","--","--","--"," ","0.00","0.10","10","0.20","10","0.00",
="089540","鴻海富邦61購01","14,000","8","39,690","2.88","2.88","2.82","2.87","-","0.07","2.86","30","2.88","10","0.00",
="089541","國巨富邦51購02","61,000","3","49,000","0.80","0.82","0.80","0.82","X","0.00","0.80","10","0.82","10","0.00",
="089542","台新金富邦51購02","152,000","4","147,440","0.97","0.97","0.97","0.97","-","0.01","0.99","30","1.00","10","0.00",
="089543","欣興富邦53購02","662,000","21","644,210","0.91","1.02","0.87","0.98","-","0.02","0.93","10","0.96","10","0.00",
="089544","新日興富邦54購02","649,000","29","582,800","0.76","1.05","0.76","0.96","+","0.28","0.92","10","0.93","10","0.00",
="089545","台塑化富邦53購01","2,000","2","1,840","0.92","0.92","0.92","0.92","-","0.15","0.91","10","0.92","10","0.00",
="089546","台灣50元大51購15","0","0","0","--","--","--","--"," ","0.00","0.93","499","0.94","10","52.50",
="089547","台灣50元大51購16","290,000","5","786,890","2.73","2.73","2.66","2.66","-","0.11","2.61","400","2.62","10","52.50",
="089548","國企2X元大53購01","721,000","32","1,361,840","1.97","1.97","1.86","1.86","-","0.34","1.80","250","1.81","100","10.70",
="089549","FBNQ2X元大51購03","21,000","1","40,530","1.93","1.93","1.93","1.93","-","0.07","1.95","250","1.96","100","144.85",
="08954P","宏碁凱基4C售03","13,000","1","9,620","0.74","0.74","0.74","0.74","X","0.00","0.75","10","0.76","30","0.00",
="089550","台塑元大51購03","1,000","1","2,000","2.00","2.00","2.00","2.00","X","0.00","1.86","350","1.89","10","39.10",
="089551","台塑元大51購04","5,000","1","3,300","0.66","0.66","0.66","0.66","X","0.00","0.52","499","0.62","10","39.10",
="089552","台塑元大51購05","6,000","5","13,890","2.45","2.45","2.26","2.26","-","0.43","2.21","300","2.23","10","39.10",
="089553","台化元大51購04","0","0","0","--","--","--","--"," ","0.00","1.80","400","1.90","10","29.90",
="089554","中砂元大51購12","271,000","6","383,490","1.41","1.44","1.40","1.44","+","0.12","1.42","25","1.46","10","347.00",
="089555","台玻元大51購01","72,000","9","705,400","9.50","10.10","9.50","10.10","+","0.45","9.90","25","10.30","10","34.55",
="089556","台玻元大51購02","0","0","0","--","--","--","--"," ","0.00","7.00","25","--","0","34.55",
="089557","台玻元大51購03","0","0","0","--","--","--","--"," ","0.00","7.35","25","--","0","34.55",
="089558","為升元大51購01","70,000","20","239,680","2.99","3.59","2.99","3.58","+","0.65","3.42","25","3.52","10","102.00",
="089559","鴻海元大51購35","12,000","3","21,410","1.74","1.83","1.74","1.83","X","0.00","1.86","400","1.89","10","206.00",
="08955P","金像電凱基4B售03","0","0","0","--","--","--","--"," ","0.00","--","0","0.10","10","0.00",
="089560","廣宇元大54購01","218,000","12","407,190","1.89","1.89","1.71","1.83","+","0.04","1.81","400","1.83","10","60.90",
="089561","智邦元大53購03","17,000","4","105,800","6.25","6.40","6.10","6.40","-","0.05","6.20","100","6.25","10","984.00",
="089562","華碩元大51購08","66,000","2","87,940","1.33","1.34","1.33","1.34"," ","0.00","1.31","25","1.35","10","634.00",
="089563","矽統元大51購08","56,000","2","82,720","1.51","1.51","1.47","1.47","-","0.10","1.52","499","1.54","10","55.10",
="089564","燿華元大51購01","31,000","7","108,220","3.40","3.62","3.38","3.38","+","0.06","3.40","250","3.45","10","31.45",
="089565","佳能元大51購01","10,000","1","19,000","1.90","1.90","1.90","1.90"," ","0.00","1.83","400","1.93","10","80.80",
="089566","佳能元大53購01","0","0","0","--","--","--","--"," ","0.00","1.62","450","1.72","10","80.80",
="089567","建準元大51購01","435,000","6","582,400","1.30","1.35","1.30","1.35","+","0.05","1.32","25","1.36","10","137.00",
="089568","京元電元大51購05","82,000","7","138,430","1.70","1.79","1.57","1.71","+","0.11","1.71","28","1.78","10","142.00",
="089569","亞光元大51購09","111,000","6","180,570","1.59","1.70","1.59","1.66","+","0.07","1.54","25","1.57","10","164.00",
="08956P","群光凱基4C售01","0","0","0","--","--","--","--"," ","0.00","0.54","100","0.55","10","0.00",
="089570","零壹元大51購02","113,000","10","108,980","0.96","0.97","0.92","0.92","+","0.07","0.90","500","0.92","10","126.50",
="089571","智原元大51購17","438,000","10","319,420","0.72","0.74","0.71","0.73","+","0.01","0.72","502","0.74","10","158.00",
="089572","欣興元大51購19","328,000","13","347,700","1.00","1.09","0.96","1.03","-","0.03","1.02","10","1.03","10","150.00",
="089573","欣興元大51購20","197,000","6","243,000","1.25","1.27","1.18","1.27","+","0.06","1.23","499","1.26","10","150.00",
="089574","欣興元大53購03","0","0","0","--","--","--","--"," ","0.00","1.11","499","1.13","10","150.00",
="089575","昇貿元大51購02","0","0","0","--","--","--","--"," ","0.00","10.90","100","--","0","129.00",
="089576","昇貿元大51購03","7,000","3","74,900","10.90","10.90","10.20","10.20","+","1.65","10.40","100","--","0","129.00",
="089577","京鼎元大51購02","278,000","9","348,920","1.28","1.31","1.23","1.31"," ","0.00","1.28","499","1.30","10","290.00",
="089578","聯鈞元大51購10","289,000","7","325,900","1.18","1.18","1.09","1.09","-","0.19","1.07","499","1.08","10","202.00",
="089579","世芯元大53購06","0","0","0","--","--","--","--"," ","0.00","2.71","250","2.75","10","4,000.00",
="08957P","長榮凱基4B售10","7,000","4","10,710","1.54","1.56","1.48","1.56","-","0.02","1.58","10","1.59","10","0.00",
="089580","祥碩元大51購03","162,000","1","63,180","0.39","0.39","0.39","0.39","X","0.00","0.38","499","0.39","10","1,665.00",
="089581","亞翔元大53購03","0","0","0","--","--","--","--"," ","0.00","3.20","200","3.21","10","349.50",
="089582","聯茂元大51購06","0","0","0","--","--","--","--"," ","0.00","4.82","25","4.92","10","125.00",
="089583","矽格元大51購02","155,000","8","377,400","2.42","2.50","2.39","2.42","+","0.23","2.34","350","2.37","10","82.20",
="089584","穎崴元大51購07","30,000","7","40,990","1.45","1.45","1.32","1.39","-","0.08","1.25","2","--","0","1,250.00",
="089585","愛普元大51購11","210,000","7","290,150","1.37","1.39","1.33","1.39","-","0.02","1.44","499","1.47","10","305.50",
="089586","富世達元大53購02","0","0","0","--","--","--","--"," ","0.00","5.00","499","--","0","1,145.00",
="089587","連加元大51購11","0","0","0","--","--","--","--"," ","0.00","0.63","499","0.64","10","615.00",
="089588","台虹元大51購01","1,000","1","3,290","3.29","3.29","3.29","3.29","+","0.16","3.21","250","3.26","10","51.80",
="089589","世紀鋼元大53購03","267,000","8","348,820","1.32","1.33","1.24","1.24","-","0.13","1.25","499","1.26","10","188.00",
="08958P","中磊凱基4C售01","0","0","0","--","--","--","--"," ","0.00","0.80","100","0.82","10","0.00",
="089590","元債2X凱基67購01","185,000","4","248,500","1.32","1.35","1.32","1.35","+","0.03","1.33","100","1.34","50","7.05",
="089591","美債2X凱基67購01","0","0","0","--","--","--","--"," ","0.00","1.33","100","1.34","10","7.03",
="089592","台化凱基53購01","0","0","0","--","--","--","--"," ","0.00","4.58","100","4.61","10","29.90",
="089593","中興電凱基57購01","199,000","7","460,370","2.31","2.32","2.31","2.31","+","0.08","2.32","100","2.34","10","167.00",
="089594","華新凱基53購01","49,000","7","79,440","1.56","1.68","1.56","1.68","+","0.14","1.59","10","1.60","10","23.35",
="089595","台玻凱基51購04","0","0","0","--","--","--","--"," ","0.00","9.45","10","9.95","10","34.55",
="089596","中鋼凱基51購01","74,000","2","106,560","1.44","1.44","1.44","1.44","X","0.00","1.41","100","1.43","10","20.15",
="089597","聯電凱基51購02","5,000","1","7,000","1.40","1.40","1.40","1.40","-","0.11","1.37","100","1.38","10","40.60",
="089598","台達電凱基51購09","34,000","6","217,150","6.55","6.55","6.15","6.25","-","0.50","6.25","50","6.75","10","709.00",
="089599","鴻海凱基51購13","3,000","2","6,690","2.23","2.23","2.23","2.23","X","0.00","2.31","100","2.33","10","206.00",
="08959P","台灣50永豐4B售05","0","0","0","--","--","--","--"," ","0.00","0.09","499","0.10","10","0.00",
="089600","國巨凱基53購01","167,000","5","260,880","1.61","1.73","1.50","1.50","-","0.13","1.52","100","1.55","10","137.00",
="089601","台積電凱基51購29","2,000","1","2,260","1.13","1.13","1.13","1.13","-","0.08","1.03","100","1.04","10","1,160.00",
="089602","台積電凱基53購29","0","0","0","--","--","--","--"," ","0.00","1.14","100","1.15","10","1,160.00",
="089603","華邦電凱基51購04","48,000","11","109,210","2.20","2.36","2.17","2.36","+","0.12","2.17","10","2.20","10","19.60",
="089604","技嘉凱基51購04","0","0","0","--","--","--","--"," ","0.00","1.97","100","1.99","10","281.00",
="089605","京元電凱基53購02","19,000","2","35,490","1.87","1.87","1.85","1.85","X","0.00","1.82","100","--","0","142.00",
="089606","長榮凱基53購03","35,000","6","45,800","1.31","1.35","1.24","1.24","-","0.01","1.21","100","1.23","10","188.00",
="089607","慧洋凱基51購02","10,000","1","19,900","1.99","1.99","1.99","1.99","+","0.01","1.87","10","1.97","10","61.80",
="089608","智原凱基57購02","19,000","2","25,080","1.32","1.32","1.32","1.32","+","0.03","0.58","17","1.35","10","158.00",
="089609","欣興凱基51購09","108,000","4","136,080","1.16","1.31","1.16","1.29","+","0.01","1.24","100","1.26","10","150.00",
="08960P","台光電永豐4B售03","0","0","0","--","--","--","--"," ","0.00","0.01","499","0.03","10","0.00",
="089610","玉晶光凱基51購04","31,000","5","83,930","2.67","2.75","2.66","2.75","+","0.07","2.70","10","2.71","10","461.50",
="089611","辛耘凱基51購04","159,000","13","484,330","2.95","3.12","2.87","3.09","+","0.28","3.15","100","3.16","10","393.50",
="089612","世芯凱基54購06","61,000","5","97,450","1.63","1.63","1.54","1.55","-","0.08","1.52","100","1.53","10","4,000.00",
="089613","jpp凱基54購01","131,000","13","214,990","1.60","1.70","1.56","1.64","+","0.11","1.67","100","1.77","10","276.00",
="089614","精成科凱基51購09","138,000","3","245,220","1.84","1.84","1.69","1.77","+","0.65","1.84","100","--","0","131.00",
="089615","富世達凱基54購03","0","0","0","--","--","--","--"," ","0.00","4.36","100","4.46","10","1,145.00",
="089616","東哥凱基53購01","19,000","1","26,790","1.41","1.41","1.41","1.41","X","0.00","1.42","10","1.46","10","198.00",
="089617","臺股指凱基51購27","238,000","19","571,870","2.56","2.60","2.29","2.40","-","0.40","2.36","10","2.37","10","0.00",
="089619","臺股指凱基51購28","1,000","1","3,680","3.68","3.68","3.68","3.68","-","0.57","3.56","10","3.57","10","0.00",
="08961P","世芯元富4B售13","0","0","0","--","--","--","--"," ","0.00","0.14","25","0.15","25","0.00",
="089620","臺股指凱基53購14","0","0","0","--","--","--","--"," ","0.00","3.28","100","3.29","10","0.00",
="089621","香港2X群益51購01","0","0","0","--","--","--","--"," ","0.00","0.11","9","--","0","16.40",
="089622","中502X群益51購02","28,000","6","31,710","1.17","1.17","1.09","1.09","-","0.32","0.12","83","--","0","11.76",
="089623","FB越南群益53購01","0","0","0","--","--","--","--"," ","0.00","2.07","25","2.08","10","16.09",
="089624","FB越南群益56購01","0","0","0","--","--","--","--"," ","0.00","1.56","25","1.57","10","16.09",
="089625","台玻群益53購02","0","0","0","--","--","--","--"," ","0.00","8.10","10","--","0","34.55",
="089626","中鋼群益51購01","0","0","0","--","--","--","--"," ","0.00","1.65","10","1.75","10","20.15",
="089627","大成鋼群益51購04","63,000","2","157,830","2.61","2.61","2.50","2.50","-","0.53","1.08","18","--","0","38.60",
="089628","廣宇群益51購02","0","0","0","--","--","--","--"," ","0.00","5.35","10","5.85","10","60.90",
="089629","台積電群益51購25","100,000","1","141,000","1.41","1.41","1.41","1.41","-","0.10","0.34","29","--","0","1,160.00",
="08962P","道瓊銀國票4C售01","0","0","0","--","--","--","--"," ","0.00","0.17","25","0.18","10","0.00",
="089630","矽統群益51購02","28,000","1","36,400","1.30","1.30","1.30","1.30","-","0.06","1.32","10","1.42","10","55.10",
="089631","矽統群益53購01","13,000","3","32,570","2.50","2.51","2.50","2.51","X","0.00","2.46","10","2.56","10","55.10",
="089632","瑞昱群益53購01","91,000","2","67,340","0.74","0.74","0.74","0.74","+","0.05","0.61","20","--","0","545.00",
="089633","奇鋐群益51購09","67,000","14","241,960","3.72","3.72","3.40","3.40","-","0.56","3.49","1","4.80","10","1,015.00",
="089634","信邦群益51購01","96,000","7","141,170","1.39","1.48","1.39","1.46","+","0.05","1.47","100","1.48","100","234.00",
="089635","玉晶光群益51購03","22,000","2","33,460","1.48","1.54","1.48","1.54","+","0.04","1.51","10","1.61","10","461.50",
="089636","創意群益51購07","576,000","23","840,850","1.43","1.49","1.35","1.42","+","0.05","1.34","10","--","0","1,350.00",
="089637","群創群益51購02","39,000","5","90,660","2.02","2.35","2.02","2.35","+","0.59","0.60","16","2.35","4","14.15",
="089638","神達群益53購02","209,000","24","509,270","2.50","2.65","2.32","2.46","+","0.36","2.48","10","2.58","10","95.90",
="089639","神達群益53購03","0","0","0","--","--","--","--"," ","0.00","2.20","10","2.30","10","95.90",
="08963P","中砂國票4C售04","0","0","0","--","--","--","--"," ","0.00","0.40","25","0.41","10","0.00",
="089640","亞翔群益51購07","0","0","0","--","--","--","--"," ","0.00","2.30","10","2.40","10","349.50",
="089641","迅得群益54購01","426,000","16","708,460","1.63","1.71","1.58","1.67","+","0.06","1.66","10","1.76","10","193.50",
="089642","晶心科群益51購02","53,000","4","63,750","1.19","1.21","1.19","1.20","+","0.05","1.12","10","1.21","5","283.00",
="089643","AES群益51購02","20,000","1","68,800","3.44","3.44","3.44","3.44","X","0.00","1.69","20","3.69","10","1,350.00",
="089644","富世達群益51購07","45,000","3","89,800","1.99","2.05","1.92","2.05","+","0.07","0.89","11","2.12","10","1,145.00",
="089645","昇陽半群益51購02","19,000","3","39,140","1.97","2.18","1.97","2.15","+","0.14","0.70","28","2.65","5","152.50",
="089646","羅昇群益51購02","190,000","12","224,770","1.15","1.25","1.15","1.20","-","0.02","1.18","25","1.20","10","114.50",
="089647","泰金寶群益51購01","19,000","3","17,010","0.89","0.90","0.87","0.87","-","0.01","0.87","10","0.97","10","6.01",
="089648","泰金寶群益51購02","0","0","0","--","--","--","--"," ","0.00","0.62","10","0.72","10","6.01",
="089649","台塑兆豐51購01","348,000","5","250,810","0.77","0.77","0.72","0.72","-","0.14","0.71","10","0.72","10","39.10",
="08964P","直得國票4C售02","0","0","0","--","--","--","--"," ","0.00","0.29","25","0.30","10","0.00",
="089650","華城兆豐54購01","28,000","1","27,720","0.99","0.99","0.99","0.99"," ","0.00","0.93","10","0.94","10","618.00",
="089651","國巨兆豐51購02","10,000","1","9,500","0.95","0.95","0.95","0.95","X","0.00","0.96","10","0.97","10","137.00",
="089652","台光電兆豐53購01","52,000","2","94,800","1.85","1.85","1.78","1.78","-","0.13","1.77","10","1.78","10","1,250.00",
="089653","南電兆豐57購01","108,000","10","239,120","1.70","2.36","1.70","2.36","+","0.71","2.37","10","--","0","226.00",
="089654","南亞統一57購01","528,000","14","654,720","1.26","1.26","1.18","1.18","-","0.20","1.20","10","1.21","10","43.00",
="089655","台玻統一57購02","0","0","0","--","--","--","--"," ","0.00","2.02","10","2.03","10","34.55",
="089656","全新統一57購03","57,000","2","43,320","0.76","0.76","0.76","0.76","-","0.03","0.72","10","0.73","10","153.50",
="089657","景碩統一57購03","606,000","18","431,870","0.67","0.76","0.67","0.71"," ","0.00","0.70","10","0.71","10","113.50",
="089658","新日興統一57購04","79,000","3","54,710","0.69","0.73","0.69","0.73","X","0.00","0.73","10","0.74","10","259.00",
="089659","立積統一57購02","393,000","13","329,050","0.80","0.89","0.79","0.89","+","0.09","0.96","10","--","0","158.00",
="08965P","上銀國票4C售03","0","0","0","--","--","--","--"," ","0.00","1.46","25","1.47","10","0.00",
="089660","鴻海中信54購03","0","0","0","--","--","--","--"," ","0.00","1.49","10","1.51","10","0.00",
="089661","鴻海中信55購01","110,000","2","192,500","1.75","1.75","1.75","1.75","-","0.12","1.77","10","1.78","10","0.00",
="089662","聯發科中信55購01","24,000","2","14,680","0.62","0.62","0.61","0.61","-","0.02","0.58","10","0.60","10","0.00",
="089663","長榮中信54購02","120,000","5","57,660","0.47","0.50","0.47","0.47","-","0.01","0.45","10","0.47","10","0.00",
="089664","FB越南永豐51購01","0","0","0","--","--","--","--"," ","0.00","2.15","10","2.17","10","16.09",
="089665","大成鋼永豐53購02","0","0","0","--","--","--","--"," ","0.00","1.21","499","1.31","10","38.60",
="089666","廣宇永豐51購05","0","0","0","--","--","--","--"," ","0.00","--","0","3.66","5","60.90",
="089667","順德永豐53購01","38,000","4","54,540","1.43","1.45","1.42","1.45","+","0.01","1.47","499","1.48","10","88.20",
="089668","漢唐永豐51購06","0","0","0","--","--","--","--"," ","0.00","3.65","499","3.73","10","1,190.00",
="089669","漢唐永豐53購04","44,000","4","162,220","3.85","3.85","3.54","3.77","-","0.18","3.82","10","3.88","10","1,190.00",
="08966P","奇鋐國票4C售04","0","0","0","--","--","--","--"," ","0.00","0.02","125","0.05","10","0.00",
="089670","聯發科永豐56購02","0","0","0","--","--","--","--"," ","0.00","0.78","499","0.84","10","1,385.00",
="089671","全新永豐53購01","90,000","3","82,180","0.93","0.93","0.91","0.91","-","0.09","0.93","499","0.94","10","153.50",
="089672","志聖永豐53購01","104,000","11","338,730","3.04","3.58","2.93","2.93","+","0.16","2.71","10","2.76","10","201.50",
="089673","鉅祥永豐51購01","230,000","33","782,990","3.27","3.59","3.21","3.56","+","0.48","3.42","10","3.46","10","98.10",
="089674","欣興永豐51購07","293,000","15","466,140","1.46","1.70","1.44","1.65","-","0.04","1.56","10","1.59","10","150.00",
="089675","辛耘永豐51購01","3,000","1","4,410","1.47","1.47","1.47","1.47","+","0.05","1.56","10","1.58","10","393.50",
="089676","亞翔永豐53購02","550,000","6","479,000","0.90","0.90","0.85","0.85","-","0.23","0.89","499","0.90","10","349.50",
="089677","AES永豐53購02","54,000","4","157,960","2.92","2.96","2.92","2.96","+","0.41","2.89","499","2.95","10","1,350.00",
="089678","富世達永豐51購05","0","0","0","--","--","--","--"," ","0.00","2.27","499","2.37","10","1,145.00",
="089679","南電永豐53購03","63,000","4","108,970","1.71","1.88","1.71","1.88","+","0.23","2.14","10","--","0","226.00",
="08967P","創意國票4C售03","0","0","0","--","--","--","--"," ","0.00","0.48","25","0.49","10","0.00",
="089680","南電永豐53購04","15,000","1","21,000","1.40","1.40","1.40","1.40","+","0.21","1.81","10","--","0","226.00",
="089681","奇鋐第一51購02","0","0","0","--","--","--","--"," ","0.00","1.94","10","2.04","10","0.00",
="089682","台灣50凱基51購07","0","0","0","--","--","--","--"," ","0.00","3.01","100","3.02","50","52.50",
="089683","T50正2凱基51購10","6,000","3","16,010","2.65","2.71","2.64","2.71","-","0.15","2.54","10","2.55","10","259.40",
="089684","台玻凱基51購05","0","0","0","--","--","--","--"," ","0.00","10.80","10","--","0","34.55",
="089685","大成鋼凱基51購02","17,000","3","26,140","1.62","1.62","1.50","1.52","-","0.17","1.48","1","1.57","10","38.60",
="089686","鴻海凱基51購14","3,000","2","8,310","2.77","2.77","2.77","2.77","-","0.13","2.71","100","2.73","10","206.00",
="089687","台積電凱基51購30","0","0","0","--","--","--","--"," ","0.00","1.53","100","1.54","10","1,160.00",
="089688","台積電凱基55購04","0","0","0","--","--","--","--"," ","0.00","1.10","100","1.11","10","1,160.00",
="089689","鴻準凱基51購03","0","0","0","--","--","--","--"," ","0.00","2.07","10","2.17","10","71.70",
="08968P","大銀國票4C售03","0","0","0","--","--","--","--"," ","0.00","0.62","25","0.63","10","0.00",
="089690","華碩凱基51購04","43,000","2","76,970","1.79","1.79","1.79","1.79","X","0.00","1.77","10","1.87","10","634.00",
="089691","全新凱基51購03","10,000","4","17,610","1.73","1.79","1.73","1.79","-","0.03","1.62","100","1.64","10","153.50",
="089692","盟立凱基51購01","137,000","16","423,120","2.92","3.20","2.92","3.15","+","0.27","2.96","10","2.98","10","70.00",
="089693","奇鋐凱基51購13","0","0","0","--","--","--","--"," ","0.00","4.37","100","4.45","10","1,015.00",
="089694","亞光凱基54購01","305,000","15","719,980","2.30","2.47","2.19","2.19","-","0.11","2.16","100","2.18","10","164.00",
="089695","信邦凱基51購02","146,000","15","260,460","1.70","1.81","1.70","1.80","+","0.05","1.78","100","1.80","10","234.00",
="089696","欣興凱基51購10","313,000","21","654,220","2.07","2.22","2.01","2.07","-","0.12","1.03","48","--","0","150.00",
="089697","景碩凱基57購01","289,000","29","493,740","1.62","1.84","1.62","1.69","-","0.04","1.65","100","1.67","10","113.50",
="089698","創意凱基56購01","64,000","5","123,360","1.92","1.96","1.91","1.91","+","0.07","1.89","100","1.91","9","1,350.00",
="089699","聯鈞凱基55購01","15,000","2","31,260","2.10","2.10","2.07","2.07","-","0.16","1.92","100","1.93","10","202.00",
="08969P","台積電富邦4B售13","0","0","0","--","--","--","--"," ","0.00","0.27","30","0.28","10","0.00",
="089700","群創凱基53購01","441,000","22","767,200","1.35","1.87","1.35","1.73","+","0.38","1.78","57","1.80","7","14.15",
="089701","臻鼎凱基51購03","0","0","0","--","--","--","--"," ","0.00","7.00","100","7.50","10","194.00",
="089702","立積凱基51購01","266,000","17","428,670","1.48","2.19","1.42","2.19","+","0.70","2.16","49","3.32","25","158.00",
="089703","愛普凱基51購08","52,000","3","89,720","1.61","1.73","1.61","1.70","+","0.04","1.70","100","1.72","10","305.50",
="089704","緯穎凱基51購15","0","0","0","--","--","--","--"," ","0.00","4.68","100","4.78","10","2,975.00",
="089705","AES凱基57購01","162,000","7","366,680","2.24","2.30","2.24","2.30","+","0.10","2.29","100","2.31","10","1,350.00",
="089706","富世達凱基51購07","0","0","0","--","--","--","--"," ","0.00","5.00","100","5.50","10","1,145.00",
="089707","南電凱基51購08","148,000","12","472,820","3.04","3.78","2.93","3.78","+","1.32","3.84","230","--","0","226.00",
="089708","南電凱基51購09","143,000","10","349,720","2.18","3.00","1.98","3.00","+","1.02","3.00","2","--","0","226.00",
="089709","南電凱基51購10","3,000","1","8,940","2.98","2.98","2.98","2.98","X","0.00","3.21","499","--","0","226.00",
="08970P","T50正2中信51售04","0","0","0","--","--","--","--"," ","0.00","0.57","100","0.58","100","0.00",
="089710","南電凱基53購03","14,000","1","52,220","3.73","3.73","3.73","3.73","X","0.00","4.38","499","--","0","226.00",
="089711","世紀鋼凱基51購05","14,000","2","25,810","1.89","1.89","1.76","1.76","-","0.17","1.78","100","1.79","10","188.00",
="089712","台塑元富51購05","8,000","4","11,680","1.48","1.48","1.44","1.44","-","0.20","1.41","25","1.42","25","39.10",
="089713","台塑元富54購02","155,000","6","229,540","1.51","1.51","1.43","1.43","-","0.16","1.42","25","1.43","5","39.10",
="089714","華城元富53購01","9,000","1","17,370","1.93","1.93","1.93","1.93","+","0.06","1.81","25","1.82","25","618.00",
="089715","中鴻元富51購01","27,000","1","41,310","1.53","1.53","1.53","1.53","-","0.12","0.58","86","--","0","16.15",
="089716","順德元富53購01","0","0","0","--","--","--","--"," ","0.00","2.49","25","2.50","25","88.20",
="089717","全新元富51購03","28,000","5","83,510","2.93","3.26","2.93","3.17","-","0.25","2.93","25","3.03","10","153.50",
="089718","強茂元富51購01","9,000","6","36,590","3.99","4.39","3.95","4.29","+","0.29","4.29","24","4.39","26","65.40",
="089719","強茂元富51購02","0","0","0","--","--","--","--"," ","0.00","3.84","25","3.88","25","65.40",
="08971P","台積電中信51售04","0","0","0","--","--","--","--"," ","0.00","0.41","10","0.42","10","0.00",
="089720","亞航元富51購02","0","0","0","--","--","--","--"," ","0.00","5.10","30","--","0","62.70",
="089721","新日興元富51購02","55,000","4","95,620","1.70","1.81","1.70","1.81","+","0.10","0.68","14","--","0","259.00",
="089722","聯鈞元富51購06","56,000","3","89,700","1.61","1.61","1.60","1.60","-","0.08","1.47","25","1.49","25","202.00",
="089723","世芯元富51購18","1,000","1","1,880","1.88","1.88","1.88","1.88","-","0.04","0.59","16","--","0","4,000.00",
="089724","聯茂元富51購02","0","0","0","--","--","--","--"," ","0.00","--","0","--","0","125.00",
="089725","雷虎元富51購02","0","0","0","--","--","--","--"," ","0.00","20.90","25","21.20","25","173.00",
="089726","南電元富51購05","293,000","26","1,032,150","3.25","4.11","3.21","4.11","-","0.75","4.23","25","--","0","226.00",
="089727","菱光元富51購03","0","0","0","--","--","--","--"," ","0.00","3.71","25","3.73","25","61.50",
="089728","道瓊反國票53購01","0","0","0","--","--","--","--"," ","0.00","0.40","25","0.41","10","5.93",
="089729","新日興國票53購01","61,000","5","122,310","1.98","2.58","1.94","2.58","+","0.58","2.46","25","2.51","10","259.00",
="08972P","長榮中信51售03","0","0","0","--","--","--","--"," ","0.00","0.85","10","0.87","10","0.00",
="089730","世芯國票53購05","5,000","1","10,350","2.07","2.07","2.07","2.07","+","0.01","1.92","25","1.94","10","4,000.00",
="089731","臺股指國票53購04","0","0","0","--","--","--","--"," ","0.00","2.19","499","2.20","499","0.00",
="089732","鴻海國泰56購01","0","0","0","--","--","--","--"," ","0.00","3.27","499","3.30","420","206.00",
="089733","景碩國泰53購01","37,000","9","64,330","1.60","1.77","1.60","1.71","+","0.02","1.63","499","1.66","499","113.50",
="089734","聯鈞國泰53購01","24,000","3","32,110","1.35","1.35","1.23","1.23","-","0.20","1.23","499","1.24","100","202.00",
="089735","亞翔國泰53購01","30,000","1","39,600","1.32","1.32","1.32","1.32","-","0.06","1.20","499","1.21","100","349.50",
="089736","亞翔國泰53購02","102,000","3","110,250","1.13","1.13","1.08","1.08","-","0.12","1.08","499","1.09","100","349.50",
="089737","精成科國泰53購01","5,000","1","13,700","2.74","2.74","2.74","2.74","+","0.94","2.74","494","--","0","131.00",
="089738","虎航國泰53購01","0","0","0","--","--","--","--"," ","0.00","1.43","499","1.44","100","82.60",
="089739","連加國泰53購01","0","0","0","--","--","--","--"," ","0.00","0.91","499","0.92","100","615.00",
="08973P","中砂群益4B售03","0","0","0","--","--","--","--"," ","0.00","0.04","10","0.14","10","0.00",
="089740","金像電台新51購01","13,000","3","75,700","5.75","6.25","5.70","6.25","-","0.10","6.10","20","6.15","10","0.00",
="089741","台灣50康和51購01","0","0","0","--","--","--","--"," ","0.00","1.64","10","1.65","10","52.50",
="089742","T50反1群益51購04","0","0","0","--","--","--","--"," ","0.00","0.82","100","0.83","100","19.79",
="089743","T50反1群益53購01","100,000","1","122,000","1.22","1.22","1.22","1.22","+","0.02","1.26","100","1.27","100","19.79",
="089744","中興電群益51購04","670,000","20","1,592,940","2.41","2.43","2.30","2.43","+","0.25","2.43","100","2.47","100","167.00",
="089745","聯電群益53購01","120,000","2","58,600","0.49","0.49","0.48","0.48","-","0.04","0.47","100","0.48","100","40.60",
="089746","台達電群益51購09","25,000","6","169,600","6.75","6.95","6.70","6.85","-","0.55","2.46","4","--","0","709.00",
="089747","鴻海群益51購09","170,000","4","506,900","3.01","3.01","2.97","2.97","-","0.22","3.01","100","3.05","100","206.00",
="089748","鴻海群益53購09","216,000","10","754,610","3.35","3.55","3.35","3.55","-","0.16","3.52","100","3.57","100","206.00",
="089749","國巨群益51購02","0","0","0","--","--","--","--"," ","0.00","1.42","100","1.45","100","137.00",
="08974P","臺股指群益52售07","0","0","0","--","--","--","--"," ","0.00","0.41","499","0.42","499","0.00",
="089750","華邦電群益53購02","126,000","12","179,630","1.39","1.49","1.39","1.42","-","0.04","1.37","100","1.40","100","19.60",
="089751","順德群益51購03","0","0","0","--","--","--","--"," ","0.00","0.98","10","--","0","88.20",
="089752","技嘉群益51購06","0","0","0","--","--","--","--"," ","0.00","0.12","9","--","0","281.00",
="089753","京元電群益51購05","0","0","0","--","--","--","--"," ","0.00","0.93","10","--","0","142.00",
="089754","全新群益51購01","24,000","3","36,530","1.49","1.53","1.48","1.53","-","0.03","0.56","35","--","0","153.50",
="089755","強茂群益51購01","6,000","2","23,420","3.77","3.93","3.77","3.93","+","0.40","3.85","100","3.95","10","65.40",
="089756","長榮群益51購07","0","0","0","--","--","--","--"," ","0.00","0.65","10","0.75","10","188.00",
="089757","陽明群益51購05","156,000","4","128,290","0.81","0.86","0.81","0.81","-","0.01","0.79","10","0.89","10","58.80",
="089758","智原群益51購07","161,000","4","160,490","0.94","1.01","0.94","1.01","+","0.08","0.98","100","1.00","100","158.00",
="089759","欣興群益53購02","757,000","58","1,506,410","1.87","2.08","1.82","2.01","-","0.06","1.97","100","2.00","100","150.00",
="08975P","臺股指群益52售08","0","0","0","--","--","--","--"," ","0.00","0.41","499","0.42","499","0.00",
="089760","景碩群益51購06","298,000","9","686,740","2.17","2.55","2.17","2.31","-","0.01","0.85","23","--","0","113.50",
="089761","昇貿群益51購01","93,000","18","802,800","8.50","10.80","7.90","8.50","+","0.70","8.50","2","10.20","13","129.00",
="089762","聯鈞群益54購01","121,000","5","197,330","1.67","1.67","1.59","1.67","-","0.19","0.74","67","--","0","202.00",
="089763","聯鈞群益54購02","96,000","9","239,000","2.53","2.55","2.37","2.37","-","0.30","1.03","48","--","0","202.00",
="089764","世芯群益51購19","14,000","7","61,190","4.49","4.49","4.04","4.29","-","0.04","4.07","10","4.17","10","4,000.00",
="089765","亞翔群益51購08","93,000","5","178,800","1.96","1.97","1.89","1.90","-","0.24","1.88","10","1.98","10","349.50",
="089766","AES群益54購01","470,000","26","1,919,990","3.96","4.22","3.93","4.15","+","0.41","1.92","30","5.55","5","1,350.00",
="089767","雷虎群益51購03","124,000","36","2,505,200","21.00","21.30","19.00","21.30"," ","0.00","19.00","10","21.40","9","173.00",
="089768","南電群益51購04","180,000","13","493,970","2.60","2.85","2.60","2.85","+","0.67","1.12","44","--","0","226.00",
="089769","南電群益53購04","198,000","27","519,230","2.25","2.86","2.25","2.85","+","0.90","1.03","48","--","0","226.00",
="08976P","臺股指群益53售06","0","0","0","--","--","--","--"," ","0.00","0.33","499","0.34","499","0.00",
="089770","T50正2富邦61購01","0","0","0","--","--","--","--"," ","0.00","1.33","100","1.34","100","0.00",
="089771","士電富邦55購01","72,000","4","90,060","1.30","1.31","1.23","1.23","+","0.05","1.23","30","1.24","10","0.00",
="089772","中興電富邦55購01","596,000","17","720,480","1.22","1.22","1.17","1.21","+","0.05","1.23","30","1.24","10","0.00",
="089773","華城富邦54購02","36,000","4","33,640","0.93","0.94","0.93","0.94","+","0.09","0.87","10","0.88","10","0.00",
="089774","中砂富邦54購01","814,000","38","658,020","0.75","0.86","0.75","0.85","+","0.09","0.81","10","0.82","10","0.00",
="089775","中鴻富邦53購02","0","0","0","--","--","--","--"," ","0.00","0.59","30","0.60","10","0.00",
="089776","大成鋼富邦54購01","23,000","4","25,500","1.11","1.15","1.10","1.11","-","0.19","1.10","10","1.11","10","0.00",
="089777","南亞科富邦53購04","0","0","0","--","--","--","--"," ","0.00","1.03","10","1.04","10","0.00",
="089778","京元電富邦53購03","117,000","17","209,310","1.73","1.87","1.71","1.81","+","0.10","1.81","10","1.83","10","0.00",
="089779","京元電富邦54購01","411,000","21","704,720","1.62","1.78","1.62","1.78","+","0.10","1.69","10","1.70","10","0.00",
="08977P","臺股指群益53售07","15,000","2","3,950","0.26","0.27","0.26","0.27","+","0.01","0.26","499","0.27","494","0.00",
="089780","聯發科富邦51購09","80,000","1","47,200","0.59","0.59","0.59","0.59","X","0.00","0.56","30","0.57","10","0.00",
="089781","長榮富邦53購03","858,000","28","688,080","0.77","0.83","0.77","0.79"," ","0.00","0.76","10","0.77","10","0.00",
="089782","長榮富邦53購04","650,000","16","501,880","0.75","0.79","0.75","0.75","-","0.01","0.74","10","0.75","10","0.00",
="089783","欣興富邦51購03","600,000","24","603,950","0.94","1.06","0.91","1.04","+","0.04","0.99","10","1.00","10","0.00",
="089784","健鼎富邦51購02","1,492,000","49","1,965,610","1.32","1.36","1.26","1.27","-","0.22","1.26","30","1.28","10","0.00",
="089785","緯創富邦55購01","458,000","14","364,650","0.77","0.81","0.76","0.79","-","0.01","0.78","10","0.79","10","0.00",
="089786","聯鈞富邦51購02","505,000","35","390,020","0.79","0.81","0.73","0.73","-","0.11","0.72","30","0.73","10","0.00",
="089787","貿聯富邦54購01","26,000","4","35,140","1.26","1.41","1.26","1.41","+","0.13","1.34","10","1.35","10","0.00",
="089788","祥碩富邦53購02","37,000","6","27,430","0.74","0.75","0.72","0.72","-","0.02","0.72","10","0.73","10","0.00",
="089789","亞翔富邦55購01","82,000","2","68,920","0.86","0.86","0.84","0.84","-","0.05","0.82","10","0.83","10","0.00",
="08978P","陽明統一4B售07","0","0","0","--","--","--","--"," ","0.00","0.68","10","0.69","10","0.00",
="089790","保瑞富邦53購02","194,000","6","164,060","0.83","0.87","0.83","0.85","-","0.02","0.83","10","0.84","10","0.00",
="089791","穎崴富邦53購05","12,000","3","16,190","1.35","1.35","1.34","1.34","+","0.06","1.41","10","1.51","10","0.00",
="089792","緯穎富邦57購01","25,000","4","41,140","1.65","1.65","1.64","1.64","-","0.01","1.59","10","1.64","10","0.00",
="089793","AES富邦53購02","0","0","0","--","--","--","--"," ","0.00","2.34","10","2.44","10","0.00",
="089794","連加富邦54購01","39,000","1","9,360","0.24","0.24","0.24","0.24","X","0.00","0.23","10","0.24","10","0.00",
="089795","世紀鋼富邦53購01","244,000","7","126,760","0.54","0.54","0.50","0.50","-","0.07","0.52","10","0.53","10","0.00",
="089796","T50反1元大51購07","10,000","1","6,300","0.63","0.63","0.63","0.63","X","0.00","0.65","100","0.66","10","19.79",
="089797","T50反1元大51購08","0","0","0","--","--","--","--"," ","0.00","0.51","499","0.52","10","19.79",
="089798","T50反1元大56購01","0","0","0","--","--","--","--"," ","0.00","0.91","499","0.92","10","19.79",
="089799","億泰元大51購03","46,000","5","146,260","3.21","3.21","3.16","3.16","-","0.19","2.99","250","3.00","10","38.70",
="08979P","臺股指元富51售10","9,000","2","2,140","0.23","0.24","0.23","0.24","+","0.02","0.24","25","0.25","25","0.00",
="089800","大成鋼元大51購10","200,000","8","258,600","1.28","1.31","1.26","1.26","-","0.14","1.22","25","1.24","10","38.60",
="089801","川湖元大51購15","0","0","0","--","--","--","--"," ","0.00","2.14","350","2.17","10","2,925.00",
="089802","台達電元大53購01","0","0","0","--","--","--","--"," ","0.00","3.99","200","--","0","709.00",
="089803","鴻海元大51購36","0","0","0","--","--","--","--"," ","0.00","1.59","450","1.61","10","206.00",
="089804","台積電元大53購02","2,000","2","1,960","0.98","0.98","0.98","0.98","-","0.04","0.08","125","--","0","1,160.00",
="089805","大同元大51購03","30,000","2","93,000","3.10","3.10","3.10","3.10","X","0.00","3.07","250","3.10","10","40.75",
="089806","漢唐元大51購13","336,000","22","1,215,720","3.75","3.78","3.41","3.78","-","0.12","3.81","1","3.84","10","1,190.00",
="089807","京元電元大51購06","1,000","1","1,750","1.75","1.75","1.75","1.75","X","0.00","1.65","499","1.75","10","142.00",
="089808","大立光元大53購01","370,000","8","389,700","1.08","1.08","1.04","1.04","-","0.04","1.04","25","1.05","10","2,395.00",
="089809","欣興元大53購04","72,000","4","78,070","1.04","1.12","1.04","1.11","+","0.02","1.04","499","1.07","10","150.00",
="08980P","緯創台新4B售01","0","0","0","--","--","--","--"," ","0.00","0.46","10","0.47","10","0.00",
="089810","健鼎元大51購06","149,000","12","390,200","2.60","2.66","2.56","2.65","-","0.12","2.49","300","2.51","10","318.00",
="089811","建漢元大51購01","135,000","3","140,600","1.00","1.05","1.00","1.05","X","0.00","0.08","57","--","0","26.35",
="089812","建漢元大51購02","87,000","8","110,560","1.23","1.33","1.23","1.25","-","0.02","0.03","333","1.37","7","26.35",
="089813","景碩元大51購11","50,000","3","48,500","0.97","0.97","0.97","0.97"," ","0.00","0.89","499","0.93","10","113.50",
="089814","創意元大51購14","0","0","0","--","--","--","--"," ","0.00","0.06","51","--","0","1,350.00",
="089815","創意元大51購15","3,000","1","2,640","0.88","0.88","0.88","0.88"," ","0.00","0.15","66","--","0","1,350.00",
="089816","創意元大51購16","14,000","4","13,090","0.92","0.94","0.91","0.91","+","0.04","0.88","1","--","0","1,350.00",
="089817","華擎元大51購09","8,000","8","11,880","1.50","1.50","1.43","1.43","-","0.06","1.41","499","1.43","10","281.00",
="089818","世芯元大51購49","60,000","6","177,700","3.08","3.08","2.80","2.80","-","0.18","2.77","250","2.81","10","4,000.00",
="089819","神達元大51購19","99,000","14","619,650","6.10","6.60","6.00","6.00","+","1.01","6.15","150","6.20","10","95.90",
="08981P","名軒國票4C售01","0","0","0","--","--","--","--"," ","0.00","0.63","25","0.65","10","0.00",
="089820","神達元大53購02","2,276,000","93","4,757,620","1.98","2.22","1.80","2.03","+","0.35","2.04","450","2.06","10","95.90",
="089821","豐藝元大51購01","0","0","0","--","--","--","--"," ","0.00","0.56","499","0.57","10","52.80",
="089822","豐藝元大51購02","150,000","2","102,000","0.68","0.68","0.68","0.68","X","0.00","0.68","499","0.69","10","52.80",
="089823","精成科元大51購14","782,000","38","770,000","1.05","1.12","0.91","1.12","+","0.24","1.05","14","1.30","5","131.00",
="089824","精成科元大51購15","828,000","22","828,010","1.03","1.08","0.95","1.08","+","0.31","1.04","5","1.10","1","131.00",
="089825","精成科元大53購03","247,000","13","231,520","0.96","0.99","0.90","0.99","+","0.27","0.99","30","1.03","50","131.00",
="089826","聯茂元大53購01","20,000","2","44,400","2.23","2.23","2.21","2.21","-","0.16","2.19","25","2.24","10","125.00",
="089827","力積電元大51購03","20,000","1","12,800","0.64","0.64","0.64","0.64","-","0.01","0.62","499","0.64","10","16.05",
="089828","AES元大51購09","88,000","1","163,680","1.86","1.86","1.86","1.86","+","0.15","1.80","499","1.84","10","1,350.00",
="089829","AES元大51購10","0","0","0","--","--","--","--"," ","0.00","1.81","450","--","0","1,350.00",
="08982P","富邦金國票4C售01","0","0","0","--","--","--","--"," ","0.00","0.21","25","0.22","10","0.00",
="089830","富世達元大53購03","26,000","6","169,600","6.45","6.90","6.45","6.90","+","0.20","4.06","2","--","0","1,145.00",
="089831","連加元大51購12","11,000","1","7,590","0.69","0.69","0.69","0.69","X","0.00","0.66","499","0.68","10","615.00",
="089832","連加元大51購13","0","0","0","--","--","--","--"," ","0.00","0.59","499","0.61","10","615.00",
="089833","雷虎元大51購05","100,000","37","907,850","10.00","10.00","8.55","8.80","-","0.75","8.60","2","9.30","6","173.00",
="089834","南電元大51購12","1,049,000","11","2,302,650","1.82","2.21","1.82","2.21","+","0.60","2.22","31","--","0","226.00",
="089835","南電元大51購13","74,000","9","142,040","1.80","2.13","1.80","2.13","+","0.45","2.19","125","--","0","226.00",
="089836","南電元大51購17","0","0","0","--","--","--","--"," ","0.00","2.20","450","--","0","226.00",
="089837","南電元大55購01","0","0","0","--","--","--","--"," ","0.00","2.41","100","2.80","5","226.00",
="089838","南電元大56購01","36,000","3","68,830","1.78","1.95","1.78","1.95","X","0.00","1.98","499","--","0","226.00",
="089839","世紀鋼元大53購04","35,000","2","80,200","2.32","2.32","2.28","2.28","-","0.14","2.21","300","2.23","10","188.00",
="08983P","牧德國票4C售02","0","0","0","--","--","--","--"," ","0.00","0.57","25","0.58","10","0.00",
="089840","臺股指元大51購30","3,000","3","8,000","2.70","2.70","2.63","2.63","-","0.10","2.58","100","2.59","10","0.00",
="089841","臺股指元大51購31","6,000","3","8,360","1.43","1.43","1.36","1.36","-","0.13","1.37","100","1.38","13","0.00",
="089842","川湖統一57購02","22,000","2","18,880","0.84","0.86","0.84","0.86","+","0.02","0.84","10","0.85","10","2,925.00",
="089843","台達電統一57購05","311,000","17","431,870","1.39","1.42","1.37","1.39","-","0.06","1.38","14","1.39","10","709.00",
="089844","台達電統一57購06","112,000","4","191,080","1.71","1.71","1.69","1.69","-","0.07","1.68","10","1.69","5","709.00",
="089845","漢唐統一57購01","32,000","2","50,140","1.57","1.57","1.55","1.55"," ","0.00","1.60","10","1.61","10","1,190.00",
="089846","漢唐統一57購02","191,000","6","315,350","1.65","1.67","1.62","1.62","-","0.06","1.66","10","1.68","10","1,190.00",
="089847","京元電統一57購01","166,000","3","203,260","1.21","1.26","1.21","1.26","+","0.07","1.19","10","1.21","10","142.00",
="089848","京元電統一57購02","507,000","17","439,560","0.84","0.88","0.84","0.86","+","0.03","0.85","10","0.86","10","142.00",
="089849","健鼎統一57購02","314,000","6","309,560","0.99","0.99","0.96","0.96","-","0.05","0.95","10","0.96","10","318.00",
="08984P","祥碩國票4B售02","0","0","0","--","--","--","--"," ","0.00","1.34","25","1.35","10","0.00",
="089850","瀚宇博統一59購02","19,000","3","17,220","0.93","0.93","0.88","0.88","+","0.03","0.86","10","0.87","10","81.70",
="089851","南電統一57購04","164,000","9","163,280","0.89","1.09","0.89","1.09","+","0.27","1.10","10","--","0","226.00",
="089852","南電統一67購02","77,000","7","69,410","0.88","1.09","0.87","1.09","+","0.21","0.95","20","1.09","67","226.00",
="089853","T50正2中信54購04","20,000","11","24,890","1.26","1.27","1.17","1.19","-","0.10","1.19","499","1.20","100","0.00",
="089854","T50反1中信57購02","211,000","3","158,240","0.74","0.75","0.74","0.75","+","0.02","0.74","104","0.75","100","0.00",
="089855","臺指反中信57購02","0","0","0","--","--","--","--"," ","0.00","0.60","499","0.61","100","0.00",
="089856","大成鋼中信51購01","20,000","2","19,700","1.02","1.02","0.95","0.95","-","0.32","0.89","10","0.90","10","0.00",
="089857","台積電中信54購07","0","0","0","--","--","--","--"," ","0.00","0.70","499","0.72","10","0.00",
="089858","全新中信51購01","48,000","5","32,260","0.67","0.68","0.67","0.68","-","0.04","0.62","10","0.64","10","0.00",
="089859","AES中信51購02","387,000","21","399,280","0.95","1.07","0.95","1.05","+","0.17","1.04","10","1.06","10","0.00",
="08985P","矽力國票4C售03","0","0","0","--","--","--","--"," ","0.00","2.30","25","2.32","10","0.00",
="089860","南電中信53購01","713,000","65","575,460","0.74","1.15","0.69","1.02","+","0.34","1.01","10","1.02","1","0.00",
="089861","南電中信54購01","8,000","1","6,640","0.83","0.83","0.83","0.83","+","0.18","0.84","499","1.02","1","0.00",
="089862","慧洋兆豐53購01","141,000","6","140,880","0.99","1.02","0.97","0.97","-","0.04","0.93","10","0.94","10","61.80",
="089863","台灣50富邦57購01","3,000","1","3,750","1.25","1.25","1.25","1.25","-","0.10","1.24","100","1.25","100","0.00",
="089864","台灣50富邦62購01","62,000","10","57,570","0.94","0.94","0.90","0.90","-","0.08","0.89","100","0.90","100","0.00",
="089865","上証2X富邦53購01","0","0","0","--","--","--","--"," ","0.00","2.08","100","2.09","100","0.00",
="089866","光寶科富邦53購01","720,000","29","1,102,800","1.50","1.59","1.48","1.54","-","0.03","1.54","30","1.55","10","0.00",
="089867","力智富邦53購01","274,000","6","150,420","0.54","0.56","0.53","0.54","-","0.02","0.53","10","0.54","10","0.00",
="089868","昇陽半富邦51購02","497,000","23","630,240","1.19","1.35","1.19","1.28","+","0.05","1.25","10","1.27","10","0.00",
="089869","南電富邦56購01","151,000","10","261,070","1.65","1.91","1.65","1.91","+","0.70","1.91","30","--","0","0.00",
="08986P","鴻海永豐4C售06","0","0","0","--","--","--","--"," ","0.00","0.10","10","0.11","10","0.00",
="089870","FB越南元富53購01","8,000","4","14,160","1.78","1.78","1.74","1.74","-","0.06","1.75","25","1.77","25","16.09",
="089871","南亞元富51購03","197,000","14","766,200","4.07","4.16","3.76","3.76","-","0.86","3.73","25","3.76","25","43.00",
="089872","台化元富51購02","25,000","1","43,500","1.74","1.74","1.74","1.74","-","0.24","1.70","25","1.71","25","29.90",
="089873","台化元富51購03","31,000","2","44,930","1.45","1.45","1.43","1.43","-","0.18","1.42","25","1.43","25","29.90",
="089874","合機元富51購01","0","0","0","--","--","--","--"," ","0.00","2.02","25","2.03","25","48.45",
="089875","台玻元富51購02","0","0","0","--","--","--","--"," ","0.00","--","0","--","0","34.55",
="089876","台玻元富53購01","10,000","1","114,000","11.40","11.40","11.40","11.40","X","0.00","--","0","--","0","34.55",
="089877","台玻元富54購01","2,000","1","23,200","11.60","11.60","11.60","11.60"," ","0.00","8.35","3","14.50","3","34.55",
="089878","光寶科元富51購01","67,000","8","167,420","2.52","2.52","2.45","2.49","-","0.05","2.44","2","2.51","10","130.00",
="089879","光寶科元富51購02","50,000","2","102,920","2.08","2.08","2.04","2.04","+","0.02","1.97","25","2.07","10","130.00",
="08987P","南亞科永豐4B售03","0","0","0","--","--","--","--"," ","0.00","0.26","499","0.27","10","0.00",
="089880","鴻海元富51購06","0","0","0","--","--","--","--"," ","0.00","3.46","25","3.54","25","206.00",
="089881","漢唐元富51購05","41,000","4","340,400","8.40","8.40","8.00","8.00","-","0.65","8.40","25","8.60","25","1,190.00",
="089882","宏達電元富53購01","1,000","1","13,200","13.20","13.20","13.20","13.20","+","3.60","10.80","2","--","0","66.50",
="089883","文曄元富51購01","129,000","6","147,910","1.13","1.18","1.13","1.14","-","0.02","1.13","25","1.14","25","123.00",
="089884","蔚華科元富51購01","0","0","0","--","--","--","--"," ","0.00","2.17","25","2.20","25","60.30",
="089885","南寶元富51購01","441,000","18","1,110,770","2.44","2.73","2.35","2.53","+","0.06","2.50","25","2.53","25","376.00",
="089886","祥碩元富51購02","0","0","0","--","--","--","--"," ","0.00","1.44","25","1.46","25","1,665.00",
="089887","祥碩元富51購03","0","0","0","--","--","--","--"," ","0.00","1.08","25","1.09","25","1,665.00",
="089888","訊芯元富51購02","60,000","5","146,980","2.45","2.48","2.35","2.35","-","0.41","2.35","25","2.37","25","165.00",
="089889","AES元富53購02","438,000","17","1,798,990","3.65","4.44","3.65","4.22","+","0.60","4.22","25","4.28","26","1,350.00",
="08988P","世芯永豐4B售10","0","0","0","--","--","--","--"," ","0.00","0.04","10","0.05","10","0.00",
="089890","連加元富53購01","3,000","2","2,020","0.68","0.68","0.67","0.67","-","0.07","0.67","25","0.68","25","615.00",
="089891","T50反1國泰53購01","0","0","0","--","--","--","--"," ","0.00","0.74","499","0.75","499","19.79",
="089892","T50反1國泰53購02","0","0","0","--","--","--","--"," ","0.00","0.51","499","0.52","200","19.79",
="089893","台玻國泰53購02","0","0","0","--","--","--","--"," ","0.00","7.80","499","--","0","34.55",
="089894","大聯大國泰53購01","39,000","5","64,170","1.64","1.70","1.64","1.64","+","0.05","1.64","9","1.65","10","67.00",
="089895","緯穎國泰53購02","0","0","0","--","--","--","--"," ","0.00","2.13","150","2.19","100","2,975.00",
="089896","AES國泰53購01","13,000","1","41,600","3.20","3.20","3.20","3.20","X","0.00","3.16","499","3.20","100","1,350.00",
="089897","南電國泰53購03","243,000","16","672,900","2.38","3.21","2.32","3.21","+","0.84","3.22","44","4.11","25","226.00",
="089898","滬深2X國票5A購01","97,000","21","161,550","1.64","1.76","1.62","1.64","-","0.30","1.63","25","1.65","10","18.32",
="089899","南亞國票53購01","7,000","3","20,830","3.04","3.04","2.94","2.94","-","0.67","2.88","25","2.90","10","43.00",
="08989P","臺股指永豐53售03","0","0","0","--","--","--","--"," ","0.00","0.65","10","0.66","10","0.00",
="089900","華城國票53購01","3,000","1","5,940","1.98","1.98","1.98","1.98","+","0.07","1.84","25","1.85","10","618.00",
="089901","台玻國票53購01","2,000","1","13,200","6.60","6.60","6.60","6.60","X","0.00","7.00","25","--","0","34.55",
="089902","光寶科國票57購01","126,000","6","142,830","1.16","1.16","1.12","1.15","-","0.01","1.13","25","1.14","10","130.00",
="089903","鴻海國票59購01","0","0","0","--","--","--","--"," ","0.00","2.38","25","2.42","10","206.00",
="089904","金像電國票53購01","49,000","8","379,750","7.25","7.90","7.25","7.90","+","0.40","8.00","25","8.05","10","486.00",
="089905","台光電國票62購01","30,000","1","66,300","2.21","2.21","2.21","2.21","-","0.11","2.21","25","2.23","10","1,250.00",
="089906","全新國票51購03","145,000","3","181,120","1.24","1.39","1.24","1.39","-","0.07","1.26","25","1.27","10","153.50",
="089907","奇鋐國票53購01","20,000","10","109,000","5.75","5.75","5.10","5.40","-","0.95","5.40","26","5.65","10","1,015.00",
="089908","蔚華科國票51購01","3,000","1","4,650","1.55","1.55","1.55","1.55","-","0.06","1.55","25","1.56","10","60.30",
="089909","世芯國票53購06","22,000","3","52,560","2.48","2.48","2.37","2.37","+","0.04","2.30","25","2.31","10","4,000.00",
="08990P","臺股指永豐53售04","0","0","0","--","--","--","--"," ","0.00","0.37","499","0.38","10","0.00",
="089910","訊芯國票53購02","0","0","0","--","--","--","--"," ","0.00","1.32","25","1.34","10","165.00",
="089911","穎崴國票53購02","0","0","0","--","--","--","--"," ","0.00","1.41","25","1.45","10","1,250.00",
="089912","AES國票51購04","58,000","6","108,570","1.68","1.94","1.68","1.87","+","0.28","1.86","25","1.89","10","1,350.00",
="089913","AES國票53購02","234,000","13","432,030","1.70","1.92","1.70","1.85","+","0.25","1.86","25","1.87","10","1,350.00",
="089915","南電國票57購02","0","0","0","--","--","--","--"," ","0.00","4.20","25","--","0","226.00",
="089916","臺股指國票53購05","0","0","0","--","--","--","--"," ","0.00","2.35","499","2.36","499","0.00",
="089917","智邦台新51購01","2,000","1","6,660","3.33","3.33","3.33","3.33","-","0.09","3.34","20","3.35","10","0.00",
="089918","T50反1永豐51購04","0","0","0","--","--","--","--"," ","0.00","0.35","10","0.36","10","19.79",
="08991P","台光電凱基4B售04","0","0","0","--","--","--","--"," ","0.00","--","0","0.04","250","0.00",
="089920","台塑永豐53購03","0","0","0","--","--","--","--"," ","0.00","0.74","499","0.75","10","39.10",
="089921","南亞永豐51購01","0","0","0","--","--","--","--"," ","0.00","1.30","10","1.34","10","43.00",
="089922","南亞永豐53購02","0","0","0","--","--","--","--"," ","0.00","1.80","499","1.83","10","43.00",
="089923","台化永豐51購02","0","0","0","--","--","--","--"," ","0.00","0.92","499","0.93","10","29.90",
="089925","光寶科永豐53購01","76,000","4","138,280","1.83","1.83","1.79","1.79","-","0.12","1.73","10","1.83","10","130.00",
="089926","鴻海永豐51購08","0","0","0","--","--","--","--"," ","0.00","2.32","10","2.33","10","206.00",
="089927","台積電永豐67購02","80,000","3","75,250","0.94","0.95","0.94","0.94","-","0.05","0.90","10","1.00","10","1,160.00",
="089928","智邦永豐53購03","115,000","2","239,200","2.08","2.08","2.08","2.08","+","0.03","2.00","10","2.01","10","984.00",
="089929","金像電永豐53購03","151,000","32","391,560","2.50","2.74","2.45","2.74","+","0.16","2.77","10","2.78","10","486.00",
="08992P","奇鋐凱基4B售06","0","0","0","--","--","--","--"," ","0.00","0.03","100","0.04","50","0.00",
="089930","佳能永豐53購03","5,000","1","11,800","2.36","2.36","2.36","2.36","-","0.08","2.39","10","2.44","10","80.80",
="089931","台光電永豐51購10","132,000","13","148,790","1.15","1.16","1.07","1.16","-","0.05","1.13","10","1.15","10","1,250.00",
="089932","台光電永豐53購03","0","0","0","--","--","--","--"," ","0.00","1.11","499","1.14","10","1,250.00",
="089933","長榮永豐54購02","0","0","0","--","--","--","--"," ","0.00","1.00","499","1.01","10","188.00",
="089934","新興永豐51購01","11,000","2","9,580","0.88","0.88","0.83","0.83","-","0.04","0.81","10","0.82","10","23.65",
="089937","德律永豐51購01","4,000","1","10,760","2.69","2.69","2.69","2.69","-","0.31","2.55","499","2.58","10","206.00",
="089938","新日興永豐53購03","47,000","4","101,220","2.10","2.54","2.10","2.54","X","0.00","0.73","30","--","0","259.00",
="08993P","力成凱基4C售01","0","0","0","--","--","--","--"," ","0.00","0.34","10","0.35","10","0.00",
="089941","貿聯永豐51購04","114,000","6","162,220","1.43","1.43","1.39","1.43","+","0.09","1.43","10","1.44","30","981.00",
="089942","訊芯永豐53購02","0","0","0","--","--","--","--"," ","0.00","0.99","499","1.00","10","165.00",
="089943","台塑化永豐53購01","28,000","2","25,760","0.92","0.92","0.92","0.92","X","0.00","0.91","499","0.92","10","40.75",
="089944","緯穎永豐51購09","0","0","0","--","--","--","--"," ","0.00","1.66","499","1.69","10","2,975.00",
="089946","AES永豐53購04","80,000","4","122,000","1.51","1.55","1.51","1.53","+","0.22","1.51","499","1.55","10","1,350.00",
="089947","世紀鋼永豐51購03","0","0","0","--","--","--","--"," ","0.00","0.92","499","0.94","10","188.00",
="089948","中502X元大51購03","10,000","1","17,200","1.72","1.72","1.72","1.72","X","0.00","1.59","499","1.60","50","11.76",
="089949","中502X元大53購02","231,000","12","507,880","2.26","2.26","2.13","2.13","-","0.40","2.08","100","2.09","50","11.76",
="08994P","台表科凱基4C售01","0","0","0","--","--","--","--"," ","0.00","0.43","10","0.44","10","0.00",
="089950","FB越南元大53購03","82,000","7","107,500","1.36","1.36","1.29","1.33","-","0.05","1.33","100","1.35","50","16.09",
="089951","FB越南元大54購02","108,000","4","147,200","1.40","1.40","1.36","1.36","-","0.06","1.38","100","1.40","50","16.09",
="089952","聚陽元大51購03","55,000","4","71,900","1.28","1.33","1.28","1.31","+","0.03","1.31","499","1.33","10","265.00",
="089953","華城元大53購04","418,000","11","189,100","0.47","0.47","0.45","0.45","-","0.01","0.43","499","0.44","10","618.00",
="089954","大成鋼元大51購11","15,000","3","29,920","1.96","2.00","1.96","2.00","-","0.31","1.84","25","1.86","10","38.60",
="089955","光寶科元大51購07","959,000","20","724,210","0.76","0.79","0.74","0.76","-","0.07","0.74","25","0.76","10","130.00",
="089956","鴻海元大51購38","0","0","0","--","--","--","--"," ","0.00","1.50","450","1.52","10","206.00",
="089957","廣宇元大51購03","92,000","9","462,120","4.89","5.05","4.59","4.59","-","0.09","4.65","150","4.71","10","60.90",
="089958","智邦元大51購10","192,000","6","657,640","3.41","3.51","3.36","3.51","+","0.14","3.32","200","3.35","10","984.00",
="089959","華碩元大51購09","421,000","7","575,230","1.37","1.38","1.36","1.36","-","0.01","1.35","25","1.38","10","634.00",
="08995P","台塑化凱基4B售02","0","0","0","--","--","--","--"," ","0.00","0.77","10","0.78","30","0.00",
="089960","矽統元大51購09","231,000","11","377,160","1.61","1.65","1.56","1.65","-","0.01","1.62","450","1.63","10","55.10",
="089961","佳能元大54購01","40,000","2","60,000","1.47","1.51","1.47","1.51","-","0.04","1.51","499","1.61","10","80.80",
="089962","建準元大51購02","321,000","7","468,160","1.41","1.50","1.38","1.44","-","0.01","1.44","10","1.50","10","137.00",
="089963","聯發科元大51購36","0","0","0","--","--","--","--"," ","0.00","0.06","166","--","0","1,385.00",
="089964","宏達電元大51購09","4,000","3","52,700","13.20","13.50","12.80","13.50","+","2.70","12.30","10","14.50","1","66.50",
="089965","大立光元大53購02","0","0","0","--","--","--","--"," ","0.00","0.88","25","0.89","10","2,395.00",
="089966","欣興元大53購05","158,000","12","204,580","1.26","1.32","1.25","1.31","+","0.01","1.30","2","1.31","4","150.00",
="089967","景碩元大51購12","316,000","2","300,220","0.97","0.97","0.95","0.95","-","0.06","0.94","499","0.97","10","113.50",
="089968","玉晶光元大53購01","101,000","9","69,170","0.69","0.71","0.67","0.71"," ","0.00","0.69","499","0.70","10","461.50",
="089969","聯鈞元大51購11","47,000","5","70,170","1.59","1.59","1.46","1.53","-","0.16","1.42","450","1.44","10","202.00",
="08996P","臺股指凱基4B售28","0","0","0","--","--","--","--"," ","0.00","0.15","100","0.16","10","0.00",
="089970","世芯元大51購50","61,000","7","135,960","2.30","2.30","2.10","2.10","-","0.04","2.07","2","2.09","10","4,000.00",
="089971","祥碩元大51購04","267,000","2","149,520","0.56","0.56","0.56","0.56","-","0.05","0.53","25","0.54","10","1,665.00",
="089972","祥碩元大51購05","0","0","0","--","--","--","--"," ","0.00","0.42","499","0.43","10","1,665.00",
="089973","瀚宇博元大51購04","55,000","8","177,390","3.22","3.39","2.80","2.80","+","0.60","2.71","250","2.75","10","81.70",
="089974","亞翔元大53購04","0","0","0","--","--","--","--"," ","0.00","1.10","499","1.11","10","349.50",
="089975","台郡元大51購03","80,000","1","106,400","1.33","1.33","1.33","1.33","X","0.00","1.30","499","1.32","10","68.00",
="089976","台郡元大51購04","0","0","0","--","--","--","--"," ","0.00","1.50","499","1.52","10","68.00",
="089977","台郡元大51購05","59,000","6","102,890","1.74","1.80","1.71","1.76","+","0.02","1.64","450","1.66","10","68.00",
="089978","力積電元大51購04","16,000","2","16,910","1.05","1.06","1.05","1.06","+","0.02","1.05","499","1.07","10","16.05",
="089979","富世達元大53購04","77,000","9","173,880","2.38","2.38","2.20","2.38","-","0.04","1.28","39","--","0","1,145.00",
="08997P","臺股指凱基4B售30","25,000","3","6,830","0.27","0.28","0.27","0.28","+","0.02","0.28","100","0.29","10","0.00",
="089980","南電元大51購18","3,000","2","6,060","1.92","2.07","1.92","2.07","+","0.34","2.26","450","--","0","226.00",
="089981","南電元大56購02","57,000","16","136,610","2.27","2.53","2.22","2.53","+","0.44","2.59","100","--","0","226.00",
="089982","南電元大57購01","10,000","1","23,000","2.30","2.30","2.30","2.30","X","0.00","2.49","5","--","0","226.00",
="089983","T50正2凱基5A購01","0","0","0","--","--","--","--"," ","0.00","1.86","100","1.87","10","259.40",
="089984","T50反1凱基56購03","0","0","0","--","--","--","--"," ","0.00","0.92","100","0.93","10","19.79",
="089985","道瓊反凱基56購01","0","0","0","--","--","--","--"," ","0.00","0.35","100","0.36","50","5.93",
="089986","群高息凱基51購01","300,000","2","250,000","0.86","0.86","0.82","0.82","-","0.02","0.82","100","0.83","50","21.44",
="089987","科技息凱基51購01","3,000","1","2,430","0.81","0.81","0.81","0.81","X","0.00","0.81","100","0.82","10","17.94",
="089988","台塑凱基53購02","0","0","0","--","--","--","--"," ","0.00","1.95","100","1.96","10","39.10",
="089989","南亞凱基51購04","52,000","1","257,400","4.95","4.95","4.95","4.95","-","0.90","4.61","50","4.63","10","43.00",
="08998P","臺股指凱基54售07","0","0","0","--","--","--","--"," ","0.00","0.53","100","0.54","10","0.00",
="089990","台化凱基51購05","0","0","0","--","--","--","--"," ","0.00","1.16","100","1.17","10","29.90",
="089991","中砂凱基51購03","14,000","1","20,300","1.45","1.45","1.45","1.45","+","0.19","1.41","100","1.42","10","347.00",
="089992","台玻凱基51購07","0","0","0","--","--","--","--"," ","0.00","6.15","10","6.65","10","34.55",
="089993","川湖凱基57購01","152,000","8","335,750","2.19","2.24","2.18","2.20"," ","0.00","2.18","100","2.19","10","2,925.00",
="089994","光寶科凱基51購02","39,000","7","41,760","1.08","1.09","1.05","1.07","-","0.04","1.02","100","1.05","10","130.00",
="089995","鴻海凱基53購07","0","0","0","--","--","--","--"," ","0.00","1.96","100","1.97","10","206.00",
="089996","台積電凱基51購31","0","0","0","--","--","--","--"," ","0.00","1.26","100","1.27","10","1,160.00",
="089997","台積電凱基53購32","0","0","0","--","--","--","--"," ","0.00","1.24","100","1.25","10","1,160.00",
="089998","華邦電凱基51購05","9,000","3","10,930","1.22","1.29","1.20","1.20","-","0.09","1.20","10","1.22","10","19.60",
="089999","智邦凱基53購02","6,000","2","28,350","4.60","4.85","4.60","4.85"," ","0.00","4.67","10","4.69","10","984.00",
="08999P","臺股指凱基54售08","0","0","0","--","--","--","--"," ","0.00","0.49","100","0.50","10","0.00",
"1101","台泥","27,213,030","12,837","622,008,697","23.00","23.05","22.80","22.80","-","0.20","22.80","4,458","22.85","108","22.14",
"1101B","台泥乙特","16,256","20","739,040","45.50","45.55","45.40","45.55"," ","0.00","45.40","1","45.55","2","0.00",
"1102","亞泥","7,920,523","4,361","295,004,033","37.35","37.55","37.10","37.10","-","0.25","37.10","280","37.15","53","13.16",
"1103","嘉泥","362,636","219","4,862,609","13.40","13.50","13.35","13.40"," ","0.00","13.35","75","13.40","9","111.67",
"1104","環泥","1,053,601","751","31,289,624","30.00","30.00","29.50","29.50","-","0.30","29.50","5","29.55","10","13.29",
"1108","幸福","137,908","91","2,110,412","15.25","15.35","15.25","15.25"," ","0.00","15.25","63","15.30","52","6.60",
"1109","信大","62,458","74","982,192","15.75","15.75","15.70","15.70","-","0.05","15.70","12","15.75","1","16.35",
"1110","東泥","141,580","120","2,453,486","17.45","17.50","17.20","17.20","-","0.20","17.20","4","17.25","1","32.45",
"1201","味全","211,224","144","3,287,886","15.60","15.65","15.50","15.65","+","0.10","15.55","26","15.65","35","23.01",
"1203","味王","27,587","77","1,088,733","39.40","39.90","39.35","39.40"," ","0.00","39.35","3","39.70","1","21.18",
"1210","大成","1,016,597","1,163","54,377,570","53.70","53.70","53.20","53.40","-","0.20","53.30","168","53.40","27","13.32",
"1213","大飲","17,022","17","213,776","12.45","12.60","12.45","12.60","+","0.25","12.55","2","12.60","2","1.45",
"1215","卜蜂","524,818","1,140","70,726,477","134.00","136.50","133.50","133.50","-","1.50","133.50","14","134.50","8","14.88",
"1216","統一","11,198,572","5,352","868,085,821","76.50","77.90","76.40","77.70","+","1.00","77.70","862","77.80","118","22.20",
"1217","愛之味","578,985","244","6,332,628","10.95","11.00","10.90","11.00","+","0.05","10.95","16","11.00","98","78.57",
"1218","泰山","445,398","288","8,314,009","18.60","18.75","18.55","18.70","+","0.10","18.70","3","18.75","13","12.90",
"1219","福壽","160,522","156","2,181,731","13.60","13.65","13.55","13.60"," ","0.00","13.60","5","13.65","6","50.37",
"1220","台榮","149,500","103","1,959,727","13.25","13.25","13.05","13.10","-","0.05","13.10","4","13.15","2","38.53",
"1225","福懋油","128,307","146","3,987,490","31.00","31.35","30.85","31.05","+","0.05","31.05","3","31.20","5","22.18",
"1227","佳格","336,621","323","10,200,921","30.20","30.40","30.20","30.25"," ","0.00","30.25","48","30.30","1","19.03",
"1229","聯華","2,616,439","2,482","129,946,947","48.85","50.20","48.60","49.75","+","0.90","49.75","25","49.80","5","20.90",
"1231","聯華食","272,567","627","37,106,678","135.00","137.50","133.50","137.00","+","2.00","136.50","14","137.00","6","37.43",
"1232","大統益","23,874","99","3,551,774","149.00","149.00","148.50","148.50","-","1.00","148.50","7","149.00","7","19.16",
"1233","天仁","10,227","21","314,927","30.80","31.10","30.70","30.70","-","0.10","30.65","1","30.90","1","38.86",
"1234","黑松","53,571","169","2,103,115","39.30","39.30","39.20","39.20","-","0.30","39.15","3","39.20","1","17.35",
"1235","興泰","10,793","28","653,471","61.00","61.00","60.30","60.60","-","0.20","60.40","2","60.70","1","0.00",
"1236","宏亞","20,126","33","429,027","21.30","21.45","21.30","21.30","-","0.05","21.30","2","21.40","2","0.00",
"1256","鮮活果汁-KY","10,697","67","1,281,412","120.00","120.00","119.50","120.00"," ","0.00","119.50","3","120.50","9","15.09",
"1301","台塑","19,148,548","9,916","753,856,524","40.20","40.20","39.05","39.10","-","0.90","39.10","391","39.15","53","0.00",
"1303","南亞","72,338,864","43,058","3,143,001,740","44.70","44.70","42.75","43.00","-","1.85","43.00","127","43.05","178","0.00",
"1304","台聚","2,347,149","1,309","24,812,307","10.85","10.85","10.45","10.55","-","0.20","10.50","30","10.55","14","0.00",
"1305","華夏","811,359","474","9,697,078","12.05","12.10","11.85","11.90","-","0.15","11.85","153","11.90","18","0.00",
"1307","三芳","959,052","674","30,384,473","32.00","32.00","31.55","31.60","-","0.30","31.60","30","31.70","3","10.93",
"1308","亞聚","1,320,657","660","16,152,660","12.40","12.40","12.15","12.20","-","0.20","12.20","17","12.25","31","0.00",
"1309","台達化","1,020,046","571","11,990,938","11.90","11.90","11.65","11.75","-","0.15","11.70","29","11.75","1","0.00",
"1310","台苯","1,249,143","744","11,490,600","9.36","9.36","9.12","9.15","-","0.19","9.15","54","9.16","21","0.00",
"1312","國喬","4,170,938","1,503","41,568,986","10.05","10.05","9.90","9.92","-","0.18","9.92","105","9.93","16","0.00",
"1312A","國喬特","32,000","14","686,750","21.50","21.50","21.45","21.45","-","0.10","21.40","5","21.55","2","0.00",
"1313","聯成","1,385,605","668","14,336,482","10.35","10.45","10.25","10.40","+","0.05","10.35","18","10.40","20","0.00",
"1314","中石化","7,162,173","1,999","51,602,302","7.24","7.25","7.17","7.19","-","0.03","7.19","167","7.20","30","0.00",
"1315","達新","42,817","55","2,846,945","66.10","66.90","66.10","66.30","+","0.20","66.20","1","66.60","1","98.96",
"1316","上曜","2,092,785","913","27,261,118","12.95","13.10","12.95","13.00","+","0.05","13.00","61","13.05","60","0.00",
"1319","東陽","3,131,452","2,493","316,897,755","99.50","102.50","98.70","101.00","+","2.10","101.00","102","101.50","7","14.62",
"1321","大洋","1,096,475","245","39,372,587","36.10","36.10","35.65","35.80","-","0.30","35.75","1","35.80","6","0.00",
"1323","永裕","16,162","9","317,707","19.70","19.70","19.65","19.65","-","0.05","19.65","10","19.70","12","9.73",
"1324","地球","794,781","558","9,131,524","10.70","11.75","10.60","11.75","X","0.00","11.75","20","--","0","0.00",
"1325","恆大","574,360","350","16,741,837","28.80","29.35","28.80","29.20","+","0.60","29.10","14","29.20","8","0.00",
"1326","台化","11,826,938","5,673","356,021,582","30.55","30.60","29.80","29.90","-","0.60","29.90","77","29.95","118","0.00",
"1337","再生-KY","90,022","111","478,786","5.30","5.35","5.28","5.29","-","0.01","5.29","1","5.30","1","0.00",
"1338","廣華-KY","122,437","103","2,713,899","22.60","22.60","22.05","22.05","-","0.10","22.05","10","22.10","17","0.00",
"1339","昭輝","78,876","173","3,713,691","47.30","47.45","46.80","47.35","+","0.05","46.90","1","47.35","1","21.52",
"1340","勝悅-KY","66,308","86","407,910","6.18","6.18","6.10","6.17","-","0.01","6.17","1","6.18","3","0.00",
"1341","富林-KY","82,213","78","5,088,745","63.10","63.10","61.50","62.30","-","1.70","61.50","1","62.30","10","14.66",
"1342","八貫","897,636","1,300","81,839,651","90.60","92.10","90.00","90.00","+","0.40","90.00","17","90.30","3","16.19",
"1402","遠東新","9,074,790","4,930","247,947,232","27.40","27.55","27.15","27.15","-","0.25","27.15","150","27.20","35","17.52",
"1409","新纖","25,590,205","8,941","395,615,338","15.10","15.80","15.10","15.25","+","0.35","15.25","202","15.30","70","20.61",
"1410","南染","13,739","12","481,114","34.80","35.45","34.80","35.00","+","0.35","35.00","8","35.10","1","152.17",
"1413","宏洲","31,868","23","361,411","11.35","11.35","11.30","11.35","-","0.10","11.35","3","11.40","2","31.53",
"1414","東和","729,444","419","12,348,366","17.05","17.20","16.70","17.15","+","0.10","17.00","1","17.15","8","142.92",
"1416","廣豐","90,436","92","1,042,709","11.60","11.60","11.50","11.50","-","0.10","11.50","29","11.55","27","18.55",
"1417","嘉裕","251,508","178","2,137,326","8.54","8.57","8.41","8.53","-","0.01","8.51","1","8.53","12","0.00",
"1418","東華","25,684","35","553,084","21.80","21.80","21.15","21.40","-","0.10","21.30","1","21.50","1","428.00",
"1419","新紡","325,877","308","17,519,827","53.40","54.50","53.10","53.70","+","0.50","53.60","5","53.80","1","16.22",
"1423","利華","74,007","32","2,800,915","37.85","37.90","37.80","37.85","-","0.05","37.85","12","37.90","1","20.03",
"1432","大魯閣","92,741","231","1,558,753","16.70","16.85","16.70","16.80","-","0.10","16.80","2","16.85","9","0.00",
"1434","福懋","1,350,630","1,032","21,448,646","16.00","16.00","15.80","15.80","-","0.20","15.80","190","15.85","17","21.64",
"1435","中福","1,007","7","29,998","29.80","29.80","29.80","29.80","+","0.80","29.80","2","29.85","1","0.00",
"1436","華友聯","273,831","341","19,679,173","71.00","72.90","70.60","71.30","+","0.10","71.20","6","71.40","1","4.35",
"1437","勤益控","263,122","105","7,730,074","29.40","29.45","29.30","29.40","+","0.05","29.35","2","29.40","1","19.22",
"1438","三地開發","49,055","29","1,826,550","37.05","37.50","37.05","37.05","-","0.15","37.05","8","37.30","1","0.00",
"1439","雋揚","52,354","50","1,532,158","29.75","29.80","29.00","29.00","-","0.85","28.95","3","29.30","1","12.66",
"1440","南紡","556,545","346","7,596,236","13.60","13.80","13.50","13.60"," ","0.00","13.60","68","13.65","7","0.00",
"1441","大東","35,716","61","406,998","11.45","11.50","11.35","11.35","-","0.15","11.35","2","11.50","2","0.00",
"1442","名軒","856,043","651","43,774,235","50.00","52.20","49.55","51.90","+","1.60","51.70","2","51.90","1","9.61",
"1443","立益物流","19,727","678","573,781","30.60","30.60","29.40","29.40","-","0.20","29.35","1","29.45","1","39.20",
"1444","力麗","1,407,144","1,564","9,448,019","6.72","6.78","6.62","6.76","+","0.09","6.75","25","6.76","10","0.00",
"1445","大宇","19,038","19","280,306","14.80","14.80","14.65","14.65","-","0.15","14.60","7","14.75","1","0.00",
"1446","宏和","460,741","240","9,417,712","20.60","20.60","20.35","20.40","-","0.15","20.40","4","20.45","1","2.87",
"1447","力鵬","526,188","350","3,034,240","5.81","5.81","5.74","5.75","-","0.07","5.75","12","5.77","123","0.00",
"1449","佳和","2,366,699","1,217","29,449,923","12.15","12.80","12.00","12.60","+","0.55","12.55","64","12.60","18","70.00",
"1451","年興","80,818","70","1,438,895","17.80","17.90","17.75","17.75"," ","0.00","17.75","8","17.80","1","10.76",
"1452","宏益","165,093","107","2,149,946","12.85","13.10","12.85","13.10","+","0.30","13.10","2","13.15","4","0.00",
"1453","大將","63,321","140","817,814","12.90","13.00","12.80","12.85","X","0.00","12.85","7","12.90","1","0.00",
"1454","台富","21,612","104","309,249","14.25","14.30","14.25","14.30","+","0.05","14.25","4","14.30","1","0.00",
"1455","集盛","413,274","233","3,766,842","9.15","9.16","9.07","9.11","-","0.04","9.10","23","9.13","2","0.00",
"1456","怡華","28,063","23","338,554","11.90","12.20","11.90","12.00"," ","0.00","11.95","4","12.05","3","8.28",
"1457","宜進","353,080","138","5,933,271","16.90","16.90","16.75","16.75","-","0.15","16.75","31","16.85","3","16.11",
"1459","聯發","98,267","68","1,154,069","11.80","11.85","11.70","11.70","-","0.15","11.70","14","11.80","11","27.86",
"1460","宏遠","1,082,226","366","6,528,812","6.06","6.10","6.00","6.07"," ","0.00","6.05","54","6.08","19","0.00",
"1463","強盛新","152,060","149","3,053,400","20.10","20.40","20.00","20.00","-","0.15","20.00","20","20.05","1","6.04",
"1464","得力","797,732","708","8,973,857","11.30","11.30","11.15","11.20","-","0.10","11.15","137","11.20","6","20.74",
"1465","偉全","77,272","111","1,003,866","13.00","13.10","12.95","12.95","-","0.10","12.95","3","13.00","5","0.00",
"1466","聚隆","82,018","63","1,259,472","15.30","15.60","15.20","15.30","+","0.05","15.25","1","15.35","1","0.00",
"1467","南緯","103,364","134","771,166","7.47","7.50","7.42","7.49","-","0.01","7.45","1","7.49","5","0.00",
"1468","昶和","56,000","39","758,950","13.50","13.70","13.40","13.50","-","0.30","13.35","2","13.50","3","0.00",
"1470","大統新創","0","0","0","--","--","--","--"," ","0.00","19.70","3","19.80","1","34.65",
"1471","首利","304,930","224","3,059,235","10.10","10.15","10.00","10.05","-","0.05","10.00","5","10.05","7","0.00",
"1472","三洋實業","15,035","16","1,376,401","91.50","92.00","91.20","91.30","-","0.20","91.30","2","91.70","1","17.23",
"1473","台南","73,792","139","1,851,805","25.15","25.25","24.95","25.10","-","0.10","25.10","1","25.15","1","13.35",
"1474","弘裕","43,376","45","528,210","12.15","12.30","12.10","12.10","-","0.15","12.10","12","12.15","1","71.18",
"1475","業旺","51,444","56","1,764,258","34.95","34.95","34.10","34.10","-","0.35","34.10","3","34.40","2","10.96",
"1476","儒鴻","413,517","838","168,480,612","409.00","411.00","405.00","407.50","-","1.50","407.50","1","408.00","4","19.40",
"1477","聚陽","658,281","876","174,571,814","264.00","267.50","263.00","265.00","+","1.50","265.00","3","265.50","9","16.25",
"1503","士電","7,896,408","11,171","1,490,621,797","192.00","194.50","185.50","187.50","+","4.00","187.00","21","187.50","69","30.05",
"1504","東元","44,076,585","30,180","3,030,934,631","70.30","70.30","68.00","68.50","-","2.00","68.50","223","68.60","81","25.95",
"1506","正道","1,609,613","658","22,638,269","13.70","14.60","13.50","14.15","+","0.45","14.15","41","14.20","3","283.00",
"1512","瑞利","109,040","81","842,839","8.10","8.10","7.60","7.61","-","0.11","7.61","4","7.73","1","0.00",
"1513","中興電","5,010,297","4,319","832,546,479","166.00","167.50","164.50","167.00","X","0.00","166.50","32","167.00","442","22.97",
"1514","亞力","4,772,144","4,115","526,663,833","110.00","112.00","109.00","110.50","+","2.00","110.00","90","110.50","9","40.33",
"1515","力山","464,362","363","14,496,169","30.45","31.70","30.45","31.00","+","0.20","31.00","13","31.10","1","0.00",
"1516","川飛","76,520","71","1,080,326","14.30","14.30","14.05","14.05","-","0.20","14.05","7","14.35","2","0.00",
"1517","利奇","216,706","169","2,228,999","10.20","10.40","10.10","10.35","+","0.15","10.35","14","10.40","5","0.00",
"1519","華城","2,471,702","3,977","1,546,133,899","635.00","635.00","618.00","618.00","-","10.00","618.00","34","619.00","9","39.92",
"1521","大億","18,270","24","449,613","24.55","24.70","24.50","24.50","+","0.10","24.45","4","24.50","1","49.00",
"1522","堤維西","1,452,223","1,239","61,194,749","41.35","42.75","41.20","42.05","+","0.70","42.05","5","42.15","7","33.11",
"1522A","堤維西甲特","3,090","3","148,620","48.10","48.10","48.10","48.10"," ","0.00","48.05","6","48.20","4","0.00",
"1524","耿鼎","2,249,822","1,627","66,783,406","29.35","29.90","29.25","29.75","+","0.20","29.75","19","29.80","24","10.70",
"1525","江申","67,240","264","4,701,657","71.80","71.80","68.90","69.30","-","1.20","69.00","3","69.60","1","16.94",
"1526","日馳","102,360","72","1,820,465","17.85","17.85","17.70","17.75","-","0.10","17.75","1","17.80","1","0.00",
"1527","鑽全","258,555","240","8,351,024","32.35","32.40","32.10","32.35","+","0.20","32.35","3","32.40","8","22.62",
"1528","恩德","6,082,853","3,002","114,236,937","18.60","19.25","18.35","18.75","+","0.10","18.70","67","18.75","28","0.00",
"1529","樂事綠能","759,270","559","20,085,656","26.05","26.70","25.90","26.55","+","0.65","26.50","36","26.55","10","44.25",
"1530","亞崴","27,003","55","757,480","28.00","28.25","28.00","28.00","+","0.05","27.95","7","28.10","1","0.00",
"1531","高林股","39,781","48","477,708","12.00","12.10","11.95","12.00"," ","0.00","12.00","11","12.05","8","0.00",
"1532","勤美","694,854","388","17,367,767","24.60","25.45","24.45","24.90","+","0.30","24.90","8","24.95","7","0.00",
"1533","車王電","74,213","102","2,242,646","30.10","30.40","30.00","30.00"," ","0.00","30.00","5","30.10","1","0.00",
"1535","中宇","46,629","65","2,594,537","55.50","55.80","55.20","55.80","+","0.30","55.50","1","55.90","2","14.02",
"1536","和大","13,107,412","8,514","927,298,023","66.30","72.90","65.80","72.90","+","6.60","72.90","33,066","--","0","0.00",
"1537","廣隆","219,114","261","28,641,071","131.00","131.50","130.00","130.50","-","0.50","130.50","11","131.00","6","13.58",
"1538","正峰","6,548","11","176,211","26.25","27.35","26.25","27.35","+","0.70","26.85","1","28.45","1","0.00",
"1539","巨庭","106,470","92","1,930,265","18.15","18.25","18.00","18.15","+","0.05","18.15","8","18.20","1","0.00",
"1540","喬福","1,180,223","823","32,274,977","26.45","28.20","26.05","27.25","+","1.05","27.20","12","27.25","9","35.86",
"1541","錩泰","16,470","18","413,841","25.05","25.60","25.05","25.10","+","0.15","25.10","9","25.25","1","193.08",
"1558","伸興","56,304","74","5,429,907","97.40","97.40","96.20","96.40","+","0.40","96.30","3","96.40","1","18.02",
"1560","中砂","6,903,319","8,295","2,395,997,398","341.50","353.50","338.50","347.00","+","6.00","347.00","29","347.50","1","47.21",
"1563","巧新","224,956","243","11,260,660","49.90","50.50","49.80","49.85","-","0.10","49.85","3","49.90","2","17.55",
"1568","倉佑","132,447","76","3,040,692","22.90","23.20","22.85","22.90","-","0.05","22.90","2","22.95","1","21.01",
"1582","信錦","1,493,442","1,645","106,829,890","70.10","72.30","69.50","72.00","+","2.20","72.00","20","72.10","20","14.49",
"1583","程泰","8,111","22","418,381","51.80","51.80","51.40","51.50","-","0.30","51.50","1","51.60","1","57.87",
"1587","吉茂","219,500","182","7,107,870","32.15","32.80","31.90","32.20","+","0.05","32.20","1","32.35","2","0.00",
"1589","永冠-KY","990,781","1,605","22,227,123","21.75","23.00","21.40","22.60","+","0.90","22.60","12","22.65","10","0.00",
"1590","亞德客-KY","1,258,018","3,290","1,012,066,737","813.00","813.00","800.00","800.00","-","16.00","800.00","32","803.00","8","21.32",
"1597","直得","2,540,871","2,626","230,974,481","89.10","93.10","88.30","89.20","+","1.00","89.10","23","89.20","22","146.23",
"1598","岱宇","113,996","107","2,441,917","21.45","21.65","21.25","21.25","-","0.10","21.25","14","21.30","1","0.00",
"1603","華電","530,771","375","20,979,315","39.05","39.80","39.05","39.25","X","0.00","39.25","3","39.30","1","11.25",
"1604","聲寶","108,534","151","2,688,710","24.70","24.80","24.70","24.75","+","0.05","24.75","5","24.80","6","14.14",
"1605","華新","18,642,438","7,139","437,863,631","23.40","23.75","23.20","23.35","+","0.15","23.35","84","23.40","30","122.89",
"1608","華榮","20,044,775","10,138","609,576,472","31.05","31.30","29.65","29.85","-","0.55","29.85","106","29.90","19","21.79",
"1609","大亞","27,912,146","16,493","1,209,173,954","42.70","44.00","42.50","43.00","+","0.45","42.95","44","43.00","75","24.16",
"1611","中電","632,051","375","8,478,417","13.30","13.50","13.30","13.35","+","0.05","13.30","125","13.35","3","83.44",
"1612","宏泰","1,366,729","1,549","52,372,184","38.60","38.65","38.05","38.25","-","0.20","38.20","11","38.25","2","16.00",
"1614","三洋電","53,354","38","1,988,801","37.30","37.50","37.20","37.25","-","0.05","37.25","17","37.30","1","34.81",
"1615","大山","81,375","98","4,080,104","50.10","50.20","50.10","50.10","-","0.10","50.10","2","50.20","6","11.41",
"1616","億泰","4,160,774","3,108","162,581,907","39.65","39.65","38.70","38.70","-","0.50","38.70","82","38.75","2","10.72",
"1617","榮星","142,105","109","2,230,166","15.55","15.80","15.50","15.70","+","0.10","15.70","1","15.75","6","0.00",
"1618","合機","2,497,298","1,813","121,506,256","48.40","49.00","48.25","48.45","+","0.20","48.45","70","48.50","2","10.94",
"1626","艾美特-KY","19,522","28","237,138","12.30","12.30","12.10","12.20"," ","0.00","12.15","3","12.20","1","0.00",
"1702","南僑","489,857","368","19,384,017","39.25","39.85","39.25","39.55","+","0.20","39.55","12","39.60","11","17.74",
"1707","葡萄王","59,141","136","7,564,490","127.50","128.50","127.50","127.50"," ","0.00","127.50","9","128.50","9","14.09",
"1708","東鹼","1,123,696","734","36,289,887","32.20","32.50","32.00","32.20","+","0.10","32.15","25","32.20","6","10.49",
"1709","和益","457,351","413","7,844,508","17.40","17.40","17.00","17.10","-","0.25","17.10","30","17.20","21","15.55",
"1710","東聯","750,099","358","9,308,808","12.45","12.55","12.30","12.40","-","0.05","12.40","9","12.45","2","0.00",
"1711","永光","7,343,092","3,469","137,896,189","18.50","19.20","18.15","18.60","+","0.30","18.60","17","18.65","6","186.00",
"1712","興農","312,197","375","13,239,610","42.05","42.60","42.00","42.50","+","0.45","42.40","1","42.55","23","16.04",
"1713","國化","528,393","1,016","27,810,270","53.40","53.60","52.10","52.40","-","1.00","52.30","5","52.50","7","5.81",
"1714","和桐","740,100","290","5,826,994","7.90","7.90","7.84","7.88","-","0.02","7.88","31","7.89","5","22.51",
"1717","長興","8,635,872","5,916","373,817,503","43.20","43.50","42.80","43.25","+","0.55","43.25","29","43.30","31","30.89",
"1718","中纖","2,118,196","789","14,169,418","6.66","6.75","6.63","6.66","-","0.02","6.66","16","6.68","23","0.00",
"1720","生達","154,942","189","8,786,342","56.40","56.90","56.40","56.60","+","0.20","56.60","4","56.70","18","12.61",
"1721","三晃","1,152,500","573","15,177,568","13.00","13.40","12.80","13.20","+","0.25","13.15","51","13.20","1","0.00",
"1722","台肥","1,118,148","882","60,419,749","53.90","54.20","53.70","53.90"," ","0.00","53.80","95","53.90","9","30.62",
"1723","中碳","289,549","404","23,803,259","82.00","82.60","81.70","82.10","-","0.20","82.00","10","82.10","2","19.88",
"1725","元禎","55,102","49","1,616,447","29.35","29.55","29.25","29.25","+","0.25","29.20","7","29.25","1","20.89",
"1726","永記","10,810","29","815,080","75.30","75.80","75.30","75.30","-","0.10","75.20","9","75.50","1","14.00",
"1727","中華化","19,555,240","13,467","816,862,225","40.20","43.30","39.50","41.50","+","0.65","41.50","173","41.55","7","138.33",
"1730","花仙子","27,094","46","1,425,182","52.50","52.70","52.50","52.60","+","0.10","52.50","16","52.60","1","12.18",
"1731","美吾華","84,881","78","1,837,779","21.65","21.70","21.60","21.65"," ","0.00","21.65","3","21.70","17","16.53",
"1732","毛寶","402,103","305","11,820,221","29.35","29.50","29.25","29.25"," ","0.00","29.20","2","29.30","3","208.93",
"1733","五鼎","427,157","237","13,355,336","31.30","31.50","31.00","31.15","-","0.15","31.10","2","31.15","4","19.23",
"1734","杏輝","263,586","325","8,560,938","32.40","32.60","32.25","32.45"," ","0.00","32.45","6","32.50","11","18.98",
"1735","日勝化","22,979","53","357,297","15.50","15.60","15.50","15.55","+","0.15","15.50","2","15.60","2","34.56",
"1736","喬山","312,867","399","45,862,740","147.50","148.50","145.50","146.00","-","2.00","145.50","46","147.00","3","16.63",
"1737","臺鹽","111,670","83","3,600,768","32.20","32.30","32.20","32.20"," ","0.00","32.20","8","32.25","1","18.30",
"1752","南光","57,145","43","2,015,730","35.30","35.40","35.10","35.20"," ","0.00","35.20","12","35.30","1","13.23",
"1760","寶齡富錦","100,559","167","7,165,275","71.00","71.80","70.70","71.10","+","0.10","71.10","1","71.50","2","48.04",
"1762","中化生","127,610","470","3,524,881","27.70","28.00","27.50","27.75","+","0.15","27.75","2","27.90","1","0.00",
"1773","勝一","878,718","1,104","121,736,770","137.50","140.00","136.50","138.50","+","2.50","138.00","42","138.50","1","21.95",
"1776","展宇","12,080","12","187,240","15.50","15.55","15.45","15.50"," ","0.00","15.50","4","15.55","1","39.74",
"1783","和康生","86,582","124","3,813,190","43.80","44.25","43.80","44.00","+","0.35","43.95","1","44.00","2","18.97",
"1786","科妍","308,625","481","28,347,955","92.50","92.50","91.30","91.40","-","0.70","91.40","9","91.80","6","40.26",
"1789","神隆","760,742","530","13,801,906","18.20","18.40","17.95","18.10","-","0.25","18.10","9","18.15","8","69.62",
"1795","美時","819,833","1,322","159,701,353","196.50","196.50","193.50","193.50","-","3.00","193.50","36","194.00","1","10.47",
"1802","台玻","13,867,762","7,462","476,287,248","34.30","34.90","33.30","34.55","+","0.25","34.50","113","34.55","27","0.00",
"1805","寶徠","34,218","108","424,501","12.50","12.65","12.35","12.45","-","0.05","12.35","7","12.45","1","6.55",
"1806","冠軍","658,815","351","6,643,208","10.20","10.20","10.00","10.05","-","0.05","10.05","33","10.10","45","29.56",
"1808","潤隆","1,268,446","913","38,250,385","30.00","30.40","29.85","30.10"," ","0.00","30.10","15","30.20","10","0.00",
"1809","中釉","2,727,471","1,660","56,317,370","20.20","21.10","20.10","20.35","+","0.05","20.30","74","20.35","7","78.27",
"1810","和成","19,184,678","9,137","428,563,708","21.95","22.95","21.50","22.40","+","0.75","22.35","6","22.40","97","131.76",
"1817","凱撒衛","36,137","39","1,426,789","39.50","39.80","39.30","39.80","+","0.45","39.55","2","39.80","2","10.34",
"1903","士紙","171,528","254","9,299,514","53.60","54.80","53.10","53.60"," ","0.00","53.60","7","53.80","1","0.00",
"1904","正隆","454,231","479","8,160,424","17.90","18.05","17.90","17.95","+","0.05","17.95","19","18.00","6","99.72",
"1905","華紙","1,169,004","541","14,293,751","12.30","12.30","12.15","12.20","-","0.05","12.20","22","12.25","63","0.00",
"1906","寶隆","32,905","50","407,024","12.35","12.45","12.25","12.25","-","0.10","12.25","1","12.30","1","0.00",
"1907","永豐餘","310,156","275","7,830,224","25.50","25.50","25.05","25.05","+","0.05","25.05","82","25.10","2","32.96",
"1909","榮成","883,355","438","8,856,704","10.00","10.10","9.99","9.99","-","0.01","9.99","61","10.00","10","0.00",
"2002","中鋼","20,766,777","7,082","419,712,244","20.30","20.35","20.10","20.15","-","0.15","20.15","1,178","20.20","15","0.00",
"2002A","中鋼特","11,058","11","437,399","39.60","39.60","39.50","39.60"," ","0.00","39.50","1","39.60","1","0.00",
"2006","東和鋼鐵","594,118","673","37,896,838","63.40","64.10","63.40","63.80","+","0.40","63.70","26","63.80","3","10.55",
"2007","燁興","229,992","148","1,896,519","8.32","8.33","8.21","8.22","-","0.11","8.22","2","8.25","1","0.00",
"2008","高興昌","13,050","11","326,502","25.10","25.10","25.00","25.00","-","0.05","25.00","14","25.10","1","54.35",
"2009","第一銅","1,015,496","933","35,043,234","34.30","34.80","34.15","34.50","+","0.25","34.50","22","34.55","11","90.79",
"2010","春源","695,628","400","14,633,901","21.15","21.15","20.95","21.05","-","0.10","21.05","4","21.10","6","9.93",
"2012","春雨","43,736","72","775,003","17.65","17.85","17.60","17.65"," ","0.00","17.65","5","17.70","1","45.26",
"2013","中鋼構","33,699","153","1,421,683","42.00","42.35","42.00","42.05","+","0.10","42.05","3","42.25","1","15.07",
"2014","中鴻","4,251,606","1,655","68,368,691","16.20","16.25","15.90","16.15","+","0.05","16.10","47","16.15","41","0.00",
"2015","豐興","92,252","107","6,128,700","66.60","66.80","66.10","66.40"," ","0.00","66.40","2","66.50","1","17.25",
"2017","官田鋼","242,150","206","2,424,406","10.05","10.10","9.98","9.98","-","0.07","9.98","25","10.00","2","0.00",
"2020","美亞","362,373","392","9,112,915","25.20","25.25","25.05","25.05","-","0.15","25.05","6","25.15","3","12.28",
"2022","聚亨","619,032","596","5,099,132","8.37","8.40","8.10","8.10","-","0.30","8.10","4","8.14","1","0.00",
"2023","燁輝","1,063,428","456","15,924,600","14.95","15.05","14.85","15.00","-","0.10","14.95","46","15.05","83","0.00",
"2024","志聯","29,040","45","498,304","16.90","17.25","16.90","17.10","+","0.20","17.10","6","17.20","8","570.00",
"2025","千興","65,987","58","769,343","12.00","12.00","11.60","11.70","-","0.05","11.60","37","11.75","8","0.00",
"2027","大成鋼","32,242,066","14,821","1,254,247,774","39.20","39.45","38.60","38.60","-","0.80","38.60","255","38.65","38","20.32",
"2028","威致","113,111","75","2,032,158","18.00","18.05","17.90","17.90","-","0.20","17.90","7","17.95","1","40.68",
"2029","盛餘","680,637","336","15,454,617","22.85","22.85","22.60","22.75","-","0.25","22.75","6","22.80","44","16.73",
"2030","彰源","175,991","124","2,490,433","14.15","14.25","14.05","14.15","-","0.05","14.15","3","14.20","2","23.58",
"2031","新光鋼","1,092,304","838","48,524,173","43.75","44.70","43.70","44.65","+","1.00","44.60","3","44.65","15","0.00",
"2032","新鋼","149,181","105","2,278,764","15.45","15.45","15.15","15.25","-","0.20","15.25","59","15.30","10","58.65",
"2033","佳大","35,010","33","572,962","16.45","16.45","16.35","16.35","+","0.05","16.35","6","16.40","4","60.56",
"2034","允強","1,495,203","725","30,918,612","20.80","20.90","20.45","20.90","+","0.15","20.90","1","20.95","22","0.00",
"2038","海光","256,408","186","3,905,040","15.35","15.35","15.10","15.25","X","0.00","15.25","2","15.30","3","108.93",
"2049","上銀","3,955,817","5,393","860,349,896","215.00","221.00","213.50","215.50","+","0.50","215.50","55","216.00","41","47.26",
"2059","川湖","653,734","1,726","1,916,474,404","2,920.00","2,965.00","2,905.00","2,925.00","X","0.00","2,920.00","2","2,925.00","3","43.30",
"2062","橋椿","1,463,697","761","34,594,990","23.85","23.95","23.35","23.55","X","0.00","23.55","8","23.60","16","18.99",
"2069","運錩","132,092","117","2,022,095","15.25","15.35","15.25","15.35","+","0.15","15.30","6","15.35","2","8.53",
"2101","南港","2,896,148","1,919","116,741,562","41.00","41.10","39.75","40.95","-","0.05","40.35","2","40.95","40","16.85",
"2102","泰豐","412,794","207","8,288,294","19.80","20.40","19.80","19.95","+","0.05","19.90","17","20.10","7","0.00",
"2103","台橡","1,173,340","622","20,010,295","17.15","17.15","17.00","17.00","-","0.20","17.00","163","17.10","10","26.15",
"2104","國際中橡","1,139,787","583","12,918,896","11.35","11.45","11.25","11.30","-","0.10","11.25","107","11.30","20","0.00",
"2105","正新","3,833,595","2,677","146,681,641","38.10","38.55","38.00","38.10"," ","0.00","38.10","129","38.15","39","21.28",
"2106","建大","656,428","1,127","13,670,228","20.85","20.90","20.70","20.75","-","0.05","20.75","87","20.80","5","54.61",
"2107","厚生","252,085","320","6,088,799","24.20","24.25","24.10","24.25"," ","0.00","24.20","2","24.25","5","14.43",
"2108","南帝","743,378","480","18,589,142","24.65","25.25","24.45","25.10","+","0.35","25.10","40","25.15","5","26.70",
"2109","華豐","105,138","57","1,709,314","16.25","16.30","16.20","16.25"," ","0.00","16.25","60","16.30","8","13.43",
"2114","鑫永銓","44,921","461","4,202,903","93.80","94.00","93.30","93.60","+","0.30","93.50","3","93.60","2","17.86",
"2115","六暉-KY","9,158","11","247,208","26.95","27.00","26.95","27.00","+","0.05","27.00","3","27.05","1","11.95",
"2201","裕隆","1,984,546","1,414","66,262,340","33.05","33.55","32.90","33.45","+","0.40","33.40","6","33.45","8","14.67",
"2204","中華","1,242,175","975","73,092,422","58.60","59.60","58.20","58.50"," ","0.00","58.50","35","58.80","1","11.25",
"2206","三陽工業","748,885","598","48,352,746","64.00","65.00","63.80","64.50","+","0.40","64.50","1","64.70","2","11.22",
"2207","和泰車","237,605","342","132,405,493","550.00","561.00","550.00","557.00","+","4.00","556.00","5","557.00","3","18.28",
"2208","台船","39,483,855","12,064","770,286,748","18.20","19.85","18.15","19.85","+","1.80","19.85","38,021","--","0","0.00",
"2211","長榮鋼","518,381","897","46,849,454","90.50","90.70","89.80","90.30","-","0.10","90.30","3","90.40","1","11.98",
"2227","裕日車","62,580","296","3,486,212","55.10","56.30","55.10","55.30","-","0.70","55.30","8","56.00","3","44.96",
"2228","劍麟","7,621,725","5,788","902,701,666","125.00","125.00","113.50","113.50","-","7.50","113.50","59","114.00","6","15.36",
"2231","為升","6,615,666","5,635","668,300,753","99.00","105.00","96.60","102.00","+","5.00","102.00","24","102.50","75","49.51",
"2233","宇隆","2,585,969","19,566","687,534,851","267.50","273.00","262.00","262.00","-","5.50","262.00","2","262.50","10","29.84",
"2236","百達-KY","145,785","102","15,185,899","105.00","105.00","103.50","104.00","-","1.00","104.00","20","104.50","4","13.15",
"2239","英利-KY","48,072","38","1,357,260","27.60","28.50","27.60","28.50","+","0.60","28.45","15","28.55","2","0.00",
"2241","艾姆勒","284,249","301","7,374,078","26.05","26.20","25.75","26.00"," ","0.00","25.90","2","26.00","21","0.00",
"2243","宏旭-KY","1,421,581","719","17,239,089","12.10","12.50","11.80","11.80","-","0.30","11.80","13","11.85","10","26.82",
"2247","汎德永業","287,431","1,865","89,147,158","309.00","312.50","306.50","311.50","+","3.50","311.00","6","311.50","1","13.58",
"2248","華勝-KY","16,060","13","688,198","43.30","43.50","42.50","42.50","-","0.20","42.50","11","43.00","2","7.50",
"2250","IKKA-KY","362,090","475","36,051,004","100.50","101.50","98.50","99.10","-","0.80","99.10","4","99.50","3","20.73",
"2254","巨鎧精密-創","8,537","3","524,127","62.00","62.00","60.60","60.60","+","0.40","60.00","6","60.60","4","0.00",
"2258","鴻華先進-創","468,635","383","18,598,178","39.25","40.15","38.90","40.15","+","0.90","40.10","2","40.15","6","0.00",
"2301","光寶科","10,836,889","7,931","1,416,171,209","131.00","132.50","129.00","130.00","-","1.00","130.00","1,600","130.50","76","22.61",
"2302","麗正","397,206","261","6,512,510","16.10","16.60","16.10","16.30","+","0.20","16.30","8","16.35","36","33.96",
"2303","聯電","24,015,812","11,760","977,635,835","40.95","41.20","40.60","40.60","-","0.35","40.60","1,062","40.65","72","12.85",
"2305","全友","1,094,730","638","13,439,569","12.30","12.50","12.10","12.20","+","0.25","12.20","17","12.25","5","0.00",
"2308","台達電","9,102,720","19,082","6,467,985,242","717.00","717.00","705.00","709.00","-","11.00","709.00","81","710.00","1","42.15",
"2312","金寶","8,133,757","3,619","155,142,096","19.00","19.30","18.80","19.05","+","0.10","19.05","37","19.10","99","18.14",
"2313","華通","56,619,058","33,289","4,541,077,256","78.30","82.50","77.60","79.30","+","1.00","79.30","135","79.40","69","16.87",
"2314","台揚","693,927","267","6,025,571","8.52","8.90","8.38","8.90","+","0.39","8.90","16","8.95","3","0.00",
"2316","楠梓電","39,025,008","33,528","4,245,188,798","107.00","113.50","103.50","109.50","+","3.50","109.50","141","110.00","105","13.79",
"2317","鴻海","48,681,221","34,179","10,022,449,817","207.50","207.50","204.00","206.00","-","2.00","206.00","554","206.50","801","15.71",
"2321","東訊","46,624","47","814,596","18.85","18.90","17.30","17.30","-","1.65","17.25","1","18.25","1","0.00",
"2323","中環","6,905,180","2,281","63,106,794","8.95","9.26","8.88","9.12","+","0.20","9.12","51","9.13","7","0.00",
"2324","仁寶","13,343,889","6,051","375,693,102","28.15","28.35","28.00","28.10","+","0.10","28.10","150","28.15","15","15.44",
"2327","國巨*","11,597,589","9,270","1,596,646,757","138.50","139.50","136.50","137.00","+","0.50","137.00","104","137.50","40","14.21",
"2328","廣宇","54,076,526","36,299","3,305,228,617","61.50","62.30","59.70","60.90","+","0.30","60.90","184","61.00","71","30.00",
"2329","華泰","10,724,128","6,809","482,216,391","44.50","45.85","43.75","44.70","+","0.40","44.70","76","44.75","28","34.92",
"2330","台積電","20,960,787","36,728","24,563,005,745","1,185.00","1,185.00","1,160.00","1,160.00","-","30.00","1,160.00","1,438","1,165.00","248","20.61",
"2331","精英","3,828,716","1,841","76,426,230","19.65","20.30","19.60","19.95","+","0.35","19.90","65","19.95","73","31.17",
"2332","友訊","4,097,183","1,785","74,249,760","18.10","18.35","17.85","18.05","-","0.05","18.05","39","18.10","70","0.00",
"2337","旺宏","5,612,320","2,608","113,125,249","20.40","20.40","19.95","20.10","-","0.30","20.05","214","20.10","1","0.00",
"2338","光罩","5,379,303","4,246","224,551,094","42.75","42.75","41.30","41.45","-","1.50","41.45","35","41.50","3","0.00",
"2340","台亞","1,626,735","1,038","37,383,032","23.20","23.35","22.75","22.85","-","0.35","22.85","8","22.90","3","0.00",
"2342","茂矽","403,706","433","8,635,277","21.60","21.65","21.15","21.30","-","0.20","21.30","20","21.35","3","81.92",
"2344","華邦電","54,451,676","16,402","1,076,849,978","19.90","20.05","19.60","19.60","-","0.20","19.60","51","19.65","105","0.00",
"2345","智邦","3,010,774","4,244","2,971,902,995","986.00","996.00","974.00","984.00","+","1.00","983.00","10","984.00","17","31.73",
"2347","聯強","5,796,729","2,854","379,685,680","65.50","65.50","65.50","65.50","+","5.90","65.50","60,239","--","0","13.10",
"2348","海悅","572,572","954","48,753,686","84.00","86.20","83.80","84.50","+","0.30","84.50","4","85.00","13","11.72",
"2348A","海悅甲特","7,259","9","262,048","36.10","36.10","36.10","36.10"," ","0.00","36.10","7","36.20","1","0.00",
"2349","錸德","2,199,604","790","24,299,868","11.00","11.15","10.90","11.10","+","0.10","11.10","11","11.15","89","0.00",
"2351","順德","2,019,093","3,337","177,646,223","90.00","90.00","86.90","88.20","+","0.30","88.20","1","88.30","5","44.32",
"2352","佳世達","46,862,782","25,038","1,536,432,047","31.70","33.50","31.70","32.35","+","0.95","32.35","482","32.40","110","29.95",
"2353","宏碁","13,076,074","7,406","394,031,186","30.65","30.65","29.95","29.95","-","0.65","29.95","383","30.00","49","19.83",
"2354","鴻準","12,820,791","8,635","922,362,583","71.90","72.70","71.00","71.70","-","0.10","71.60","137","71.70","4","30.13",
"2355","敬鵬","31,907,727","16,874","1,252,239,404","37.20","40.70","36.65","40.70","+","3.70","40.70","12,575","--","0","20.87",
"2356","英業達","7,025,717","4,259","290,871,980","41.50","41.60","41.20","41.35","-","0.05","41.35","16","41.40","45","17.98",
"2357","華碩","1,724,099","2,183","1,095,597,066","635.00","639.00","634.00","634.00","-","1.00","634.00","33","635.00","2","12.82",
"2359","所羅門","13,787,129","12,107","2,276,654,914","167.00","169.50","161.50","162.00","-","4.50","162.00","102","162.50","53","0.00",
"2360","致茂","2,018,023","2,399","1,116,609,794","547.00","560.00","542.00","556.00","+","7.00","555.00","1","556.00","40","33.76",
"2362","藍天","583,135","439","24,661,920","42.50","42.60","41.85","41.95","-","0.55","41.90","29","42.05","5","43.25",
"2363","矽統","4,174,479","4,749","230,623,502","55.40","55.80","54.50","55.10","-","0.30","55.10","57","55.20","4","21.69",
"2364","倫飛","1,681,340","2,711","132,321,904","78.20","81.10","77.50","77.50","X","0.00","77.50","16","77.70","11","19.47",
"2365","昆盈","27,104,428","17,441","1,370,149,656","51.00","51.50","49.60","49.85","-","0.75","49.85","177","49.90","15","146.62",
"2367","燿華","21,257,391","10,795","669,877,970","31.80","31.95","30.85","31.45","+","0.30","31.45","79","31.50","194","17.87",
"2368","金像電","7,062,569","7,828","3,393,419,183","480.50","487.00","471.50","486.00","+","10.00","485.50","6","486.00","36","37.38",
"2369","菱生","25,571,597","10,815","488,435,485","17.85","19.45","17.60","19.45","+","1.75","19.45","1,202","--","0","0.00",
"2371","大同","10,270,064","6,242","418,172,573","41.00","41.00","40.30","40.75","-","0.05","40.75","8","40.80","47","5.39",
"2373","震旦行","26,557","40","1,507,449","56.60","57.00","56.60","56.80","+","0.20","56.80","1","56.90","1","13.65",
"2374","佳能","24,235,399","16,643","1,957,819,601","81.70","82.10","79.10","80.80","-","0.80","80.80","61","80.90","33","51.79",
"2375","凱美","441,634","381","26,272,837","59.90","60.10","58.90","59.60","-","0.50","59.50","11","59.60","1","17.28",
"2376","技嘉","2,592,393","8,893","731,571,110","283.50","285.00","280.50","281.00","-","3.50","280.50","102","281.00","2","17.17",
"2377","微星","2,993,920","2,555","410,745,109","137.00","138.00","136.00","136.50","-","0.50","136.50","84","137.00","42","25.00",
"2379","瑞昱","2,736,565","2,819","1,498,850,875","545.00","552.00","544.00","545.00"," ","0.00","545.00","21","546.00","19","16.99",
"2380","虹光","392,613","185","2,509,542","6.63","6.63","6.35","6.40","-","0.22","6.40","28","6.45","3","0.00",
"2382","廣達","9,846,972","11,326","2,633,385,617","268.00","269.00","266.00","266.00","-","3.00","266.00","383","266.50","18","14.89",
"2383","台光電","3,032,895","8,753","3,782,017,623","1,270.00","1,275.00","1,220.00","1,250.00","X","0.00","1,245.00","38","1,250.00","1","36.38",
"2385","群光","3,477,131","2,865","478,820,814","135.00","139.00","134.50","137.00","+","2.00","137.00","60","137.50","53","11.65",
"2387","精元","384,124","355","16,056,765","41.60","42.00","41.40","41.70","+","0.10","41.70","2","41.75","8","7.06",
"2388","威盛","3,764,495","2,721","235,452,277","63.00","63.30","61.60","62.00","-","0.90","62.00","96","62.10","1","116.98",
"2390","云辰","387,185","333","4,314,927","11.15","11.25","11.05","11.10","-","0.10","11.10","7","11.15","17","0.00",
"2392","正崴","1,969,634","1,413","95,606,119","48.40","48.90","48.15","48.40","+","0.05","48.40","29","48.45","10","118.05",
"2393","億光","1,153,371","1,694","79,049,834","67.70","69.00","67.60","68.30","+","0.20","68.30","4","68.40","5","13.21",
"2395","研華","13,982,712","16,242","5,074,430,131","364.50","377.00","354.00","354.50","+","0.50","354.50","4","355.00","10","31.85",
"2397","友通","2,003,182","2,451","161,488,835","82.00","82.00","79.70","79.80","-","3.10","79.70","13","79.80","1","19.05",
"2399","映泰","1,400,565","726","27,415,784","19.50","19.80","19.40","19.45","-","0.15","19.45","5","19.50","6","0.00",
"2401","凌陽","9,705,684","5,102","239,450,658","24.60","25.05","24.35","24.45","-","0.30","24.45","20","24.50","16","0.00",
"2402","毅嘉","12,119,222","8,627","737,263,531","61.00","61.40","59.90","60.80"," ","0.00","60.70","55","60.80","77","22.69",
"2404","漢唐","1,472,330","3,270","1,739,937,270","1,190.00","1,195.00","1,160.00","1,190.00"," ","0.00","1,185.00","5","1,190.00","24","31.56",
"2405","輔信","3,547,373","1,886","68,325,068","19.15","19.45","19.05","19.30","+","0.05","19.25","36","19.30","19","0.00",
"2406","國碩","10,008,343","4,054","233,705,455","22.45","23.95","22.20","23.95","+","2.15","23.95","210,497","--","0","0.00",
"2408","南亞科","25,010,560","15,399","1,179,464,964","48.00","48.00","46.65","46.65","-","1.15","46.60","477","46.65","20","0.00",
"2409","友達","67,614,299","10,379","878,335,805","12.80","13.10","12.80","13.05","+","0.35","13.00","1,208","13.05","478","16.52",
"2412","中華電","8,097,705","5,620","1,080,854,818","134.50","134.50","133.00","133.00","-","1.00","133.00","776","133.50","239","27.14",
"2413","環科","465,719","372","9,514,277","20.25","20.60","20.15","20.35","+","0.20","20.35","21","20.40","5","0.00",
"2414","精技","333,123","368","14,651,567","43.50","44.30","43.50","43.95","+","0.35","43.90","3","43.95","9","14.18",
"2415","錩新","34,765","48","917,450","26.65","26.65","26.20","26.20","+","0.10","26.20","1","26.30","1","17.95",
"2417","圓剛","2,599,767","2,747","121,987,036","47.00","47.60","46.30","46.70","-","0.40","46.70","47","46.75","9","0.00",
"2419","仲琦","1,137,165","732","26,976,231","23.70","24.05","23.45","23.80","+","0.20","23.80","5","23.85","11","0.00",
"2420","新巨","470,865","347","26,760,607","56.80","57.30","56.00","56.90","+","0.90","56.90","2","57.10","5","15.05",
"2421","建準","3,811,725","3,217","523,403,274","137.50","139.00","135.50","137.00","-","0.50","137.00","3","137.50","75","22.87",
"2423","固緯","375,287","831","22,356,040","59.30","61.50","58.50","58.70","-","0.30","58.70","1","59.00","4","22.49",
"2424","隴華","15,313","25","1,099,448","70.90","72.60","70.90","72.00","+","1.10","70.60","1","72.00","2","0.00",
"2425","承啟","589,306","539","20,254,732","34.30","34.80","34.05","34.10","-","0.15","34.10","2","34.20","2","0.00",
"2426","鼎元","1,932,278","1,278","35,944,259","18.25","19.05","18.10","18.50","+","0.40","18.45","214","18.50","194","0.00",
"2427","三商電","1,793,770","1,163","50,995,727","28.60","28.70","28.15","28.20","-","0.25","28.20","11","28.25","6","19.45",
"2428","興勤","363,596","420","54,185,792","149.00","150.00","148.00","149.00","+","0.50","148.50","10","149.00","11","13.16",
"2429","銘旺科","2,453,413","1,279","204,255,377","80.20","83.80","80.20","83.80","+","7.60","83.80","725","--","0","0.00",
"2430","燦坤","68,276","74","1,665,753","24.15","24.50","24.15","24.45","+","0.25","24.40","5","24.45","3","21.45",
"2431","聯昌","753,102","335","9,156,444","12.20","12.30","12.05","12.10","-","0.10","12.05","37","12.15","6","0.00",
"2432","倚天酷碁-創","31,000","23","864,600","28.10","28.10","27.75","27.95","-","0.15","27.80","1","27.95","1","16.74",
"2433","互盛電","11,307","28","554,609","48.95","49.05","48.95","49.00","-","0.20","49.00","15","49.50","1","15.22",
"2434","統懋","24,308","22","689,480","28.40","28.60","28.35","28.35","-","0.15","28.35","2","28.55","2","0.00",
"2436","偉詮電","1,417,396","1,703","71,067,092","50.10","50.80","49.50","49.95"," ","0.00","49.95","2","50.00","13","58.08",
"2438","翔耀","27,594","36","724,718","26.05","26.60","26.05","26.20","+","0.15","26.15","6","26.50","6","0.00",
"2439","美律","4,035,271","3,867","436,154,318","109.50","110.00","107.00","107.50","X","0.00","107.50","4","108.00","50","16.59",
"2440","太空梭","102,021","86","1,327,245","13.00","13.10","12.90","13.10"," ","0.00","13.00","1","13.10","6","0.00",
"2441","超豐","4,946,203","1,766","288,819,026","58.00","58.90","57.60","58.70","X","0.00","58.60","23","58.70","9","14.42",
"2442","新美齊","933,700","582","26,263,675","28.00","28.30","28.00","28.05","+","0.10","28.05","4","28.10","9","33.39",
"2444","兆勁","217,299","111","2,432,009","11.20","11.25","11.15","11.15","-","0.05","11.15","5","11.20","17","0.00",
"2449","京元電子","38,607,630","24,142","5,493,099,377","140.00","144.50","138.50","142.00","+","3.00","141.50","880","142.00","62","15.83",
"2450","神腦","118,782","222","3,512,993","29.50","29.65","29.50","29.50","-","0.10","29.50","37","29.60","1","16.95",
"2451","創見","779,577","763","78,585,471","100.00","101.50","100.00","100.50","+","0.60","100.50","11","101.00","84","27.31",
"2453","凌群","1,865,391","1,905","117,166,210","62.70","63.50","62.20","62.30","-","0.40","62.30","30","62.40","16","19.97",
"2454","聯發科","3,889,428","7,939","5,416,975,190","1,395.00","1,405.00","1,385.00","1,385.00","-","15.00","1,385.00","253","1,390.00","1","20.76",
"2455","全新","4,277,820","6,628","665,286,175","157.00","158.50","153.50","153.50","-","4.50","153.50","114","154.00","48","59.96",
"2457","飛宏","11,000,002","6,454","278,447,284","23.80","26.10","23.60","26.10","+","2.35","26.10","542","--","0","0.00",
"2458","義隆","649,014","674","78,284,843","121.00","121.50","120.00","120.00","-","1.00","120.00","60","120.50","26","15.50",
"2459","敦吉","86,604","64","5,546,959","63.80","64.20","63.60","64.00","+","0.40","63.90","1","64.00","1","12.40",
"2460","建通","368,175","228","7,302,088","20.10","20.10","19.70","19.75","-","0.20","19.70","28","19.75","2","0.00",
"2461","光群雷","149,474","109","2,560,500","17.15","17.20","17.05","17.10","-","0.10","17.10","16","17.15","1","0.00",
"2462","良得電","216,242","192","5,222,047","24.35","24.40","23.95","24.15","-","0.05","24.15","2","24.20","6","0.00",
"2464","盟立","8,212,755","6,810","579,838,647","69.20","71.80","68.50","70.00","+","0.80","70.00","21","70.10","99","0.00",
"2465","麗臺","276,909","556","18,509,916","66.70","67.90","65.80","66.60","-","0.20","66.60","7","66.70","1","0.00",
"2466","冠西電","164,356","126","11,728,021","72.00","72.00","70.70","71.20","-","1.00","71.20","5","71.50","1","0.00",
"2467","志聖","16,049,460","25,629","3,371,672,331","208.00","220.00","201.00","201.50","-","0.50","201.50","53","202.00","17","42.33",
"2468","華經","3,069,181","3,311","188,068,730","61.00","62.90","59.70","59.70","X","0.00","59.60","33","59.70","7","59.70",
"2471","資通","334,265","312","17,339,075","51.80","52.40","51.30","51.40"," ","0.00","51.40","1","51.50","3","19.69",
"2472","立隆電","2,166,041","3,064","187,730,139","86.20","87.50","85.70","86.60","+","0.50","86.50","10","86.60","4","13.18",
"2474","可成","1,697,695","1,737","323,920,712","190.50","193.00","189.50","190.00","-","0.50","190.00","53","190.50","12","16.75",
"2476","鉅祥","9,460,150","9,733","924,817,266","95.20","99.70","94.90","98.10","+","3.00","98.10","61","98.20","10","26.44",
"2477","美隆電","484,944","461","12,930,130","27.20","27.20","26.45","26.45","-","0.75","26.45","2","26.50","4","14.45",
"2478","大毅","121,174","125","5,258,538","43.60","43.70","43.15","43.30","-","0.20","43.25","9","43.35","3","15.19",
"2480","敦陽科","280,555","521","49,345,148","177.50","179.00","174.00","174.00","-","3.50","174.00","3","174.50","2","22.19",
"2481","強茂","14,511,873","10,623","934,212,186","64.10","65.50","63.00","65.40","+","1.50","65.30","41","65.40","55","25.35",
"2482","連宇","145,225","147","2,790,008","18.95","19.35","18.95","19.20","+","0.25","19.15","8","19.20","1","0.00",
"2483","百容","34,186","38","682,205","20.05","20.05","19.85","19.85","-","0.15","19.85","6","19.90","1","25.78",
"2484","希華","238,149","173","5,211,795","21.80","22.00","21.80","21.95","-","0.05","21.95","2","22.00","121","35.98",
"2485","兆赫","1,279,612","601","16,676,867","13.05","13.15","12.85","13.00","-","0.05","13.00","28","13.05","22","0.00",
"2486","一詮","3,969,493","3,763","321,054,255","81.50","82.10","79.80","80.20","-","0.50","80.20","7","80.40","40","0.00",
"2488","漢平","327,621","343","16,349,718","50.00","50.30","49.70","49.80","-","0.15","49.75","5","49.80","1","9.94",
"2489","瑞軒","2,270,885","1,280","31,402,112","13.80","13.95","13.65","13.90","+","0.10","13.90","2","13.95","78","13.76",
"2491","吉祥全","130,065","105","1,825,097","14.20","14.25","13.90","14.00","-","0.30","14.00","1","14.20","3","0.00",
"2492","華新科","1,007,577","922","82,745,604","82.10","82.70","81.50","81.80","+","0.20","81.80","46","81.90","1","22.85",
"2493","揚博","4,700,096","4,738","757,280,360","154.00","168.00","154.00","156.50","+","1.50","156.50","7","157.00","2","31.36",
"2495","普安","860,882","742","18,950,615","21.90","22.25","21.70","21.85","+","0.10","21.80","24","21.85","1","24.28",
"2496","卓越","5,143","11","345,219","67.00","67.30","67.00","67.30","+","0.30","67.10","6","67.50","2","10.40",
"2497","怡利電","1,672,505","1,479","87,739,167","51.20","53.20","51.20","53.20","+","2.30","53.10","1","53.20","5","22.07",
"2498","宏達電","173,816,698","94,461","11,574,814,518","67.00","68.60","64.40","66.50","+","1.80","66.40","11","66.50","396","33.93",
"2501","國建","1,299,469","700","27,623,264","21.25","21.40","21.05","21.25","+","0.05","21.25","27","21.30","53","10.73",
"2504","國產","1,686,158","1,107","63,486,094","37.20","37.80","37.20","37.75","+","0.45","37.70","1","37.75","3","12.10",
"2505","國揚","192,705","120","3,622,606","18.85","18.90","18.70","18.75"," ","0.00","18.75","11","18.80","1","19.95",
"2506","太設","80,662","77","780,941","9.73","9.73","9.66","9.66","-","0.01","9.66","6","9.67","2","4.29",
"2509","全坤建","130,559","97","1,798,205","13.90","13.95","13.70","13.95","+","0.20","13.75","1","13.95","25","0.00",
"2511","太子","542,366","192","4,971,308","9.18","9.19","9.14","9.15","-","0.02","9.15","48","9.17","4","30.50",
"2514","龍邦","91,774","269","1,407,290","15.35","15.35","15.25","15.35"," ","0.00","15.30","1","15.35","4","7.87",
"2515","中工","2,420,097","834","27,393,613","11.30","11.45","11.20","11.25"," ","0.00","11.25","384","11.30","107","23.44",
"2516","新建","444,013","219","6,368,865","14.65","14.65","14.25","14.25","-","0.25","14.25","26","14.30","2","12.84",
"2520","冠德","4,840,664","2,947","177,230,894","36.00","37.25","35.90","36.30","+","0.25","36.30","111","36.35","10","6.34",
"2524","京城","267,197","261","11,152,658","40.65","42.35","40.65","42.00","+","1.00","42.00","1","42.05","1","5.41",
"2527","宏璟","644,526","471","15,543,384","24.45","24.45","24.00","24.15","-","0.50","24.15","4","24.20","1","6.02",
"2528","皇普","282,668","163","8,050,582","28.45","28.75","28.25","28.55","-","0.05","28.55","2","28.60","6","5.26",
"2530","華建","657,157","495","20,452,187","30.50","31.50","30.45","31.30","+","0.55","31.20","6","31.30","22","13.32",
"2534","宏盛","409,911","329","8,784,464","21.50","21.55","21.20","21.40"," ","0.00","21.40","13","21.45","2","8.63",
"2535","達欣工","263,969","205","15,602,960","59.00","59.60","58.70","59.00"," ","0.00","59.00","28","59.30","2","11.26",
"2536","宏普","910,498","179","24,972,153","27.20","27.50","27.20","27.40","+","0.10","27.35","3","27.40","6","15.48",
"2537","聯上發","982,306","366","10,473,292","10.70","10.75","10.55","10.55","-","0.05","10.55","206","10.65","12","15.29",
"2538","基泰","595,204","148","7,054,170","11.90","11.90","11.65","11.70"," ","0.00","11.65","19","11.75","1","0.00",
"2539","櫻花建","3,476,926","2,899","176,158,206","51.10","51.80","50.10","50.40","X","0.00","50.40","32","50.50","32","11.69",
"2540","愛山林","892,491","683","69,346,397","77.90","78.20","76.70","78.00","+","0.10","78.00","2","78.10","17","37.14",
"2542","興富發","3,166,044","2,103","132,506,325","41.50","42.15","41.35","41.90","+","0.40","41.90","63","41.95","1","15.29",
"2543","皇昌","8,189,560","6,758","705,660,755","86.00","89.20","83.50","83.50","-","2.50","83.50","7","83.70","5","23.00",
"2545","皇翔","524,663","521","21,513,438","40.60","41.25","40.40","41.00","+","0.35","41.00","8","41.15","8","5.86",
"2546","根基","56,932","251","4,525,919","79.40","79.90","79.20","79.20","-","0.20","79.20","1","79.50","1","9.11",
"2547","日勝生","1,308,559","448","14,557,553","11.15","11.25","11.05","11.15","+","0.05","11.10","34","11.15","8","3.98",
"2548","華固","2,282,361","2,477","231,133,457","98.20","103.50","97.50","103.00","+","5.10","102.50","24","103.00","22","22.15",
"2597","潤弘","216,918","380","33,081,054","152.00","153.00","152.00","152.00"," ","0.00","152.00","31","152.50","6","12.94",
"2601","益航","735,565","335","4,419,014","5.97","6.06","5.96","6.00","+","0.02","6.00","7","6.01","14","0.00",
"2603","長榮","12,188,026","12,746","2,313,765,150","189.00","192.50","188.00","188.00"," ","0.00","188.00","1,249","188.50","9","3.11",
"2605","新興","1,974,365","1,121","47,029,931","23.70","24.10","23.50","23.65","+","0.10","23.60","54","23.65","14","24.13",
"2606","裕民","4,954,896","3,590","285,741,596","57.40","58.40","57.00","57.30","+","0.30","57.30","45","57.40","35","14.43",
"2607","榮運","1,237,212","870","42,714,622","34.35","34.75","34.20","34.70","+","0.30","34.70","4","34.75","45","11.88",
"2608","嘉里大榮","73,985","132","2,545,564","34.30","34.65","34.30","34.35","-","0.05","34.30","22","34.35","1","16.13",
"2609","陽明","18,450,286","12,442","1,092,142,689","58.60","60.00","58.60","58.80","+","0.20","58.70","606","58.90","41","4.13",
"2610","華航","10,403,714","3,515","222,137,840","21.25","21.55","21.15","21.25","+","0.05","21.25","145","21.30","56","8.14",
"2611","志信","272,722","249","4,450,319","16.30","16.45","16.25","16.30","+","0.10","16.25","8","16.30","9","0.00",
"2612","中航","1,436,905","1,225","80,071,522","55.40","56.50","55.00","55.50","+","0.20","55.50","18","55.60","2","8.41",
"2613","中櫃","455,932","357","12,767,242","27.50","28.20","27.50","27.70","+","0.20","27.70","8","27.90","7","32.98",
"2614","東森","577,774","504","10,078,333","17.20","17.60","17.15","17.45","+","0.25","17.45","12","17.50","6","10.64",
"2615","萬海","11,047,841","8,826","939,234,417","83.60","86.30","83.60","84.10","+","0.70","84.10","44","84.20","7","5.75",
"2616","山隆","64,035","172","915,610","14.20","14.40","14.20","14.25"," ","0.00","14.25","29","14.40","3","0.00",
"2617","台航","377,141","251","10,623,675","28.00","28.35","28.00","28.10","+","0.05","28.05","22","28.10","45","10.45",
"2618","長榮航","16,021,233","5,905","628,367,587","39.00","39.60","38.80","39.05","+","0.05","39.05","119","39.10","227","7.24",
"2630","亞航","4,442,725","3,510","284,112,675","64.20","65.90","62.50","62.70","-","1.30","62.60","95","62.70","2","75.54",
"2633","台灣高鐵","2,443,962","1,079","67,629,970","27.65","27.80","27.60","27.60","-","0.05","27.60","215","27.65","26","24.86",
"2634","漢翔","111,471,392","36,196","6,616,390,538","57.00","60.00","56.80","60.00","+","5.40","60.00","107,397","--","0","69.77",
"2636","台驊控股","199,113","399","14,320,502","71.10","72.30","71.00","72.00","+","0.70","71.70","8","72.10","14","7.82",
"2637","慧洋-KY","3,460,951","3,403","216,170,386","62.50","63.30","61.80","61.80","-","0.40","61.80","86","62.00","31","14.82",
"2642","宅配通","65,047","93","1,693,284","25.90","26.15","25.90","26.00","+","0.10","26.00","9","26.05","1","0.00",
"2645","長榮航太","10,047,475","8,009","1,844,196,167","184.00","189.50","178.50","180.00","-","4.00","180.00","55","180.50","4","40.82",
"2646","星宇航空","5,091,421","3,357","128,330,907","25.20","25.30","25.10","25.15","-","0.05","25.15","343","25.20","58","55.89",
"2701","萬企","59,562","37","675,597","11.30","11.35","11.30","11.35"," ","0.00","11.35","2","11.40","25","21.42",
"2702","華園","51,787","54","654,094","12.70","12.70","12.60","12.60","-","0.10","12.55","4","12.60","23","0.00",
"2704","國賓","176,354","164","7,589,842","43.00","43.45","42.70","42.85","-","0.15","42.80","5","42.90","1","0.00",
"2705","六福","245,593","129","4,237,439","17.30","17.35","17.20","17.25","+","0.05","17.25","1","17.30","1","43.12",
"2706","第一店","86,414","92","1,154,860","13.30","13.40","13.30","13.35"," ","0.00","13.35","19","13.40","8","21.53",
"2707","晶華","64,964","145","12,439,168","191.50","192.00","191.00","191.00","-","0.50","191.00","31","192.00","5","18.16",
"2712","遠雄來","67,202","59","1,319,276","19.70","20.40","19.35","20.40","+","0.10","19.85","1","20.10","2","0.00",
"2722","夏都","22,525","29","646,628","29.20","29.20","28.50","28.70","+","0.05","28.70","1","28.85","1","0.00",
"2723","美食-KY","211,427","211","17,087,682","80.70","81.20","80.20","80.80","+","0.10","80.80","2","80.90","1","21.32",
"2727","王品","275,652","716","60,484,850","220.50","220.50","218.00","219.00","-","0.50","219.00","30","220.00","10","14.13",
"2731","雄獅","2,054,404","2,135","325,167,939","155.00","160.00","155.00","159.00","+","4.50","158.50","41","159.00","19","13.61",
"2739","寒舍","149,616","122","5,520,875","36.35","37.45","36.35","37.20","+","0.90","37.20","7","37.30","2","47.69",
"2748","雲品","89,141","89","4,170,079","46.50","47.00","46.40","46.65","+","0.05","46.60","4","46.80","1","21.01",
"2753","八方雲集","170,186","252","32,535,000","192.50","192.50","190.00","190.00","-","2.00","190.00","11","191.00","1","18.27",
"2762","世界健身-KY","24,410","37","1,888,983","78.00","78.30","76.90","77.40"," ","0.00","77.10","2","77.80","1","33.51",
"2801","彰銀","19,145,120","4,232","372,002,611","19.25","19.55","19.25","19.40","+","0.15","19.40","278","19.45","298","13.11",
"2809","京城銀","450,845","526","25,034,687","55.50","55.70","55.40","55.40","-","0.20","55.40","131","55.50","2","18.34",
"2812","台中銀","3,446,357","1,596","74,209,703","21.45","21.65","21.35","21.50","+","0.05","21.45","298","21.50","11","14.43",
"2816","旺旺保","98,460","57","2,546,160","25.80","25.90","25.80","25.85","+","0.05","25.80","12","25.85","13","7.74",
"2820","華票","697,783","296","11,581,508","16.50","16.70","16.50","16.60","+","0.10","16.55","117","16.60","3","13.39",
"2832","台產","336,759","210","11,184,823","33.05","33.35","33.05","33.25","-","0.10","33.20","24","33.25","1","11.67",
"2834","臺企銀","8,506,393","3,012","128,245,260","15.05","15.15","15.00","15.05"," ","0.00","15.05","448","15.10","528","12.04",
"2836","高雄銀","643,407","290","7,499,156","11.65","11.70","11.65","11.65"," ","0.00","11.65","48","11.70","112","19.42",
"2836A","高雄銀甲特","9,813","8","226,187","23.05","23.05","23.05","23.05"," ","0.00","23.05","3","23.10","2","0.00",
"2838","聯邦銀","1,664,394","825","28,187,679","16.95","17.05","16.85","16.85","-","0.10","16.85","328","16.90","2","14.04",
"2838A","聯邦銀甲特","6,000","5","323,900","54.00","54.10","53.90","54.10"," ","0.00","53.90","32","54.20","1","0.00",
"2845","遠東銀","10,901,095","2,839","148,815,886","13.70","13.70","13.60","13.60","-","0.10","13.60","3,482","13.65","1,796","14.02",
"2849","安泰銀","91,828","216","1,210,988","13.15","13.25","13.15","13.15","-","0.05","13.15","65","13.20","4","18.79",
"2850","新產","164,280","567","17,334,079","104.50","106.00","104.50","105.50","+","0.50","105.50","8","106.00","137","10.01",
"2851","中再保","590,309","401","13,724,171","23.10","23.40","23.05","23.25","+","0.10","23.20","39","23.25","3","12.77",
"2852","第一保","1,005,430","447","26,275,948","25.85","26.40","25.75","26.35","+","0.50","26.30","12","26.35","14","9.34",
"2855","統一證","1,806,873","847","37,415,337","20.55","20.80","20.50","20.60"," ","0.00","20.60","109","20.65","25","16.48",
"2867","三商壽","7,553,285","1,734","42,925,374","5.77","5.77","5.65","5.66","-","0.11","5.66","155","5.67","161","0.00",
"2880","華南金","9,657,232","3,418","269,252,952","27.85","28.00","27.75","27.80","-","0.05","27.80","47","27.85","33","16.26",
"2881","富邦金","19,513,769","13,579","1,669,309,096","85.50","86.10","85.00","85.20","-","0.50","85.20","713","85.30","20","10.76",
"2881A","富邦特","36,012","25","2,277,157","63.40","63.40","63.10","63.20","-","0.10","63.10","2","63.20","7","0.00",
"2881B","富邦金乙特","81,516","19","5,005,076","61.40","61.50","61.40","61.50"," ","0.00","61.40","51","61.50","48","0.00",
"2881C","富邦金丙特","27,716","47","1,488,924","53.70","53.80","53.70","53.70"," ","0.00","53.70","19","53.80","1","0.00",
"2882","國泰金","15,711,773","7,811","982,601,287","63.00","63.00","62.30","62.30","-","0.30","62.30","495","62.40","122","11.93",
"2882A","國泰特","32,350","7","1,973,384","61.00","61.10","60.90","61.10"," ","0.00","60.90","22","61.10","36","0.00",
"2882B","國泰金乙特","6,819","9","410,473","60.10","60.30","60.10","60.30"," ","0.00","60.00","69","60.20","2","0.00",
"2883","凱基金","30,984,957","6,952","484,243,453","15.65","15.80","15.55","15.55","-","0.15","15.55","2,121","15.60","41","12.96",
"2883B","凱基金乙特","2,207,262","354","17,193,860","7.76","7.83","7.75","7.76","-","0.04","7.76","203","7.78","5","0.00",
"2884","玉山金","18,372,438","8,909","618,182,495","33.55","33.80","33.45","33.60","+","0.20","33.60","596","33.65","12","17.78",
"2885","元大金","16,227,601","4,710","530,406,359","32.25","32.80","32.25","32.65","+","0.30","32.60","147","32.65","21","12.27",
"2886","兆豐金","19,362,789","7,871","784,792,905","40.25","40.85","40.25","40.35","+","0.10","40.35","107","40.45","128","18.34",
"2887","台新新光金","38,812,258","6,878","633,276,155","16.30","16.35","16.20","16.35","+","0.10","16.30","393","16.35","4,535","11.60",
"2887E","台新新光戊特一","49,237","16","2,398,792","48.70","48.75","48.70","48.70"," ","0.00","48.70","26","48.75","80","0.00",
"2887F","台新新光戊特二","1,654","4","73,362","44.40","44.40","44.40","44.40","-","0.05","44.40","3","44.45","4","0.00",
"2887G","台新新光庚特一","16,051","14","586,663","36.55","36.55","36.55","36.55","-","0.05","36.55","13","36.60","7","0.00",
"2887H","台新新光庚特二","110,706","58","4,047,439","36.60","36.60","36.45","36.55","-","0.05","36.55","2","36.60","1","0.00",
"2887I","台新新光辛特","14,734,973","1,602","134,121,983","9.11","9.12","9.09","9.11","-","0.01","9.10","715","9.11","47","0.00",
"2887Z1","台新新光己特","199,124","44","3,091,470","15.55","15.55","15.45","15.50","-","0.05","15.50","247","15.60","25","0.00",
"2889","國票金","2,715,145","1,787","42,490,675","15.60","15.85","15.45","15.50","-","0.10","15.50","176","15.55","37","33.70",
"2890","永豐金","24,211,018","7,924","573,174,957","23.75","23.85","23.55","23.60","-","0.10","23.60","239","23.65","757","13.18",
"2891","中信金","23,227,568","7,809","973,867,425","41.85","42.25","41.80","41.80","+","0.05","41.80","1,054","41.85","55","11.91",
"2891B","中信金乙特","248","8","15,604","--","--","--","--"," ","0.00","62.90","7","63.00","2","0.00",
"2891C","中信金丙特","26,152","13","1,566,569","59.90","60.00","59.90","60.00"," ","0.00","59.90","10","60.00","25","0.00",
"2892","第一金","11,183,546","4,164","317,349,964","28.20","28.55","28.15","28.30","+","0.10","28.30","587","28.35","1","15.55",
"2897","王道銀行","1,754,319","672","15,798,787","9.01","9.04","8.99","9.00","-","0.01","9.00","455","9.01","22","12.16",
"2897B","王道銀乙特","32,122","16","382,198","11.90","11.90","11.85","11.90"," ","0.00","11.90","8","11.95","524","0.00",
"2901","欣欣","15,048","38","390,113","25.85","26.00","25.85","26.00","+","0.45","25.50","1","25.65","1","74.29",
"2903","遠百","1,662,755","937","35,006,321","21.05","21.15","20.95","21.00","-","0.05","21.00","10","21.05","21","14.19",
"2904","匯僑","22,050","35","382,658","17.35","17.40","17.35","17.35"," ","0.00","17.30","30","17.35","1","13.14",
"2905","三商","336,478","228","4,225,647","12.45","12.65","12.45","12.55","+","0.05","12.50","36","12.55","4","0.00",
"2906","高林","88,983","68","1,328,481","14.95","14.95","14.85","14.95","+","0.05","14.90","56","14.95","1","32.50",
"2908","特力","293,775","83","5,838,304","19.95","19.95","19.80","19.95","+","0.05","19.90","10","19.95","9","95.00",
"2910","統領","10,041","10","210,261","20.90","21.00","20.90","20.90","-","0.10","20.90","6","21.10","1","22.47",
"2911","麗嬰房","11,721","38","56,181","4.81","4.81","4.71","4.80"," ","0.00","4.75","1","4.80","1","0.00",
"2912","統一超","1,152,042","2,349","289,422,122","251.00","252.50","250.50","250.50","-","1.00","250.50","201","251.00","20","23.30",
"2913","農林","872,498","441","12,907,953","14.70","14.90","14.65","14.80","+","0.10","14.80","90","14.85","5","0.00",
"2915","潤泰全","1,255,240","1,227","67,279,669","53.50","53.90","53.10","53.60","+","0.10","53.50","16","53.60","32","6.04",
"2923","鼎固-KY","36,922","42","825,510","22.25","22.45","22.25","22.35","+","0.05","22.30","14","22.50","6","0.00",
"2929","淘帝-KY","224,421","130","2,083,055","9.31","9.34","9.26","9.26","-","0.05","9.26","8","9.28","2","40.26",
"2939","永邑-KY","16,001","8","432,127","27.00","27.05","27.00","27.00","-","0.35","26.85","3","27.30","2","0.00",
"2945","三商家購","8,169","14","308,091","37.50","37.90","37.50","37.55","-","0.35","37.55","1","37.90","12","18.32",
"3002","歐格","326,994","232","5,869,995","17.95","18.15","17.75","17.80","+","0.05","17.80","9","17.85","3","65.93",
"3003","健和興","404,460","314","21,455,201","52.50","53.60","52.00","53.50","+","1.00","53.50","1","53.60","8","31.10",
"3004","豐達科","6,061,306","6,458","845,009,765","130.50","143.50","129.50","143.50","+","13.00","143.50","2,596","--","0","22.74",
"3005","神基","14,621,320","12,507","2,293,409,287","156.00","161.00","152.00","157.00","+","7.00","156.50","92","157.00","52","20.21",
"3006","晶豪科","1,507,306","2,134","86,798,143","57.30","58.10","56.80","57.40","+","0.10","57.40","11","57.50","17","0.00",
"3008","大立光","268,451","1,136","644,748,050","2,415.00","2,420.00","2,390.00","2,395.00"," ","0.00","2,395.00","10","2,400.00","1","14.03",
"3010","華立","555,571","773","55,438,009","100.00","100.50","99.30","99.40","-","0.60","99.40","10","99.50","1","11.89",
"3011","今皓","1,031,652","710","16,562,700","16.10","16.40","15.80","15.85","-","0.25","15.85","41","15.90","9","0.00",
"3013","晟銘電","26,282,730","20,806","3,594,898,690","137.00","142.00","132.00","133.00","-","1.50","132.50","121","133.00","10","36.64",
"3014","聯陽","551,568","563","74,104,528","133.50","135.50","133.50","133.50"," ","0.00","133.50","63","134.00","5","13.34",
"3015","全漢","405,297","381","23,205,807","57.00","57.90","56.60","57.10","+","0.20","57.00","14","57.40","6","37.81",
"3016","嘉晶","859,518","829","32,002,204","37.70","37.80","36.90","36.90","-","0.45","36.90","14","37.00","2","307.50",
"3017","奇鋐","8,049,065","16,205","8,176,973,260","1,050.00","1,055.00","999.00","1,015.00","-","35.00","1,015.00","14","1,020.00","96","33.18",
"3018","隆銘綠能","17,138","87","253,616","14.80","14.80","14.80","14.80","-","0.30","14.75","5","14.80","7","0.00",
"3019","亞光","14,929,180","13,901","2,490,839,581","166.00","171.00","164.00","164.00","-","1.50","164.00","323","164.50","14","22.04",
"3021","鴻名","85,175","62","1,632,696","19.55","19.55","19.10","19.10","-","0.20","19.10","5","19.20","1","112.35",
"3022","威強電","1,122,232","1,937","80,009,436","70.50","72.00","70.30","70.90","+","0.50","70.90","21","71.00","1","14.12",
"3023","信邦","807,812","1,315","189,009,177","232.00","235.50","231.00","234.00","+","3.00","233.50","19","234.00","7","16.69",
"3024","憶聲","1,016,393","448","13,374,491","13.15","13.25","13.00","13.20","+","0.05","13.15","5","13.20","20","16.92",
"3025","星通","738,209","628","35,733,841","48.50","49.00","48.00","48.10","X","0.00","48.10","1","48.20","2","19.71",
"3026","禾伸堂","429,490","1,425","36,431,053","84.50","85.00","84.40","85.00","+","0.50","84.90","10","85.00","25","13.62",
"3027","盛達","206,114","150","5,880,251","28.20","28.80","28.20","28.35","-","0.20","28.35","11","28.45","2","0.00",
"3028","增你強","165,363","187","5,174,362","31.00","31.45","31.00","31.35","+","0.35","31.35","1","31.40","3","12.44",
"3029","零壹","4,421,671","5,012","565,731,980","127.50","129.50","126.50","126.50","+","1.50","126.50","27","127.00","20","21.66",
"3030","德律","3,368,878","4,368","698,437,013","210.00","210.00","205.50","206.00","-","3.50","206.00","31","206.50","15","24.15",
"3031","佰鴻","466,854","256","9,088,776","19.75","19.75","19.30","19.40"," ","0.00","19.40","10","19.45","4","14.70",
"3032","偉訓","3,398,463","2,571","379,282,174","112.00","114.00","109.50","110.00","-","3.50","110.00","244","110.50","34","0.00",
"3033","威健","1,924,125","1,384","54,728,587","28.30","28.65","28.20","28.40","+","0.15","28.35","29","28.40","1","17.64",
"3034","聯詠","1,768,207","2,715","770,349,254","436.00","437.50","434.00","435.00","-","0.50","434.50","11","435.00","17","13.88",
"3035","智原","3,590,739","3,604","568,534,873","157.50","159.50","157.00","158.00","+","1.00","158.00","69","158.50","53","47.16",
"3036","文曄","2,100,415","1,464","259,427,475","123.00","124.50","122.00","123.00"," ","0.00","123.00","256","123.50","17","14.17",
"3036A","文曄甲特","132,082","108","6,682,349","50.60","50.60","50.50","50.60","-","0.10","50.50","28","50.60","6","0.00",
"3037","欣興","56,299,084","41,173","8,470,728,082","151.50","153.50","147.00","150.00","-","2.00","150.00","522","150.50","149","114.50",
"3038","全台","198,011","166","4,313,369","21.70","21.90","21.65","21.75","+","0.05","21.75","12","21.85","8","19.25",
"3040","遠見","221,369","240","13,301,860","59.90","60.80","59.80","59.90","-","0.10","59.90","5","60.10","1","79.87",
"3041","揚智","1,529,808","1,216","45,149,056","29.60","29.85","29.15","29.35","+","0.20","29.35","3","29.40","2","0.00",
"3042","晶技","903,976","865","80,079,963","88.30","89.20","87.90","88.60","+","0.30","88.60","3","88.70","2","15.79",
"3043","科風","336,473","292","8,641,976","26.05","26.40","25.40","25.40","-","0.15","25.40","4","25.45","3","101.60",
"3044","健鼎","2,455,372","5,147","785,992,899","325.50","325.50","317.50","318.00","-","7.50","318.00","38","318.50","1","17.87",
"3045","台灣大","5,238,065","3,096","556,392,046","106.50","107.00","106.00","106.00"," ","0.00","106.00","1,135","106.50","116","22.04",
"3046","建碁","485,048","396","22,851,695","46.70","47.55","46.15","47.25","+","0.75","47.20","1","47.25","2","12.60",
"3047","訊舟","15,084,774","5,899","352,879,382","23.00","23.65","22.60","23.65","+","2.15","23.65","33,432","--","0","157.67",
"3048","益登","1,470,621","954","51,177,545","34.80","34.80","34.80","34.80","+","3.15","34.80","70,354","--","0","0.00",
"3049","精金","1,222,171","420","8,176,243","6.68","6.76","6.60","6.73","+","0.04","6.72","3","6.73","1","0.00",
"3050","鈺德","321,361","194","4,135,411","12.95","12.95","12.75","12.95","+","0.15","12.90","2","12.95","27","0.00",
"3051","力特","249,866","230","5,917,352","23.95","23.95","23.50","23.50","-","0.25","23.50","3","23.60","2","16.79",
"3052","夆典","1,781,499","611","21,815,206","12.20","12.35","12.15","12.25","+","0.05","12.20","51","12.25","18","10.56",
"3054","立萬利","25,310","24","614,323","24.55","25.30","24.05","24.05","-","0.25","24.05","1","24.70","2","0.00",
"3055","蔚華科","206,962","288","12,525,633","61.00","61.90","60.00","60.30","-","0.60","60.30","1","60.60","2","0.00",
"3056","富華新","2,195,979","1,672","46,779,017","21.60","21.60","21.15","21.15","-","0.45","21.15","28","21.20","1","2.69",
"3057","喬鼎","83,055","262","822,034","9.96","10.00","9.82","9.83","-","0.09","9.83","18","9.90","16","0.00",
"3058","立德","1,498,214","730","17,258,712","11.65","11.70","11.40","11.50","-","0.20","11.50","7","11.55","28","0.00",
"3059","華晶科","16,577,538","13,463","836,073,824","51.60","51.70","49.45","50.30","-","1.20","50.20","191","50.30","80","43.74",
"3060","銘異","437,459","381","9,249,743","21.35","21.40","20.90","21.05","-","0.25","21.05","33","21.10","4","0.00",
"3062","建漢","4,451,590","2,094","118,333,619","26.50","26.90","26.25","26.35","+","0.05","26.35","19","26.40","47","14.97",
"3090","日電貿","932,647","714","65,986,003","70.80","71.20","70.30","70.50"," ","0.00","70.50","13","70.60","1","16.02",
"3092","鴻碩","267,210","195","4,826,205","18.00","18.45","17.90","17.90"," ","0.00","17.90","20","18.00","7","0.00",
"3094","聯傑","180,276","193","4,596,374","25.65","25.70","25.30","25.45","-","0.20","25.45","4","25.50","1","212.08",
"3130","一零四","28,721","138","6,403,173","222.50","223.50","222.50","222.50"," ","0.00","222.50","7","223.50","1","15.21",
"3135","凌航","278,129","230","8,929,148","31.85","32.75","31.80","32.00","+","0.20","31.95","3","32.00","2","42.67",
"3138","耀登","127,908","816","12,089,146","94.90","95.80","93.40","93.40","-","2.60","93.40","2","93.50","2","88.95",
"3149","正達","21,710,805","15,185","850,853,523","39.85","40.85","37.70","38.50","-","0.95","38.30","4","38.50","19","0.00",
"3150","鈺寶-創","156,374","91","3,461,433","21.90","22.75","21.90","21.95","-","0.95","21.95","2","22.10","1","52.26",
"3164","景岳","20,319","59","399,919","19.70","19.80","19.60","19.60","-","0.10","19.60","6","19.70","1","108.89",
"3167","大量","10,161,654","8,175","2,166,329,221","210.50","217.50","209.50","209.50","X","0.00","209.50","4","210.00","17","48.72",
"3168","眾福科","41,155","30","2,034,641","49.70","49.70","49.30","49.30","-","0.30","49.30","6","49.45","1","19.41",
"3189","景碩","24,926,754","15,846","2,874,656,755","114.50","118.50","112.50","113.50","-","1.00","113.50","65","114.00","100","94.58",
"3209","全科","522,574","470","16,898,778","32.30","32.50","32.10","32.25"," ","0.00","32.25","9","32.30","11","16.37",
"3229","晟鈦","52,384","58","791,387","15.25","15.25","15.05","15.05","-","0.30","15.05","23","15.15","2","0.00",
"3231","緯創","19,850,960","11,555","2,279,731,471","114.50","116.00","113.50","115.00"," ","0.00","114.50","1,080","115.00","163","16.94",
"3257","虹冠電","1,045,245","1,172","66,094,544","63.30","64.50","62.00","63.00","-","0.50","62.80","4","63.10","4","26.14",
"3266","昇陽","62,000","36","850,300","13.70","13.80","13.70","13.70","-","0.05","13.70","3","13.75","6","7.70",
"3296","勝德","200,593","210","5,124,294","25.25","25.95","25.10","25.25","+","0.05","25.25","11","25.35","1","22.54",
"3305","昇貿","57,680,146","32,035","7,535,995,917","127.50","133.50","124.50","129.00","+","7.50","129.00","87","129.50","43","44.79",
"3308","聯德","50,525","79","841,323","16.85","16.85","16.60","16.60"," ","0.00","16.60","7","16.65","1","39.52",
"3311","閎暉","5,370,077","3,547","194,137,793","35.70","37.05","35.25","36.90","+","1.35","36.85","8","36.95","15","58.57",
"3312","弘憶股","5,959,309","4,086","273,954,091","45.00","47.40","45.00","45.30","+","1.90","45.30","52","45.35","31","76.78",
"3321","同泰","82,131","80","605,879","7.46","7.46","7.33","7.39","-","0.06","7.33","1","7.40","10","0.00",
"3338","泰碩","988,339","1,302","65,016,474","65.20","66.90","64.40","65.50","+","0.40","65.40","2","65.50","1","26.31",
"3346","麗清","347,265","223","8,416,206","24.10","24.50","24.05","24.20","-","0.05","24.20","2","24.30","3","36.12",
"3356","奇偶","1,143,424","2,081","61,608,639","52.60","54.90","52.60","53.00","+","0.40","53.00","21","53.10","13","23.66",
"3376","新日興","17,415,996","23,517","4,493,498,120","245.50","268.50","242.50","259.00","+","14.00","259.00","45","259.50","8","66.75",
"3380","明泰","1,325,811","958","38,082,054","28.90","29.20","28.30","28.45","-","0.45","28.45","2","28.55","1","0.00",
"3406","玉晶光","1,016,283","1,643","469,751,002","462.00","468.00","457.00","461.50","-","1.00","461.50","7","462.00","6","15.54",
"3413","京鼎","674,015","1,061","195,294,122","291.00","293.50","286.50","290.00","-","1.00","290.00","4","290.50","1","12.72",
"3416","融程電","7,191,482","7,172","1,379,980,775","192.00","198.00","187.00","189.00","+","1.50","188.50","3","189.00","15","28.29",
"3419","譁裕","313,429","232","4,047,145","12.90","13.10","12.60","13.00","+","0.20","13.00","9","13.05","24","0.00",
"3432","台端","21,581","25","341,121","15.75","15.90","15.75","15.90","-","0.10","15.80","1","15.95","2","0.00",
"3437","榮創","524,857","355","8,229,264","15.70","15.85","15.55","15.55","-","0.10","15.55","19","15.60","3","0.00",
"3443","創意","2,665,417","5,079","3,621,112,075","1,350.00","1,380.00","1,335.00","1,350.00","+","5.00","1,350.00","85","1,355.00","8","49.93",
"3447","展達","6,564,217","6,119","517,074,428","76.90","82.00","76.70","79.00","+","2.40","78.90","1","79.00","46","43.89",
"3450","聯鈞","9,713,062","14,264","1,984,818,919","209.00","210.00","201.00","202.00","-","7.00","201.50","117","202.50","11","34.18",
"3454","晶睿","134,698","327","13,463,724","99.00","100.50","99.00","99.50","+","0.60","99.50","2","99.70","1","34.08",
"3481","群創","201,612,411","40,463","2,820,306,016","13.45","14.30","13.45","14.15","+","0.80","14.15","1,575","14.20","2,402","11.69",
"3494","誠研","120,678","90","1,554,281","13.15","13.15","12.80","12.85","-","0.20","12.80","5","12.90","1","0.00",
"3501","維熹","459,906","227","24,185,725","52.40","53.00","52.10","52.50","+","0.10","52.50","4","52.70","6","10.58",
"3504","揚明光","574,221","923","34,533,998","61.50","61.50","59.40","59.70","-","1.40","59.70","17","60.00","1","142.14",
"3515","華擎","388,426","1,226","109,706,006","282.50","287.00","281.00","281.00","-","4.00","281.00","5","281.50","5","22.14",
"3518","柏騰","733,222","596","17,337,528","23.95","24.20","23.35","23.65","-","0.35","23.65","6","23.75","8","0.00",
"3528","安馳","939,731","858","69,902,348","73.70","75.00","73.00","74.40","+","1.10","74.30","4","74.40","1","173.02",
"3530","晶相光","2,194,811","1,792","141,709,171","60.00","65.50","59.70","64.00","+","4.40","63.90","16","64.00","6","0.00",
"3532","台勝科","478,964","1,366","40,577,031","84.70","85.70","83.50","85.20","+","0.50","85.20","2","85.30","1","50.12",
"3533","嘉澤","582,231","1,391","853,725,935","1,455.00","1,485.00","1,430.00","1,465.00","+","10.00","1,465.00","14","1,470.00","1","20.51",
"3535","晶彩科","7,286,941","5,755","517,594,258","72.10","72.60","70.00","70.30","-","1.50","70.30","13","70.40","18","0.00",
"3543","州巧","1,935,199","1,278","62,338,743","32.20","32.75","31.75","32.00","+","0.15","32.00","1","32.05","6","0.00",
"3545","敦泰","3,823,833","3,138","272,512,321","70.80","72.80","69.80","69.90"," ","0.00","69.80","56","69.90","18","25.33",
"3550","聯穎","607,820","401","9,531,098","15.25","15.95","15.25","15.70","+","0.55","15.70","1","15.75","4","0.00",
"3557","嘉威","67,752","429","2,795,496","41.10","41.60","40.70","41.15","-","0.25","41.10","2","41.30","1","11.89",
"3563","牧德","4,288,203","5,788","2,503,511,872","571.00","598.00","570.00","594.00","+","25.00","594.00","12","595.00","14","45.98",
"3576","聯合再生","5,440,174","2,429","35,292,306","6.52","6.57","6.46","6.46","-","0.04","6.45","385","6.46","57","0.00",
"3583","辛耘","4,048,224","5,602","1,568,852,592","385.00","394.00","377.00","393.50","+","10.50","393.00","47","393.50","21","32.36",
"3588","通嘉","238,773","265","11,594,768","49.15","49.15","48.30","48.65","+","0.30","48.60","2","48.75","10","39.55",
"3591","艾笛森","301,158","198","5,530,758","18.25","18.50","18.10","18.45","+","0.10","18.40","10","18.50","16","40.11",
"3592","瑞鼎","141,782","585","42,463,458","302.00","302.00","298.00","299.00","-","3.00","299.00","9","301.50","7","13.50",
"3593","力銘","17,728","23","124,064","6.87","7.33","6.87","7.23","+","0.07","7.23","3","7.32","2","0.00",
"3596","智易","1,110,896","18,235","266,458,833","249.50","249.50","236.00","236.00","-","11.50","236.00","19","236.50","9","19.83",
"3605","宏致","6,932,834","5,776","520,031,490","75.60","76.60","73.40","73.90","-","1.00","73.80","88","73.90","4","19.10",
"3607","谷崧","272,584","180","4,031,966","14.85","15.00","14.50","14.70","+","0.05","14.70","1","14.80","12","0.00",
"3617","碩天","171,545","1,069","38,840,855","228.00","228.00","225.50","225.50","-","1.00","225.50","9","226.00","1","13.28",
"3622","洋華","394,307","344","21,918,057","54.30","56.00","54.30","55.90","+","1.20","55.80","1","55.90","1","11.55",
"3645","達邁","9,229,282","7,748","692,462,942","76.40","76.70","73.70","73.80","-","1.90","73.80","62","73.90","23","66.49",
"3652","精聯","93,538","83","3,032,724","32.70","32.70","32.20","32.45","-","0.05","32.45","6","32.50","6","30.33",
"3653","健策","2,037,305","3,621","3,850,919,710","1,930.00","1,930.00","1,845.00","1,905.00","-","30.00","1,900.00","8","1,905.00","7","62.48",
"3661","世芯-KY","1,158,816","4,727","4,675,013,675","4,040.00","4,115.00","3,995.00","4,000.00","-","80.00","4,000.00","59","4,010.00","1","50.47",
"3665","貿聯-KY","5,767,146","8,546","5,686,055,466","959.00","1,005.00","957.00","981.00","+","20.00","980.00","2","981.00","24","29.21",
"3669","圓展","55,000","47","1,874,000","34.00","34.40","33.85","33.85","-","0.05","33.80","3","34.05","1","65.10",
"3673","TPK-KY","5,135,171","4,000","211,577,115","40.45","41.85","40.30","41.20","+","0.95","41.15","40","41.20","16","32.19",
"3679","新至陞","79,304","104","9,228,987","115.00","117.00","115.00","116.50","+","1.50","116.50","3","117.00","3","13.28",
"3686","達能","185,936","142","3,011,356","16.20","16.30","16.15","16.15"," ","0.00","16.15","3","16.20","4","0.00",
"3694","海華","2,166,998","1,901","217,836,600","96.30","104.50","95.50","100.00","+","3.80","100.00","10","100.50","3","30.03",
"3701","大眾控","4,404,993","2,876","201,522,992","45.20","46.25","44.95","45.80","+","0.65","45.75","2","45.80","50","60.26",
"3702","大聯大","4,527,418","2,860","304,684,372","66.60","68.00","66.60","67.00","+","0.50","67.00","103","67.10","11","14.50",
"3703","欣陸","563,482","362","13,056,205","23.25","23.25","23.05","23.25"," ","0.00","23.25","15","23.30","22","25.27",
"3704","合勤控","9,106,639","5,254","276,248,354","29.00","31.15","28.85","30.90","+","1.85","30.90","5","30.95","144","42.33",
"3705","永信","404,840","311","22,726,150","56.00","56.40","55.90","56.10","+","0.10","56.00","10","56.20","3","15.16",
"3706","神達","91,758,536","57,206","8,814,945,762","94.00","98.30","93.50","95.90","X","0.00","95.90","443","96.00","155","23.22",
"3708","上緯投控","6,539,306","5,451","864,197,756","131.00","136.50","130.00","131.00","+","0.50","130.50","22","131.00","5","97.04",
"3711","日月光投控","10,402,892","6,711","1,541,518,525","149.50","150.00","147.00","147.50","-","3.00","147.00","913","147.50","56","18.81",
"3712","永崴投控","991,018","805","36,310,766","36.85","36.90","36.40","36.60","-","0.20","36.60","49","36.65","15","0.00",
"3714","富采","1,669,413","2,114","63,756,244","38.20","38.60","37.80","38.15"," ","0.00","38.15","27","38.20","1","0.00",
"3715","定穎投控","27,603,973","19,237","2,959,973,091","111.50","111.50","105.00","106.00","-","5.00","106.00","911","106.50","273","30.90",
"3716","中化控股","51,652","192","1,751,333","33.85","34.00","33.80","34.00","+","0.10","33.85","6","34.00","7","15.67",
"3717","聯嘉投控","676,999","833","13,034,926","18.60","19.65","18.60","19.50","+","0.95","19.50","8","19.55","9","0.00",
"4104","佳醫","137,609","218","11,984,379","87.00","87.20","86.60","87.20","+","0.20","87.10","2","87.20","3","18.02",
"4106","雃博","41,902","74","925,828","22.20","22.20","22.00","22.05","-","0.15","22.00","19","22.10","2","22.27",
"4108","懷特","407,167","394","5,855,153","14.80","14.80","14.10","14.40","-","0.55","14.35","19","14.40","5","0.00",
"4119","旭富","115,469","127","6,927,163","59.80","60.60","59.40","59.90","+","0.10","59.80","9","60.00","6","14.83",
"4133","亞諾法","105,489","262","2,736,172","26.00","26.10","25.80","25.90","-","0.30","25.90","2","26.00","1","0.00",
"4137","麗豐-KY","175,036","351","19,944,189","112.00","115.50","112.00","113.50","+","2.00","113.00","2","113.50","8","20.52",
"4142","國光生","8,876,044","4,101","169,808,630","19.80","19.90","18.65","18.65","-","0.40","18.65","4","18.70","9","0.00",
"4148","全宇生技-KY","11,439","18","478,317","41.25","42.30","41.25","42.00","+","0.65","41.80","1","42.00","3","19.00",
"4155","訊映","303,931","570","4,808,001","15.85","15.95","15.60","15.80","-","0.05","15.80","12","15.85","3","0.00",
"4164","承業醫","8,620,122","9,100","437,261,610","47.60","52.30","47.55","51.70","+","4.10","51.60","142","51.70","7","51.19",
"4190","佐登-KY","30,858","45","1,075,551","34.90","35.20","34.50","34.80","+","0.10","34.80","2","34.85","1","0.00",
"4306","炎洲","1,949,043","761","30,843,331","15.80","15.90","15.70","15.85","+","0.10","15.80","18","15.85","30","42.84",
"4414","如興","141,664","95","1,476,707","10.35","10.60","10.30","10.45","+","0.10","10.40","1","10.45","1","17.71",
"4426","利勤","89,971","46","907,646","10.10","10.15","10.05","10.10"," ","0.00","10.05","40","10.10","3","0.00",
"4438","廣越","83,086","119","5,958,807","71.00","72.50","71.00","71.50","+","0.50","71.50","2","71.70","1","52.96",
"4439","冠星-KY","34,400","29","3,140,700","90.00","92.60","89.90","91.50","+","1.50","91.10","1","92.00","1","31.88",
"4440","宜新實業","41,090","33","705,442","17.35","17.35","17.05","17.05","-","0.05","17.05","19","17.25","1","15.50",
"4526","東台","24,570,680","15,373","972,135,475","37.70","40.95","37.30","39.55","+","1.85","39.50","76","39.55","61","0.00",
"4532","瑞智","5,827,854","3,129","145,271,531","24.05","25.20","24.05","25.05","+","1.20","25.00","169","25.05","48","12.16",
"4536","拓凱","369,841","897","69,821,120","186.50","190.00","186.50","188.00","+","1.00","188.00","2","188.50","4","10.19",
"4540","全球傳動","6,577,485","3,733","318,067,798","45.15","49.60","44.85","49.60","+","4.50","49.60","11,476","--","0","0.00",
"4545","銘鈺","272,547","248","8,684,741","31.80","32.90","31.50","31.60","-","0.50","31.60","1","31.85","2","61.96",
"4551","智伸科","3,464,304","3,113","580,531,522","162.50","171.00","160.50","168.50","+","6.50","168.00","41","168.50","1","25.49",
"4552","力達-KY","71,504","98","1,721,382","24.00","24.25","23.95","24.25"," ","0.00","24.05","29","24.30","2","15.35",
"4555","氣立","2,412,637","1,946","116,483,173","47.40","49.35","47.05","47.50","+","0.15","47.50","27","47.65","6","0.00",
"4557","永新-KY","329,229","338","27,829,957","84.30","85.00","83.80","84.20"," ","0.00","84.20","24","84.30","2","9.00",
"4560","強信-KY","224,000","83","7,735,300","34.65","34.95","34.15","34.15","-","0.10","34.15","1","34.20","2","12.51",
"4562","穎漢","1,668,293","1,369","88,984,552","52.80","54.70","52.10","52.70","-","0.10","52.70","18","52.80","15","0.00",
"4564","元翎","6,713,942","3,625","129,733,216","19.00","20.00","18.60","19.10","+","0.25","19.10","1","19.15","5","0.00",
"4566","時碩工業","3,378,655","2,688","219,899,351","62.60","67.40","62.10","64.20","+","1.70","64.20","13","64.30","4","0.00",
"4569","六方科-KY","142,117","541","27,693,875","197.00","200.00","191.00","195.50","-","0.50","195.00","1","195.50","1","53.42",
"4571","鈞興-KY","3,104,269","2,963","628,033,353","200.50","205.00","199.50","200.00","+","1.50","200.00","12","200.50","2","20.04",
"4572","駐龍","1,000,056","2,225","176,512,689","170.50","179.50","170.00","174.50","+","5.50","174.00","6","175.00","14","38.78",
"4576","大銀微系統","2,057,584","2,327","261,879,449","127.00","130.00","125.50","126.00","-","1.00","125.50","126","126.00","6","110.53",
"4581","光隆精密-KY","14,644","33","827,176","57.20","57.20","56.10","56.40","+","0.30","56.20","1","56.40","2","10.89",
"4583","台灣精銳","2,599,303","4,025","2,003,317,969","775.00","783.00","753.00","776.00","+","13.00","775.00","3","776.00","3","68.79",
"4588","玖鼎電力","42,082","39","2,701,440","63.90","64.80","63.90","64.00","-","0.30","64.00","1","64.20","1","19.75",
"4720","德淵","135,610","73","2,052,494","15.10","15.20","15.10","15.15","-","0.05","15.10","22","15.20","2","15.62",
"4722","國精化","1,856,386","1,130","284,180,480","143.00","157.00","143.00","150.00","+","7.00","149.50","4","150.00","1","101.35",
"4736","泰博","225,119","598","32,023,770","142.00","143.00","141.50","142.50","+","0.50","142.00","28","142.50","1","14.48",
"4737","華廣","48,006","41","3,480,029","72.10","73.00","72.00","72.40","-","0.40","72.40","1","72.70","1","0.00",
"4739","康普","326,501","513","18,617,984","56.80","57.40","56.40","57.10","+","0.50","57.00","12","57.20","7","173.03",
"4746","台耀","704,619","893","48,017,819","67.50","68.80","67.10","68.40","+","0.90","68.30","24","68.40","9","0.00",
"4755","三福化","294,494","557","36,957,706","123.00","127.00","122.50","126.50","+","3.50","126.00","5","126.50","11","37.87",
"4763","材料*-KY","10,465,818","6,886","713,243,140","67.90","69.00","67.40","67.70","-","0.10","67.70","181","67.80","19","8.15",
"4764","雙鍵","5,132","10","202,719","39.50","39.50","39.50","39.50","-","0.30","39.50","7","39.70","1","101.28",
"4766","南寶","1,586,116","1,893","595,804,322","372.00","385.00","364.00","376.00","+","1.50","375.00","5","376.00","1","17.52",
"4770","上品","488,988","715","139,520,691","289.00","289.00","283.50","284.00","-","4.50","283.50","21","285.50","1","17.87",
"4771","望隼","148,609","848","27,575,017","183.50","187.00","183.50","185.50","+","1.00","184.00","7","185.50","2","16.50",
"4807","日成-KY","7,003","9","108,095","15.25","15.65","15.25","15.30","+","0.05","15.25","8","15.35","1","0.00",
"4904","遠傳","2,903,141","2,307","242,829,431","83.80","84.10","83.40","83.50","-","0.30","83.50","12","83.60","24","22.45",
"4906","正文","6,571,508","3,910","171,302,582","26.60","26.60","25.85","26.00","-","1.00","25.95","21","26.00","46","0.00",
"4912","聯德控股-KY","101,276","160","8,122,256","79.90","81.00","79.50","79.70","-","0.20","79.70","5","79.90","1","14.81",
"4915","致伸","1,138,812","2,008","93,940,939","82.10","83.00","82.00","82.30","-","0.30","82.30","2","82.40","8","14.14",
"4916","事欣科","42,494,046","30,517","2,911,699,595","67.90","71.00","66.70","68.30","+","1.30","68.10","1","68.30","248","48.10",
"4919","新唐","1,636,971","1,530","100,819,960","61.20","62.10","60.70","61.70","+","0.50","61.60","16","61.70","6","0.00",
"4927","泰鼎-KY","5,072,380","2,848","141,069,799","28.70","28.70","27.20","27.20","-","1.45","27.15","27","27.20","53","0.00",
"4930","燦星網","41,742","180","993,137","23.80","23.95","23.65","23.70","-","0.10","23.70","2","23.80","1","14.63",
"4934","太極","492,541","396","5,200,182","10.60","10.70","10.45","10.45","-","0.15","10.45","55","10.50","32","0.00",
"4935","茂林-KY","41,322","45","1,658,843","40.10","40.35","40.00","40.15","+","0.05","40.10","2","40.15","1","17.84",
"4938","和碩","5,112,560","3,520","362,882,013","71.00","71.50","70.60","70.60","+","0.10","70.60","49","70.70","1","14.89",
"4942","嘉彰","150,578","120","5,399,306","35.70","36.00","35.60","35.85","+","0.35","35.85","4","35.95","6","13.95",
"4943","康控-KY","6,411","27","60,135","9.16","9.73","9.16","9.66","+","0.25","9.20","1","9.67","1","0.00",
"4949","有成精密","812,972","767","37,525,159","46.35","46.75","45.70","45.75","-","0.60","45.75","57","45.85","1","43.16",
"4952","凌通","76,162","109","3,179,949","41.95","42.00","41.50","41.75","-","0.20","41.70","3","41.75","2","26.94",
"4956","光鋐","363,037","267","8,184,117","22.60","22.75","22.30","22.55","+","0.15","22.55","15","22.60","8","0.00",
"4958","臻鼎-KY","20,280,496","15,928","3,930,852,009","190.50","196.50","190.00","194.00","+","2.00","193.50","100","194.00","51","20.68",
"4960","誠美材","1,040,772","343","14,661,862","14.10","14.20","14.00","14.10"," ","0.00","14.10","6","14.15","16","0.00",
"4961","天鈺","304,330","1,173","54,745,624","180.50","181.00","178.50","178.50","-","2.00","178.50","33","179.00","1","12.89",
"4967","十銓","742,460","1,123","55,019,029","73.90","74.60","73.80","74.00","-","0.10","74.00","5","74.10","6","30.83",
"4968","立積","4,466,151","4,079","680,673,765","146.50","158.00","143.00","158.00","X","0.00","158.00","9,611","--","0","292.59",
"4976","佳凌","7,292,866","4,750","310,828,671","40.70","44.40","40.50","44.40","+","4.00","44.40","8,968","--","0","0.00",
"4977","眾達-KY","4,518,084","3,545","498,479,709","113.00","113.00","108.50","109.50","-","3.00","109.00","348","109.50","31","19.11",
"4989","榮科","1,448,561","766","46,052,455","32.00","33.05","30.00","30.00","-","2.20","29.95","3","30.00","313","0.00",
"4994","傳奇","11,000","9","1,028,300","93.60","93.60","92.90","93.60","+","0.20","92.30","1","93.60","5","26.82",
"4999","鑫禾","162,578","172","4,351,265","25.95","27.20","25.95","27.15","+","1.20","27.00","5","27.20","4","0.00",
"5007","三星","35,549","89","1,838,377","51.30","52.00","51.20","52.00"," ","0.00","51.60","1","52.00","8","18.25",
"5203","訊連","130,220","438","12,711,170","98.50","98.50","97.20","97.70","-","0.20","97.60","4","97.80","1","38.16",
"5215","科嘉-KY","15,828","34","556,206","35.00","35.55","35.00","35.30","+","0.20","35.00","1","35.30","2","20.76",
"5222","全訊","1,567,930","1,862","226,598,430","145.50","146.50","142.00","146.00","+","1.00","145.50","2","146.00","12","37.73",
"5225","東科-KY","1,251,437","1,029","138,271,873","108.50","112.00","108.00","112.00","+","4.00","111.50","18","112.00","66","9.40",
"5234","達興材料","5,334,009","6,230","2,059,709,415","381.00","397.00","374.00","387.00","+","12.00","387.00","9","388.50","3","59.81",
"5243","乙盛-KY","14,540,331","14,883","1,199,997,492","77.90","84.40","77.20","81.40","+","4.60","81.30","8","81.40","15","21.65",
"5244","弘凱","3,802,872","2,944","190,495,726","50.10","51.70","48.80","49.70","-","1.00","49.65","10","49.70","4","31.26",
"5258","虹堡","726,856","1,222","56,511,951","78.00","79.40","76.70","77.10","-","0.30","77.10","1","77.30","2","21.60",
"5269","祥碩","1,115,252","2,731","1,858,950,755","1,685.00","1,695.00","1,655.00","1,665.00","-","15.00","1,660.00","25","1,665.00","10","29.22",
"5283","禾聯碩","169,222","330","12,597,832","73.60","74.80","73.60","74.70","+","1.00","74.50","7","74.60","1","11.44",
"5284","jpp-KY","4,841,708","6,391","1,333,410,608","275.00","279.00","270.00","276.00","+","8.00","276.00","3","276.50","25","42.59",
"5285","界霖","299,422","257","14,489,869","48.45","49.65","47.60","47.60","-","0.70","47.55","3","47.60","1","34.74",
"5288","豐祥-KY","126,351","147","15,955,730","126.50","127.50","125.00","126.50"," ","0.00","126.50","4","127.00","3","9.33",
"5292","華懋","183,480","3,457","30,069,902","166.00","166.00","162.00","162.50","-","3.50","162.50","2","163.00","2","15.49",
"5306","桂盟","56,737","179","5,303,322","94.50","94.50","93.10","93.10","-","1.20","93.10","5","93.50","1","10.91",
"5388","中磊","969,436","1,186","102,783,777","106.00","107.00","105.50","105.50","-","1.00","105.50","34","106.00","27","18.44",
"5434","崇越","438,424","623","129,434,347","293.50","297.00","293.00","294.50","+","0.50","294.00","7","294.50","6","15.17",
"5469","瀚宇博","29,589,790","132,714","2,464,227,005","83.20","86.50","80.30","81.70","-","1.20","81.70","315","81.80","27","13.80",
"5471","松翰","852,049","834","30,893,475","35.45","36.80","35.15","36.30","+","1.10","36.30","4","36.35","10","59.51",
"5484","慧友","5,610,288","7,434","295,691,265","52.90","54.10","50.50","53.90","+","4.70","53.90","10","54.00","167","0.00",
"5515","建國","350,264","636","8,340,243","23.85","24.00","23.70","23.75","-","0.05","23.75","12","23.85","7","9.69",
"5519","隆大","235,796","198","6,604,023","27.85","28.10","27.70","28.05","+","0.20","28.05","2","28.10","9","9.35",
"5521","工信","6,817,804","1,918","94,450,076","14.00","14.15","13.75","13.85","-","0.25","13.80","5","13.85","49","40.74",
"5522","遠雄","623,681","570","38,117,319","60.20","61.80","59.80","61.50","+","1.50","61.50","1","61.60","7","33.42",
"5525","順天","74,911","83","2,198,766","29.55","29.55","29.20","29.30","X","0.00","29.25","6","29.30","11","26.16",
"5531","鄉林","682,665","195","6,334,391","9.22","9.32","9.17","9.30","+","0.03","9.30","33","9.32","3","77.50",
"5533","皇鼎","108,309","87","1,728,356","16.00","16.05","15.90","15.95","-","0.05","15.95","4","16.00","4","10.09",
"5534","長虹","3,712,526","1,855","280,879,991","75.10","76.20","74.60","76.20","X","0.00","76.10","23","76.20","17","10.54",
"5538","東明-KY","7,016","8","207,073","29.55","29.55","29.50","29.50","-","0.05","29.45","4","29.65","1","9.90",
"5546","永固-KY","6,000","5","165,300","27.40","27.75","27.40","27.50","-","0.20","27.50","1","27.80","11","0.00",
"5607","遠雄港","357,379","337","17,971,622","50.00","50.70","49.65","50.20","+","0.25","50.10","10","50.20","1","20.57",
"5608","四維航","4,580,078","2,355","84,828,823","18.20","18.90","18.15","18.15","-","0.10","18.15","35","18.20","5","0.00",
"5706","鳳凰","161,385","172","9,033,819","55.50","56.20","55.40","55.90","+","0.50","55.90","7","56.00","5","16.39",
"5871","中租-KY","5,648,853","5,627","654,220,965","116.00","117.00","115.00","115.50","-","0.50","115.50","259","116.00","97","10.12",
"5871A","中租-KY甲特","17,332","14","1,751,532","101.50","101.50","101.00","101.00"," ","0.00","101.00","93","101.50","42","0.00",
"5876","上海商銀","6,082,955","3,463","248,161,008","41.45","41.55","40.85","41.15","-","0.40","41.15","25","41.20","36","12.90",
"5880","合庫金","11,063,327","4,690","264,373,735","23.80","24.05","23.75","23.80"," ","0.00","23.80","2,062","23.85","96","18.89",
"5906","台南-KY","4,025","5","197,413","49.40","49.40","48.70","48.70","+","0.20","48.45","1","48.65","3","27.99",
"5907","大洋-KY","370,127","180","2,257,932","6.17","6.17","6.05","6.06","-","0.08","6.06","5","6.11","1","0.00",
"6005","群益證","4,144,602","1,559","90,838,994","21.80","22.10","21.70","21.80"," ","0.00","21.80","315","21.85","6","11.01",
"6024","群益期","192,133","566","9,504,267","49.25","49.60","49.25","49.40","+","0.05","49.35","4","49.40","1","10.40",
"6108","競國","804,631","264","12,007,500","15.00","15.10","14.65","14.70","X","0.00","14.70","12","14.75","4","63.91",
"6112","邁達特","1,915,323","2,092","107,386,927","56.30","56.80","55.50","55.50","-","0.70","55.40","80","55.50","5","5,550.00",
"6115","鎰勝","41,571","44","1,947,467","46.80","47.00","46.75","46.75","-","0.05","46.75","9","46.80","4","17.12",
"6116","彩晶","9,145,120","2,472","70,021,569","7.59","7.74","7.50","7.68","+","0.16","7.68","3","7.69","42","0.00",
"6117","迎廣","1,366,516","3,191","130,142,870","96.20","97.30","93.90","94.00","-","1.80","93.90","17","94.00","7","34.31",
"6120","達運","1,232,968","504","13,919,432","11.20","11.40","11.15","11.25","+","0.05","11.25","3","11.30","25","38.79",
"6128","上福","26,901","29","783,769","29.25","29.25","29.05","29.15","-","0.05","29.15","1","29.25","7","13.75",
"6133","金橋","1,379,093","772","25,886,043","19.00","19.05","18.60","18.60","-","0.15","18.60","79","18.70","1","47.69",
"6136","富爾特","89,405","100","2,091,118","23.35","23.45","23.30","23.45","+","0.05","23.30","17","23.45","7","23.69",
"6139","亞翔","4,418,695","7,441","1,558,237,745","357.50","361.00","348.50","349.50","-","9.50","349.00","83","349.50","7","20.95",
"6141","柏承","635,753","280","8,364,249","13.10","13.25","13.05","13.15","+","0.05","13.10","25","13.15","6","0.00",
"6142","友勁","332,490","182","3,337,924","10.00","10.10","10.00","10.00"," ","0.00","9.99","16","10.00","1","0.00",
"6152","百一","450,442","261","4,185,405","9.23","9.40","9.15","9.37","+","0.14","9.36","1","9.37","2","0.00",
"6153","嘉聯益","4,950,274","2,018","76,551,138","15.75","15.75","15.25","15.35","-","0.05","15.35","134","15.40","64","0.00",
"6155","鈞寶","64,211","75","1,463,251","22.75","23.00","22.50","22.70","+","0.20","22.70","1","22.75","1","227.00",
"6164","華興","97,109","119","988,500","10.15","10.20","10.15","10.15"," ","0.00","10.15","23","10.20","10","84.58",
"6165","浪凡","2,327,524","1,307","135,672,039","57.40","59.70","56.20","59.00","+","2.30","59.00","17","59.10","46","20.77",
"6166","凌華","2,027,614","1,647","134,362,337","64.50","67.80","64.00","65.40","+","1.10","65.40","15","65.50","3","52.74",
"6168","宏齊","519,486","281","9,725,788","18.65","19.00","18.40","19.00","+","0.35","18.90","5","19.00","56","0.00",
"6176","瑞儀","2,164,298","2,066","313,127,620","144.00","146.00","143.00","143.00"," ","0.00","143.00","80","143.50","20","12.12",
"6177","達麗","873,646","908","36,954,901","42.25","42.65","42.00","42.20","-","0.05","42.20","2","42.35","8","11.31",
"6183","關貿","25,699","107","2,514,877","98.40","98.40","97.50","97.50","-","1.10","97.50","2","97.70","1","26.86",
"6184","大豐電","131,009","124","6,698,359","51.40","51.40","51.00","51.10","+","0.10","51.00","67","51.10","1","13.96",
"6189","豐藝","742,655","668","39,005,799","51.80","52.90","51.80","52.80","+","1.10","52.60","20","52.80","2","19.48",
"6191","精成科","44,109,820","16,674","5,715,483,245","128.00","131.00","124.50","131.00","+","11.50","131.00","22,990","--","0","21.83",
"6192","巨路","318,142","334","36,066,244","112.50","114.00","112.00","113.50","+","1.00","113.00","27","113.50","9","10.84",
"6196","帆宣","1,610,777","3,286","426,729,853","264.00","268.00","260.50","264.00","+","1.50","264.00","10","265.00","2","24.24",
"6197","佳必琪","3,472,442","3,500","627,659,955","180.00","183.50","176.50","178.50","-","1.00","178.50","33","179.00","4","22.83",
"6201","亞弘電","35,091","28","2,062,073","58.20","58.90","58.20","58.90","+","0.20","58.70","2","58.90","23","12.53",
"6202","盛群","459,597","469","18,339,196","40.20","40.25","39.65","39.70","-","0.35","39.70","18","39.75","4","208.95",
"6205","詮欣","168,327","171","7,422,775","44.60","44.80","43.20","44.00","-","0.60","44.00","3","44.20","1","22.45",
"6206","飛捷","1,051,440","889","118,098,078","112.50","113.00","111.50","112.50","-","0.50","112.00","68","112.50","25","15.47",
"6209","今國光","6,661,381","4,108","261,019,520","39.40","39.70","38.65","39.25","+","0.40","39.25","17","39.30","2","0.00",
"6213","聯茂","3,983,314","3,830","499,621,037","127.00","127.00","124.50","125.00","-","2.50","124.50","216","125.00","17","36.98",
"6214","精誠","901,531","1,105","106,677,566","119.00","119.50","117.00","117.50","-","1.00","117.50","2","118.00","13","18.36",
"6215","和椿","2,013,624","2,169","293,710,940","142.50","148.50","142.00","147.00","+","3.50","147.00","33","147.50","89","84.00",
"6216","居易","268,348","251","7,803,895","29.25","29.30","28.90","29.15","-","0.20","29.10","6","29.15","3","25.57",
"6224","聚鼎","181,197","178","7,628,887","41.45","42.50","41.40","42.20","+","0.50","42.20","2","42.35","1","18.11",
"6225","天瀚","47,328","33","710,420","14.85","15.65","14.80","15.40","+","0.60","15.00","4","15.45","2","0.00",
"6226","光鼎","121,828","93","890,281","7.34","7.34","7.27","7.31","-","0.03","7.30","6","7.34","5","0.00",
"6230","尼得科超眾","258,357","505","37,787,619","150.00","150.50","142.50","144.00","-","4.00","144.00","2","145.00","4","97.96",
"6235","華孚","1,304,463","1,850","82,558,246","63.50","64.30","62.60","62.60","-","0.90","62.60","20","62.70","5","23.71",
"6239","力成","2,061,567","1,727","245,752,759","119.50","120.00","118.50","118.50","-","1.00","118.50","295","119.00","65","16.34",
"6243","迅杰","151,093","136","5,581,063","37.15","37.15","36.50","36.95","+","0.45","36.95","1","37.05","1","0.00",
"6257","矽格","9,018,173","7,299","742,042,229","81.30","83.50","81.20","82.20","+","1.50","82.20","21","82.30","31","16.67",
"6269","台郡","4,303,484","6,095","295,664,334","69.80","69.90","67.20","68.00","-","0.30","67.90","47","68.10","15","0.00",
"6271","同欣電","4,286,725","5,212","484,512,614","113.00","115.50","111.00","112.50","+","0.50","112.00","125","112.50","24","15.06",
"6277","宏正","39,155","44","2,313,873","59.10","59.20","59.00","59.10"," ","0.00","59.10","4","59.20","1","15.68",
"6278","台表科","2,714,158","1,970","291,596,519","105.50","109.00","105.50","107.50","+","2.00","107.50","88","108.00","14","11.70",
"6281","全國電","19,855","54","1,400,407","70.30","70.80","70.30","70.60","+","0.30","70.60","1","70.70","1","17.01",
"6282","康舒","2,635,680","1,718","76,522,198","28.85","29.20","28.65","29.10","+","0.45","29.05","74","29.10","12","0.00",
"6283","淳安","809,624","690","25,037,993","31.10","31.10","30.75","30.85","-","0.75","30.85","40","30.90","27","65.64",
"6285","啟碁","3,420,519","3,335","437,470,160","129.00","129.50","127.00","127.00","-","2.00","126.50","167","127.00","13","20.85",
"6405","悅城","1,307,218","998","34,930,955","27.45","28.15","25.50","25.50","-","1.15","25.50","6","25.55","1","0.00",
"6409","旭隼","344,566","1,143","348,889,055","1,020.00","1,020.00","1,005.00","1,010.00","-","15.00","1,005.00","25","1,015.00","81","19.46",
"6412","群電","514,249","497","55,185,549","105.50","108.50","105.50","106.50","+","1.00","106.50","43","107.00","6","16.31",
"6414","樺漢","2,530,501","5,661","828,804,760","323.00","331.50","323.00","326.00","+","5.50","326.00","34","327.00","24","14.97",
"6415","矽力*-KY","2,648,815","4,203","844,815,284","323.00","323.00","315.00","317.00","-","6.50","316.50","13","317.00","2","47.81",
"6416","瑞祺電通","170,214","316","14,856,473","87.40","87.80","86.60","87.50"," ","0.00","87.00","9","87.50","8","21.08",
"6423","億而得-創","30,345","45","2,451,746","80.80","81.40","80.50","81.10","-","0.30","80.60","1","81.40","2","89.12",
"6426","統新","385,299","496","31,194,129","81.30","81.70","80.20","80.70","-","0.20","80.60","5","80.80","3","0.00",
"6431","光麗-KY","133,649","103","2,286,017","17.60","17.65","16.70","17.30","-","0.30","17.30","12","17.45","2","0.00",
"6438","迅得","3,882,242","3,807","749,612,691","192.00","195.50","189.50","193.50","+","2.50","193.50","36","194.00","40","26.43",
"6442","光聖","3,626,398","5,501","3,180,885,294","885.00","897.00","861.00","867.00","-","14.00","866.00","12","868.00","34","54.36",
"6443","元晶","3,342,615","1,450","53,626,003","16.10","16.20","15.90","15.90","-","0.15","15.90","247","15.95","38","0.00",
"6446","藥華藥","986,331","1,584","497,776,735","501.00","509.00","501.00","502.00","+","2.00","502.00","46","503.00","8","41.28",
"6449","鈺邦","4,735,620","3,972","861,004,209","184.00","193.00","177.00","178.00","-","7.50","178.00","52","178.50","12","31.67",
"6451","訊芯-KY","1,588,139","3,871","263,812,638","170.00","170.00","164.00","165.00","-","5.50","165.00","2","165.50","11","0.00",
"6456","GIS-KY","2,380,887","1,804","141,585,202","59.70","60.70","58.00","59.90","+","0.20","59.80","28","59.90","2","136.14",
"6464","台數科","8,232","21","642,978","78.10","78.10","78.10","78.10","-","0.20","78.00","12","78.30","1","12.97",
"6472","保瑞","458,520","1,481","336,700,431","739.00","740.00","730.00","733.00","-","3.00","733.00","5","735.00","1","18.65",
"6477","安集","3,945,241","3,344","178,681,648","45.10","46.30","44.50","44.50","-","0.50","44.50","61","44.60","2","0.00",
"6491","晶碩","484,241","872","155,795,533","317.50","323.50","317.50","322.00","+","4.50","322.00","6","322.50","5","15.23",
"6504","南六","42,268","72","2,132,164","50.50","50.80","49.90","50.80","+","0.50","50.70","1","50.80","1","0.00",
"6505","台塑化","5,706,161","3,717","234,266,166","41.75","41.75","40.60","40.75","-","1.10","40.75","73","40.85","4","0.00",
"6515","穎崴","2,270,061","3,739","2,784,314,200","1,225.00","1,270.00","1,195.00","1,250.00"," ","0.00","1,250.00","12","1,255.00","12","28.36",
"6525","捷敏-KY","709,906","754","52,702,009","72.50","75.40","72.50","75.40","+","2.90","75.30","1","75.50","18","14.47",
"6526","達發","251,768","719","140,019,125","560.00","560.00","551.00","556.00","-","1.00","556.00","40","557.00","4","31.15",
"6531","愛普*","2,140,223","2,992","649,981,153","301.00","309.50","298.50","305.50","+","5.00","305.00","10","305.50","16","79.56",
"6533","晶心科","512,388","5,180","145,556,566","285.50","288.00","280.50","283.00","-","4.00","283.00","1","283.50","1","0.00",
"6534","正瀚-創","487,311","294","57,065,055","120.00","121.00","113.50","118.50","-","1.50","118.50","6","119.00","5","33.47",
"6541","泰福-KY","670,281","645","36,525,619","55.50","55.50","54.00","54.20","-","1.30","54.10","11","54.20","5","0.00",
"6550","北極星藥業-KY","855,209","761","34,823,346","41.40","41.50","40.40","40.40","-","0.25","40.40","16","40.50","2","0.00",
"6552","易華電","347,752","121","10,344,978","30.00","30.00","29.30","29.70"," ","0.00","29.70","7","29.75","1","0.00",
"6558","興能高","13,157,394","8,943","741,298,740","56.00","58.00","54.80","56.00"," ","0.00","55.60","16","56.00","85","0.00",
"6573","虹揚-KY","262,543","166","2,843,708","11.05","11.20","10.30","10.70","-","0.35","10.70","10","10.85","2","0.00",
"6579","研揚","291,002","309","36,389,928","124.50","126.50","123.50","125.00","+","0.50","124.50","4","125.00","9","39.18",
"6581","鋼聯","9,197","34","1,001,022","108.50","109.00","108.50","109.00"," ","0.00","109.00","4","109.50","1","15.77",
"6582","申豐","85,401","90","2,794,342","32.95","32.95","32.50","32.75","X","0.00","32.75","1","32.80","4","655.00",
"6585","鼎基","467,067","420","51,012,713","101.50","111.50","101.50","111.50","+","10.00","111.50","124","--","0","15.55",
"6589","台康生技","484,570","394","30,086,401","62.00","63.00","61.40","61.40","-","0.10","61.40","17","61.70","3","0.00",
"6591","動力-KY","6,930,716","6,768","635,129,077","87.90","93.80","87.70","93.80","+","8.50","93.80","1,350","--","0","19.87",
"6592","和潤企業","98,132","419","6,784,672","68.90","69.40","68.60","68.90","-","0.20","68.90","2","69.10","2","17.67",
"6592A","和潤企業甲特","6,245","11","604,267","96.60","96.80","96.60","96.80","+","0.10","96.70","3","97.00","3","0.00",
"6592B","和潤企業乙特","12,012","13","1,171,370","97.50","97.60","97.50","97.50"," ","0.00","97.50","15","97.60","1","0.00",
"6598","ABC-KY","61,396","91","1,202,607","19.55","19.65","19.55","19.55"," ","0.00","19.55","12","19.70","4","0.00",
"6605","帝寶","534,882","812","78,675,341","145.00","149.50","144.50","146.00","+","1.00","146.00","2","147.00","6","10.27",
"6606","建德工業","123,766","118","3,183,730","26.55","26.55","25.35","25.35","-","0.55","25.30","2","25.35","1","31.69",
"6625","必應","526,157","627","45,969,537","88.40","88.90","84.50","86.90","-","0.60","86.80","2","87.00","1","14.15",
"6641","基士德-KY","19,070","18","405,512","21.45","21.45","21.20","21.25","-","0.25","21.25","1","21.45","2","212.50",
"6645","金萬林-創","178,406","180","3,764,443","19.60","21.55","19.60","21.55","+","1.95","21.55","9","--","0","0.00",
"6655","科定","0","0","0","--","--","--","--"," ","0.00","119.50","2","120.00","1","28.66",
"6657","華安","888,005","729","52,253,306","60.30","60.60","57.60","57.70","-","2.80","57.70","18","57.80","2","0.00",
"6658","聯策","559,894","675","38,041,220","67.80","68.90","67.10","67.20"," ","0.00","67.10","11","67.20","2","80.00",
"6666","羅麗芬-KY","267,706","262","15,641,101","57.40","59.70","57.20","59.40","+","1.10","58.20","2","59.40","2","24.85",
"6668","中揚光","374,978","516","17,792,078","47.35","47.95","47.00","47.15","-","0.35","47.15","5","47.30","1","0.00",
"6669","緯穎","1,164,583","5,065","3,480,500,135","2,970.00","3,020.00","2,970.00","2,975.00","-","10.00","2,975.00","1","2,980.00","1","15.67",
"6670","復盛應用","200,008","331","53,331,904","267.00","268.00","265.00","265.50"," ","0.00","265.50","13","267.00","4","10.12",
"6671","三能-KY","6,104","10","226,926","37.10","37.70","36.80","37.00","-","0.30","37.00","1","37.90","1","14.74",
"6672","騰輝電子-KY","8,030,236","4,763","825,893,593","104.50","105.50","100.00","103.50","-","2.00","103.00","212","103.50","34","24.94",
"6674","鋐寶科技","534,981","324","13,112,714","25.30","25.30","24.10","24.20","-","1.00","24.15","8","24.35","1","0.00",
"6689","伊雲谷","422,288","722","33,062,603","78.00","79.20","77.40","77.60"," ","0.00","77.60","2","77.80","1","34.80",
"6691","洋基工程","1,247,089","3,764","602,329,925","497.00","498.00","476.00","476.00","-","18.50","476.00","13","476.50","3","20.08",
"6695","芯鼎","7,478,749","5,227","409,706,043","54.40","55.90","53.50","54.00","+","0.50","54.00","130","54.10","6","0.00",
"6698","旭暉應材","504,966","510","18,707,420","37.05","37.80","36.10","37.05"," ","0.00","37.05","2","37.20","2","0.00",
"6706","惠特","829,062","1,088","51,790,544","62.60","63.10","61.80","62.30","-","0.30","62.30","8","62.40","8","0.00",
"6715","嘉基","17,284","23","1,920,767","112.00","112.00","110.50","110.50","-","0.50","110.50","3","111.00","2","33.79",
"6719","力智","173,136","261","32,708,427","190.00","191.00","187.50","188.50"," ","0.00","188.00","11","188.50","3","91.95",
"6742","澤米","2,707,878","2,445","165,282,394","59.50","62.70","58.10","60.40","+","1.30","60.30","20","60.40","26","0.00",
"6743","安普新","205,028","206","6,590,764","32.40","32.50","31.85","32.25","-","0.15","32.25","1","32.40","4","26.01",
"6753","龍德造船","7,354,487","13,056","1,078,872,797","144.00","151.50","144.00","146.00","-","1.00","145.50","91","146.00","35","36.05",
"6754","匯僑設計","26,275","52","1,353,058","51.20","52.50","50.90","52.40","+","1.20","52.10","1","52.40","1","13.54",
"6756","威鋒電子","163,181","826","14,915,300","92.80","92.80","90.80","91.00","-","1.40","91.00","4","91.30","1","67.91",
"6757","台灣虎航","1,233,541","1,101","101,806,705","82.60","82.90","82.10","82.60","+","0.20","82.50","11","82.60","3","13.86",
"6768","志強-KY","745,338","559","79,227,807","105.00","107.50","104.50","105.50","+","0.50","105.50","22","106.00","10","12.44",
"6770","力積電","11,201,897","3,809","179,359,397","15.95","16.10","15.85","16.05","+","0.20","16.00","235","16.05","26","0.00",
"6771","平和環保-創","12,450","14","670,509","54.00","54.00","53.80","53.80","-","0.20","53.70","3","54.10","1","12.90",
"6776","展碁國際","149,088","137","8,441,637","56.60","57.10","56.10","56.90"," ","0.00","56.80","5","56.90","1","14.12",
"6781","AES-KY","4,344,066","6,778","5,838,851,235","1,310.00","1,375.00","1,295.00","1,350.00","+","70.00","1,345.00","86","1,350.00","5","45.49",
"6782","視陽","266,325","453","55,876,637","210.00","213.00","206.50","207.50","-","2.00","207.50","6","208.00","1","18.59",
"6789","采鈺","5,454,373","7,065","1,431,741,960","259.00","268.00","257.50","264.00","+","10.50","263.50","10","264.00","41","50.00",
"6790","永豐實","124,625","160","4,881,458","39.10","39.30","39.10","39.15","-","0.05","39.15","15","39.20","2","14.94",
"6792","詠業","73,651","112","4,584,623","62.70","62.70","62.00","62.00","-","1.20","62.00","9","62.20","1","28.18",
"6794","向榮生技","16,000","16","1,217,000","75.80","76.60","75.60","76.50","+","0.50","75.90","1","76.00","2","0.00",
"6796","晉弘","27,174","44","1,990,856","73.50","74.00","72.90","72.90","-","0.20","72.80","15","73.10","1","0.00",
"6799","來頡","252,763","548","22,878,645","91.00","91.50","89.80","89.80","-","0.40","89.80","4","90.10","2","42.36",
"6805","富世達","1,447,579","2,600","1,637,968,755","1,145.00","1,150.00","1,110.00","1,145.00","-","10.00","1,135.00","10","1,145.00","19","54.73",
"6806","森崴能源","1,396,238","1,397","80,655,978","57.90","58.20","57.20","58.00","+","0.70","57.90","12","58.00","25","0.00",
"6807","峰源-KY","22,098","25","1,111,262","50.90","50.90","50.00","50.10","+","0.10","50.00","2","50.30","1","6.60",
"6830","汎銓","1,637,271","2,073","261,971,647","156.00","163.00","155.50","159.00","+","3.50","159.00","1","159.50","3","0.00",
"6834","天二科技","785,125","627","24,644,139","31.20","32.40","30.60","30.60","+","0.50","30.60","9","30.75","7","510.00",
"6835","圓裕","64,000","42","2,656,300","41.50","41.90","41.25","41.30","+","0.10","41.30","1","41.35","1","16.13",
"6838","台新藥","202,122","234","6,608,664","32.80","32.90","32.55","32.75","-","0.05","32.65","4","32.75","1","0.00",
"6854","錼創科技-KY創","446,888","1,018","76,700,478","171.00","175.00","170.00","171.50","-","1.50","171.50","3","172.00","1","0.00",
"6861","睿生光電","144,948","277","8,097,284","56.20","56.40","55.20","56.00"," ","0.00","56.00","1","56.20","1","15.91",
"6862","三集瑞-KY","371,997","288","51,448,958","137.00","140.00","135.00","139.50","+","4.50","138.00","2","139.50","11","17.12",
"6863","永道-KY","180,730","535","28,096,040","156.50","159.50","153.00","154.50","-","1.50","154.00","2","155.50","4","19.66",
"6869","雲豹能源","735,820","1,118","96,076,371","129.00","132.00","129.00","130.50","+","1.50","130.50","2","131.00","28","13.87",
"6873","泓德能源","1,363,719","1,741","218,430,934","162.00","164.00","157.50","160.00","-","3.50","159.50","10","160.00","18","16.23",
"6885","全福生技","523,973","559","17,745,501","34.40","34.45","33.35","33.65","-","0.70","33.65","10","33.70","6","0.00",
"6887","寶綠特-KY","5,087","12","369,015","72.00","73.00","72.00","72.50","-","0.30","72.50","1","72.80","3","10.98",
"6890","來億-KY","2,199,883","2,458","537,168,271","234.50","248.50","233.00","243.50","+","10.00","243.50","5","244.00","12","16.06",
"6901","鑽石投資","393,616","382","8,226,338","21.10","21.20","20.65","20.65","-","0.45","20.65","11","20.70","7","0.00",
"6902","GOGOLOOK","82,237","96","6,455,261","79.70","80.20","77.60","77.90","-","1.10","77.80","1","77.90","1","0.00",
"6906","現觀科","79,576","416","9,635,925","122.00","123.50","120.00","121.00","-","1.00","120.00","1","121.50","1","39.54",
"6909","創控","322,503","419","15,596,028","48.35","49.20","47.50","47.60","-","0.40","47.55","4","47.90","2","40.34",
"6914","阜爾運通","37,658","102","5,436,763","144.50","145.00","144.00","144.00","-","1.50","144.00","7","144.50","2","18.85",
"6916","華凌","39,210","34","772,963","19.70","19.90","19.50","19.80","X","0.00","19.65","1","19.80","1","0.00",
"6918","愛派司","43,917","85","4,301,543","97.90","98.30","97.50","97.90","+","0.80","97.90","1","98.10","1","20.44",
"6919","康霈*","21,950,885","20,329","4,291,217,924","198.00","202.00","188.00","190.50","-","6.50","190.00","467","190.50","54","0.00",
"6923","中台","1,988,305","2,487","211,779,684","98.80","108.50","98.80","107.00","+","8.30","107.00","5","107.50","9","30.48",
"6924","榮惠-KY創","31,010","29","2,049,096","63.70","68.80","63.70","65.30","+","0.30","65.00","4","65.50","1","9.55",
"6928","攸泰科技","5,362,899","4,481","401,854,461","74.40","77.20","72.50","73.50","+","2.60","73.50","15","73.90","5","0.00",
"6931","青松健康","17,161","33","856,769","50.00","50.00","49.85","49.85","-","0.15","49.80","3","49.85","1","79.13",
"6933","AMAX-KY","939,992","1,162","195,005,013","216.00","217.50","198.50","198.50","-","7.00","198.50","9","199.00","9","36.62",
"6936","永鴻生技","108,851","83","3,928,671","36.45","36.50","35.90","35.90","-","0.25","35.85","1","35.90","2","20.40",
"6937","天虹","206,280","2,454","43,019,350","210.50","211.00","207.00","208.50","-","1.00","207.50","7","209.00","1","47.39",
"6944","兆聯實業","2,411,362","5,494","1,408,265,954","605.00","611.00","563.00","588.00","-","21.00","587.00","15","588.00","3","25.71",
"6949","沛爾生醫-創","458,869","607","198,105,768","439.00","458.00","415.50","420.00","-","8.00","420.00","2","424.00","1","0.00",
"6951","青新-創","43,203","126","3,219,410","74.70","75.10","74.10","75.10","+","0.60","74.80","1","75.10","3","13.75",
"6952","大武山","7,576","14","363,227","47.85","47.90","47.80","47.90","-","0.25","47.90","1","47.95","1","0.00",
"6955","邦睿生技-創","43,227","37","7,349,356","169.50","172.50","167.00","171.50"," ","0.00","170.00","3","--","0","43.75",
"6957","裕慶-KY","67,329","118","10,519,903","156.00","158.50","154.50","156.50","+","1.00","156.50","4","157.50","2","14.78",
"6958","日盛台駿","127,722","108","2,498,552","19.70","19.75","19.45","19.50","-","0.25","19.45","15","19.50","9","0.00",
"6962","奕力-KY","7,414,771","4,728","336,214,199","44.15","46.00","44.15","45.10","+","1.60","45.05","334","45.10","5","9.87",
"6965","中傑-KY","45,699","276","4,415,292","96.20","97.70","95.90","96.60","-","0.20","96.50","1","97.20","3","12.91",
"6969","成信實業*-創","19,192","25","793,743","41.50","41.50","41.20","41.30","-","0.90","41.20","1","42.40","1","0.00",
"6988","威力暘-創","19,312","14","338,063","17.50","17.60","17.45","17.45","-","0.05","17.45","2","17.50","1","0.00",
"6994","富威電力","157,509","322","14,564,403","93.70","93.80","91.60","91.70","-","1.80","91.70","11","92.50","1","67.93",
"7631","聚賢研發-創","23,914","32","3,335,488","138.50","141.00","138.50","140.00","-","1.50","139.00","2","140.00","1","28.23",
"7705","三商餐飲","40,248","61","1,754,917","43.55","43.85","43.55","43.55","-","0.15","43.55","6","43.80","1","32.02",
"7721","微程式","58,321","83","3,550,569","61.20","61.50","60.30","61.50","+","0.30","61.50","2","61.80","1","49.60",
"7722","LINEPAY","388,706","1,969","240,074,839","629.00","629.00","611.00","615.00","-","14.00","615.00","14","617.00","3","81.78",
"7732","金興精密","5,000","5","182,250","36.50","36.50","36.25","36.50"," ","0.00","36.30","2","36.40","1","26.64",
"7736","虎山","41,078","41","3,749,504","90.50","92.20","90.30","92.00","+","1.80","92.00","1","92.20","3","19.53",
"7740","熙特爾-創","148,618","131","35,726,428","242.00","244.00","235.00","240.50","-","2.00","240.50","2","243.00","6","79.11",
"7749","意騰-KY","461,823","1,956","292,387,136","641.00","644.00","627.00","629.00","-","16.00","629.00","8","630.00","1","97.82",
"8011","台通","4,290,842","1,934","102,866,422","23.50","24.45","23.40","23.90","+","0.60","23.85","17","23.90","5","9.37",
"8016","矽創","752,034","1,058","158,586,107","208.50","212.00","208.50","211.50","+","3.00","210.50","4","211.50","43","14.62",
"8021","尖點","2,508,056","1,367","216,184,592","87.70","87.70","85.20","86.50","-","1.10","86.30","1","86.50","23","49.43",
"8028","昇陽半導體","10,313,470","9,407","1,571,582,521","151.00","155.00","148.50","152.50","+","0.50","152.50","88","153.00","143","40.13",
"8033","雷虎","71,868,929","48,231","12,735,966,638","179.00","184.00","171.00","173.00","-","4.00","172.50","204","173.00","142","250.72",
"8039","台虹","2,319,602","2,168","120,394,056","52.40","52.40","51.30","51.80","-","0.10","51.70","34","51.90","11","45.04",
"8045","達運光電","1,503,121","1,780","194,507,373","128.50","133.00","126.00","126.00","-","2.00","126.00","15","126.50","1","273.91",
"8046","南電","60,944,408","58,864","13,292,425,127","213.00","226.00","208.00","226.00","+","20.50","226.00","36,699","--","0","565.00",
"8070","長華*","1,477,870","1,122","58,800,049","39.55","40.00","39.55","39.60","-","0.10","39.60","20","39.65","5","22.89",
"8072","陞泰","693,447","740","27,690,462","39.95","40.50","39.50","39.60","-","0.25","39.60","1","39.65","6","58.24",
"8081","致新","179,363","1,556","42,081,704","235.50","236.00","233.00","233.00","-","2.00","233.00","8","233.50","2","13.14",
"8101","華冠","16,321","21","234,244","14.35","14.70","14.30","14.30","-","0.40","14.25","1","14.50","1","0.00",
"8103","瀚荃","1,739,941","1,723","97,594,736","55.30","57.10","54.70","56.00","+","0.70","56.00","16","56.10","1","20.44",
"8104","錸寶","2,264,781","1,940","97,021,992","42.70","43.45","42.00","42.55","-","0.10","42.55","7","42.70","22","4,255.00",
"8105","凌巨","886,873","445","12,249,945","13.85","13.90","13.65","13.75"," ","0.00","13.75","39","13.85","9","0.00",
"8110","華東","2,107,890","872","28,708,906","13.50","13.80","13.40","13.60","+","0.10","13.55","125","13.60","81","0.00",
"8112","至上","2,767,667","2,338","122,679,721","43.65","44.70","43.55","44.35","+","0.60","44.30","22","44.35","3","25.94",
"8112A","至上甲特","3,253","8","139,839","43.00","43.00","43.00","43.00"," ","0.00","43.00","5","43.05","3","0.00",
"8114","振樺電","740,740","2,297","203,972,314","275.00","280.00","270.00","270.00","-","4.00","270.00","1","271.00","1","10.68",
"8131","福懋科","234,919","161","6,129,596","26.05","26.25","26.00","26.10"," ","0.00","26.05","19","26.10","12","58.00",
"8150","南茂","2,271,510","1,347","55,811,989","24.60","24.75","24.40","24.55","+","0.10","24.55","11","24.60","2","98.20",
"8162","微矽電子-創","78,000","51","3,024,350","38.80","39.10","38.35","38.40","-","0.15","38.40","1","38.85","29","19.20",
"8163","達方","735,919","955","26,660,239","36.60","36.60","36.00","36.10","-","0.50","36.10","18","36.20","7","23.59",
"8201","無敵","653,066","438","11,632,965","17.90","18.40","17.35","18.25","+","0.05","18.25","8","18.30","8","0.00",
"8210","勤誠","1,541,340","2,603","942,605,936","613.00","617.00","602.00","613.00","-","7.00","613.00","4","614.00","14","28.41",
"8213","志超","1,199,912","1,110","43,917,497","37.00","37.00","36.20","36.60","-","0.20","36.60","5","36.65","5","13.12",
"8215","明基材","270,818","274","6,514,348","24.05","24.35","23.90","23.90","-","0.15","23.90","37","23.95","3","54.32",
"8222","寶一","27,964,349","18,350","1,632,649,881","55.60","60.50","55.50","58.40","+","3.10","58.40","21","58.50","37","83.43",
"8249","菱光","4,251,216","3,650","263,761,734","62.20","63.50","61.10","61.50","-","0.70","61.50","7","61.60","10","16.67",
"8261","富鼎","445,055","1,379","39,041,162","88.30","88.70","86.70","87.00","-","0.80","87.00","4","87.20","3","17.40",
"8271","宇瞻","794,706","1,225","50,976,137","64.60","64.80","63.80","64.00","-","0.60","64.00","35","64.10","1","27.71",
"8341","日友","94,994","191","7,082,270","74.90","74.90","74.40","74.40","+","0.10","74.30","6","74.60","1","16.76",
"8367","建新國際","22,583","34","1,017,897","45.00","45.15","45.00","45.05"," ","0.00","45.05","1","45.20","1","13.49",
"8374","羅昇","1,895,786","1,787","217,137,904","114.50","116.00","112.50","114.50","-","0.50","114.00","32","114.50","11","111.16",
"8404","百和興業-KY","426,079","259","8,788,698","20.55","20.90","20.35","20.70","+","0.25","20.65","4","20.70","250","17.54",
"8411","福貞-KY","48,074","94","615,734","12.85","12.85","12.75","12.75","-","0.20","12.75","10","12.80","1","0.00",
"8422","可寧衛","627,063","805","124,985,318","198.00","200.50","197.50","199.00","+","1.50","199.00","3","199.50","9","14.38",
"8429","金麗-KY","203,128","112","1,606,896","7.95","7.95","7.89","7.90","+","0.01","7.90","15","7.91","1","98.75",
"8438","昶昕","62,080","64","1,933,038","31.40","31.45","30.85","31.00","-","0.10","30.95","2","31.10","1","18.02",
"8442","威宏-KY","160,044","324","12,259,968","76.00","77.40","74.90","76.30","+","1.10","76.20","1","76.30","2","10.78",
"8443","阿瘦","11,252","49","134,529","11.95","12.05","11.95","11.95","-","0.10","11.95","6","12.00","1","0.00",
"8454","富邦媒","200,712","878","51,592,198","255.50","259.00","255.50","258.00"," ","0.00","257.50","2","258.00","2","19.80",
"8462","柏文","374,215","1,361","60,024,535","160.50","161.50","158.00","160.50","+","2.50","160.50","2","161.00","13","25.00",
"8463","潤泰材","42,287","32","1,090,614","25.80","25.90","25.70","25.75"," ","0.00","25.75","1","25.80","1","15.80",
"8464","億豐","403,557","434","182,233,667","448.00","455.00","448.00","450.00","-","0.50","450.00","25","450.50","2","19.87",
"8466","美吉吉-KY","24,730","73","650,242","26.10","26.45","26.10","26.10","+","0.15","26.10","8","26.25","1","11.55",
"8467","波力-KY","164,801","224","29,670,111","185.00","185.00","176.00","176.00","-","7.50","176.00","2","176.50","1","13.76",
"8473","山林水","363,784","321","13,332,566","36.35","36.95","36.15","36.65","+","0.55","36.65","5","36.70","1","23.80",
"8476","台境*","97,843","62","2,028,728","20.70","20.80","20.65","20.65"," ","0.00","20.65","12","20.70","1","30.37",
"8478","東哥遊艇","256,311","2,715","50,957,782","201.00","201.00","197.50","198.00","-","2.50","198.00","2","199.50","5","50.00",
"8481","政伸","23,001","19","1,005,293","43.30","44.45","43.20","43.50","+","0.10","43.40","1","43.95","1","14.03",
"8482","商億-KY","11,169","51","616,323","56.00","56.00","54.60","54.60","+","0.50","54.60","2","55.30","1","16.65",
"8487","愛爾達-創","10,222","24","830,309","81.00","81.50","81.00","81.10","+","0.10","81.10","1","81.30","7","11.59",
"8488","吉源-KY","3,000","3","34,350","11.40","11.60","11.35","11.60","-","0.20","11.40","3","11.60","4","0.00",
"8499","鼎炫-KY","1,446,925","3,149","444,267,751","294.50","327.50","284.50","327.50","+","26.50","327.00","4","327.50","6","28.50",
"8926","台汽電","731,600","765","34,369,078","46.50","47.25","46.45","46.85","+","0.20","46.85","5","46.95","6","18.37",
"8940","新天地","30,511","42","620,018","20.10","20.80","20.10","20.25","+","0.15","20.25","6","20.30","2","14.36",
"8996","高力","4,239,827","6,673","1,625,298,353","392.00","394.00","378.00","380.00","-","10.00","380.00","32","380.50","8","62.40",
"9103","美德醫療-DR","163,705","76","809,834","4.98","4.98","4.93","4.94"," ","0.00","4.94","10","4.95","1","0.00",
"910322","康師傅-DR","827","8","18,135","--","--","--","--"," ","0.00","21.90","1","22.25","1","0.00",
"9105","泰金寶-DR","10,230,086","2,135","61,645,461","6.04","6.08","5.99","6.01","X","0.00","6.01","96","6.02","85","0.00",
"910861","神州-DR","18,401","26","114,763","6.31","6.31","6.17","6.30","+","0.06","6.17","4","6.31","1","0.00",
"9110","越南控-DR","7,000","3","31,890","4.50","4.70","4.50","4.70"," ","0.00","4.45","5","4.65","1","0.00",
"911608","明輝-DR","7,580","7","21,860","2.91","2.91","2.87","2.90"," ","0.00","2.87","8","2.90","6","0.00",
"911622","泰聚亨-DR","0","0","0","--","--","--","--"," ","0.00","3.99","1","4.04","1","0.00",
"911868","同方友友-DR","427,100","81","563,044","1.33","1.34","1.31","1.34"," ","0.00","1.32","1","1.34","20","0.00",
"912000","晨訊科-DR","370,920","74","911,561","2.45","2.47","2.45","2.46"," ","0.00","2.45","152","2.47","64","0.00",
"9136","巨騰-DR","87,000","33","544,640","6.29","6.30","6.23","6.30","+","0.01","6.24","10","6.30","37","0.00",
"9802","鈺齊-KY","873,862","854","93,533,504","107.00","108.00","105.00","106.50","-","1.00","106.50","70","107.00","7","17.29",
"9902","台火","451,439","251","7,530,100","16.50","16.90","16.40","16.50","+","0.15","16.50","9","16.65","2","0.00",
"9904","寶成","19,238,890","6,365","556,106,435","28.70","29.15","28.60","28.70","+","0.15","28.70","794","28.80","103","6.45",
"9905","大華","46,744","53","993,995","21.20","21.30","21.20","21.20","-","0.05","21.20","7","21.25","3","14.52",
"9906","欣巴巴","137,768","187","9,789,225","71.10","71.70","70.50","70.70","-","0.40","70.70","3","71.20","2","14.34",
"9907","統一實","1,634,844","900","30,035,284","18.40","18.50","18.30","18.35","-","0.15","18.35","19","18.40","11","14.12",
"9908","大台北","46,169","69","1,384,168","29.95","30.05","29.95","29.95"," ","0.00","29.95","53","30.05","5","19.58",
"9910","豐泰","992,431","870","117,163,688","118.50","119.50","117.00","117.50","-","1.00","117.50","25","118.00","10","23.79",
"9911","櫻花","235,614","487","20,469,650","86.50","87.10","86.40","87.10","+","0.60","87.00","3","87.10","34","14.61",
"9912","偉聯","35,684","46","425,243","11.95","12.00","11.85","11.85","-","0.10","11.85","1","11.95","1","0.00",
"9914","美利達","1,325,967","1,563","149,838,407","112.50","114.00","111.50","112.50"," ","0.00","112.50","33","113.00","15","0.00",
"9917","中保科","434,152","566","48,763,839","112.00","113.00","111.50","112.00"," ","0.00","112.00","123","112.50","3","17.26",
"9918","欣天然","2,073","15","82,652","40.00","40.00","39.75","39.75","-","0.25","39.70","2","39.90","1","27.60",
"9919","康那香","201,376","166","3,485,151","17.20","17.40","17.15","17.25","+","0.10","17.20","17","17.25","1","0.00",
"9921","巨大","488,554","652","51,265,341","105.50","105.50","104.00","104.50","-","0.50","104.50","16","105.00","3","275.00",
"9924","福興","213,393","245","9,356,663","43.65","44.20","43.60","43.90","+","0.30","43.90","2","44.00","1","14.25",
"9925","新保","97,408","98","3,976,494","40.80","40.90","40.75","40.75","-","0.05","40.75","7","40.80","1","18.69",
"9926","新海","997","21","49,856","--","--","--","--"," ","0.00","49.95","1","50.10","1","19.72",
"9927","泰銘","721,045","801","41,473,808","58.50","58.50","57.20","57.30","-","1.20","57.30","4","57.40","3","15.24",
"9928","中視","134,605","80","2,407,549","17.70","18.15","17.65","18.05","+","0.55","18.00","4","18.10","9","0.00",
"9929","秋雨","2,000","2","27,000","13.50","13.50","13.50","13.50"," ","0.00","13.35","1","14.10","2","0.00",
"9930","中聯資源","64,058","68","4,608,497","71.80","72.20","71.60","72.00","+","0.20","71.90","1","72.00","1","14.37",
"9931","欣高","6,681","14","226,354","33.90","33.90","33.80","33.80","-","0.10","33.80","2","34.00","10","13.74",
"9933","中鼎","6,264,956","2,990","196,212,316","31.05","31.70","30.80","31.25","+","0.50","31.25","9","31.30","38","0.00",
"9934","成霖","462,528","265","4,677,412","10.05","10.20","10.05","10.10","+","0.05","10.10","2","10.15","12","19.80",
"9935","慶豐富","523,287","238","10,870,421","20.95","20.95","20.50","20.75","-","0.15","20.75","4","20.80","4","12.97",
"9937","全國","22,030","26","1,367,266","62.20","62.40","61.80","61.80","-","0.60","61.80","10","62.10","1","26.41",
"9938","百和","938,255","682","50,602,385","53.80","54.20","53.30","54.00","+","0.70","53.90","9","54.00","13","11.56",
"9939","宏全","1,095,918","1,665","151,504,437","139.00","139.50","137.50","138.00","-","1.00","138.00","76","138.50","4","15.75",
"9940","信義","193,859","226","4,644,746","24.00","24.05","23.90","23.90","-","0.10","23.90","56","23.95","4","28.45",
"9941","裕融","941,564","821","100,169,564","107.50","107.50","105.50","106.00"," ","0.00","106.00","32","106.50","13","14.58",
"9941A","裕融甲特","51,950","31","2,713,715","52.30","52.30","52.20","52.20","-","0.10","52.10","16","52.20","18","0.00",
"9942","茂順","37,299","99","4,135,227","111.00","111.50","110.00","110.00","-","1.00","110.00","4","111.00","3","13.43",
"9943","好樂迪","30,487","46","2,026,451","66.40","66.50","66.40","66.40","+","0.10","66.40","2","66.50","4","18.92",
"9944","新麗","13,372","31","226,199","16.95","17.05","16.80","16.85","-","0.05","16.85","1","16.90","1","0.00",
"9945","潤泰新","6,040,421","2,448","179,309,985","29.40","29.90","29.35","29.60","+","0.25","29.60","295","29.65","1","8.13",
"9946","三發地產","459,201","443","8,562,834","18.60","18.90","18.50","18.65","X","0.00","18.65","1","18.70","24","58.28",
"9955","佳龍","999,468","670","28,731,685","28.50","29.00","28.25","28.85","+","0.65","28.80","2","28.90","2","0.00",
"9958","世紀鋼","1,598,643","1,939","302,634,029","191.50","192.00","187.50","188.00","-","4.50","188.00","85","188.50","1","31.86",