# OTC - 2026-10-07
1,6147,頎邦,22189
2,6182,合晶,13712
3,5483,中美晶,13002
4,3624,光頡,7912
5,1815,富喬,5628
6,3707,漢磊,4739
7,3105,穩懋,3091
8,5425,台半,2748
9,8086,宏捷科,2183
10,3441,聯一光,1913
11,4167,松瑞藥,1424
12,5340,建榮,1332
13,4903,聯光通,1273
14,5904,寶雅*,1171
15,5475,德宏,1130
16,1569,濱川,1103
17,3221,台嘉碩,1041
18,6207,雷科,992
19,8042,金山電,952
20,3363,上詮,883
21,4908,前鼎,806
22,3374,精材,767
23,5347,世界,728
24,6667,信紘科,726
25,4105,東洋,723
26,6509,聚和,674
27,6234,高僑,658
28,2061,風青,548
29,5011,久陽,545
30,6547,高端疫苗,525
31,6199,天品,511
32,5864,致和證,479
33,3141,晶宏,466
34,8040,九暘,434
35,5457,宣德,431
36,6163,華電網,429
37,6811,宏碁資訊,384
38,4991,環宇-KY,382
39,6217,中探針,382
40,6284,佳邦,379
41,8096,擎亞,366
42,5536,聖暉*,349
43,4123,晟德,343
44,4157,太景*-KY,342
45,4128,中天,308
46,6603,富強鑫,306
47,5443,均豪,303
48,3490,單井,291
49,3689,湧德,272
50,6156,松上,253
51,3615,安可,245
52,6485,點序,244
53,4147,中裕,236
54,3162,精確,227
55,6517,保勝光學,225
56,6716,應廣,221
57,6469,大樹,199
58,5009,榮剛,186
59,5392,能率,183
60,5291,邑昇,182
61,6101,寬魚國際,181
62,5426,振發,180
63,8074,鉅橡,178
64,3372,典範,165
65,6613,朋億*,163
66,4714,永捷,161
67,8936,國統,161
68,3176,基亞,154
69,6187,萬潤,150
70,5464,霖宏,149
71,5508,永信建,146
72,3402,漢科,145
73,4973,廣穎,142
74,6530,創威,141
75,6122,擎邦,140
76,4114,健喬,139
77,3675,德微,135
78,6186,新潤,135
79,3293,鈊象,132
80,3625,西勝,132
81,3580,友威科,130
82,8109,博大,129
83,8182,加高,127
84,4966,譜瑞-KY,125
85,4924,欣厚-KY,122
86,8255,朋程,118
87,1336,台翰,115
88,3455,由田,112
89,6712,長聖,112
90,8383,千附,111
91,5230,雷笛克光學,106
92,6125,廣運,106
93,4543,萬在,105
94,8121,越峰,104
95,6188,廣明,101
96,3680,家登,91
97,8171,天宇,91
98,5465,富驊,86
99,3078,僑威,85
100,8088,品安,84
101,1785,光洋科,-4204
102,3260,威剛,-2566
103,5314,世紀*,-2246
104,8069,元太,-2103
105,4931,新盛力,-1817
106,5351,鈺創,-1521
107,8111,立碁,-1485
108,6548,長科*,-1395
109,4707,磐亞,-1123
110,6290,良維,-1024
111,6488,環球晶,-1013
112,6274,台燿,-876
113,3354,律勝,-729
114,5309,系統電,-725
115,8054,安國,-617
116,6179,亞通,-583
117,3564,其陽,-525
118,5328,華容,-522
119,4979,華星光,-520
120,4760,勤凱,-495
121,3236,千如,-445
122,3211,順達,-428
123,8050,廣積,-412
124,5439,高技,-403
125,8299,群聯,-387
126,4743,合一,-362
127,6015,宏遠證,-362
128,3088,艾訊,-355
129,6174,安碁,-350
130,5452,佶優,-343
131,6138,茂達,-338
132,3556,禾瑞亞,-323
133,6127,九豪,-321
134,8289,泰藝,-300
135,6190,萬泰科,-297
136,6788,華景電,-289
137,4711,永純,-285
138,8358,金居,-285
139,5289,宜鼎,-258
140,6218,豪勉,-256
141,3297,杭特,-241
142,4716,大立,-239
143,5202,力新,-226
144,6104,創惟,-220
145,6640,均華,-214
146,6175,立敦,-195
147,6693,廣閎科,-191
148,4768,晶呈科技,-178
149,4534,慶騰,-176
150,6651,全宇昕,-173
