# TSE - 2026-10-07
1,1301,台塑            ,47903
2,1605,華新            ,26081
3,1802,台玻            ,23443
4,1326,台化            ,16150
5,1303,南亞            ,13097
6,2344,華邦電          ,12918
7,2883,凱基金          ,12672
8,1314,中石化          ,12499
9,1216,統一            ,10135
10,2492,華新科          ,9610
11,2882,國泰金          ,9339
12,9904,寶成            ,9071
13,3481,群創            ,8624
14,1101,台泥            ,8551
15,2515,中工            ,8340
16,2887,台新新光金      ,8200
17,2885,元大金          ,8140
18,4958,臻鼎-KY         ,7171
19,1312,國喬            ,7005
20,1409,新纖            ,6866
21,2812,台中銀          ,5936
22,5880,合庫金          ,5775
23,2891,中信金          ,5677
24,00646,元大S&P500      ,5587
25,00900,富邦特選高股息30,5429
26,00940,元大台灣價值高息,5358
27,6505,台塑化          ,5297
28,6209,今國光          ,5258
29,2327,國巨*           ,5148
30,6152,百一            ,4781
31,6456,GIS-KY          ,4708
32,1402,遠東新          ,4505
33,00662,富邦NASDAQ      ,4392
34,1504,東元            ,4388
35,00713,元大台灣高息低波,4021
36,2481,強茂            ,4005
37,6278,台表科          ,3896
38,2464,盟立            ,3645
39,1304,台聚            ,3603
40,2610,華航            ,3528
41,3532,台勝科          ,3457
42,2881,富邦金          ,3286
43,1609,大亞            ,3123
44,1102,亞泥            ,3081
45,1440,南紡            ,3074
46,2103,台橡            ,2962
47,2801,彰銀            ,2943
48,2241,艾姆勒          ,2900
49,1434,福懋            ,2874
50,2542,興富發          ,2871
51,1710,東聯            ,2853
52,8131,福懋科          ,2845
53,2484,希華            ,2804
54,2880,華南金          ,2745
55,2312,金寶            ,2712
56,2884,玉山金          ,2679
57,1608,華榮            ,2677
58,5876,上海商銀        ,2661
59,3702,大聯大          ,2574
60,2412,中華電          ,2361
61,1718,中纖            ,2302
62,3026,禾伸堂          ,2235
63,2851,中再保          ,2183
64,9945,潤泰新          ,2151
65,1714,和桐            ,2034
66,3042,晶技            ,2015
67,4989,榮科            ,2008
68,3189,景碩            ,1921
69,2402,毅嘉            ,1891
70,2302,麗正            ,1871
71,1313,聯成            ,1857
72,2489,瑞軒            ,1833
73,00882,中信中國高股息  ,1517
74,2886,兆豐金          ,1512
75,00632R,元大台灣50反1   ,1490
76,2027,大成鋼          ,1488
77,2382,廣達            ,1464
78,2301,光寶科          ,1455
79,3037,欣興            ,1352
80,2305,全友            ,1304
81,6834,天二科技        ,1302
82,8039,台虹            ,1281
83,4904,遠傳            ,1261
84,1305,華夏            ,1247
85,2332,友訊            ,1189
86,3706,神達            ,1159
87,2912,統一超          ,1105
88,1308,亞聚            ,1089
89,2101,南港            ,1060
90,6706,惠特            ,1052
91,00939,統一台灣高息動能,1040
92,3715,定穎投控        ,1026
93,1319,東陽            ,1022
94,2451,創見            ,1017
95,2377,微星            ,1017
96,2342,茂矽            ,1010
97,1808,潤隆            ,1000
98,4142,國光生          ,992
99,2329,華泰            ,988
100,1310,台苯            ,983
101,2409,友達            ,-80107
102,00712,復華富時不動產  ,-42741
103,6770,力積電          ,-39659
104,0050,元大台灣50      ,-33764
105,2303,聯電            ,-33338
106,00631L,元大台灣50正2   ,-17168
107,2317,鴻海            ,-12638
108,0056,元大高股息      ,-11414
109,3231,緯創            ,-10886
110,2408,南亞科          ,-9612
111,2890,永豐金          ,-9421
112,00929,復華台灣科技優息,-8447
113,2313,華通            ,-7432
114,2376,技嘉            ,-7032
115,00918,大華優利高填息30,-5639
116,4906,正文            ,-5233
117,00922,國泰台灣領袖50  ,-4909
118,2324,仁寶            ,-4729
119,1711,永光            ,-4523
120,2002,中鋼            ,-4490
121,6116,彩晶            ,-4387
122,6239,力成            ,-4330
123,2356,英業達          ,-3930
124,2337,旺宏            ,-3861
125,00878,國泰永續高股息  ,-3786
126,2454,聯發科          ,-3185
127,1709,和益            ,-3140
128,2371,大同            ,-2719
129,6285,啟碁            ,-2550
130,8150,南茂            ,-2347
131,3605,宏致            ,-2343
132,2478,大毅            ,-2153
133,2308,台達電          ,-2105
134,2474,可成            ,-2006
135,2449,京元電子        ,-1884
136,3090,日電貿          ,-1771
137,2614,東森            ,-1762
138,00881,國泰台灣科技龍頭,-1658
139,6005,群益證          ,-1648
140,2367,燿華            ,-1573
141,4916,事欣科          ,-1432
142,3711,日月光投控      ,-1351
143,2637,慧洋-KY         ,-1321
144,3031,佰鴻            ,-1182
145,2436,偉詮電          ,-1075
146,3006,晶豪科          ,-1075
147,3017,奇鋐            ,-1013
148,8021,尖點            ,-982
149,2354,鴻準            ,-980
150,2634,漢翔            ,-944
